# 1:iteration 2:time bin[s] 3-k:equiv. isotropic luminosity in k-th angular bin [erg/s]
# bolometric luminosity going in angular bin
   0    0.1250000  4.19025e+41 
   1    0.1277371  4.23078e+41 
   2    0.1305342  4.27220e+41 
   3    0.1333926  4.31453e+41 
   4    0.1363135  4.35297e+41 
   5    0.1392983  4.38580e+41 
   6    0.1423486  4.41311e+41 
   7    0.1454656  4.43820e+41 
   8    0.1486509  4.45774e+41 
   9    0.1519059  4.47314e+41 
  10    0.1552322  4.48417e+41 
  11    0.1586314  4.49248e+41 
  12    0.1621049  4.49521e+41 
  13    0.1656546  4.49670e+41 
  14    0.1692819  4.49420e+41 
  15    0.1729887  4.48802e+41 
  16    0.1767767  4.47970e+41 
  17    0.1806476  4.46921e+41 
  18    0.1846033  4.45633e+41 
  19    0.1886456  4.44037e+41 
  20    0.1927764  4.42328e+41 
  21    0.1969976  4.40441e+41 
  22    0.2013113  4.38274e+41 
  23    0.2057194  4.36121e+41 
  24    0.2102241  4.33825e+41 
  25    0.2148274  4.31304e+41 
  26    0.2195315  4.28745e+41 
  27    0.2243386  4.26032e+41 
  28    0.2292510  4.23058e+41 
  29    0.2342710  4.19987e+41 
  30    0.2394008  4.16721e+41 
  31    0.2446430  4.13157e+41 
  32    0.2500000  4.09308e+41 
  33    0.2554743  4.05277e+41 
  34    0.2610684  4.00868e+41 
  35    0.2667851  3.95904e+41 
  36    0.2726269  3.90659e+41 
  37    0.2785967  3.85080e+41 
  38    0.2846972  3.78967e+41 
  39    0.2909312  3.72524e+41 
  40    0.2973018  3.65635e+41 
  41    0.3038118  3.58534e+41 
  42    0.3104645  3.51299e+41 
  43    0.3172627  3.43626e+41 
  44    0.3242099  3.35960e+41 
  45    0.3313092  3.28319e+41 
  46    0.3385639  3.20577e+41 
  47    0.3459775  3.13198e+41 
  48    0.3535534  3.05908e+41 
  49    0.3612952  2.98648e+41 
  50    0.3692065  2.91710e+41 
  51    0.3772911  2.85041e+41 
  52    0.3855527  2.78601e+41 
  53    0.3939952  2.72489e+41 
  54    0.4026226  2.66553e+41 
  55    0.4114389  2.60817e+41 
  56    0.4204482  2.55504e+41 
  57    0.4296548  2.50374e+41 
  58    0.4390630  2.45435e+41 
  59    0.4486773  2.40690e+41 
  60    0.4585020  2.36262e+41 
  61    0.4685419  2.32245e+41 
  62    0.4788016  2.28406e+41 
  63    0.4892860  2.25000e+41 
  64    0.5000000  2.21801e+41 
  65    0.5109486  2.18885e+41 
  66    0.5221369  2.16459e+41 
  67    0.5335702  2.14280e+41 
  68    0.5452539  2.12342e+41 
  69    0.5571934  2.10708e+41 
  70    0.5693943  2.09463e+41 
  71    0.5818624  2.08481e+41 
  72    0.5946036  2.07812e+41 
  73    0.6076237  2.07355e+41 
  74    0.6209289  2.07126e+41 
  75    0.6345255  2.07157e+41 
  76    0.6484198  2.07501e+41 
  77    0.6626183  2.08001e+41 
  78    0.6771278  2.08751e+41 
  79    0.6919549  2.09715e+41 
  80    0.7071068  2.11045e+41 
  81    0.7225904  2.12576e+41 
  82    0.7384131  2.14459e+41 
  83    0.7545822  2.16547e+41 
  84    0.7711054  2.18873e+41 
  85    0.7879904  2.21397e+41 
  86    0.8052452  2.24184e+41 
  87    0.8228777  2.27146e+41 
  88    0.8408964  2.30356e+41 
  89    0.8593096  2.33732e+41 
  90    0.8781261  2.37219e+41 
  91    0.8973545  2.40581e+41 
  92    0.9170040  2.43847e+41 
  93    0.9370838  2.47121e+41 
  94    0.9576033  2.50065e+41 
  95    0.9785721  2.52830e+41 
  96    1.0000000  2.55547e+41 
  97    1.0218971  2.58004e+41 
  98    1.0442738  2.60341e+41 
  99    1.0671404  2.62502e+41 
 100    1.0905077  2.64663e+41 
 101    1.1143867  2.66465e+41 
 102    1.1387886  2.67522e+41 
 103    1.1637249  2.68534e+41 
 104    1.1892071  2.68997e+41 
 105    1.2152474  2.69229e+41 
 106    1.2418578  2.69297e+41 
 107    1.2690510  2.69001e+41 
 108    1.2968396  2.68319e+41 
 109    1.3252366  2.67182e+41 
 110    1.3542555  2.65816e+41 
 111    1.3839099  2.64413e+41 
 112    1.4142136  2.62781e+41 
 113    1.4451808  2.61581e+41 
 114    1.4768261  2.60718e+41 
 115    1.5091644  2.59742e+41 
 116    1.5422108  2.59108e+41 
 117    1.5759808  2.58671e+41 
 118    1.6104903  2.58543e+41 
 119    1.6457555  2.58609e+41 
 120    1.6817928  2.58936e+41 
 121    1.7186193  2.59576e+41 
 122    1.7562522  2.60286e+41 
 123    1.7947091  2.60900e+41 
 124    1.8340081  2.61244e+41 
 125    1.8741676  2.61569e+41 
 126    1.9152066  2.61491e+41 
 127    1.9571441  2.61223e+41 
 128    2.0000000  2.60781e+41 
 129    2.0437943  2.59762e+41 
 130    2.0885476  2.58252e+41 
 131    2.1342808  2.56379e+41 
 132    2.1810155  2.53809e+41 
 133    2.2287735  2.50660e+41 
 134    2.2775773  2.47098e+41 
 135    2.3274497  2.42808e+41 
 136    2.3784142  2.38114e+41 
 137    2.4304947  2.32983e+41 
 138    2.4837156  2.27437e+41 
 139    2.5381019  2.21632e+41 
 140    2.5936791  2.15394e+41 
 141    2.6504733  2.09142e+41 
 142    2.7085111  2.02743e+41 
 143    2.7678198  1.96164e+41 
 144    2.8284271  1.89724e+41 
 145    2.8903616  1.83353e+41 
 146    2.9536523  1.77099e+41 
 147    3.0183289  1.70920e+41 
 148    3.0844217  1.64976e+41 
 149    3.1519617  1.59159e+41 
 150    3.2209807  1.53459e+41 
 151    3.2915110  1.47950e+41 
 152    3.3635857  1.42544e+41 
 153    3.4372386  1.37218e+41 
 154    3.5125043  1.32015e+41 
 155    3.5894182  1.26855e+41 
 156    3.6680162  1.21763e+41 
 157    3.7483353  1.16732e+41 
 158    3.8304131  1.11732e+41 
 159    3.9142882  1.06729e+41 
 160    4.0000000  1.01810e+41 
 161    4.0875886  9.69443e+40 
 162    4.1770951  9.20667e+40 
 163    4.2685616  8.73496e+40 
 164    4.3620309  8.27326e+40 
 165    4.4575470  7.81467e+40 
 166    4.5551545  7.38136e+40 
 167    4.6548994  6.96409e+40 
 168    4.7568285  6.55421e+40 
 169    4.8609894  6.17561e+40 
 170    4.9674312  5.81632e+40 
 171    5.0762038  5.47597e+40 
 172    5.1873582  5.15165e+40 
 173    5.3009466  4.85438e+40 
 174    5.4170222  4.57660e+40 
 175    5.5356395  4.31430e+40 
 176    5.6568542  4.07503e+40 
 177    5.7807232  3.85180e+40 
 178    5.9073046  3.64231e+40 
 179    6.0366577  3.45070e+40 
 180    6.1688433  3.27239e+40 
 181    6.3039234  3.10428e+40 
 182    6.4419613  2.95065e+40 
 183    6.5830219  2.80834e+40 
 184    6.7271713  2.67293e+40 
 185    6.8744772  2.55018e+40 
 186    7.0250086  2.42802e+40 
 187    7.1788363  2.30939e+40 
 188    7.3360323  2.19528e+40 
 189    7.4966705  2.08954e+40 


# g-band (filter: g_LSST.dat)
   0    0.1250000  8.87362e+26 
   1    0.1277371  8.96350e+26 
   2    0.1305342  9.05535e+26 
   3    0.1333926  9.14921e+26 
   4    0.1363135  9.22589e+26 
   5    0.1392983  9.29337e+26 
   6    0.1423486  9.33802e+26 
   7    0.1454656  9.37361e+26 
   8    0.1486509  9.39258e+26 
   9    0.1519059  9.39114e+26 
  10    0.1552322  9.38346e+26 
  11    0.1586314  9.36202e+26 
  12    0.1621049  9.32616e+26 
  13    0.1656546  9.27835e+26 
  14    0.1692819  9.22073e+26 
  15    0.1729887  9.14908e+26 
  16    0.1767767  9.07059e+26 
  17    0.1806476  8.98474e+26 
  18    0.1846033  8.89015e+26 
  19    0.1886456  8.78521e+26 
  20    0.1927764  8.67651e+26 
  21    0.1969976  8.56250e+26 
  22    0.2013113  8.43912e+26 
  23    0.2057194  8.31366e+26 
  24    0.2102241  8.17974e+26 
  25    0.2148274  8.04215e+26 
  26    0.2195315  7.90389e+26 
  27    0.2243386  7.75799e+26 
  28    0.2292510  7.60821e+26 
  29    0.2342710  7.45615e+26 
  30    0.2394008  7.29864e+26 
  31    0.2446430  7.13368e+26 
  32    0.2500000  6.96741e+26 
  33    0.2554743  6.79322e+26 
  34    0.2610684  6.61157e+26 
  35    0.2667851  6.42220e+26 
  36    0.2726269  6.22482e+26 
  37    0.2785967  6.02059e+26 
  38    0.2846972  5.80211e+26 
  39    0.2909312  5.57508e+26 
  40    0.2973018  5.34076e+26 
  41    0.3038118  5.09888e+26 
  42    0.3104645  4.85072e+26 
  43    0.3172627  4.59455e+26 
  44    0.3242099  4.33760e+26 
  45    0.3313092  4.08446e+26 
  46    0.3385639  3.82471e+26 
  47    0.3459775  3.57562e+26 
  48    0.3535534  3.33331e+26 
  49    0.3612952  3.09089e+26 
  50    0.3692065  2.86464e+26 
  51    0.3772911  2.64787e+26 
  52    0.3855527  2.43662e+26 
  53    0.3939952  2.24185e+26 
  54    0.4026226  2.05896e+26 
  55    0.4114389  1.88285e+26 
  56    0.4204482  1.72396e+26 
  57    0.4296548  1.57435e+26 
  58    0.4390630  1.43726e+26 
  59    0.4486773  1.30745e+26 
  60    0.4585020  1.19512e+26 
  61    0.4685419  1.09491e+26 
  62    0.4788016  1.00206e+26 
  63    0.4892860  9.23275e+25 
  64    0.5000000  8.50599e+25 
  65    0.5109486  7.86152e+25 
  66    0.5221369  7.28592e+25 
  67    0.5335702  6.76087e+25 
  68    0.5452539  6.29830e+25 
  69    0.5571934  5.87108e+25 
  70    0.5693943  5.48525e+25 
  71    0.5818624  5.12855e+25 
  72    0.5946036  4.78729e+25 
  73    0.6076237  4.46355e+25 
  74    0.6209289  4.15042e+25 
  75    0.6345255  3.86202e+25 
  76    0.6484198  3.59558e+25 
  77    0.6626183  3.34416e+25 
  78    0.6771278  3.13490e+25 
  79    0.6919549  2.95767e+25 
  80    0.7071068  2.82869e+25 
  81    0.7225904  2.71615e+25 
  82    0.7384131  2.65643e+25 
  83    0.7545822  2.61933e+25 
  84    0.7711054  2.61250e+25 
  85    0.7879904  2.62967e+25 
  86    0.8052452  2.67410e+25 
  87    0.8228777  2.75000e+25 
  88    0.8408964  2.83620e+25 
  89    0.8593096  2.92337e+25 
  90    0.8781261  3.02050e+25 
  91    0.8973545  3.10804e+25 
  92    0.9170040  3.17690e+25 
  93    0.9370838  3.23873e+25 
  94    0.9576033  3.27440e+25 
  95    0.9785721  3.29489e+25 
  96    1.0000000  3.30284e+25 
  97    1.0218971  3.30074e+25 
  98    1.0442738  3.27556e+25 
  99    1.0671404  3.23252e+25 
 100    1.0905077  3.18496e+25 
 101    1.1143867  3.12703e+25 
 102    1.1387886  3.05829e+25 
 103    1.1637249  2.98117e+25 
 104    1.1892071  2.90600e+25 
 105    1.2152474  2.83467e+25 
 106    1.2418578  2.76086e+25 
 107    1.2690510  2.68084e+25 
 108    1.2968396  2.59401e+25 
 109    1.3252366  2.50413e+25 
 110    1.3542555  2.40576e+25 
 111    1.3839099  2.30912e+25 
 112    1.4142136  2.20979e+25 
 113    1.4451808  2.11953e+25 
 114    1.4768261  2.03577e+25 
 115    1.5091644  1.94314e+25 
 116    1.5422108  1.85810e+25 
 117    1.5759808  1.77216e+25 
 118    1.6104903  1.69121e+25 
 119    1.6457555  1.61836e+25 
 120    1.6817928  1.54989e+25 
 121    1.7186193  1.48678e+25 
 122    1.7562522  1.43096e+25 
 123    1.7947091  1.37822e+25 
 124    1.8340081  1.32543e+25 
 125    1.8741676  1.27515e+25 
 126    1.9152066  1.22783e+25 
 127    1.9571441  1.18287e+25 
 128    2.0000000  1.13956e+25 
 129    2.0437943  1.09885e+25 
 130    2.0885476  1.05544e+25 
 131    2.1342808  1.01561e+25 
 132    2.1810155  9.75180e+24 
 133    2.2287735  9.36435e+24 
 134    2.2775773  8.96679e+24 
 135    2.3274497  8.55959e+24 
 136    2.3784142  8.16488e+24 
 137    2.4304947  7.77167e+24 
 138    2.4837156  7.37894e+24 
 139    2.5381019  6.98279e+24 
 140    2.5936791  6.58886e+24 
 141    2.6504733  6.19063e+24 
 142    2.7085111  5.79617e+24 
 143    2.7678198  5.39892e+24 
 144    2.8284271  5.01543e+24 
 145    2.8903616  4.64095e+24 
 146    2.9536523  4.29509e+24 
 147    3.0183289  3.95225e+24 
 148    3.0844217  3.64611e+24 
 149    3.1519617  3.34549e+24 
 150    3.2209807  3.06643e+24 
 151    3.2915110  2.81725e+24 
 152    3.3635857  2.57848e+24 
 153    3.4372386  2.36700e+24 
 154    3.5125043  2.18233e+24 
 155    3.5894182  2.01520e+24 
 156    3.6680162  1.86316e+24 
 157    3.7483353  1.73509e+24 
 158    3.8304131  1.62273e+24 
 159    3.9142882  1.51983e+24 
 160    4.0000000  1.43225e+24 
 161    4.0875886  1.35266e+24 
 162    4.1770951  1.28396e+24 
 163    4.2685616  1.22582e+24 
 164    4.3620309  1.17684e+24 
 165    4.4575470  1.13460e+24 
 166    4.5551545  1.09612e+24 
 167    4.6548994  1.06765e+24 
 168    4.7568285  1.04030e+24 
 169    4.8609894  1.02111e+24 
 170    4.9674312  1.00630e+24 
 171    5.0762038  9.95249e+23 
 172    5.1873582  9.87518e+23 
 173    5.3009466  9.91242e+23 
 174    5.4170222  1.00146e+24 
 175    5.5356395  1.01402e+24 
 176    5.6568542  1.03294e+24 
 177    5.7807232  1.05959e+24 
 178    5.9073046  1.09121e+24 
 179    6.0366577  1.12684e+24 
 180    6.1688433  1.16989e+24 
 181    6.3039234  1.21691e+24 
 182    6.4419613  1.26432e+24 
 183    6.5830219  1.31938e+24 
 184    6.7271713  1.37769e+24 
 185    6.8744772  1.43819e+24 
 186    7.0250086  1.50302e+24 
 187    7.1788363  1.56795e+24 
 188    7.3360323  1.63579e+24 
 189    7.4966705  1.70680e+24 


# r-band (filter: r_LSST.dat)
   0    0.1250000  7.70844e+26 
   1    0.1277371  7.86689e+26 
   2    0.1305342  8.02881e+26 
   3    0.1333926  8.19428e+26 
   4    0.1363135  8.35532e+26 
   5    0.1392983  8.50700e+26 
   6    0.1423486  8.65354e+26 
   7    0.1454656  8.79617e+26 
   8    0.1486509  8.92752e+26 
   9    0.1519059  9.05492e+26 
  10    0.1552322  9.16538e+26 
  11    0.1586314  9.27120e+26 
  12    0.1621049  9.36430e+26 
  13    0.1656546  9.45548e+26 
  14    0.1692819  9.52842e+26 
  15    0.1729887  9.59506e+26 
  16    0.1767767  9.64875e+26 
  17    0.1806476  9.69559e+26 
  18    0.1846033  9.73271e+26 
  19    0.1886456  9.75969e+26 
  20    0.1927764  9.78130e+26 
  21    0.1969976  9.78975e+26 
  22    0.2013113  9.78508e+26 
  23    0.2057194  9.77589e+26 
  24    0.2102241  9.75856e+26 
  25    0.2148274  9.73069e+26 
  26    0.2195315  9.69752e+26 
  27    0.2243386  9.65541e+26 
  28    0.2292510  9.60307e+26 
  29    0.2342710  9.54565e+26 
  30    0.2394008  9.48200e+26 
  31    0.2446430  9.41342e+26 
  32    0.2500000  9.33187e+26 
  33    0.2554743  9.24905e+26 
  34    0.2610684  9.16448e+26 
  35    0.2667851  9.07408e+26 
  36    0.2726269  8.98052e+26 
  37    0.2785967  8.88242e+26 
  38    0.2846972  8.78366e+26 
  39    0.2909312  8.67927e+26 
  40    0.2973018  8.57376e+26 
  41    0.3038118  8.46163e+26 
  42    0.3104645  8.34738e+26 
  43    0.3172627  8.23105e+26 
  44    0.3242099  8.10775e+26 
  45    0.3313092  7.98091e+26 
  46    0.3385639  7.84910e+26 
  47    0.3459775  7.71565e+26 
  48    0.3535534  7.57853e+26 
  49    0.3612952  7.43577e+26 
  50    0.3692065  7.28755e+26 
  51    0.3772911  7.13779e+26 
  52    0.3855527  6.98426e+26 
  53    0.3939952  6.82921e+26 
  54    0.4026226  6.67347e+26 
  55    0.4114389  6.51309e+26 
  56    0.4204482  6.35632e+26 
  57    0.4296548  6.20075e+26 
  58    0.4390630  6.04927e+26 
  59    0.4486773  5.89841e+26 
  60    0.4585020  5.75589e+26 
  61    0.4685419  5.62786e+26 
  62    0.4788016  5.50330e+26 
  63    0.4892860  5.40226e+26 
  64    0.5000000  5.31586e+26 
  65    0.5109486  5.23812e+26 
  66    0.5221369  5.18778e+26 
  67    0.5335702  5.15040e+26 
  68    0.5452539  5.13349e+26 
  69    0.5571934  5.13413e+26 
  70    0.5693943  5.15376e+26 
  71    0.5818624  5.18877e+26 
  72    0.5946036  5.24177e+26 
  73    0.6076237  5.30611e+26 
  74    0.6209289  5.38517e+26 
  75    0.6345255  5.47633e+26 
  76    0.6484198  5.58002e+26 
  77    0.6626183  5.69315e+26 
  78    0.6771278  5.81508e+26 
  79    0.6919549  5.94859e+26 
  80    0.7071068  6.09312e+26 
  81    0.7225904  6.24630e+26 
  82    0.7384131  6.42136e+26 
  83    0.7545822  6.60303e+26 
  84    0.7711054  6.79196e+26 
  85    0.7879904  6.98587e+26 
  86    0.8052452  7.19043e+26 
  87    0.8228777  7.40278e+26 
  88    0.8408964  7.62625e+26 
  89    0.8593096  7.85820e+26 
  90    0.8781261  8.08951e+26 
  91    0.8973545  8.30475e+26 
  92    0.9170040  8.51064e+26 
  93    0.9370838  8.71500e+26 
  94    0.9576033  8.89050e+26 
  95    0.9785721  9.04887e+26 
  96    1.0000000  9.20495e+26 
  97    1.0218971  9.33959e+26 
  98    1.0442738  9.46044e+26 
  99    1.0671404  9.56898e+26 
 100    1.0905077  9.67839e+26 
 101    1.1143867  9.76039e+26 
 102    1.1387886  9.80219e+26 
 103    1.1637249  9.84428e+26 
 104    1.1892071  9.86840e+26 
 105    1.2152474  9.86832e+26 
 106    1.2418578  9.85388e+26 
 107    1.2690510  9.81326e+26 
 108    1.2968396  9.75205e+26 
 109    1.3252366  9.67031e+26 
 110    1.3542555  9.56559e+26 
 111    1.3839099  9.44899e+26 
 112    1.4142136  9.31220e+26 
 113    1.4451808  9.19432e+26 
 114    1.4768261  9.09011e+26 
 115    1.5091644  8.96556e+26 
 116    1.5422108  8.84395e+26 
 117    1.5759808  8.72839e+26 
 118    1.6104903  8.62911e+26 
 119    1.6457555  8.53827e+26 
 120    1.6817928  8.45381e+26 
 121    1.7186193  8.37925e+26 
 122    1.7562522  8.30860e+26 
 123    1.7947091  8.23173e+26 
 124    1.8340081  8.13956e+26 
 125    1.8741676  8.04268e+26 
 126    1.9152066  7.92486e+26 
 127    1.9571441  7.79743e+26 
 128    2.0000000  7.66117e+26 
 129    2.0437943  7.49731e+26 
 130    2.0885476  7.30623e+26 
 131    2.1342808  7.09650e+26 
 132    2.1810155  6.85432e+26 
 133    2.2287735  6.58448e+26 
 134    2.2775773  6.29365e+26 
 135    2.3274497  5.97429e+26 
 136    2.3784142  5.64051e+26 
 137    2.4304947  5.28559e+26 
 138    2.4837156  4.92518e+26 
 139    2.5381019  4.56299e+26 
 140    2.5936791  4.18632e+26 
 141    2.6504733  3.82962e+26 
 142    2.7085111  3.48264e+26 
 143    2.7678198  3.13524e+26 
 144    2.8284271  2.82101e+26 
 145    2.8903616  2.52854e+26 
 146    2.9536523  2.25863e+26 
 147    3.0183289  2.00875e+26 
 148    3.0844217  1.79129e+26 
 149    3.1519617  1.59631e+26 
 150    3.2209807  1.42191e+26 
 151    3.2915110  1.27302e+26 
 152    3.3635857  1.14183e+26 
 153    3.4372386  1.02796e+26 
 154    3.5125043  9.31459e+25 
 155    3.5894182  8.47645e+25 
 156    3.6680162  7.75891e+25 
 157    3.7483353  7.14422e+25 
 158    3.8304131  6.61018e+25 
 159    3.9142882  6.14203e+25 
 160    4.0000000  5.73705e+25 
 161    4.0875886  5.37918e+25 
 162    4.1770951  5.05881e+25 
 163    4.2685616  4.77501e+25 
 164    4.3620309  4.52186e+25 
 165    4.4575470  4.28995e+25 
 166    4.5551545  4.08339e+25 
 167    4.6548994  3.89388e+25 
 168    4.7568285  3.71677e+25 
 169    4.8609894  3.55846e+25 
 170    4.9674312  3.41302e+25 
 171    5.0762038  3.27901e+25 
 172    5.1873582  3.15528e+25 
 173    5.3009466  3.04368e+25 
 174    5.4170222  2.94248e+25 
 175    5.5356395  2.84793e+25 
 176    5.6568542  2.76307e+25 
 177    5.7807232  2.68498e+25 
 178    5.9073046  2.61270e+25 
 179    6.0366577  2.54655e+25 
 180    6.1688433  2.48648e+25 
 181    6.3039234  2.42995e+25 
 182    6.4419613  2.37643e+25 
 183    6.5830219  2.32816e+25 
 184    6.7271713  2.28088e+25 
 185    6.8744772  2.23770e+25 
 186    7.0250086  2.19469e+25 
 187    7.1788363  2.15229e+25 
 188    7.3360323  2.11090e+25 
 189    7.4966705  2.07223e+25 


# i-band (filter: i_LSST.dat)
   0    0.1250000  4.70582e+26 
   1    0.1277371  4.80017e+26 
   2    0.1305342  4.89659e+26 
   3    0.1333926  4.99513e+26 
   4    0.1363135  5.09616e+26 
   5    0.1392983  5.18900e+26 
   6    0.1423486  5.28014e+26 
   7    0.1454656  5.37365e+26 
   8    0.1486509  5.46610e+26 
   9    0.1519059  5.56090e+26 
  10    0.1552322  5.65402e+26 
  11    0.1586314  5.74330e+26 
  12    0.1621049  5.82880e+26 
  13    0.1656546  5.91452e+26 
  14    0.1692819  6.00004e+26 
  15    0.1729887  6.08599e+26 
  16    0.1767767  6.16442e+26 
  17    0.1806476  6.24365e+26 
  18    0.1846033  6.32470e+26 
  19    0.1886456  6.40242e+26 
  20    0.1927764  6.47039e+26 
  21    0.1969976  6.54315e+26 
  22    0.2013113  6.60811e+26 
  23    0.2057194  6.67015e+26 
  24    0.2102241  6.73247e+26 
  25    0.2148274  6.78370e+26 
  26    0.2195315  6.82721e+26 
  27    0.2243386  6.86941e+26 
  28    0.2292510  6.89716e+26 
  29    0.2342710  6.91458e+26 
  30    0.2394008  6.92540e+26 
  31    0.2446430  6.91511e+26 
  32    0.2500000  6.89162e+26 
  33    0.2554743  6.85786e+26 
  34    0.2610684  6.80463e+26 
  35    0.2667851  6.73164e+26 
  36    0.2726269  6.64660e+26 
  37    0.2785967  6.54794e+26 
  38    0.2846972  6.43328e+26 
  39    0.2909312  6.30386e+26 
  40    0.2973018  6.16244e+26 
  41    0.3038118  6.01320e+26 
  42    0.3104645  5.85560e+26 
  43    0.3172627  5.69092e+26 
  44    0.3242099  5.52926e+26 
  45    0.3313092  5.36857e+26 
  46    0.3385639  5.20250e+26 
  47    0.3459775  5.05251e+26 
  48    0.3535534  4.90688e+26 
  49    0.3612952  4.76514e+26 
  50    0.3692065  4.63680e+26 
  51    0.3772911  4.51733e+26 
  52    0.3855527  4.40785e+26 
  53    0.3939952  4.30916e+26 
  54    0.4026226  4.22057e+26 
  55    0.4114389  4.13898e+26 
  56    0.4204482  4.06708e+26 
  57    0.4296548  4.00635e+26 
  58    0.4390630  3.95153e+26 
  59    0.4486773  3.90206e+26 
  60    0.4585020  3.86234e+26 
  61    0.4685419  3.82945e+26 
  62    0.4788016  3.80059e+26 
  63    0.4892860  3.78231e+26 
  64    0.5000000  3.77194e+26 
  65    0.5109486  3.77009e+26 
  66    0.5221369  3.78203e+26 
  67    0.5335702  3.80432e+26 
  68    0.5452539  3.83442e+26 
  69    0.5571934  3.87284e+26 
  70    0.5693943  3.92061e+26 
  71    0.5818624  3.97929e+26 
  72    0.5946036  4.05083e+26 
  73    0.6076237  4.12972e+26 
  74    0.6209289  4.21533e+26 
  75    0.6345255  4.31082e+26 
  76    0.6484198  4.40967e+26 
  77    0.6626183  4.51100e+26 
  78    0.6771278  4.61613e+26 
  79    0.6919549  4.72436e+26 
  80    0.7071068  4.83672e+26 
  81    0.7225904  4.95415e+26 
  82    0.7384131  5.07200e+26 
  83    0.7545822  5.19041e+26 
  84    0.7711054  5.30870e+26 
  85    0.7879904  5.43097e+26 
  86    0.8052452  5.55200e+26 
  87    0.8228777  5.67191e+26 
  88    0.8408964  5.78756e+26 
  89    0.8593096  5.90033e+26 
  90    0.8781261  6.01511e+26 
  91    0.8973545  6.11991e+26 
  92    0.9170040  6.22245e+26 
  93    0.9370838  6.31971e+26 
  94    0.9576033  6.40528e+26 
  95    0.9785721  6.48140e+26 
  96    1.0000000  6.55176e+26 
  97    1.0218971  6.60157e+26 
  98    1.0442738  6.64502e+26 
  99    1.0671404  6.68112e+26 
 100    1.0905077  6.70629e+26 
 101    1.1143867  6.72256e+26 
 102    1.1387886  6.70642e+26 
 103    1.1637249  6.67232e+26 
 104    1.1892071  6.58796e+26 
 105    1.2152474  6.48708e+26 
 106    1.2418578  6.38080e+26 
 107    1.2690510  6.25036e+26 
 108    1.2968396  6.09582e+26 
 109    1.3252366  5.91241e+26 
 110    1.3542555  5.71631e+26 
 111    1.3839099  5.52346e+26 
 112    1.4142136  5.31328e+26 
 113    1.4451808  5.12537e+26 
 114    1.4768261  4.93944e+26 
 115    1.5091644  4.75981e+26 
 116    1.5422108  4.61036e+26 
 117    1.5759808  4.47599e+26 
 118    1.6104903  4.34786e+26 
 119    1.6457555  4.23897e+26 
 120    1.6817928  4.14828e+26 
 121    1.7186193  4.07714e+26 
 122    1.7562522  4.01808e+26 
 123    1.7947091  3.95909e+26 
 124    1.8340081  3.89661e+26 
 125    1.8741676  3.84269e+26 
 126    1.9152066  3.78704e+26 
 127    1.9571441  3.73251e+26 
 128    2.0000000  3.67620e+26 
 129    2.0437943  3.61482e+26 
 130    2.0885476  3.54725e+26 
 131    2.1342808  3.47451e+26 
 132    2.1810155  3.39554e+26 
 133    2.2287735  3.31141e+26 
 134    2.2775773  3.22329e+26 
 135    2.3274497  3.13081e+26 
 136    2.3784142  3.03648e+26 
 137    2.4304947  2.93875e+26 
 138    2.4837156  2.83917e+26 
 139    2.5381019  2.74043e+26 
 140    2.5936791  2.63801e+26 
 141    2.6504733  2.53940e+26 
 142    2.7085111  2.44305e+26 
 143    2.7678198  2.34723e+26 
 144    2.8284271  2.25658e+26 
 145    2.8903616  2.17036e+26 
 146    2.9536523  2.08741e+26 
 147    3.0183289  2.00754e+26 
 148    3.0844217  1.93278e+26 
 149    3.1519617  1.86162e+26 
 150    3.2209807  1.79404e+26 
 151    3.2915110  1.72943e+26 
 152    3.3635857  1.66717e+26 
 153    3.4372386  1.60662e+26 
 154    3.5125043  1.54625e+26 
 155    3.5894182  1.48634e+26 
 156    3.6680162  1.42751e+26 
 157    3.7483353  1.36828e+26 
 158    3.8304131  1.30936e+26 
 159    3.9142882  1.25025e+26 
 160    4.0000000  1.19174e+26 
 161    4.0875886  1.13334e+26 
 162    4.1770951  1.07446e+26 
 163    4.2685616  1.01806e+26 
 164    4.3620309  9.62960e+25 
 165    4.4575470  9.08676e+25 
 166    4.5551545  8.58711e+25 
 167    4.6548994  8.11313e+25 
 168    4.7568285  7.65400e+25 
 169    4.8609894  7.23475e+25 
 170    4.9674312  6.84370e+25 
 171    5.0762038  6.47595e+25 
 172    5.1873582  6.13292e+25 
 173    5.3009466  5.82068e+25 
 174    5.4170222  5.53231e+25 
 175    5.5356395  5.26178e+25 
 176    5.6568542  5.01558e+25 
 177    5.7807232  4.78448e+25 
 178    5.9073046  4.56853e+25 
 179    6.0366577  4.37006e+25 
 180    6.1688433  4.18629e+25 
 181    6.3039234  4.01319e+25 
 182    6.4419613  3.85454e+25 
 183    6.5830219  3.70824e+25 
 184    6.7271713  3.57033e+25 
 185    6.8744772  3.44680e+25 
 186    7.0250086  3.32479e+25 
 187    7.1788363  3.20628e+25 
 188    7.3360323  3.09357e+25 
 189    7.4966705  2.99077e+25 


# z-band (filter: z_LSST.dat)
   0    0.1250000  3.58395e+26 
   1    0.1277371  3.65992e+26 
   2    0.1305342  3.73755e+26 
   3    0.1333926  3.81689e+26 
   4    0.1363135  3.90442e+26 
   5    0.1392983  3.98741e+26 
   6    0.1423486  4.07049e+26 
   7    0.1454656  4.14917e+26 
   8    0.1486509  4.23777e+26 
   9    0.1519059  4.32501e+26 
  10    0.1552322  4.41714e+26 
  11    0.1586314  4.51416e+26 
  12    0.1621049  4.61976e+26 
  13    0.1656546  4.72406e+26 
  14    0.1692819  4.81898e+26 
  15    0.1729887  4.91910e+26 
  16    0.1767767  5.02610e+26 
  17    0.1806476  5.12333e+26 
  18    0.1846033  5.23107e+26 
  19    0.1886456  5.33414e+26 
  20    0.1927764  5.42840e+26 
  21    0.1969976  5.52320e+26 
  22    0.2013113  5.60823e+26 
  23    0.2057194  5.68508e+26 
  24    0.2102241  5.75748e+26 
  25    0.2148274  5.81356e+26 
  26    0.2195315  5.86550e+26 
  27    0.2243386  5.91030e+26 
  28    0.2292510  5.92391e+26 
  29    0.2342710  5.92842e+26 
  30    0.2394008  5.92132e+26 
  31    0.2446430  5.88744e+26 
  32    0.2500000  5.83906e+26 
  33    0.2554743  5.77485e+26 
  34    0.2610684  5.67939e+26 
  35    0.2667851  5.55492e+26 
  36    0.2726269  5.41025e+26 
  37    0.2785967  5.24805e+26 
  38    0.2846972  5.05736e+26 
  39    0.2909312  4.85502e+26 
  40    0.2973018  4.63582e+26 
  41    0.3038118  4.40994e+26 
  42    0.3104645  4.17917e+26 
  43    0.3172627  3.93402e+26 
  44    0.3242099  3.70151e+26 
  45    0.3313092  3.47523e+26 
  46    0.3385639  3.25112e+26 
  47    0.3459775  3.05326e+26 
  48    0.3535534  2.86546e+26 
  49    0.3612952  2.68810e+26 
  50    0.3692065  2.53477e+26 
  51    0.3772911  2.39465e+26 
  52    0.3855527  2.26641e+26 
  53    0.3939952  2.15599e+26 
  54    0.4026226  2.05571e+26 
  55    0.4114389  1.96624e+26 
  56    0.4204482  1.88724e+26 
  57    0.4296548  1.81564e+26 
  58    0.4390630  1.74988e+26 
  59    0.4486773  1.69035e+26 
  60    0.4585020  1.63746e+26 
  61    0.4685419  1.58983e+26 
  62    0.4788016  1.54457e+26 
  63    0.4892860  1.50482e+26 
  64    0.5000000  1.46836e+26 
  65    0.5109486  1.43525e+26 
  66    0.5221369  1.40743e+26 
  67    0.5335702  1.38246e+26 
  68    0.5452539  1.35951e+26 
  69    0.5571934  1.33989e+26 
  70    0.5693943  1.32336e+26 
  71    0.5818624  1.30859e+26 
  72    0.5946036  1.29619e+26 
  73    0.6076237  1.28543e+26 
  74    0.6209289  1.27706e+26 
  75    0.6345255  1.26949e+26 
  76    0.6484198  1.26276e+26 
  77    0.6626183  1.25760e+26 
  78    0.6771278  1.25289e+26 
  79    0.6919549  1.24834e+26 
  80    0.7071068  1.24702e+26 
  81    0.7225904  1.24741e+26 
  82    0.7384131  1.24935e+26 
  83    0.7545822  1.25304e+26 
  84    0.7711054  1.25861e+26 
  85    0.7879904  1.27061e+26 
  86    0.8052452  1.28557e+26 
  87    0.8228777  1.30180e+26 
  88    0.8408964  1.32362e+26 
  89    0.8593096  1.35236e+26 
  90    0.8781261  1.38296e+26 
  91    0.8973545  1.42236e+26 
  92    0.9170040  1.46259e+26 
  93    0.9370838  1.50488e+26 
  94    0.9576033  1.55389e+26 
  95    0.9785721  1.60731e+26 
  96    1.0000000  1.66344e+26 
  97    1.0218971  1.72321e+26 
  98    1.0442738  1.78549e+26 
  99    1.0671404  1.84861e+26 
 100    1.0905077  1.91741e+26 
 101    1.1143867  1.98392e+26 
 102    1.1387886  2.04505e+26 
 103    1.1637249  2.10874e+26 
 104    1.1892071  2.16715e+26 
 105    1.2152474  2.22749e+26 
 106    1.2418578  2.28291e+26 
 107    1.2690510  2.33654e+26 
 108    1.2968396  2.38238e+26 
 109    1.3252366  2.42334e+26 
 110    1.3542555  2.45942e+26 
 111    1.3839099  2.49478e+26 
 112    1.4142136  2.52709e+26 
 113    1.4451808  2.55944e+26 
 114    1.4768261  2.59033e+26 
 115    1.5091644  2.61772e+26 
 116    1.5422108  2.64315e+26 
 117    1.5759808  2.66769e+26 
 118    1.6104903  2.69319e+26 
 119    1.6457555  2.71463e+26 
 120    1.6817928  2.73385e+26 
 121    1.7186193  2.75543e+26 
 122    1.7562522  2.77118e+26 
 123    1.7947091  2.78245e+26 
 124    1.8340081  2.78769e+26 
 125    1.8741676  2.79018e+26 
 126    1.9152066  2.78402e+26 
 127    1.9571441  2.77504e+26 
 128    2.0000000  2.75972e+26 
 129    2.0437943  2.73485e+26 
 130    2.0885476  2.70307e+26 
 131    2.1342808  2.66687e+26 
 132    2.1810155  2.62422e+26 
 133    2.2287735  2.57259e+26 
 134    2.2775773  2.51804e+26 
 135    2.3274497  2.45590e+26 
 136    2.3784142  2.38945e+26 
 137    2.4304947  2.31916e+26 
 138    2.4837156  2.24667e+26 
 139    2.5381019  2.17156e+26 
 140    2.5936791  2.09371e+26 
 141    2.6504733  2.01775e+26 
 142    2.7085111  1.94216e+26 
 143    2.7678198  1.86466e+26 
 144    2.8284271  1.79064e+26 
 145    2.8903616  1.71933e+26 
 146    2.9536523  1.64889e+26 
 147    3.0183289  1.58107e+26 
 148    3.0844217  1.51664e+26 
 149    3.1519617  1.45467e+26 
 150    3.2209807  1.39437e+26 
 151    3.2915110  1.33692e+26 
 152    3.3635857  1.28090e+26 
 153    3.4372386  1.22619e+26 
 154    3.5125043  1.17137e+26 
 155    3.5894182  1.11693e+26 
 156    3.6680162  1.06326e+26 
 157    3.7483353  1.00929e+26 
 158    3.8304131  9.54433e+25 
 159    3.9142882  8.99485e+25 
 160    4.0000000  8.44577e+25 
 161    4.0875886  7.90442e+25 
 162    4.1770951  7.35281e+25 
 163    4.2685616  6.82953e+25 
 164    4.3620309  6.31733e+25 
 165    4.4575470  5.80512e+25 
 166    4.5551545  5.33947e+25 
 167    4.6548994  4.90138e+25 
 168    4.7568285  4.47502e+25 
 169    4.8609894  4.09493e+25 
 170    4.9674312  3.74784e+25 
 171    5.0762038  3.43229e+25 
 172    5.1873582  3.14064e+25 
 173    5.3009466  2.88145e+25 
 174    5.4170222  2.64624e+25 
 175    5.5356395  2.43434e+25 
 176    5.6568542  2.24816e+25 
 177    5.7807232  2.07997e+25 
 178    5.9073046  1.92625e+25 
 179    6.0366577  1.78926e+25 
 180    6.1688433  1.66429e+25 
 181    6.3039234  1.54983e+25 
 182    6.4419613  1.44693e+25 
 183    6.5830219  1.35185e+25 
 184    6.7271713  1.26246e+25 
 185    6.8744772  1.18354e+25 
 186    7.0250086  1.10641e+25 
 187    7.1788363  1.03145e+25 
 188    7.3360323  9.59820e+24 
 189    7.4966705  8.94156e+24 


# y-band (filter: y_LSST.dat)
   0    0.1250000  2.76578e+26 
   1    0.1277371  2.83428e+26 
   2    0.1305342  2.90428e+26 
   3    0.1333926  2.97582e+26 
   4    0.1363135  3.04480e+26 
   5    0.1392983  3.12272e+26 
   6    0.1423486  3.19315e+26 
   7    0.1454656  3.27280e+26 
   8    0.1486509  3.35033e+26 
   9    0.1519059  3.43732e+26 
  10    0.1552322  3.51977e+26 
  11    0.1586314  3.60770e+26 
  12    0.1621049  3.69973e+26 
  13    0.1656546  3.80329e+26 
  14    0.1692819  3.90503e+26 
  15    0.1729887  4.01065e+26 
  16    0.1767767  4.12414e+26 
  17    0.1806476  4.24208e+26 
  18    0.1846033  4.36793e+26 
  19    0.1886456  4.49055e+26 
  20    0.1927764  4.61694e+26 
  21    0.1969976  4.74142e+26 
  22    0.2013113  4.87161e+26 
  23    0.2057194  5.01492e+26 
  24    0.2102241  5.15447e+26 
  25    0.2148274  5.28494e+26 
  26    0.2195315  5.41986e+26 
  27    0.2243386  5.56012e+26 
  28    0.2292510  5.68700e+26 
  29    0.2342710  5.80862e+26 
  30    0.2394008  5.93124e+26 
  31    0.2446430  6.04356e+26 
  32    0.2500000  6.13679e+26 
  33    0.2554743  6.22993e+26 
  34    0.2610684  6.30232e+26 
  35    0.2667851  6.34541e+26 
  36    0.2726269  6.37260e+26 
  37    0.2785967  6.38138e+26 
  38    0.2846972  6.36139e+26 
  39    0.2909312  6.31385e+26 
  40    0.2973018  6.25109e+26 
  41    0.3038118  6.15524e+26 
  42    0.3104645  6.03402e+26 
  43    0.3172627  5.88988e+26 
  44    0.3242099  5.73106e+26 
  45    0.3313092  5.55499e+26 
  46    0.3385639  5.35966e+26 
  47    0.3459775  5.16185e+26 
  48    0.3535534  4.95763e+26 
  49    0.3612952  4.74456e+26 
  50    0.3692065  4.53782e+26 
  51    0.3772911  4.33520e+26 
  52    0.3855527  4.13304e+26 
  53    0.3939952  3.94289e+26 
  54    0.4026226  3.76074e+26 
  55    0.4114389  3.58432e+26 
  56    0.4204482  3.42306e+26 
  57    0.4296548  3.27083e+26 
  58    0.4390630  3.12384e+26 
  59    0.4486773  2.98757e+26 
  60    0.4585020  2.86261e+26 
  61    0.4685419  2.74496e+26 
  62    0.4788016  2.63323e+26 
  63    0.4892860  2.53084e+26 
  64    0.5000000  2.43344e+26 
  65    0.5109486  2.34100e+26 
  66    0.5221369  2.25641e+26 
  67    0.5335702  2.17791e+26 
  68    0.5452539  2.10346e+26 
  69    0.5571934  2.03255e+26 
  70    0.5693943  1.96951e+26 
  71    0.5818624  1.90869e+26 
  72    0.5946036  1.85327e+26 
  73    0.6076237  1.80213e+26 
  74    0.6209289  1.75337e+26 
  75    0.6345255  1.70691e+26 
  76    0.6484198  1.66808e+26 
  77    0.6626183  1.63061e+26 
  78    0.6771278  1.59858e+26 
  79    0.6919549  1.56925e+26 
  80    0.7071068  1.54226e+26 
  81    0.7225904  1.51921e+26 
  82    0.7384131  1.49796e+26 
  83    0.7545822  1.47999e+26 
  84    0.7711054  1.46492e+26 
  85    0.7879904  1.45429e+26 
  86    0.8052452  1.44836e+26 
  87    0.8228777  1.44380e+26 
  88    0.8408964  1.44101e+26 
  89    0.8593096  1.44811e+26 
  90    0.8781261  1.45699e+26 
  91    0.8973545  1.47133e+26 
  92    0.9170040  1.48782e+26 
  93    0.9370838  1.50952e+26 
  94    0.9576033  1.53672e+26 
  95    0.9785721  1.56729e+26 
  96    1.0000000  1.60181e+26 
  97    1.0218971  1.64329e+26 
  98    1.0442738  1.69047e+26 
  99    1.0671404  1.74173e+26 
 100    1.0905077  1.80143e+26 
 101    1.1143867  1.86221e+26 
 102    1.1387886  1.92733e+26 
 103    1.1637249  1.99908e+26 
 104    1.1892071  2.07568e+26 
 105    1.2152474  2.15642e+26 
 106    1.2418578  2.24177e+26 
 107    1.2690510  2.33152e+26 
 108    1.2968396  2.42601e+26 
 109    1.3252366  2.52265e+26 
 110    1.3542555  2.62020e+26 
 111    1.3839099  2.71929e+26 
 112    1.4142136  2.82186e+26 
 113    1.4451808  2.92116e+26 
 114    1.4768261  3.02287e+26 
 115    1.5091644  3.12497e+26 
 116    1.5422108  3.22531e+26 
 117    1.5759808  3.32598e+26 
 118    1.6104903  3.42553e+26 
 119    1.6457555  3.52429e+26 
 120    1.6817928  3.61893e+26 
 121    1.7186193  3.71138e+26 
 122    1.7562522  3.79454e+26 
 123    1.7947091  3.87050e+26 
 124    1.8340081  3.94358e+26 
 125    1.8741676  4.01130e+26 
 126    1.9152066  4.06317e+26 
 127    1.9571441  4.10888e+26 
 128    2.0000000  4.14601e+26 
 129    2.0437943  4.16804e+26 
 130    2.0885476  4.17746e+26 
 131    2.1342808  4.17555e+26 
 132    2.1810155  4.15575e+26 
 133    2.2287735  4.12368e+26 
 134    2.2775773  4.08105e+26 
 135    2.3274497  4.01813e+26 
 136    2.3784142  3.94298e+26 
 137    2.4304947  3.85762e+26 
 138    2.4837156  3.75816e+26 
 139    2.5381019  3.64621e+26 
 140    2.5936791  3.52372e+26 
 141    2.6504733  3.39113e+26 
 142    2.7085111  3.24974e+26 
 143    2.7678198  3.10150e+26 
 144    2.8284271  2.94844e+26 
 145    2.8903616  2.79033e+26 
 146    2.9536523  2.63344e+26 
 147    3.0183289  2.47203e+26 
 148    3.0844217  2.31554e+26 
 149    3.1519617  2.16125e+26 
 150    3.2209807  2.00837e+26 
 151    3.2915110  1.86456e+26 
 152    3.3635857  1.72600e+26 
 153    3.4372386  1.59208e+26 
 154    3.5125043  1.46921e+26 
 155    3.5894182  1.35324e+26 
 156    3.6680162  1.24406e+26 
 157    3.7483353  1.14589e+26 
 158    3.8304131  1.05413e+26 
 159    3.9142882  9.68048e+25 
 160    4.0000000  8.90916e+25 
 161    4.0875886  8.19658e+25 
 162    4.1770951  7.53155e+25 
 163    4.2685616  6.93688e+25 
 164    4.3620309  6.39441e+25 
 165    4.4575470  5.88366e+25 
 166    4.5551545  5.42855e+25 
 167    4.6548994  5.00979e+25 
 168    4.7568285  4.61862e+25 
 169    4.8609894  4.27046e+25 
 170    4.9674312  3.94983e+25 
 171    5.0762038  3.65530e+25 
 172    5.1873582  3.38519e+25 
 173    5.3009466  3.14326e+25 
 174    5.4170222  2.92108e+25 
 175    5.5356395  2.71543e+25 
 176    5.6568542  2.52908e+25 
 177    5.7807232  2.35994e+25 
 178    5.9073046  2.20139e+25 
 179    6.0366577  2.05998e+25 
 180    6.1688433  1.92661e+25 
 181    6.3039234  1.80412e+25 
 182    6.4419613  1.69248e+25 
 183    6.5830219  1.58750e+25 
 184    6.7271713  1.48813e+25 
 185    6.8744772  1.39697e+25 
 186    7.0250086  1.30663e+25 
 187    7.1788363  1.21851e+25 
 188    7.3360323  1.13331e+25 
 189    7.4966705  1.05290e+25 


# J-band (filter: J_2MASS.dat)
   0    0.1250000  1.58972e+26 
   1    0.1277371  1.60988e+26 
   2    0.1305342  1.63050e+26 
   3    0.1333926  1.65156e+26 
   4    0.1363135  1.67504e+26 
   5    0.1392983  1.69432e+26 
   6    0.1423486  1.71352e+26 
   7    0.1454656  1.73804e+26 
   8    0.1486509  1.75934e+26 
   9    0.1519059  1.78614e+26 
  10    0.1552322  1.82017e+26 
  11    0.1586314  1.85715e+26 
  12    0.1621049  1.89765e+26 
  13    0.1656546  1.94234e+26 
  14    0.1692819  1.99305e+26 
  15    0.1729887  2.04306e+26 
  16    0.1767767  2.10449e+26 
  17    0.1806476  2.17446e+26 
  18    0.1846033  2.24588e+26 
  19    0.1886456  2.32370e+26 
  20    0.1927764  2.40789e+26 
  21    0.1969976  2.49916e+26 
  22    0.2013113  2.58522e+26 
  23    0.2057194  2.68671e+26 
  24    0.2102241  2.79323e+26 
  25    0.2148274  2.90588e+26 
  26    0.2195315  3.02756e+26 
  27    0.2243386  3.15345e+26 
  28    0.2292510  3.28007e+26 
  29    0.2342710  3.41665e+26 
  30    0.2394008  3.55443e+26 
  31    0.2446430  3.69250e+26 
  32    0.2500000  3.84572e+26 
  33    0.2554743  4.00262e+26 
  34    0.2610684  4.17060e+26 
  35    0.2667851  4.33724e+26 
  36    0.2726269  4.51177e+26 
  37    0.2785967  4.68760e+26 
  38    0.2846972  4.86319e+26 
  39    0.2909312  5.04749e+26 
  40    0.2973018  5.23438e+26 
  41    0.3038118  5.42340e+26 
  42    0.3104645  5.62225e+26 
  43    0.3172627  5.81870e+26 
  44    0.3242099  6.01428e+26 
  45    0.3313092  6.20897e+26 
  46    0.3385639  6.41112e+26 
  47    0.3459775  6.60404e+26 
  48    0.3535534  6.79176e+26 
  49    0.3612952  6.98299e+26 
  50    0.3692065  7.15810e+26 
  51    0.3772911  7.33055e+26 
  52    0.3855527  7.49935e+26 
  53    0.3939952  7.64925e+26 
  54    0.4026226  7.78481e+26 
  55    0.4114389  7.91429e+26 
  56    0.4204482  8.03373e+26 
  57    0.4296548  8.13106e+26 
  58    0.4390630  8.21666e+26 
  59    0.4486773  8.29363e+26 
  60    0.4585020  8.35137e+26 
  61    0.4685419  8.40645e+26 
  62    0.4788016  8.44893e+26 
  63    0.4892860  8.47110e+26 
  64    0.5000000  8.48841e+26 
  65    0.5109486  8.49739e+26 
  66    0.5221369  8.49557e+26 
  67    0.5335702  8.48306e+26 
  68    0.5452539  8.46074e+26 
  69    0.5571934  8.43446e+26 
  70    0.5693943  8.40626e+26 
  71    0.5818624  8.37039e+26 
  72    0.5946036  8.32691e+26 
  73    0.6076237  8.28422e+26 
  74    0.6209289  8.23774e+26 
  75    0.6345255  8.19060e+26 
  76    0.6484198  8.14072e+26 
  77    0.6626183  8.09979e+26 
  78    0.6771278  8.06205e+26 
  79    0.6919549  8.02134e+26 
  80    0.7071068  7.99097e+26 
  81    0.7225904  7.96408e+26 
  82    0.7384131  7.93381e+26 
  83    0.7545822  7.91321e+26 
  84    0.7711054  7.90065e+26 
  85    0.7879904  7.88733e+26 
  86    0.8052452  7.88952e+26 
  87    0.8228777  7.89246e+26 
  88    0.8408964  7.90585e+26 
  89    0.8593096  7.91759e+26 
  90    0.8781261  7.93778e+26 
  91    0.8973545  7.97053e+26 
  92    0.9170040  8.00255e+26 
  93    0.9370838  8.03842e+26 
  94    0.9576033  8.08592e+26 
  95    0.9785721  8.13402e+26 
  96    1.0000000  8.18148e+26 
  97    1.0218971  8.24199e+26 
  98    1.0442738  8.30306e+26 
  99    1.0671404  8.36816e+26 
 100    1.0905077  8.43832e+26 
 101    1.1143867  8.50053e+26 
 102    1.1387886  8.55545e+26 
 103    1.1637249  8.61245e+26 
 104    1.1892071  8.66720e+26 
 105    1.2152474  8.73123e+26 
 106    1.2418578  8.79534e+26 
 107    1.2690510  8.86495e+26 
 108    1.2968396  8.93526e+26 
 109    1.3252366  8.99964e+26 
 110    1.3542555  9.07487e+26 
 111    1.3839099  9.15407e+26 
 112    1.4142136  9.24504e+26 
 113    1.4451808  9.34482e+26 
 114    1.4768261  9.45853e+26 
 115    1.5091644  9.57984e+26 
 116    1.5422108  9.71117e+26 
 117    1.5759808  9.84368e+26 
 118    1.6104903  9.98946e+26 
 119    1.6457555  1.01344e+27 
 120    1.6817928  1.02864e+27 
 121    1.7186193  1.04443e+27 
 122    1.7562522  1.06071e+27 
 123    1.7947091  1.07692e+27 
 124    1.8340081  1.09299e+27 
 125    1.8741676  1.10915e+27 
 126    1.9152066  1.12535e+27 
 127    1.9571441  1.14070e+27 
 128    2.0000000  1.15613e+27 
 129    2.0437943  1.17077e+27 
 130    2.0885476  1.18373e+27 
 131    2.1342808  1.19663e+27 
 132    2.1810155  1.20766e+27 
 133    2.2287735  1.21704e+27 
 134    2.2775773  1.22490e+27 
 135    2.3274497  1.22998e+27 
 136    2.3784142  1.23307e+27 
 137    2.4304947  1.23466e+27 
 138    2.4837156  1.23265e+27 
 139    2.5381019  1.22863e+27 
 140    2.5936791  1.22234e+27 
 141    2.6504733  1.21348e+27 
 142    2.7085111  1.20231e+27 
 143    2.7678198  1.18934e+27 
 144    2.8284271  1.17344e+27 
 145    2.8903616  1.15559e+27 
 146    2.9536523  1.13617e+27 
 147    3.0183289  1.11499e+27 
 148    3.0844217  1.09159e+27 
 149    3.1519617  1.06688e+27 
 150    3.2209807  1.04083e+27 
 151    3.2915110  1.01348e+27 
 152    3.3635857  9.85191e+26 
 153    3.4372386  9.55472e+26 
 154    3.5125043  9.25597e+26 
 155    3.5894182  8.95099e+26 
 156    3.6680162  8.63847e+26 
 157    3.7483353  8.32738e+26 
 158    3.8304131  8.01802e+26 
 159    3.9142882  7.70481e+26 
 160    4.0000000  7.40111e+26 
 161    4.0875886  7.10115e+26 
 162    4.1770951  6.80168e+26 
 163    4.2685616  6.51444e+26 
 164    4.3620309  6.23266e+26 
 165    4.4575470  5.95524e+26 
 166    4.5551545  5.69046e+26 
 167    4.6548994  5.43421e+26 
 168    4.7568285  5.18403e+26 
 169    4.8609894  4.94960e+26 
 170    4.9674312  4.72371e+26 
 171    5.0762038  4.50638e+26 
 172    5.1873582  4.29662e+26 
 173    5.3009466  4.09920e+26 
 174    5.4170222  3.91087e+26 
 175    5.5356395  3.72945e+26 
 176    5.6568542  3.55966e+26 
 177    5.7807232  3.39789e+26 
 178    5.9073046  3.24234e+26 
 179    6.0366577  3.09680e+26 
 180    6.1688433  2.95809e+26 
 181    6.3039234  2.82442e+26 
 182    6.4419613  2.69993e+26 
 183    6.5830219  2.58215e+26 
 184    6.7271713  2.46832e+26 
 185    6.8744772  2.36277e+26 
 186    7.0250086  2.25662e+26 
 187    7.1788363  2.15272e+26 
 188    7.3360323  2.05160e+26 
 189    7.4966705  1.95607e+26 


# H-band (filter: H_2MASS.dat)
   0    0.1250000  8.57263e+25 
   1    0.1277371  8.62472e+25 
   2    0.1305342  8.67796e+25 
   3    0.1333926  8.73236e+25 
   4    0.1363135  8.81995e+25 
   5    0.1392983  8.91154e+25 
   6    0.1423486  8.97602e+25 
   7    0.1454656  9.15299e+25 
   8    0.1486509  9.30801e+25 
   9    0.1519059  9.43574e+25 
  10    0.1552322  9.53978e+25 
  11    0.1586314  9.68824e+25 
  12    0.1621049  9.82658e+25 
  13    0.1656546  1.00196e+26 
  14    0.1692819  1.02418e+26 
  15    0.1729887  1.04566e+26 
  16    0.1767767  1.07140e+26 
  17    0.1806476  1.10588e+26 
  18    0.1846033  1.14287e+26 
  19    0.1886456  1.17290e+26 
  20    0.1927764  1.21487e+26 
  21    0.1969976  1.26165e+26 
  22    0.2013113  1.31844e+26 
  23    0.2057194  1.37878e+26 
  24    0.2102241  1.44920e+26 
  25    0.2148274  1.52110e+26 
  26    0.2195315  1.59784e+26 
  27    0.2243386  1.68317e+26 
  28    0.2292510  1.78281e+26 
  29    0.2342710  1.87950e+26 
  30    0.2394008  1.98539e+26 
  31    0.2446430  2.10722e+26 
  32    0.2500000  2.22723e+26 
  33    0.2554743  2.35740e+26 
  34    0.2610684  2.48572e+26 
  35    0.2667851  2.62061e+26 
  36    0.2726269  2.75260e+26 
  37    0.2785967  2.89932e+26 
  38    0.2846972  3.05076e+26 
  39    0.2909312  3.19566e+26 
  40    0.2973018  3.33915e+26 
  41    0.3038118  3.49586e+26 
  42    0.3104645  3.64088e+26 
  43    0.3172627  3.78661e+26 
  44    0.3242099  3.93025e+26 
  45    0.3313092  4.06801e+26 
  46    0.3385639  4.21231e+26 
  47    0.3459775  4.34350e+26 
  48    0.3535534  4.47546e+26 
  49    0.3612952  4.59598e+26 
  50    0.3692065  4.71488e+26 
  51    0.3772911  4.82647e+26 
  52    0.3855527  4.93755e+26 
  53    0.3939952  5.03384e+26 
  54    0.4026226  5.12368e+26 
  55    0.4114389  5.20901e+26 
  56    0.4204482  5.28366e+26 
  57    0.4296548  5.36021e+26 
  58    0.4390630  5.42423e+26 
  59    0.4486773  5.48232e+26 
  60    0.4585020  5.53549e+26 
  61    0.4685419  5.58179e+26 
  62    0.4788016  5.62526e+26 
  63    0.4892860  5.65755e+26 
  64    0.5000000  5.67907e+26 
  65    0.5109486  5.70212e+26 
  66    0.5221369  5.72353e+26 
  67    0.5335702  5.73909e+26 
  68    0.5452539  5.74140e+26 
  69    0.5571934  5.73904e+26 
  70    0.5693943  5.74733e+26 
  71    0.5818624  5.74388e+26 
  72    0.5946036  5.73373e+26 
  73    0.6076237  5.71679e+26 
  74    0.6209289  5.69999e+26 
  75    0.6345255  5.67855e+26 
  76    0.6484198  5.65534e+26 
  77    0.6626183  5.62592e+26 
  78    0.6771278  5.59000e+26 
  79    0.6919549  5.55747e+26 
  80    0.7071068  5.52002e+26 
  81    0.7225904  5.47369e+26 
  82    0.7384131  5.41941e+26 
  83    0.7545822  5.37036e+26 
  84    0.7711054  5.31845e+26 
  85    0.7879904  5.26999e+26 
  86    0.8052452  5.22112e+26 
  87    0.8228777  5.17045e+26 
  88    0.8408964  5.11794e+26 
  89    0.8593096  5.07421e+26 
  90    0.8781261  5.02866e+26 
  91    0.8973545  4.98863e+26 
  92    0.9170040  4.95333e+26 
  93    0.9370838  4.92406e+26 
  94    0.9576033  4.89533e+26 
  95    0.9785721  4.87232e+26 
  96    1.0000000  4.85409e+26 
  97    1.0218971  4.84533e+26 
  98    1.0442738  4.83589e+26 
  99    1.0671404  4.83323e+26 
 100    1.0905077  4.83744e+26 
 101    1.1143867  4.83941e+26 
 102    1.1387886  4.84999e+26 
 103    1.1637249  4.86110e+26 
 104    1.1892071  4.87514e+26 
 105    1.2152474  4.89266e+26 
 106    1.2418578  4.91625e+26 
 107    1.2690510  4.94380e+26 
 108    1.2968396  4.97155e+26 
 109    1.3252366  5.00217e+26 
 110    1.3542555  5.03973e+26 
 111    1.3839099  5.08320e+26 
 112    1.4142136  5.13139e+26 
 113    1.4451808  5.18678e+26 
 114    1.4768261  5.25063e+26 
 115    1.5091644  5.31774e+26 
 116    1.5422108  5.39197e+26 
 117    1.5759808  5.47055e+26 
 118    1.6104903  5.55453e+26 
 119    1.6457555  5.64007e+26 
 120    1.6817928  5.73102e+26 
 121    1.7186193  5.82574e+26 
 122    1.7562522  5.91978e+26 
 123    1.7947091  6.01971e+26 
 124    1.8340081  6.11301e+26 
 125    1.8741676  6.21105e+26 
 126    1.9152066  6.30092e+26 
 127    1.9571441  6.39264e+26 
 128    2.0000000  6.48304e+26 
 129    2.0437943  6.56930e+26 
 130    2.0885476  6.65488e+26 
 131    2.1342808  6.73692e+26 
 132    2.1810155  6.81114e+26 
 133    2.2287735  6.88090e+26 
 134    2.2775773  6.94676e+26 
 135    2.3274497  7.00122e+26 
 136    2.3784142  7.05236e+26 
 137    2.4304947  7.09861e+26 
 138    2.4837156  7.14021e+26 
 139    2.5381019  7.17298e+26 
 140    2.5936791  7.19947e+26 
 141    2.6504733  7.21675e+26 
 142    2.7085111  7.22113e+26 
 143    2.7678198  7.22402e+26 
 144    2.8284271  7.21222e+26 
 145    2.8903616  7.19116e+26 
 146    2.9536523  7.16139e+26 
 147    3.0183289  7.12207e+26 
 148    3.0844217  7.07036e+26 
 149    3.1519617  7.00374e+26 
 150    3.2209807  6.92727e+26 
 151    3.2915110  6.83317e+26 
 152    3.3635857  6.72287e+26 
 153    3.4372386  6.59930e+26 
 154    3.5125043  6.45454e+26 
 155    3.5894182  6.28751e+26 
 156    3.6680162  6.10935e+26 
 157    3.7483353  5.90485e+26 
 158    3.8304131  5.68146e+26 
 159    3.9142882  5.44371e+26 
 160    4.0000000  5.18650e+26 
 161    4.0875886  4.91832e+26 
 162    4.1770951  4.63387e+26 
 163    4.2685616  4.34551e+26 
 164    4.3620309  4.05420e+26 
 165    4.4575470  3.75429e+26 
 166    4.5551545  3.46644e+26 
 167    4.6548994  3.18680e+26 
 168    4.7568285  2.90610e+26 
 169    4.8609894  2.64919e+26 
 170    4.9674312  2.40644e+26 
 171    5.0762038  2.17756e+26 
 172    5.1873582  1.96074e+26 
 173    5.3009466  1.76758e+26 
 174    5.4170222  1.59089e+26 
 175    5.5356395  1.42826e+26 
 176    5.6568542  1.28575e+26 
 177    5.7807232  1.15714e+26 
 178    5.9073046  1.04081e+26 
 179    6.0366577  9.38879e+25 
 180    6.1688433  8.47870e+25 
 181    6.3039234  7.65886e+25 
 182    6.4419613  6.94437e+25 
 183    6.5830219  6.30958e+25 
 184    6.7271713  5.73597e+25 
 185    6.8744772  5.23577e+25 
 186    7.0250086  4.74711e+25 
 187    7.1788363  4.28873e+25 
 188    7.3360323  3.86025e+25 
 189    7.4966705  3.48141e+25 


# K-band (filter: Ks_mosfire.dat)
   0    0.1250000  4.36677e+25 
   1    0.1277371  4.43120e+25 
   2    0.1305342  4.49705e+25 
   3    0.1333926  4.56433e+25 
   4    0.1363135  4.60259e+25 
   5    0.1392983  4.62268e+25 
   6    0.1423486  4.60283e+25 
   7    0.1454656  4.69496e+25 
   8    0.1486509  4.72567e+25 
   9    0.1519059  4.78103e+25 
  10    0.1552322  4.73931e+25 
  11    0.1586314  4.76441e+25 
  12    0.1621049  4.72453e+25 
  13    0.1656546  4.84328e+25 
  14    0.1692819  4.91006e+25 
  15    0.1729887  5.05508e+25 
  16    0.1767767  5.35079e+25 
  17    0.1806476  5.54825e+25 
  18    0.1846033  5.85207e+25 
  19    0.1886456  6.02885e+25 
  20    0.1927764  6.31846e+25 
  21    0.1969976  6.72183e+25 
  22    0.2013113  7.17795e+25 
  23    0.2057194  7.63174e+25 
  24    0.2102241  8.11580e+25 
  25    0.2148274  8.69191e+25 
  26    0.2195315  9.24949e+25 
  27    0.2243386  9.88642e+25 
  28    0.2292510  1.04624e+26 
  29    0.2342710  1.10914e+26 
  30    0.2394008  1.17537e+26 
  31    0.2446430  1.25113e+26 
  32    0.2500000  1.33706e+26 
  33    0.2554743  1.42503e+26 
  34    0.2610684  1.50837e+26 
  35    0.2667851  1.58828e+26 
  36    0.2726269  1.67408e+26 
  37    0.2785967  1.76545e+26 
  38    0.2846972  1.85525e+26 
  39    0.2909312  1.94296e+26 
  40    0.2973018  2.03507e+26 
  41    0.3038118  2.14204e+26 
  42    0.3104645  2.23537e+26 
  43    0.3172627  2.32628e+26 
  44    0.3242099  2.39930e+26 
  45    0.3313092  2.48045e+26 
  46    0.3385639  2.56964e+26 
  47    0.3459775  2.64181e+26 
  48    0.3535534  2.71168e+26 
  49    0.3612952  2.78191e+26 
  50    0.3692065  2.84354e+26 
  51    0.3772911  2.89976e+26 
  52    0.3855527  2.95005e+26 
  53    0.3939952  3.00248e+26 
  54    0.4026226  3.05550e+26 
  55    0.4114389  3.10594e+26 
  56    0.4204482  3.15491e+26 
  57    0.4296548  3.19301e+26 
  58    0.4390630  3.21950e+26 
  59    0.4486773  3.25565e+26 
  60    0.4585020  3.27801e+26 
  61    0.4685419  3.28811e+26 
  62    0.4788016  3.30238e+26 
  63    0.4892860  3.31322e+26 
  64    0.5000000  3.31267e+26 
  65    0.5109486  3.30100e+26 
  66    0.5221369  3.28331e+26 
  67    0.5335702  3.26933e+26 
  68    0.5452539  3.24563e+26 
  69    0.5571934  3.21642e+26 
  70    0.5693943  3.19253e+26 
  71    0.5818624  3.16530e+26 
  72    0.5946036  3.13365e+26 
  73    0.6076237  3.11177e+26 
  74    0.6209289  3.08139e+26 
  75    0.6345255  3.05175e+26 
  76    0.6484198  3.03083e+26 
  77    0.6626183  3.00796e+26 
  78    0.6771278  2.99016e+26 
  79    0.6919549  2.96220e+26 
  80    0.7071068  2.93979e+26 
  81    0.7225904  2.92084e+26 
  82    0.7384131  2.90024e+26 
  83    0.7545822  2.87785e+26 
  84    0.7711054  2.85644e+26 
  85    0.7879904  2.82620e+26 
  86    0.8052452  2.79869e+26 
  87    0.8228777  2.76900e+26 
  88    0.8408964  2.73222e+26 
  89    0.8593096  2.69658e+26 
  90    0.8781261  2.65591e+26 
  91    0.8973545  2.61532e+26 
  92    0.9170040  2.57087e+26 
  93    0.9370838  2.52225e+26 
  94    0.9576033  2.46889e+26 
  95    0.9785721  2.41938e+26 
  96    1.0000000  2.36465e+26 
  97    1.0218971  2.31174e+26 
  98    1.0442738  2.26315e+26 
  99    1.0671404  2.20916e+26 
 100    1.0905077  2.15827e+26 
 101    1.1143867  2.10455e+26 
 102    1.1387886  2.04981e+26 
 103    1.1637249  1.99601e+26 
 104    1.1892071  1.94411e+26 
 105    1.2152474  1.89866e+26 
 106    1.2418578  1.85442e+26 
 107    1.2690510  1.81054e+26 
 108    1.2968396  1.76990e+26 
 109    1.3252366  1.72706e+26 
 110    1.3542555  1.68763e+26 
 111    1.3839099  1.65105e+26 
 112    1.4142136  1.61792e+26 
 113    1.4451808  1.58700e+26 
 114    1.4768261  1.56327e+26 
 115    1.5091644  1.53930e+26 
 116    1.5422108  1.51879e+26 
 117    1.5759808  1.49698e+26 
 118    1.6104903  1.47673e+26 
 119    1.6457555  1.45836e+26 
 120    1.6817928  1.44244e+26 
 121    1.7186193  1.42801e+26 
 122    1.7562522  1.41154e+26 
 123    1.7947091  1.39741e+26 
 124    1.8340081  1.38416e+26 
 125    1.8741676  1.36924e+26 
 126    1.9152066  1.35312e+26 
 127    1.9571441  1.33814e+26 
 128    2.0000000  1.32324e+26 
 129    2.0437943  1.30816e+26 
 130    2.0885476  1.29181e+26 
 131    2.1342808  1.27493e+26 
 132    2.1810155  1.25776e+26 
 133    2.2287735  1.24028e+26 
 134    2.2775773  1.22149e+26 
 135    2.3274497  1.20119e+26 
 136    2.3784142  1.17975e+26 
 137    2.4304947  1.15790e+26 
 138    2.4837156  1.13417e+26 
 139    2.5381019  1.10982e+26 
 140    2.5936791  1.08411e+26 
 141    2.6504733  1.05742e+26 
 142    2.7085111  1.02938e+26 
 143    2.7678198  1.00133e+26 
 144    2.8284271  9.71451e+25 
 145    2.8903616  9.41382e+25 
 146    2.9536523  9.11160e+25 
 147    3.0183289  8.80188e+25 
 148    3.0844217  8.49423e+25 
 149    3.1519617  8.18370e+25 
 150    3.2209807  7.86440e+25 
 151    3.2915110  7.55430e+25 
 152    3.3635857  7.23518e+25 
 153    3.4372386  6.92021e+25 
 154    3.5125043  6.60599e+25 
 155    3.5894182  6.30043e+25 
 156    3.6680162  5.99208e+25 
 157    3.7483353  5.69298e+25 
 158    3.8304131  5.39862e+25 
 159    3.9142882  5.10590e+25 
 160    4.0000000  4.82723e+25 
 161    4.0875886  4.56064e+25 
 162    4.1770951  4.29833e+25 
 163    4.2685616  4.05300e+25 
 164    4.3620309  3.82362e+25 
 165    4.4575470  3.60014e+25 
 166    4.5551545  3.40033e+25 
 167    4.6548994  3.20657e+25 
 168    4.7568285  3.02446e+25 
 169    4.8609894  2.85795e+25 
 170    4.9674312  2.70534e+25 
 171    5.0762038  2.56412e+25 
 172    5.1873582  2.43088e+25 
 173    5.3009466  2.31017e+25 
 174    5.4170222  2.19843e+25 
 175    5.5356395  2.09152e+25 
 176    5.6568542  1.99328e+25 
 177    5.7807232  1.90240e+25 
 178    5.9073046  1.81722e+25 
 179    6.0366577  1.73949e+25 
 180    6.1688433  1.66930e+25 
 181    6.3039234  1.60042e+25 
 182    6.4419613  1.53801e+25 
 183    6.5830219  1.47754e+25 
 184    6.7271713  1.41946e+25 
 185    6.8744772  1.36601e+25 
 186    7.0250086  1.31348e+25 
 187    7.1788363  1.26301e+25 
 188    7.3360323  1.21316e+25 
 189    7.4966705  1.16537e+25 


# S-band (filter: Spitzer_IRAC2.dat)
   0    0.1250000  1.61129e+25 
   1    0.1277371  1.75394e+25 
   2    0.1305342  1.89972e+25 
   3    0.1333926  2.04869e+25 
   4    0.1363135  2.10954e+25 
   5    0.1392983  2.24867e+25 
   6    0.1423486  2.36557e+25 
   7    0.1454656  2.42572e+25 
   8    0.1486509  2.58756e+25 
   9    0.1519059  2.78136e+25 
  10    0.1552322  2.84599e+25 
  11    0.1586314  3.02416e+25 
  12    0.1621049  3.22828e+25 
  13    0.1656546  3.55868e+25 
  14    0.1692819  3.61207e+25 
  15    0.1729887  3.84240e+25 
  16    0.1767767  4.05064e+25 
  17    0.1806476  4.27500e+25 
  18    0.1846033  4.58261e+25 
  19    0.1886456  4.87294e+25 
  20    0.1927764  5.04917e+25 
  21    0.1969976  5.25566e+25 
  22    0.2013113  5.62925e+25 
  23    0.2057194  5.81903e+25 
  24    0.2102241  5.98993e+25 
  25    0.2148274  6.11236e+25 
  26    0.2195315  6.39340e+25 
  27    0.2243386  6.58704e+25 
  28    0.2292510  6.57239e+25 
  29    0.2342710  6.68869e+25 
  30    0.2394008  6.70809e+25 
  31    0.2446430  6.80263e+25 
  32    0.2500000  6.80438e+25 
  33    0.2554743  6.84787e+25 
  34    0.2610684  6.78371e+25 
  35    0.2667851  6.69708e+25 
  36    0.2726269  6.66377e+25 
  37    0.2785967  6.62485e+25 
  38    0.2846972  6.45459e+25 
  39    0.2909312  6.29842e+25 
  40    0.2973018  6.11860e+25 
  41    0.3038118  5.95843e+25 
  42    0.3104645  5.82223e+25 
  43    0.3172627  5.63621e+25 
  44    0.3242099  5.48752e+25 
  45    0.3313092  5.23769e+25 
  46    0.3385639  5.09706e+25 
  47    0.3459775  4.93212e+25 
  48    0.3535534  4.72300e+25 
  49    0.3612952  4.56647e+25 
  50    0.3692065  4.43681e+25 
  51    0.3772911  4.35862e+25 
  52    0.3855527  4.26833e+25 
  53    0.3939952  4.10343e+25 
  54    0.4026226  3.97177e+25 
  55    0.4114389  3.84523e+25 
  56    0.4204482  3.68558e+25 
  57    0.4296548  3.60029e+25 
  58    0.4390630  3.45182e+25 
  59    0.4486773  3.33284e+25 
  60    0.4585020  3.24704e+25 
  61    0.4685419  3.12354e+25 
  62    0.4788016  3.00455e+25 
  63    0.4892860  2.88596e+25 
  64    0.5000000  2.76600e+25 
  65    0.5109486  2.68973e+25 
  66    0.5221369  2.59967e+25 
  67    0.5335702  2.53162e+25 
  68    0.5452539  2.45110e+25 
  69    0.5571934  2.37372e+25 
  70    0.5693943  2.34599e+25 
  71    0.5818624  2.30912e+25 
  72    0.5946036  2.26017e+25 
  73    0.6076237  2.23385e+25 
  74    0.6209289  2.20626e+25 
  75    0.6345255  2.17905e+25 
  76    0.6484198  2.17447e+25 
  77    0.6626183  2.15981e+25 
  78    0.6771278  2.14493e+25 
  79    0.6919549  2.15419e+25 
  80    0.7071068  2.14657e+25 
  81    0.7225904  2.14163e+25 
  82    0.7384131  2.13733e+25 
  83    0.7545822  2.12049e+25 
  84    0.7711054  2.11383e+25 
  85    0.7879904  2.09063e+25 
  86    0.8052452  2.06596e+25 
  87    0.8228777  2.04564e+25 
  88    0.8408964  2.02182e+25 
  89    0.8593096  2.00197e+25 
  90    0.8781261  1.97256e+25 
  91    0.8973545  1.92877e+25 
  92    0.9170040  1.88367e+25 
  93    0.9370838  1.83610e+25 
  94    0.9576033  1.78641e+25 
  95    0.9785721  1.74371e+25 
  96    1.0000000  1.68662e+25 
  97    1.0218971  1.64207e+25 
  98    1.0442738  1.60494e+25 
  99    1.0671404  1.55317e+25 
 100    1.0905077  1.50717e+25 
 101    1.1143867  1.45063e+25 
 102    1.1387886  1.39714e+25 
 103    1.1637249  1.35058e+25 
 104    1.1892071  1.30800e+25 
 105    1.2152474  1.26029e+25 
 106    1.2418578  1.21398e+25 
 107    1.2690510  1.17225e+25 
 108    1.2968396  1.13829e+25 
 109    1.3252366  1.09777e+25 
 110    1.3542555  1.06614e+25 
 111    1.3839099  1.03919e+25 
 112    1.4142136  1.01466e+25 
 113    1.4451808  9.88719e+24 
 114    1.4768261  9.72879e+24 
 115    1.5091644  9.57258e+24 
 116    1.5422108  9.42648e+24 
 117    1.5759808  9.31615e+24 
 118    1.6104903  9.23133e+24 
 119    1.6457555  9.07979e+24 
 120    1.6817928  8.93540e+24 
 121    1.7186193  8.81868e+24 
 122    1.7562522  8.66943e+24 
 123    1.7947091  8.52272e+24 
 124    1.8340081  8.32749e+24 
 125    1.8741676  8.24378e+24 
 126    1.9152066  8.10144e+24 
 127    1.9571441  7.94339e+24 
 128    2.0000000  7.85145e+24 
 129    2.0437943  7.76346e+24 
 130    2.0885476  7.65160e+24 
 131    2.1342808  7.55812e+24 
 132    2.1810155  7.49546e+24 
 133    2.2287735  7.37479e+24 
 134    2.2775773  7.27970e+24 
 135    2.3274497  7.21934e+24 
 136    2.3784142  7.14163e+24 
 137    2.4304947  7.04429e+24 
 138    2.4837156  7.00486e+24 
 139    2.5381019  6.93545e+24 
 140    2.5936791  6.84778e+24 
 141    2.6504733  6.74502e+24 
 142    2.7085111  6.64388e+24 
 143    2.7678198  6.54806e+24 
 144    2.8284271  6.44299e+24 
 145    2.8903616  6.35884e+24 
 146    2.9536523  6.28478e+24 
 147    3.0183289  6.18433e+24 
 148    3.0844217  6.09719e+24 
 149    3.1519617  5.98209e+24 
 150    3.2209807  5.87546e+24 
 151    3.2915110  5.75043e+24 
 152    3.3635857  5.61835e+24 
 153    3.4372386  5.51906e+24 
 154    3.5125043  5.39825e+24 
 155    3.5894182  5.27683e+24 
 156    3.6680162  5.14204e+24 
 157    3.7483353  5.00735e+24 
 158    3.8304131  4.85004e+24 
 159    3.9142882  4.69807e+24 
 160    4.0000000  4.55433e+24 
 161    4.0875886  4.42845e+24 
 162    4.1770951  4.28887e+24 
 163    4.2685616  4.15953e+24 
 164    4.3620309  4.02713e+24 
 165    4.4575470  3.89649e+24 
 166    4.5551545  3.78311e+24 
 167    4.6548994  3.67351e+24 
 168    4.7568285  3.57254e+24 
 169    4.8609894  3.49566e+24 
 170    4.9674312  3.42616e+24 
 171    5.0762038  3.35063e+24 
 172    5.1873582  3.28306e+24 
 173    5.3009466  3.22829e+24 
 174    5.4170222  3.16970e+24 
 175    5.5356395  3.13577e+24 
 176    5.6568542  3.09891e+24 
 177    5.7807232  3.06907e+24 
 178    5.9073046  3.03521e+24 
 179    6.0366577  3.01379e+24 
 180    6.1688433  2.98960e+24 
 181    6.3039234  2.95950e+24 
 182    6.4419613  2.93107e+24 
 183    6.5830219  2.92428e+24 
 184    6.7271713  2.91007e+24 
 185    6.8744772  2.89857e+24 
 186    7.0250086  2.88533e+24 
 187    7.1788363  2.86910e+24 
 188    7.3360323  2.85756e+24 
 189    7.4966705  2.84749e+24 


