# 1:iteration 2:time bin[s] 3-k:AB magnitude for k-th angular bin
# g-band (filter: g_LSST.dat)
   0    0.1250000 -1.57784e+01 
   1    0.1277371 -1.57881e+01 
   2    0.1305342 -1.57980e+01 
   3    0.1333926 -1.58082e+01 
   4    0.1363135 -1.58167e+01 
   5    0.1392983 -1.58247e+01 
   6    0.1423486 -1.58298e+01 
   7    0.1454656 -1.58335e+01 
   8    0.1486509 -1.58362e+01 
   9    0.1519059 -1.58367e+01 
  10    0.1552322 -1.58355e+01 
  11    0.1586314 -1.58334e+01 
  12    0.1621049 -1.58294e+01 
  13    0.1656546 -1.58242e+01 
  14    0.1692819 -1.58175e+01 
  15    0.1729887 -1.58100e+01 
  16    0.1767767 -1.58001e+01 
  17    0.1806476 -1.57896e+01 
  18    0.1846033 -1.57777e+01 
  19    0.1886456 -1.57649e+01 
  20    0.1927764 -1.57514e+01 
  21    0.1969976 -1.57361e+01 
  22    0.2013113 -1.57204e+01 
  23    0.2057194 -1.57034e+01 
  24    0.2102241 -1.56859e+01 
  25    0.2148274 -1.56669e+01 
  26    0.2195315 -1.56471e+01 
  27    0.2243386 -1.56266e+01 
  28    0.2292510 -1.56055e+01 
  29    0.2342710 -1.55827e+01 
  30    0.2394008 -1.55594e+01 
  31    0.2446430 -1.55347e+01 
  32    0.2500000 -1.55079e+01 
  33    0.2554743 -1.54805e+01 
  34    0.2610684 -1.54497e+01 
  35    0.2667851 -1.54168e+01 
  36    0.2726269 -1.53809e+01 
  37    0.2785967 -1.53429e+01 
  38    0.2846972 -1.53008e+01 
  39    0.2909312 -1.52548e+01 
  40    0.2973018 -1.52062e+01 
  41    0.3038118 -1.51514e+01 
  42    0.3104645 -1.50928e+01 
  43    0.3172627 -1.50307e+01 
  44    0.3242099 -1.49635e+01 
  45    0.3313092 -1.48931e+01 
  46    0.3385639 -1.48191e+01 
  47    0.3459775 -1.47413e+01 
  48    0.3535534 -1.46602e+01 
  49    0.3612952 -1.45763e+01 
  50    0.3692065 -1.44891e+01 
  51    0.3772911 -1.43989e+01 
  52    0.3855527 -1.43061e+01 
  53    0.3939952 -1.42104e+01 
  54    0.4026226 -1.41116e+01 
  55    0.4114389 -1.40102e+01 
  56    0.4204482 -1.39053e+01 
  57    0.4296548 -1.37959e+01 
  58    0.4390630 -1.36841e+01 
  59    0.4486773 -1.35683e+01 
  60    0.4585020 -1.34508e+01 
  61    0.4685419 -1.33324e+01 
  62    0.4788016 -1.32104e+01 
  63    0.4892860 -1.30872e+01 
  64    0.5000000 -1.29614e+01 
  65    0.5109486 -1.28328e+01 
  66    0.5221369 -1.27017e+01 
  67    0.5335702 -1.25645e+01 
  68    0.5452539 -1.24251e+01 
  69    0.5571934 -1.22783e+01 
  70    0.5693943 -1.21269e+01 
  71    0.5818624 -1.19729e+01 
  72    0.5946036 -1.18178e+01 
  73    0.6076237 -1.16647e+01 
  74    0.6209289 -1.15079e+01 
  75    0.6345255 -1.13562e+01 
  76    0.6484198 -1.12094e+01 
  77    0.6626183 -1.10598e+01 
  78    0.6771278 -1.09229e+01 
  79    0.6919549 -1.07874e+01 
  80    0.7071068 -1.06605e+01 
  81    0.7225904 -1.05401e+01 
  82    0.7384131 -1.04254e+01 
  83    0.7545822 -1.03183e+01 
  84    0.7711054 -1.02172e+01 
  85    0.7879904 -1.01219e+01 
  86    0.8052452 -1.00357e+01 
  87    0.8228777 -9.94985e+00 
  88    0.8408964 -9.86981e+00 
  89    0.8593096 -9.79886e+00 
  90    0.8781261 -9.72993e+00 
  91    0.8973545 -9.67152e+00 
  92    0.9170040 -9.61195e+00 
  93    0.9370838 -9.56056e+00 
  94    0.9576033 -9.51592e+00 
  95    0.9785721 -9.47626e+00 
  96    1.0000000 -9.43887e+00 
  97    1.0218971 -9.40241e+00 
  98    1.0442738 -9.37135e+00 
  99    1.0671404 -9.34150e+00 
 100    1.0905077 -9.31743e+00 
 101    1.1143867 -9.29412e+00 
 102    1.1387886 -9.27224e+00 
 103    1.1637249 -9.25183e+00 
 104    1.1892071 -9.23468e+00 
 105    1.2152474 -9.21138e+00 
 106    1.2418578 -9.19185e+00 
 107    1.2690510 -9.17033e+00 
 108    1.2968396 -9.14972e+00 
 109    1.3252366 -9.13087e+00 
 110    1.3542555 -9.10992e+00 
 111    1.3839099 -9.09331e+00 
 112    1.4142136 -9.06965e+00 
 113    1.4451808 -9.04498e+00 
 114    1.4768261 -9.02273e+00 
 115    1.5091644 -8.99665e+00 
 116    1.5422108 -8.96986e+00 
 117    1.5759808 -8.94486e+00 
 118    1.6104903 -8.91858e+00 
 119    1.6457555 -8.88819e+00 
 120    1.6817928 -8.85683e+00 
 121    1.7186193 -8.82195e+00 
 122    1.7562522 -8.78335e+00 
 123    1.7947091 -8.73915e+00 
 124    1.8340081 -8.69757e+00 
 125    1.8741676 -8.64924e+00 
 126    1.9152066 -8.59666e+00 
 127    1.9571441 -8.53750e+00 
 128    2.0000000 -8.47778e+00 
 129    2.0437943 -8.41313e+00 
 130    2.0885476 -8.34222e+00 
 131    2.1342808 -8.27008e+00 
 132    2.1810155 -8.19194e+00 
 133    2.2287735 -8.11477e+00 
 134    2.2775773 -8.03016e+00 
 135    2.3274497 -7.94433e+00 
 136    2.3784142 -7.85392e+00 
 137    2.4304947 -7.76238e+00 
 138    2.4837156 -7.66840e+00 
 139    2.5381019 -7.57295e+00 
 140    2.5936791 -7.47578e+00 
 141    2.6504733 -7.38285e+00 
 142    2.7085111 -7.28777e+00 
 143    2.7678198 -7.19088e+00 
 144    2.8284271 -7.09584e+00 
 145    2.8903616 -6.99423e+00 
 146    2.9536523 -6.89593e+00 
 147    3.0183289 -6.79795e+00 
 148    3.0844217 -6.70334e+00 
 149    3.1519617 -6.60441e+00 
 150    3.2209807 -6.51049e+00 
 151    3.2915110 -6.41724e+00 
 152    3.3635857 -6.32705e+00 
 153    3.4372386 -6.23101e+00 
 154    3.5125043 -6.14476e+00 
 155    3.5894182 -6.06048e+00 
 156    3.6680162 -5.97470e+00 
 157    3.7483353 -5.89498e+00 
 158    3.8304131 -5.82397e+00 
 159    3.9142882 -5.75652e+00 
 160    4.0000000 -5.69709e+00 
 161    4.0875886 -5.64694e+00 
 162    4.1770951 -5.60037e+00 
 163    4.2685616 -5.57494e+00 
 164    4.3620309 -5.54734e+00 
 165    4.4575470 -5.52928e+00 
 166    4.5551545 -5.52303e+00 
 167    4.6548994 -5.52883e+00 
 168    4.7568285 -5.54371e+00 
 169    4.8609894 -5.56917e+00 
 170    4.9674312 -5.60308e+00 
 171    5.0762038 -5.64177e+00 
 172    5.1873582 -5.69383e+00 
 173    5.3009466 -5.75671e+00 
 174    5.4170222 -5.82175e+00 
 175    5.5356395 -5.89656e+00 
 176    5.6568542 -5.97779e+00 
 177    5.7807232 -6.06770e+00 
 178    5.9073046 -6.15857e+00 
 179    6.0366577 -6.24983e+00 
 180    6.1688433 -6.34553e+00 
 181    6.3039234 -6.44491e+00 
 182    6.4419613 -6.54328e+00 
 183    6.5830219 -6.64631e+00 
 184    6.7271713 -6.74584e+00 
 185    6.8744772 -6.84141e+00 
 186    7.0250086 -6.93845e+00 
 187    7.1788363 -7.03717e+00 
 188    7.3360323 -7.13552e+00 
 189    7.4966705 -7.23330e+00 


# r-band (filter: r_LSST.dat)
   0    0.1250000 -1.56221e+01 
   1    0.1277371 -1.56432e+01 
   2    0.1305342 -1.56647e+01 
   3    0.1333926 -1.56867e+01 
   4    0.1363135 -1.57083e+01 
   5    0.1392983 -1.57286e+01 
   6    0.1423486 -1.57473e+01 
   7    0.1454656 -1.57642e+01 
   8    0.1486509 -1.57809e+01 
   9    0.1519059 -1.57960e+01 
  10    0.1552322 -1.58102e+01 
  11    0.1586314 -1.58234e+01 
  12    0.1621049 -1.58347e+01 
  13    0.1656546 -1.58447e+01 
  14    0.1692819 -1.58537e+01 
  15    0.1729887 -1.58621e+01 
  16    0.1767767 -1.58685e+01 
  17    0.1806476 -1.58734e+01 
  18    0.1846033 -1.58782e+01 
  19    0.1886456 -1.58810e+01 
  20    0.1927764 -1.58828e+01 
  21    0.1969976 -1.58838e+01 
  22    0.2013113 -1.58835e+01 
  23    0.2057194 -1.58820e+01 
  24    0.2102241 -1.58795e+01 
  25    0.2148274 -1.58764e+01 
  26    0.2195315 -1.58723e+01 
  27    0.2243386 -1.58671e+01 
  28    0.2292510 -1.58607e+01 
  29    0.2342710 -1.58542e+01 
  30    0.2394008 -1.58465e+01 
  31    0.2446430 -1.58382e+01 
  32    0.2500000 -1.58290e+01 
  33    0.2554743 -1.58191e+01 
  34    0.2610684 -1.58086e+01 
  35    0.2667851 -1.57976e+01 
  36    0.2726269 -1.57860e+01 
  37    0.2785967 -1.57737e+01 
  38    0.2846972 -1.57605e+01 
  39    0.2909312 -1.57473e+01 
  40    0.2973018 -1.57337e+01 
  41    0.3038118 -1.57186e+01 
  42    0.3104645 -1.57029e+01 
  43    0.3172627 -1.56871e+01 
  44    0.3242099 -1.56700e+01 
  45    0.3313092 -1.56523e+01 
  46    0.3385639 -1.56338e+01 
  47    0.3459775 -1.56140e+01 
  48    0.3535534 -1.55932e+01 
  49    0.3612952 -1.55718e+01 
  50    0.3692065 -1.55494e+01 
  51    0.3772911 -1.55254e+01 
  52    0.3855527 -1.55003e+01 
  53    0.3939952 -1.54738e+01 
  54    0.4026226 -1.54459e+01 
  55    0.4114389 -1.54168e+01 
  56    0.4204482 -1.53859e+01 
  57    0.4296548 -1.53532e+01 
  58    0.4390630 -1.53199e+01 
  59    0.4486773 -1.52850e+01 
  60    0.4585020 -1.52493e+01 
  61    0.4685419 -1.52119e+01 
  62    0.4788016 -1.51739e+01 
  63    0.4892860 -1.51351e+01 
  64    0.5000000 -1.50963e+01 
  65    0.5109486 -1.50569e+01 
  66    0.5221369 -1.50188e+01 
  67    0.5335702 -1.49813e+01 
  68    0.5452539 -1.49439e+01 
  69    0.5571934 -1.49092e+01 
  70    0.5693943 -1.48752e+01 
  71    0.5818624 -1.48416e+01 
  72    0.5946036 -1.48098e+01 
  73    0.6076237 -1.47800e+01 
  74    0.6209289 -1.47523e+01 
  75    0.6345255 -1.47270e+01 
  76    0.6484198 -1.47040e+01 
  77    0.6626183 -1.46825e+01 
  78    0.6771278 -1.46645e+01 
  79    0.6919549 -1.46494e+01 
  80    0.7071068 -1.46363e+01 
  81    0.7225904 -1.46260e+01 
  82    0.7384131 -1.46195e+01 
  83    0.7545822 -1.46160e+01 
  84    0.7711054 -1.46151e+01 
  85    0.7879904 -1.46177e+01 
  86    0.8052452 -1.46229e+01 
  87    0.8228777 -1.46305e+01 
  88    0.8408964 -1.46403e+01 
  89    0.8593096 -1.46514e+01 
  90    0.8781261 -1.46651e+01 
  91    0.8973545 -1.46761e+01 
  92    0.9170040 -1.46894e+01 
  93    0.9370838 -1.47048e+01 
  94    0.9576033 -1.47200e+01 
  95    0.9785721 -1.47314e+01 
  96    1.0000000 -1.47422e+01 
  97    1.0218971 -1.47484e+01 
  98    1.0442738 -1.47543e+01 
  99    1.0671404 -1.47601e+01 
 100    1.0905077 -1.47608e+01 
 101    1.1143867 -1.47555e+01 
 102    1.1387886 -1.47475e+01 
 103    1.1637249 -1.47384e+01 
 104    1.1892071 -1.47280e+01 
 105    1.2152474 -1.47158e+01 
 106    1.2418578 -1.47012e+01 
 107    1.2690510 -1.46867e+01 
 108    1.2968396 -1.46717e+01 
 109    1.3252366 -1.46558e+01 
 110    1.3542555 -1.46411e+01 
 111    1.3839099 -1.46255e+01 
 112    1.4142136 -1.46124e+01 
 113    1.4451808 -1.46000e+01 
 114    1.4768261 -1.45877e+01 
 115    1.5091644 -1.45750e+01 
 116    1.5422108 -1.45587e+01 
 117    1.5759808 -1.45381e+01 
 118    1.6104903 -1.45177e+01 
 119    1.6457555 -1.44913e+01 
 120    1.6817928 -1.44605e+01 
 121    1.7186193 -1.44254e+01 
 122    1.7562522 -1.43804e+01 
 123    1.7947091 -1.43276e+01 
 124    1.8340081 -1.42678e+01 
 125    1.8741676 -1.42013e+01 
 126    1.9152066 -1.41252e+01 
 127    1.9571441 -1.40430e+01 
 128    2.0000000 -1.39537e+01 
 129    2.0437943 -1.38589e+01 
 130    2.0885476 -1.37592e+01 
 131    2.1342808 -1.36535e+01 
 132    2.1810155 -1.35462e+01 
 133    2.2287735 -1.34374e+01 
 134    2.2775773 -1.33250e+01 
 135    2.3274497 -1.32139e+01 
 136    2.3784142 -1.31031e+01 
 137    2.4304947 -1.29922e+01 
 138    2.4837156 -1.28843e+01 
 139    2.5381019 -1.27769e+01 
 140    2.5936791 -1.26707e+01 
 141    2.6504733 -1.25678e+01 
 142    2.7085111 -1.24675e+01 
 143    2.7678198 -1.23678e+01 
 144    2.8284271 -1.22727e+01 
 145    2.8903616 -1.21794e+01 
 146    2.9536523 -1.20877e+01 
 147    3.0183289 -1.19975e+01 
 148    3.0844217 -1.19102e+01 
 149    3.1519617 -1.18246e+01 
 150    3.2209807 -1.17408e+01 
 151    3.2915110 -1.16605e+01 
 152    3.3635857 -1.15824e+01 
 153    3.4372386 -1.15050e+01 
 154    3.5125043 -1.14311e+01 
 155    3.5894182 -1.13592e+01 
 156    3.6680162 -1.12886e+01 
 157    3.7483353 -1.12212e+01 
 158    3.8304131 -1.11575e+01 
 159    3.9142882 -1.10948e+01 
 160    4.0000000 -1.10362e+01 
 161    4.0875886 -1.09801e+01 
 162    4.1770951 -1.09259e+01 
 163    4.2685616 -1.08742e+01 
 164    4.3620309 -1.08261e+01 
 165    4.4575470 -1.07791e+01 
 166    4.5551545 -1.07358e+01 
 167    4.6548994 -1.06958e+01 
 168    4.7568285 -1.06574e+01 
 169    4.8609894 -1.06235e+01 
 170    4.9674312 -1.05907e+01 
 171    5.0762038 -1.05604e+01 
 172    5.1873582 -1.05333e+01 
 173    5.3009466 -1.05089e+01 
 174    5.4170222 -1.04860e+01 
 175    5.5356395 -1.04646e+01 
 176    5.6568542 -1.04457e+01 
 177    5.7807232 -1.04300e+01 
 178    5.9073046 -1.04149e+01 
 179    6.0366577 -1.04015e+01 
 180    6.1688433 -1.03895e+01 
 181    6.3039234 -1.03781e+01 
 182    6.4419613 -1.03682e+01 
 183    6.5830219 -1.03585e+01 
 184    6.7271713 -1.03488e+01 
 185    6.8744772 -1.03384e+01 
 186    7.0250086 -1.03293e+01 
 187    7.1788363 -1.03205e+01 
 188    7.3360323 -1.03110e+01 
 189    7.4966705 -1.03012e+01 


# i-band (filter: i_LSST.dat)
   0    0.1250000 -1.50851e+01 
   1    0.1277371 -1.51058e+01 
   2    0.1305342 -1.51269e+01 
   3    0.1333926 -1.51486e+01 
   4    0.1363135 -1.51700e+01 
   5    0.1392983 -1.51918e+01 
   6    0.1423486 -1.52133e+01 
   7    0.1454656 -1.52327e+01 
   8    0.1486509 -1.52533e+01 
   9    0.1519059 -1.52729e+01 
  10    0.1552322 -1.52902e+01 
  11    0.1586314 -1.53080e+01 
  12    0.1621049 -1.53238e+01 
  13    0.1656546 -1.53395e+01 
  14    0.1692819 -1.53549e+01 
  15    0.1729887 -1.53690e+01 
  16    0.1767767 -1.53826e+01 
  17    0.1806476 -1.53947e+01 
  18    0.1846033 -1.54073e+01 
  19    0.1886456 -1.54198e+01 
  20    0.1927764 -1.54295e+01 
  21    0.1969976 -1.54401e+01 
  22    0.2013113 -1.54501e+01 
  23    0.2057194 -1.54597e+01 
  24    0.2102241 -1.54689e+01 
  25    0.2148274 -1.54768e+01 
  26    0.2195315 -1.54835e+01 
  27    0.2243386 -1.54899e+01 
  28    0.2292510 -1.54939e+01 
  29    0.2342710 -1.54962e+01 
  30    0.2394008 -1.54973e+01 
  31    0.2446430 -1.54956e+01 
  32    0.2500000 -1.54919e+01 
  33    0.2554743 -1.54866e+01 
  34    0.2610684 -1.54783e+01 
  35    0.2667851 -1.54667e+01 
  36    0.2726269 -1.54521e+01 
  37    0.2785967 -1.54356e+01 
  38    0.2846972 -1.54154e+01 
  39    0.2909312 -1.53927e+01 
  40    0.2973018 -1.53674e+01 
  41    0.3038118 -1.53401e+01 
  42    0.3104645 -1.53111e+01 
  43    0.3172627 -1.52795e+01 
  44    0.3242099 -1.52477e+01 
  45    0.3313092 -1.52148e+01 
  46    0.3385639 -1.51812e+01 
  47    0.3459775 -1.51490e+01 
  48    0.3535534 -1.51178e+01 
  49    0.3612952 -1.50865e+01 
  50    0.3692065 -1.50576e+01 
  51    0.3772911 -1.50301e+01 
  52    0.3855527 -1.50033e+01 
  53    0.3939952 -1.49789e+01 
  54    0.4026226 -1.49556e+01 
  55    0.4114389 -1.49342e+01 
  56    0.4204482 -1.49145e+01 
  57    0.4296548 -1.48959e+01 
  58    0.4390630 -1.48785e+01 
  59    0.4486773 -1.48623e+01 
  60    0.4585020 -1.48467e+01 
  61    0.4685419 -1.48320e+01 
  62    0.4788016 -1.48178e+01 
  63    0.4892860 -1.48048e+01 
  64    0.5000000 -1.47926e+01 
  65    0.5109486 -1.47808e+01 
  66    0.5221369 -1.47704e+01 
  67    0.5335702 -1.47604e+01 
  68    0.5452539 -1.47513e+01 
  69    0.5571934 -1.47444e+01 
  70    0.5693943 -1.47377e+01 
  71    0.5818624 -1.47321e+01 
  72    0.5946036 -1.47281e+01 
  73    0.6076237 -1.47248e+01 
  74    0.6209289 -1.47226e+01 
  75    0.6345255 -1.47212e+01 
  76    0.6484198 -1.47211e+01 
  77    0.6626183 -1.47222e+01 
  78    0.6771278 -1.47249e+01 
  79    0.6919549 -1.47292e+01 
  80    0.7071068 -1.47340e+01 
  81    0.7225904 -1.47391e+01 
  82    0.7384131 -1.47464e+01 
  83    0.7545822 -1.47547e+01 
  84    0.7711054 -1.47636e+01 
  85    0.7879904 -1.47735e+01 
  86    0.8052452 -1.47845e+01 
  87    0.8228777 -1.47962e+01 
  88    0.8408964 -1.48086e+01 
  89    0.8593096 -1.48213e+01 
  90    0.8781261 -1.48353e+01 
  91    0.8973545 -1.48484e+01 
  92    0.9170040 -1.48589e+01 
  93    0.9370838 -1.48683e+01 
  94    0.9576033 -1.48709e+01 
  95    0.9785721 -1.48694e+01 
  96    1.0000000 -1.48684e+01 
  97    1.0218971 -1.48608e+01 
  98    1.0442738 -1.48513e+01 
  99    1.0671404 -1.48376e+01 
 100    1.0905077 -1.48161e+01 
 101    1.1143867 -1.47869e+01 
 102    1.1387886 -1.47538e+01 
 103    1.1637249 -1.47190e+01 
 104    1.1892071 -1.46861e+01 
 105    1.2152474 -1.46525e+01 
 106    1.2418578 -1.46156e+01 
 107    1.2690510 -1.45818e+01 
 108    1.2968396 -1.45500e+01 
 109    1.3252366 -1.45175e+01 
 110    1.3542555 -1.44894e+01 
 111    1.3839099 -1.44638e+01 
 112    1.4142136 -1.44430e+01 
 113    1.4451808 -1.44275e+01 
 114    1.4768261 -1.44136e+01 
 115    1.5091644 -1.44010e+01 
 116    1.5422108 -1.43883e+01 
 117    1.5759808 -1.43764e+01 
 118    1.6104903 -1.43668e+01 
 119    1.6457555 -1.43554e+01 
 120    1.6817928 -1.43427e+01 
 121    1.7186193 -1.43286e+01 
 122    1.7562522 -1.43099e+01 
 123    1.7947091 -1.42885e+01 
 124    1.8340081 -1.42631e+01 
 125    1.8741676 -1.42354e+01 
 126    1.9152066 -1.42029e+01 
 127    1.9571441 -1.41677e+01 
 128    2.0000000 -1.41292e+01 
 129    2.0437943 -1.40886e+01 
 130    2.0885476 -1.40465e+01 
 131    2.1342808 -1.40016e+01 
 132    2.1810155 -1.39561e+01 
 133    2.2287735 -1.39103e+01 
 134    2.2775773 -1.38631e+01 
 135    2.3274497 -1.38163e+01 
 136    2.3784142 -1.37691e+01 
 137    2.4304947 -1.37218e+01 
 138    2.4837156 -1.36742e+01 
 139    2.5381019 -1.36254e+01 
 140    2.5936791 -1.35760e+01 
 141    2.6504733 -1.35240e+01 
 142    2.7085111 -1.34702e+01 
 143    2.7678198 -1.34148e+01 
 144    2.8284271 -1.33561e+01 
 145    2.8903616 -1.32942e+01 
 146    2.9536523 -1.32307e+01 
 147    3.0183289 -1.31641e+01 
 148    3.0844217 -1.30957e+01 
 149    3.1519617 -1.30248e+01 
 150    3.2209807 -1.29514e+01 
 151    3.2915110 -1.28781e+01 
 152    3.3635857 -1.28029e+01 
 153    3.4372386 -1.27265e+01 
 154    3.5125043 -1.26501e+01 
 155    3.5894182 -1.25737e+01 
 156    3.6680162 -1.24962e+01 
 157    3.7483353 -1.24200e+01 
 158    3.8304131 -1.23438e+01 
 159    3.9142882 -1.22684e+01 
 160    4.0000000 -1.21947e+01 
 161    4.0875886 -1.21229e+01 
 162    4.1770951 -1.20513e+01 
 163    4.2685616 -1.19827e+01 
 164    4.3620309 -1.19167e+01 
 165    4.4575470 -1.18513e+01 
 166    4.5551545 -1.17904e+01 
 167    4.6548994 -1.17308e+01 
 168    4.7568285 -1.16736e+01 
 169    4.8609894 -1.16202e+01 
 170    4.9674312 -1.15682e+01 
 171    5.0762038 -1.15199e+01 
 172    5.1873582 -1.14737e+01 
 173    5.3009466 -1.14299e+01 
 174    5.4170222 -1.13880e+01 
 175    5.5356395 -1.13482e+01 
 176    5.6568542 -1.13116e+01 
 177    5.7807232 -1.12761e+01 
 178    5.9073046 -1.12415e+01 
 179    6.0366577 -1.12088e+01 
 180    6.1688433 -1.11778e+01 
 181    6.3039234 -1.11488e+01 
 182    6.4419613 -1.11224e+01 
 183    6.5830219 -1.10966e+01 
 184    6.7271713 -1.10715e+01 
 185    6.8744772 -1.10473e+01 
 186    7.0250086 -1.10230e+01 
 187    7.1788363 -1.09992e+01 
 188    7.3360323 -1.09761e+01 
 189    7.4966705 -1.09546e+01 


# z-band (filter: z_LSST.dat)
   0    0.1250000 -1.47897e+01 
   1    0.1277371 -1.48158e+01 
   2    0.1305342 -1.48425e+01 
   3    0.1333926 -1.48697e+01 
   4    0.1363135 -1.48977e+01 
   5    0.1392983 -1.49249e+01 
   6    0.1423486 -1.49539e+01 
   7    0.1454656 -1.49820e+01 
   8    0.1486509 -1.50098e+01 
   9    0.1519059 -1.50379e+01 
  10    0.1552322 -1.50626e+01 
  11    0.1586314 -1.50877e+01 
  12    0.1621049 -1.51087e+01 
  13    0.1656546 -1.51272e+01 
  14    0.1692819 -1.51473e+01 
  15    0.1729887 -1.51652e+01 
  16    0.1767767 -1.51821e+01 
  17    0.1806476 -1.51983e+01 
  18    0.1846033 -1.52125e+01 
  19    0.1886456 -1.52267e+01 
  20    0.1927764 -1.52383e+01 
  21    0.1969976 -1.52510e+01 
  22    0.2013113 -1.52626e+01 
  23    0.2057194 -1.52741e+01 
  24    0.2102241 -1.52864e+01 
  25    0.2148274 -1.52966e+01 
  26    0.2195315 -1.53052e+01 
  27    0.2243386 -1.53125e+01 
  28    0.2292510 -1.53169e+01 
  29    0.2342710 -1.53183e+01 
  30    0.2394008 -1.53183e+01 
  31    0.2446430 -1.53128e+01 
  32    0.2500000 -1.53042e+01 
  33    0.2554743 -1.52919e+01 
  34    0.2610684 -1.52730e+01 
  35    0.2667851 -1.52486e+01 
  36    0.2726269 -1.52184e+01 
  37    0.2785967 -1.51837e+01 
  38    0.2846972 -1.51411e+01 
  39    0.2909312 -1.50929e+01 
  40    0.2973018 -1.50394e+01 
  41    0.3038118 -1.49805e+01 
  42    0.3104645 -1.49186e+01 
  43    0.3172627 -1.48514e+01 
  44    0.3242099 -1.47834e+01 
  45    0.3313092 -1.47143e+01 
  46    0.3385639 -1.46423e+01 
  47    0.3459775 -1.45738e+01 
  48    0.3535534 -1.45067e+01 
  49    0.3612952 -1.44402e+01 
  50    0.3692065 -1.43787e+01 
  51    0.3772911 -1.43197e+01 
  52    0.3855527 -1.42626e+01 
  53    0.3939952 -1.42106e+01 
  54    0.4026226 -1.41613e+01 
  55    0.4114389 -1.41150e+01 
  56    0.4204482 -1.40714e+01 
  57    0.4296548 -1.40302e+01 
  58    0.4390630 -1.39915e+01 
  59    0.4486773 -1.39541e+01 
  60    0.4585020 -1.39192e+01 
  61    0.4685419 -1.38859e+01 
  62    0.4788016 -1.38537e+01 
  63    0.4892860 -1.38247e+01 
  64    0.5000000 -1.37979e+01 
  65    0.5109486 -1.37710e+01 
  66    0.5221369 -1.37471e+01 
  67    0.5335702 -1.37256e+01 
  68    0.5452539 -1.37056e+01 
  69    0.5571934 -1.36867e+01 
  70    0.5693943 -1.36697e+01 
  71    0.5818624 -1.36544e+01 
  72    0.5946036 -1.36405e+01 
  73    0.6076237 -1.36275e+01 
  74    0.6209289 -1.36146e+01 
  75    0.6345255 -1.36022e+01 
  76    0.6484198 -1.35902e+01 
  77    0.6626183 -1.35790e+01 
  78    0.6771278 -1.35680e+01 
  79    0.6919549 -1.35576e+01 
  80    0.7071068 -1.35485e+01 
  81    0.7225904 -1.35400e+01 
  82    0.7384131 -1.35328e+01 
  83    0.7545822 -1.35285e+01 
  84    0.7711054 -1.35246e+01 
  85    0.7879904 -1.35252e+01 
  86    0.8052452 -1.35291e+01 
  87    0.8228777 -1.35352e+01 
  88    0.8408964 -1.35472e+01 
  89    0.8593096 -1.35614e+01 
  90    0.8781261 -1.35788e+01 
  91    0.8973545 -1.35990e+01 
  92    0.9170040 -1.36201e+01 
  93    0.9370838 -1.36440e+01 
  94    0.9576033 -1.36658e+01 
  95    0.9785721 -1.36880e+01 
  96    1.0000000 -1.37124e+01 
  97    1.0218971 -1.37345e+01 
  98    1.0442738 -1.37564e+01 
  99    1.0671404 -1.37766e+01 
 100    1.0905077 -1.37921e+01 
 101    1.1143867 -1.38028e+01 
 102    1.1387886 -1.38119e+01 
 103    1.1637249 -1.38205e+01 
 104    1.1892071 -1.38293e+01 
 105    1.2152474 -1.38364e+01 
 106    1.2418578 -1.38425e+01 
 107    1.2690510 -1.38484e+01 
 108    1.2968396 -1.38527e+01 
 109    1.3252366 -1.38570e+01 
 110    1.3542555 -1.38621e+01 
 111    1.3839099 -1.38666e+01 
 112    1.4142136 -1.38742e+01 
 113    1.4451808 -1.38818e+01 
 114    1.4768261 -1.38892e+01 
 115    1.5091644 -1.38961e+01 
 116    1.5422108 -1.39007e+01 
 117    1.5759808 -1.39052e+01 
 118    1.6104903 -1.39088e+01 
 119    1.6457555 -1.39097e+01 
 120    1.6817928 -1.39085e+01 
 121    1.7186193 -1.39055e+01 
 122    1.7562522 -1.38963e+01 
 123    1.7947091 -1.38837e+01 
 124    1.8340081 -1.38664e+01 
 125    1.8741676 -1.38461e+01 
 126    1.9152066 -1.38206e+01 
 127    1.9571441 -1.37906e+01 
 128    2.0000000 -1.37557e+01 
 129    2.0437943 -1.37174e+01 
 130    2.0885476 -1.36748e+01 
 131    2.1342808 -1.36292e+01 
 132    2.1810155 -1.35809e+01 
 133    2.2287735 -1.35300e+01 
 134    2.2775773 -1.34771e+01 
 135    2.3274497 -1.34219e+01 
 136    2.3784142 -1.33658e+01 
 137    2.4304947 -1.33083e+01 
 138    2.4837156 -1.32490e+01 
 139    2.5381019 -1.31873e+01 
 140    2.5936791 -1.31253e+01 
 141    2.6504733 -1.30593e+01 
 142    2.7085111 -1.29903e+01 
 143    2.7678198 -1.29191e+01 
 144    2.8284271 -1.28431e+01 
 145    2.8903616 -1.27640e+01 
 146    2.9536523 -1.26802e+01 
 147    3.0183289 -1.25939e+01 
 148    3.0844217 -1.25032e+01 
 149    3.1519617 -1.24089e+01 
 150    3.2209807 -1.23100e+01 
 151    3.2915110 -1.22095e+01 
 152    3.3635857 -1.21060e+01 
 153    3.4372386 -1.19992e+01 
 154    3.5125043 -1.18930e+01 
 155    3.5894182 -1.17862e+01 
 156    3.6680162 -1.16786e+01 
 157    3.7483353 -1.15726e+01 
 158    3.8304131 -1.14675e+01 
 159    3.9142882 -1.13621e+01 
 160    4.0000000 -1.12599e+01 
 161    4.0875886 -1.11585e+01 
 162    4.1770951 -1.10589e+01 
 163    4.2685616 -1.09616e+01 
 164    4.3620309 -1.08668e+01 
 165    4.4575470 -1.07737e+01 
 166    4.5551545 -1.06854e+01 
 167    4.6548994 -1.05987e+01 
 168    4.7568285 -1.05109e+01 
 169    4.8609894 -1.04284e+01 
 170    4.9674312 -1.03476e+01 
 171    5.0762038 -1.02692e+01 
 172    5.1873582 -1.01932e+01 
 173    5.3009466 -1.01219e+01 
 174    5.4170222 -1.00532e+01 
 175    5.5356395 -9.98594e+00 
 176    5.6568542 -9.92165e+00 
 177    5.7807232 -9.85918e+00 
 178    5.9073046 -9.79842e+00 
 179    6.0366577 -9.74219e+00 
 180    6.1688433 -9.68641e+00 
 181    6.3039234 -9.63189e+00 
 182    6.4419613 -9.57986e+00 
 183    6.5830219 -9.52834e+00 
 184    6.7271713 -9.47791e+00 
 185    6.8744772 -9.42817e+00 
 186    7.0250086 -9.37819e+00 
 187    7.1788363 -9.32825e+00 
 188    7.3360323 -9.27839e+00 
 189    7.4966705 -9.22823e+00 


# y-band (filter: y_LSST.dat)
   0    0.1250000 -1.45201e+01 
   1    0.1277371 -1.45513e+01 
   2    0.1305342 -1.45831e+01 
   3    0.1333926 -1.46157e+01 
   4    0.1363135 -1.46480e+01 
   5    0.1392983 -1.46816e+01 
   6    0.1423486 -1.47179e+01 
   7    0.1454656 -1.47519e+01 
   8    0.1486509 -1.47873e+01 
   9    0.1519059 -1.48211e+01 
  10    0.1552322 -1.48534e+01 
  11    0.1586314 -1.48865e+01 
  12    0.1621049 -1.49114e+01 
  13    0.1656546 -1.49356e+01 
  14    0.1692819 -1.49595e+01 
  15    0.1729887 -1.49811e+01 
  16    0.1767767 -1.50026e+01 
  17    0.1806476 -1.50232e+01 
  18    0.1846033 -1.50421e+01 
  19    0.1886456 -1.50631e+01 
  20    0.1927764 -1.50814e+01 
  21    0.1969976 -1.51001e+01 
  22    0.2013113 -1.51191e+01 
  23    0.2057194 -1.51392e+01 
  24    0.2102241 -1.51624e+01 
  25    0.2148274 -1.51848e+01 
  26    0.2195315 -1.52071e+01 
  27    0.2243386 -1.52305e+01 
  28    0.2292510 -1.52528e+01 
  29    0.2342710 -1.52744e+01 
  30    0.2394008 -1.52944e+01 
  31    0.2446430 -1.53135e+01 
  32    0.2500000 -1.53305e+01 
  33    0.2554743 -1.53466e+01 
  34    0.2610684 -1.53591e+01 
  35    0.2667851 -1.53688e+01 
  36    0.2726269 -1.53747e+01 
  37    0.2785967 -1.53792e+01 
  38    0.2846972 -1.53775e+01 
  39    0.2909312 -1.53710e+01 
  40    0.2973018 -1.53609e+01 
  41    0.3038118 -1.53447e+01 
  42    0.3104645 -1.53241e+01 
  43    0.3172627 -1.52988e+01 
  44    0.3242099 -1.52684e+01 
  45    0.3313092 -1.52345e+01 
  46    0.3385639 -1.51958e+01 
  47    0.3459775 -1.51544e+01 
  48    0.3535534 -1.51094e+01 
  49    0.3612952 -1.50614e+01 
  50    0.3692065 -1.50127e+01 
  51    0.3772911 -1.49623e+01 
  52    0.3855527 -1.49107e+01 
  53    0.3939952 -1.48591e+01 
  54    0.4026226 -1.48076e+01 
  55    0.4114389 -1.47562e+01 
  56    0.4204482 -1.47062e+01 
  57    0.4296548 -1.46558e+01 
  58    0.4390630 -1.46065e+01 
  59    0.4486773 -1.45577e+01 
  60    0.4585020 -1.45102e+01 
  61    0.4685419 -1.44629e+01 
  62    0.4788016 -1.44166e+01 
  63    0.4892860 -1.43719e+01 
  64    0.5000000 -1.43273e+01 
  65    0.5109486 -1.42835e+01 
  66    0.5221369 -1.42406e+01 
  67    0.5335702 -1.41984e+01 
  68    0.5452539 -1.41558e+01 
  69    0.5571934 -1.41160e+01 
  70    0.5693943 -1.40762e+01 
  71    0.5818624 -1.40367e+01 
  72    0.5946036 -1.39983e+01 
  73    0.6076237 -1.39617e+01 
  74    0.6209289 -1.39241e+01 
  75    0.6345255 -1.38878e+01 
  76    0.6484198 -1.38516e+01 
  77    0.6626183 -1.38166e+01 
  78    0.6771278 -1.37833e+01 
  79    0.6919549 -1.37509e+01 
  80    0.7071068 -1.37197e+01 
  81    0.7225904 -1.36872e+01 
  82    0.7384131 -1.36561e+01 
  83    0.7545822 -1.36260e+01 
  84    0.7711054 -1.35969e+01 
  85    0.7879904 -1.35676e+01 
  86    0.8052452 -1.35409e+01 
  87    0.8228777 -1.35142e+01 
  88    0.8408964 -1.34907e+01 
  89    0.8593096 -1.34679e+01 
  90    0.8781261 -1.34462e+01 
  91    0.8973545 -1.34273e+01 
  92    0.9170040 -1.34089e+01 
  93    0.9370838 -1.33938e+01 
  94    0.9576033 -1.33829e+01 
  95    0.9785721 -1.33745e+01 
  96    1.0000000 -1.33678e+01 
  97    1.0218971 -1.33651e+01 
  98    1.0442738 -1.33673e+01 
  99    1.0671404 -1.33722e+01 
 100    1.0905077 -1.33822e+01 
 101    1.1143867 -1.33939e+01 
 102    1.1387886 -1.34095e+01 
 103    1.1637249 -1.34278e+01 
 104    1.1892071 -1.34500e+01 
 105    1.2152474 -1.34736e+01 
 106    1.2418578 -1.34997e+01 
 107    1.2690510 -1.35284e+01 
 108    1.2968396 -1.35587e+01 
 109    1.3252366 -1.35887e+01 
 110    1.3542555 -1.36201e+01 
 111    1.3839099 -1.36497e+01 
 112    1.4142136 -1.36810e+01 
 113    1.4451808 -1.37116e+01 
 114    1.4768261 -1.37406e+01 
 115    1.5091644 -1.37693e+01 
 116    1.5422108 -1.37955e+01 
 117    1.5759808 -1.38195e+01 
 118    1.6104903 -1.38426e+01 
 119    1.6457555 -1.38613e+01 
 120    1.6817928 -1.38772e+01 
 121    1.7186193 -1.38925e+01 
 122    1.7562522 -1.39009e+01 
 123    1.7947091 -1.39069e+01 
 124    1.8340081 -1.39080e+01 
 125    1.8741676 -1.39057e+01 
 126    1.9152066 -1.38981e+01 
 127    1.9571441 -1.38857e+01 
 128    2.0000000 -1.38696e+01 
 129    2.0437943 -1.38469e+01 
 130    2.0885476 -1.38183e+01 
 131    2.1342808 -1.37858e+01 
 132    2.1810155 -1.37461e+01 
 133    2.2287735 -1.37013e+01 
 134    2.2775773 -1.36522e+01 
 135    2.3274497 -1.35966e+01 
 136    2.3784142 -1.35364e+01 
 137    2.4304947 -1.34711e+01 
 138    2.4837156 -1.34013e+01 
 139    2.5381019 -1.33270e+01 
 140    2.5936791 -1.32489e+01 
 141    2.6504733 -1.31679e+01 
 142    2.7085111 -1.30839e+01 
 143    2.7678198 -1.29972e+01 
 144    2.8284271 -1.29090e+01 
 145    2.8903616 -1.28193e+01 
 146    2.9536523 -1.27280e+01 
 147    3.0183289 -1.26343e+01 
 148    3.0844217 -1.25426e+01 
 149    3.1519617 -1.24500e+01 
 150    3.2209807 -1.23562e+01 
 151    3.2915110 -1.22649e+01 
 152    3.3635857 -1.21725e+01 
 153    3.4372386 -1.20804e+01 
 154    3.5125043 -1.19905e+01 
 155    3.5894182 -1.19014e+01 
 156    3.6680162 -1.18130e+01 
 157    3.7483353 -1.17265e+01 
 158    3.8304131 -1.16409e+01 
 159    3.9142882 -1.15558e+01 
 160    4.0000000 -1.14721e+01 
 161    4.0875886 -1.13886e+01 
 162    4.1770951 -1.13060e+01 
 163    4.2685616 -1.12236e+01 
 164    4.3620309 -1.11449e+01 
 165    4.4575470 -1.10647e+01 
 166    4.5551545 -1.09872e+01 
 167    4.6548994 -1.09119e+01 
 168    4.7568285 -1.08359e+01 
 169    4.8609894 -1.07621e+01 
 170    4.9674312 -1.06907e+01 
 171    5.0762038 -1.06200e+01 
 172    5.1873582 -1.05503e+01 
 173    5.3009466 -1.04832e+01 
 174    5.4170222 -1.04174e+01 
 175    5.5356395 -1.03531e+01 
 176    5.6568542 -1.02895e+01 
 177    5.7807232 -1.02271e+01 
 178    5.9073046 -1.01679e+01 
 179    6.0366577 -1.01095e+01 
 180    6.1688433 -1.00515e+01 
 181    6.3039234 -9.99400e+00 
 182    6.4419613 -9.93671e+00 
 183    6.5830219 -9.88069e+00 
 184    6.7271713 -9.82487e+00 
 185    6.8744772 -9.76812e+00 
 186    7.0250086 -9.71011e+00 
 187    7.1788363 -9.65241e+00 
 188    7.3360323 -9.59390e+00 
 189    7.4966705 -9.53297e+00 


# J-band (filter: J_2MASS.dat)
   0    0.1250000 -1.39090e+01 
   1    0.1277371 -1.39379e+01 
   2    0.1305342 -1.39675e+01 
   3    0.1333926 -1.39977e+01 
   4    0.1363135 -1.40302e+01 
   5    0.1392983 -1.40635e+01 
   6    0.1423486 -1.40942e+01 
   7    0.1454656 -1.41242e+01 
   8    0.1486509 -1.41587e+01 
   9    0.1519059 -1.41920e+01 
  10    0.1552322 -1.42253e+01 
  11    0.1586314 -1.42596e+01 
  12    0.1621049 -1.42872e+01 
  13    0.1656546 -1.43112e+01 
  14    0.1692819 -1.43356e+01 
  15    0.1729887 -1.43601e+01 
  16    0.1767767 -1.43778e+01 
  17    0.1806476 -1.43986e+01 
  18    0.1846033 -1.44176e+01 
  19    0.1886456 -1.44381e+01 
  20    0.1927764 -1.44566e+01 
  21    0.1969976 -1.44740e+01 
  22    0.2013113 -1.44951e+01 
  23    0.2057194 -1.45182e+01 
  24    0.2102241 -1.45433e+01 
  25    0.2148274 -1.45711e+01 
  26    0.2195315 -1.45997e+01 
  27    0.2243386 -1.46321e+01 
  28    0.2292510 -1.46680e+01 
  29    0.2342710 -1.47032e+01 
  30    0.2394008 -1.47403e+01 
  31    0.2446430 -1.47789e+01 
  32    0.2500000 -1.48177e+01 
  33    0.2554743 -1.48584e+01 
  34    0.2610684 -1.48987e+01 
  35    0.2667851 -1.49396e+01 
  36    0.2726269 -1.49813e+01 
  37    0.2785967 -1.50238e+01 
  38    0.2846972 -1.50649e+01 
  39    0.2909312 -1.51055e+01 
  40    0.2973018 -1.51459e+01 
  41    0.3038118 -1.51850e+01 
  42    0.3104645 -1.52226e+01 
  43    0.3172627 -1.52606e+01 
  44    0.3242099 -1.52967e+01 
  45    0.3313092 -1.53317e+01 
  46    0.3385639 -1.53658e+01 
  47    0.3459775 -1.53976e+01 
  48    0.3535534 -1.54277e+01 
  49    0.3612952 -1.54570e+01 
  50    0.3692065 -1.54834e+01 
  51    0.3772911 -1.55075e+01 
  52    0.3855527 -1.55303e+01 
  53    0.3939952 -1.55496e+01 
  54    0.4026226 -1.55666e+01 
  55    0.4114389 -1.55818e+01 
  56    0.4204482 -1.55927e+01 
  57    0.4296548 -1.56015e+01 
  58    0.4390630 -1.56074e+01 
  59    0.4486773 -1.56104e+01 
  60    0.4585020 -1.56107e+01 
  61    0.4685419 -1.56085e+01 
  62    0.4788016 -1.56041e+01 
  63    0.4892860 -1.55972e+01 
  64    0.5000000 -1.55885e+01 
  65    0.5109486 -1.55780e+01 
  66    0.5221369 -1.55654e+01 
  67    0.5335702 -1.55512e+01 
  68    0.5452539 -1.55352e+01 
  69    0.5571934 -1.55174e+01 
  70    0.5693943 -1.54986e+01 
  71    0.5818624 -1.54790e+01 
  72    0.5946036 -1.54580e+01 
  73    0.6076237 -1.54369e+01 
  74    0.6209289 -1.54150e+01 
  75    0.6345255 -1.53924e+01 
  76    0.6484198 -1.53699e+01 
  77    0.6626183 -1.53465e+01 
  78    0.6771278 -1.53243e+01 
  79    0.6919549 -1.53024e+01 
  80    0.7071068 -1.52815e+01 
  81    0.7225904 -1.52608e+01 
  82    0.7384131 -1.52422e+01 
  83    0.7545822 -1.52258e+01 
  84    0.7711054 -1.52095e+01 
  85    0.7879904 -1.51953e+01 
  86    0.8052452 -1.51826e+01 
  87    0.8228777 -1.51714e+01 
  88    0.8408964 -1.51628e+01 
  89    0.8593096 -1.51545e+01 
  90    0.8781261 -1.51478e+01 
  91    0.8973545 -1.51422e+01 
  92    0.9170040 -1.51371e+01 
  93    0.9370838 -1.51339e+01 
  94    0.9576033 -1.51313e+01 
  95    0.9785721 -1.51298e+01 
  96    1.0000000 -1.51295e+01 
  97    1.0218971 -1.51313e+01 
  98    1.0442738 -1.51340e+01 
  99    1.0671404 -1.51364e+01 
 100    1.0905077 -1.51400e+01 
 101    1.1143867 -1.51447e+01 
 102    1.1387886 -1.51505e+01 
 103    1.1637249 -1.51581e+01 
 104    1.1892071 -1.51670e+01 
 105    1.2152474 -1.51767e+01 
 106    1.2418578 -1.51873e+01 
 107    1.2690510 -1.51990e+01 
 108    1.2968396 -1.52115e+01 
 109    1.3252366 -1.52244e+01 
 110    1.3542555 -1.52383e+01 
 111    1.3839099 -1.52532e+01 
 112    1.4142136 -1.52687e+01 
 113    1.4451808 -1.52846e+01 
 114    1.4768261 -1.53002e+01 
 115    1.5091644 -1.53162e+01 
 116    1.5422108 -1.53317e+01 
 117    1.5759808 -1.53472e+01 
 118    1.6104903 -1.53626e+01 
 119    1.6457555 -1.53769e+01 
 120    1.6817928 -1.53902e+01 
 121    1.7186193 -1.54032e+01 
 122    1.7562522 -1.54139e+01 
 123    1.7947091 -1.54227e+01 
 124    1.8340081 -1.54296e+01 
 125    1.8741676 -1.54355e+01 
 126    1.9152066 -1.54384e+01 
 127    1.9571441 -1.54384e+01 
 128    2.0000000 -1.54366e+01 
 129    2.0437943 -1.54317e+01 
 130    2.0885476 -1.54239e+01 
 131    2.1342808 -1.54137e+01 
 132    2.1810155 -1.54005e+01 
 133    2.2287735 -1.53844e+01 
 134    2.2775773 -1.53663e+01 
 135    2.3274497 -1.53455e+01 
 136    2.3784142 -1.53226e+01 
 137    2.4304947 -1.52978e+01 
 138    2.4837156 -1.52711e+01 
 139    2.5381019 -1.52428e+01 
 140    2.5936791 -1.52126e+01 
 141    2.6504733 -1.51809e+01 
 142    2.7085111 -1.51482e+01 
 143    2.7678198 -1.51143e+01 
 144    2.8284271 -1.50793e+01 
 145    2.8903616 -1.50436e+01 
 146    2.9536523 -1.50069e+01 
 147    3.0183289 -1.49689e+01 
 148    3.0844217 -1.49302e+01 
 149    3.1519617 -1.48902e+01 
 150    3.2209807 -1.48495e+01 
 151    3.2915110 -1.48077e+01 
 152    3.3635857 -1.47650e+01 
 153    3.4372386 -1.47210e+01 
 154    3.5125043 -1.46759e+01 
 155    3.5894182 -1.46298e+01 
 156    3.6680162 -1.45826e+01 
 157    3.7483353 -1.45346e+01 
 158    3.8304131 -1.44864e+01 
 159    3.9142882 -1.44369e+01 
 160    4.0000000 -1.43874e+01 
 161    4.0875886 -1.43377e+01 
 162    4.1770951 -1.42870e+01 
 163    4.2685616 -1.42366e+01 
 164    4.3620309 -1.41860e+01 
 165    4.4575470 -1.41351e+01 
 166    4.5551545 -1.40846e+01 
 167    4.6548994 -1.40343e+01 
 168    4.7568285 -1.39835e+01 
 169    4.8609894 -1.39328e+01 
 170    4.9674312 -1.38821e+01 
 171    5.0762038 -1.38319e+01 
 172    5.1873582 -1.37816e+01 
 173    5.3009466 -1.37316e+01 
 174    5.4170222 -1.36816e+01 
 175    5.5356395 -1.36315e+01 
 176    5.6568542 -1.35816e+01 
 177    5.7807232 -1.35317e+01 
 178    5.9073046 -1.34820e+01 
 179    6.0366577 -1.34332e+01 
 180    6.1688433 -1.33851e+01 
 181    6.3039234 -1.33366e+01 
 182    6.4419613 -1.32889e+01 
 183    6.5830219 -1.32409e+01 
 184    6.7271713 -1.31930e+01 
 185    6.8744772 -1.31453e+01 
 186    7.0250086 -1.30970e+01 
 187    7.1788363 -1.30486e+01 
 188    7.3360323 -1.29999e+01 
 189    7.4966705 -1.29509e+01 


# H-band (filter: H_2MASS.dat)
   0    0.1250000 -1.32162e+01 
   1    0.1277371 -1.32441e+01 
   2    0.1305342 -1.32725e+01 
   3    0.1333926 -1.33016e+01 
   4    0.1363135 -1.33316e+01 
   5    0.1392983 -1.33694e+01 
   6    0.1423486 -1.34038e+01 
   7    0.1454656 -1.34437e+01 
   8    0.1486509 -1.34931e+01 
   9    0.1519059 -1.35492e+01 
  10    0.1552322 -1.35938e+01 
  11    0.1586314 -1.36436e+01 
  12    0.1621049 -1.36817e+01 
  13    0.1656546 -1.37103e+01 
  14    0.1692819 -1.37346e+01 
  15    0.1729887 -1.37559e+01 
  16    0.1767767 -1.37676e+01 
  17    0.1806476 -1.37787e+01 
  18    0.1846033 -1.37833e+01 
  19    0.1886456 -1.37884e+01 
  20    0.1927764 -1.37827e+01 
  21    0.1969976 -1.37807e+01 
  22    0.2013113 -1.37857e+01 
  23    0.2057194 -1.37848e+01 
  24    0.2102241 -1.37898e+01 
  25    0.2148274 -1.37992e+01 
  26    0.2195315 -1.38159e+01 
  27    0.2243386 -1.38367e+01 
  28    0.2292510 -1.38655e+01 
  29    0.2342710 -1.38974e+01 
  30    0.2394008 -1.39300e+01 
  31    0.2446430 -1.39669e+01 
  32    0.2500000 -1.40092e+01 
  33    0.2554743 -1.40505e+01 
  34    0.2610684 -1.40934e+01 
  35    0.2667851 -1.41393e+01 
  36    0.2726269 -1.41885e+01 
  37    0.2785967 -1.42373e+01 
  38    0.2846972 -1.42871e+01 
  39    0.2909312 -1.43364e+01 
  40    0.2973018 -1.43849e+01 
  41    0.3038118 -1.44313e+01 
  42    0.3104645 -1.44813e+01 
  43    0.3172627 -1.45280e+01 
  44    0.3242099 -1.45728e+01 
  45    0.3313092 -1.46174e+01 
  46    0.3385639 -1.46606e+01 
  47    0.3459775 -1.47011e+01 
  48    0.3535534 -1.47387e+01 
  49    0.3612952 -1.47755e+01 
  50    0.3692065 -1.48092e+01 
  51    0.3772911 -1.48395e+01 
  52    0.3855527 -1.48698e+01 
  53    0.3939952 -1.48974e+01 
  54    0.4026226 -1.49211e+01 
  55    0.4114389 -1.49434e+01 
  56    0.4204482 -1.49638e+01 
  57    0.4296548 -1.49819e+01 
  58    0.4390630 -1.49972e+01 
  59    0.4486773 -1.50123e+01 
  60    0.4585020 -1.50255e+01 
  61    0.4685419 -1.50370e+01 
  62    0.4788016 -1.50477e+01 
  63    0.4892860 -1.50570e+01 
  64    0.5000000 -1.50646e+01 
  65    0.5109486 -1.50711e+01 
  66    0.5221369 -1.50765e+01 
  67    0.5335702 -1.50816e+01 
  68    0.5452539 -1.50852e+01 
  69    0.5571934 -1.50881e+01 
  70    0.5693943 -1.50898e+01 
  71    0.5818624 -1.50910e+01 
  72    0.5946036 -1.50912e+01 
  73    0.6076237 -1.50892e+01 
  74    0.6209289 -1.50869e+01 
  75    0.6345255 -1.50832e+01 
  76    0.6484198 -1.50790e+01 
  77    0.6626183 -1.50740e+01 
  78    0.6771278 -1.50677e+01 
  79    0.6919549 -1.50601e+01 
  80    0.7071068 -1.50521e+01 
  81    0.7225904 -1.50431e+01 
  82    0.7384131 -1.50335e+01 
  83    0.7545822 -1.50230e+01 
  84    0.7711054 -1.50120e+01 
  85    0.7879904 -1.50011e+01 
  86    0.8052452 -1.49893e+01 
  87    0.8228777 -1.49771e+01 
  88    0.8408964 -1.49639e+01 
  89    0.8593096 -1.49492e+01 
  90    0.8781261 -1.49346e+01 
  91    0.8973545 -1.49194e+01 
  92    0.9170040 -1.49040e+01 
  93    0.9370838 -1.48879e+01 
  94    0.9576033 -1.48730e+01 
  95    0.9785721 -1.48589e+01 
  96    1.0000000 -1.48446e+01 
  97    1.0218971 -1.48316e+01 
  98    1.0442738 -1.48192e+01 
  99    1.0671404 -1.48070e+01 
 100    1.0905077 -1.47958e+01 
 101    1.1143867 -1.47868e+01 
 102    1.1387886 -1.47788e+01 
 103    1.1637249 -1.47722e+01 
 104    1.1892071 -1.47682e+01 
 105    1.2152474 -1.47641e+01 
 106    1.2418578 -1.47614e+01 
 107    1.2690510 -1.47594e+01 
 108    1.2968396 -1.47589e+01 
 109    1.3252366 -1.47590e+01 
 110    1.3542555 -1.47609e+01 
 111    1.3839099 -1.47644e+01 
 112    1.4142136 -1.47690e+01 
 113    1.4451808 -1.47749e+01 
 114    1.4768261 -1.47818e+01 
 115    1.5091644 -1.47895e+01 
 116    1.5422108 -1.47979e+01 
 117    1.5759808 -1.48078e+01 
 118    1.6104903 -1.48179e+01 
 119    1.6457555 -1.48288e+01 
 120    1.6817928 -1.48394e+01 
 121    1.7186193 -1.48509e+01 
 122    1.7562522 -1.48611e+01 
 123    1.7947091 -1.48713e+01 
 124    1.8340081 -1.48811e+01 
 125    1.8741676 -1.48904e+01 
 126    1.9152066 -1.48988e+01 
 127    1.9571441 -1.49062e+01 
 128    2.0000000 -1.49128e+01 
 129    2.0437943 -1.49183e+01 
 130    2.0885476 -1.49222e+01 
 131    2.1342808 -1.49256e+01 
 132    2.1810155 -1.49266e+01 
 133    2.2287735 -1.49263e+01 
 134    2.2775773 -1.49247e+01 
 135    2.3274497 -1.49206e+01 
 136    2.3784142 -1.49142e+01 
 137    2.4304947 -1.49060e+01 
 138    2.4837156 -1.48943e+01 
 139    2.5381019 -1.48787e+01 
 140    2.5936791 -1.48611e+01 
 141    2.6504733 -1.48371e+01 
 142    2.7085111 -1.48095e+01 
 143    2.7678198 -1.47787e+01 
 144    2.8284271 -1.47411e+01 
 145    2.8903616 -1.46982e+01 
 146    2.9536523 -1.46499e+01 
 147    3.0183289 -1.45965e+01 
 148    3.0844217 -1.45358e+01 
 149    3.1519617 -1.44691e+01 
 150    3.2209807 -1.43974e+01 
 151    3.2915110 -1.43191e+01 
 152    3.3635857 -1.42349e+01 
 153    3.4372386 -1.41452e+01 
 154    3.5125043 -1.40490e+01 
 155    3.5894182 -1.39470e+01 
 156    3.6680162 -1.38397e+01 
 157    3.7483353 -1.37269e+01 
 158    3.8304131 -1.36100e+01 
 159    3.9142882 -1.34891e+01 
 160    4.0000000 -1.33646e+01 
 161    4.0875886 -1.32386e+01 
 162    4.1770951 -1.31088e+01 
 163    4.2685616 -1.29801e+01 
 164    4.3620309 -1.28504e+01 
 165    4.4575470 -1.27182e+01 
 166    4.5551545 -1.25893e+01 
 167    4.6548994 -1.24611e+01 
 168    4.7568285 -1.23338e+01 
 169    4.8609894 -1.22105e+01 
 170    4.9674312 -1.20897e+01 
 171    5.0762038 -1.19717e+01 
 172    5.1873582 -1.18554e+01 
 173    5.3009466 -1.17441e+01 
 174    5.4170222 -1.16353e+01 
 175    5.5356395 -1.15291e+01 
 176    5.6568542 -1.14280e+01 
 177    5.7807232 -1.13324e+01 
 178    5.9073046 -1.12379e+01 
 179    6.0366577 -1.11488e+01 
 180    6.1688433 -1.10632e+01 
 181    6.3039234 -1.09795e+01 
 182    6.4419613 -1.09007e+01 
 183    6.5830219 -1.08260e+01 
 184    6.7271713 -1.07533e+01 
 185    6.8744772 -1.06832e+01 
 186    7.0250086 -1.06135e+01 
 187    7.1788363 -1.05443e+01 
 188    7.3360323 -1.04762e+01 
 189    7.4966705 -1.04107e+01 


# K-band (filter: Ks_mosfire.dat)
   0    0.1250000 -1.24276e+01 
   1    0.1277371 -1.24732e+01 
   2    0.1305342 -1.25198e+01 
   3    0.1333926 -1.25675e+01 
   4    0.1363135 -1.26266e+01 
   5    0.1392983 -1.26810e+01 
   6    0.1423486 -1.27272e+01 
   7    0.1454656 -1.27690e+01 
   8    0.1486509 -1.28091e+01 
   9    0.1519059 -1.28606e+01 
  10    0.1552322 -1.29012e+01 
  11    0.1586314 -1.29455e+01 
  12    0.1621049 -1.29856e+01 
  13    0.1656546 -1.30094e+01 
  14    0.1692819 -1.30318e+01 
  15    0.1729887 -1.30557e+01 
  16    0.1767767 -1.30478e+01 
  17    0.1806476 -1.30479e+01 
  18    0.1846033 -1.30497e+01 
  19    0.1886456 -1.30646e+01 
  20    0.1927764 -1.30680e+01 
  21    0.1969976 -1.30559e+01 
  22    0.2013113 -1.30535e+01 
  23    0.2057194 -1.30496e+01 
  24    0.2102241 -1.30576e+01 
  25    0.2148274 -1.30648e+01 
  26    0.2195315 -1.30812e+01 
  27    0.2243386 -1.30976e+01 
  28    0.2292510 -1.31243e+01 
  29    0.2342710 -1.31499e+01 
  30    0.2394008 -1.31799e+01 
  31    0.2446430 -1.32009e+01 
  32    0.2500000 -1.32328e+01 
  33    0.2554743 -1.32753e+01 
  34    0.2610684 -1.33118e+01 
  35    0.2667851 -1.33535e+01 
  36    0.2726269 -1.33970e+01 
  37    0.2785967 -1.34401e+01 
  38    0.2846972 -1.34844e+01 
  39    0.2909312 -1.35353e+01 
  40    0.2973018 -1.35897e+01 
  41    0.3038118 -1.36389e+01 
  42    0.3104645 -1.36863e+01 
  43    0.3172627 -1.37414e+01 
  44    0.3242099 -1.37937e+01 
  45    0.3313092 -1.38413e+01 
  46    0.3385639 -1.38913e+01 
  47    0.3459775 -1.39349e+01 
  48    0.3535534 -1.39788e+01 
  49    0.3612952 -1.40222e+01 
  50    0.3692065 -1.40632e+01 
  51    0.3772911 -1.40996e+01 
  52    0.3855527 -1.41349e+01 
  53    0.3939952 -1.41709e+01 
  54    0.4026226 -1.42046e+01 
  55    0.4114389 -1.42339e+01 
  56    0.4204482 -1.42594e+01 
  57    0.4296548 -1.42846e+01 
  58    0.4390630 -1.43065e+01 
  59    0.4486773 -1.43292e+01 
  60    0.4585020 -1.43489e+01 
  61    0.4685419 -1.43631e+01 
  62    0.4788016 -1.43765e+01 
  63    0.4892860 -1.43869e+01 
  64    0.5000000 -1.43949e+01 
  65    0.5109486 -1.43997e+01 
  66    0.5221369 -1.44010e+01 
  67    0.5335702 -1.44027e+01 
  68    0.5452539 -1.44017e+01 
  69    0.5571934 -1.44001e+01 
  70    0.5693943 -1.43983e+01 
  71    0.5818624 -1.43945e+01 
  72    0.5946036 -1.43909e+01 
  73    0.6076237 -1.43884e+01 
  74    0.6209289 -1.43856e+01 
  75    0.6345255 -1.43833e+01 
  76    0.6484198 -1.43810e+01 
  77    0.6626183 -1.43804e+01 
  78    0.6771278 -1.43804e+01 
  79    0.6919549 -1.43804e+01 
  80    0.7071068 -1.43810e+01 
  81    0.7225904 -1.43818e+01 
  82    0.7384131 -1.43816e+01 
  83    0.7545822 -1.43792e+01 
  84    0.7711054 -1.43761e+01 
  85    0.7879904 -1.43711e+01 
  86    0.8052452 -1.43662e+01 
  87    0.8228777 -1.43593e+01 
  88    0.8408964 -1.43502e+01 
  89    0.8593096 -1.43378e+01 
  90    0.8781261 -1.43231e+01 
  91    0.8973545 -1.43058e+01 
  92    0.9170040 -1.42850e+01 
  93    0.9370838 -1.42627e+01 
  94    0.9576033 -1.42368e+01 
  95    0.9785721 -1.42101e+01 
  96    1.0000000 -1.41815e+01 
  97    1.0218971 -1.41527e+01 
  98    1.0442738 -1.41214e+01 
  99    1.0671404 -1.40889e+01 
 100    1.0905077 -1.40546e+01 
 101    1.1143867 -1.40204e+01 
 102    1.1387886 -1.39875e+01 
 103    1.1637249 -1.39537e+01 
 104    1.1892071 -1.39187e+01 
 105    1.2152474 -1.38857e+01 
 106    1.2418578 -1.38525e+01 
 107    1.2690510 -1.38210e+01 
 108    1.2968396 -1.37905e+01 
 109    1.3252366 -1.37591e+01 
 110    1.3542555 -1.37306e+01 
 111    1.3839099 -1.37037e+01 
 112    1.4142136 -1.36774e+01 
 113    1.4451808 -1.36531e+01 
 114    1.4768261 -1.36305e+01 
 115    1.5091644 -1.36083e+01 
 116    1.5422108 -1.35888e+01 
 117    1.5759808 -1.35696e+01 
 118    1.6104903 -1.35508e+01 
 119    1.6457555 -1.35335e+01 
 120    1.6817928 -1.35162e+01 
 121    1.7186193 -1.34996e+01 
 122    1.7562522 -1.34817e+01 
 123    1.7947091 -1.34650e+01 
 124    1.8340081 -1.34482e+01 
 125    1.8741676 -1.34296e+01 
 126    1.9152066 -1.34097e+01 
 127    1.9571441 -1.33885e+01 
 128    2.0000000 -1.33665e+01 
 129    2.0437943 -1.33436e+01 
 130    2.0885476 -1.33189e+01 
 131    2.1342808 -1.32916e+01 
 132    2.1810155 -1.32623e+01 
 133    2.2287735 -1.32321e+01 
 134    2.2775773 -1.31989e+01 
 135    2.3274497 -1.31626e+01 
 136    2.3784142 -1.31238e+01 
 137    2.4304947 -1.30838e+01 
 138    2.4837156 -1.30396e+01 
 139    2.5381019 -1.29940e+01 
 140    2.5936791 -1.29447e+01 
 141    2.6504733 -1.28917e+01 
 142    2.7085111 -1.28364e+01 
 143    2.7678198 -1.27788e+01 
 144    2.8284271 -1.27185e+01 
 145    2.8903616 -1.26549e+01 
 146    2.9536523 -1.25888e+01 
 147    3.0183289 -1.25206e+01 
 148    3.0844217 -1.24514e+01 
 149    3.1519617 -1.23794e+01 
 150    3.2209807 -1.23061e+01 
 151    3.2915110 -1.22320e+01 
 152    3.3635857 -1.21573e+01 
 153    3.4372386 -1.20803e+01 
 154    3.5125043 -1.20043e+01 
 155    3.5894182 -1.19276e+01 
 156    3.6680162 -1.18495e+01 
 157    3.7483353 -1.17736e+01 
 158    3.8304131 -1.17008e+01 
 159    3.9142882 -1.16256e+01 
 160    4.0000000 -1.15530e+01 
 161    4.0875886 -1.14822e+01 
 162    4.1770951 -1.14122e+01 
 163    4.2685616 -1.13432e+01 
 164    4.3620309 -1.12770e+01 
 165    4.4575470 -1.12120e+01 
 166    4.5551545 -1.11489e+01 
 167    4.6548994 -1.10886e+01 
 168    4.7568285 -1.10286e+01 
 169    4.8609894 -1.09740e+01 
 170    4.9674312 -1.09161e+01 
 171    5.0762038 -1.08624e+01 
 172    5.1873582 -1.08087e+01 
 173    5.3009466 -1.07596e+01 
 174    5.4170222 -1.07096e+01 
 175    5.5356395 -1.06632e+01 
 176    5.6568542 -1.06179e+01 
 177    5.7807232 -1.05747e+01 
 178    5.9073046 -1.05328e+01 
 179    6.0366577 -1.04920e+01 
 180    6.1688433 -1.04521e+01 
 181    6.3039234 -1.04140e+01 
 182    6.4419613 -1.03777e+01 
 183    6.5830219 -1.03407e+01 
 184    6.7271713 -1.03049e+01 
 185    6.8744772 -1.02700e+01 
 186    7.0250086 -1.02362e+01 
 187    7.1788363 -1.02010e+01 
 188    7.3360323 -1.01661e+01 
 189    7.4966705 -1.01314e+01 


# S-band (filter: Spitzer_IRAC2.dat)
   0    0.1250000 -1.12817e+01 
   1    0.1277371 -1.13280e+01 
   2    0.1305342 -1.13754e+01 
   3    0.1333926 -1.14239e+01 
   4    0.1363135 -1.14682e+01 
   5    0.1392983 -1.15362e+01 
   6    0.1423486 -1.16125e+01 
   7    0.1454656 -1.16859e+01 
   8    0.1486509 -1.17626e+01 
   9    0.1519059 -1.18530e+01 
  10    0.1552322 -1.18937e+01 
  11    0.1586314 -1.19814e+01 
  12    0.1621049 -1.20343e+01 
  13    0.1656546 -1.21006e+01 
  14    0.1692819 -1.21329e+01 
  15    0.1729887 -1.21590e+01 
  16    0.1767767 -1.21672e+01 
  17    0.1806476 -1.22010e+01 
  18    0.1846033 -1.22003e+01 
  19    0.1886456 -1.21995e+01 
  20    0.1927764 -1.22017e+01 
  21    0.1969976 -1.22041e+01 
  22    0.2013113 -1.22170e+01 
  23    0.2057194 -1.22033e+01 
  24    0.2102241 -1.21934e+01 
  25    0.2148274 -1.21548e+01 
  26    0.2195315 -1.21492e+01 
  27    0.2243386 -1.21528e+01 
  28    0.2292510 -1.21681e+01 
  29    0.2342710 -1.21393e+01 
  30    0.2394008 -1.21209e+01 
  31    0.2446430 -1.20915e+01 
  32    0.2500000 -1.20747e+01 
  33    0.2554743 -1.20514e+01 
  34    0.2610684 -1.20273e+01 
  35    0.2667851 -1.19997e+01 
  36    0.2726269 -1.19985e+01 
  37    0.2785967 -1.19876e+01 
  38    0.2846972 -1.19602e+01 
  39    0.2909312 -1.19109e+01 
  40    0.2973018 -1.18894e+01 
  41    0.3038118 -1.18480e+01 
  42    0.3104645 -1.18257e+01 
  43    0.3172627 -1.17896e+01 
  44    0.3242099 -1.17560e+01 
  45    0.3313092 -1.17082e+01 
  46    0.3385639 -1.16915e+01 
  47    0.3459775 -1.16518e+01 
  48    0.3535534 -1.16209e+01 
  49    0.3612952 -1.15823e+01 
  50    0.3692065 -1.15588e+01 
  51    0.3772911 -1.15248e+01 
  52    0.3855527 -1.14881e+01 
  53    0.3939952 -1.14776e+01 
  54    0.4026226 -1.14609e+01 
  55    0.4114389 -1.14385e+01 
  56    0.4204482 -1.14134e+01 
  57    0.4296548 -1.13947e+01 
  58    0.4390630 -1.13717e+01 
  59    0.4486773 -1.13603e+01 
  60    0.4585020 -1.13416e+01 
  61    0.4685419 -1.13238e+01 
  62    0.4788016 -1.13161e+01 
  63    0.4892860 -1.13037e+01 
  64    0.5000000 -1.12914e+01 
  65    0.5109486 -1.12783e+01 
  66    0.5221369 -1.12701e+01 
  67    0.5335702 -1.12728e+01 
  68    0.5452539 -1.12804e+01 
  69    0.5571934 -1.12978e+01 
  70    0.5693943 -1.13143e+01 
  71    0.5818624 -1.13258e+01 
  72    0.5946036 -1.13413e+01 
  73    0.6076237 -1.13622e+01 
  74    0.6209289 -1.13849e+01 
  75    0.6345255 -1.14155e+01 
  76    0.6484198 -1.14477e+01 
  77    0.6626183 -1.14827e+01 
  78    0.6771278 -1.15239e+01 
  79    0.6919549 -1.15547e+01 
  80    0.7071068 -1.15826e+01 
  81    0.7225904 -1.16102e+01 
  82    0.7384131 -1.16316e+01 
  83    0.7545822 -1.16545e+01 
  84    0.7711054 -1.16807e+01 
  85    0.7879904 -1.17014e+01 
  86    0.8052452 -1.17186e+01 
  87    0.8228777 -1.17292e+01 
  88    0.8408964 -1.17350e+01 
  89    0.8593096 -1.17360e+01 
  90    0.8781261 -1.17311e+01 
  91    0.8973545 -1.17245e+01 
  92    0.9170040 -1.17124e+01 
  93    0.9370838 -1.16978e+01 
  94    0.9576033 -1.16766e+01 
  95    0.9785721 -1.16526e+01 
  96    1.0000000 -1.16229e+01 
  97    1.0218971 -1.15866e+01 
  98    1.0442738 -1.15477e+01 
  99    1.0671404 -1.15072e+01 
 100    1.0905077 -1.14626e+01 
 101    1.1143867 -1.14106e+01 
 102    1.1387886 -1.13673e+01 
 103    1.1637249 -1.13177e+01 
 104    1.1892071 -1.12683e+01 
 105    1.2152474 -1.12207e+01 
 106    1.2418578 -1.11750e+01 
 107    1.2690510 -1.11288e+01 
 108    1.2968396 -1.10769e+01 
 109    1.3252366 -1.10355e+01 
 110    1.3542555 -1.09976e+01 
 111    1.3839099 -1.09581e+01 
 112    1.4142136 -1.09231e+01 
 113    1.4451808 -1.08972e+01 
 114    1.4768261 -1.08643e+01 
 115    1.5091644 -1.08354e+01 
 116    1.5422108 -1.08077e+01 
 117    1.5759808 -1.07743e+01 
 118    1.6104903 -1.07496e+01 
 119    1.6457555 -1.07281e+01 
 120    1.6817928 -1.07142e+01 
 121    1.7186193 -1.06940e+01 
 122    1.7562522 -1.06773e+01 
 123    1.7947091 -1.06655e+01 
 124    1.8340081 -1.06533e+01 
 125    1.8741676 -1.06389e+01 
 126    1.9152066 -1.06280e+01 
 127    1.9571441 -1.06136e+01 
 128    2.0000000 -1.06031e+01 
 129    2.0437943 -1.05970e+01 
 130    2.0885476 -1.05889e+01 
 131    2.1342808 -1.05813e+01 
 132    2.1810155 -1.05666e+01 
 133    2.2287735 -1.05573e+01 
 134    2.2775773 -1.05444e+01 
 135    2.3274497 -1.05281e+01 
 136    2.3784142 -1.05094e+01 
 137    2.4304947 -1.04924e+01 
 138    2.4837156 -1.04719e+01 
 139    2.5381019 -1.04542e+01 
 140    2.5936791 -1.04333e+01 
 141    2.6504733 -1.04074e+01 
 142    2.7085111 -1.03753e+01 
 143    2.7678198 -1.03453e+01 
 144    2.8284271 -1.03189e+01 
 145    2.8903616 -1.02877e+01 
 146    2.9536523 -1.02515e+01 
 147    3.0183289 -1.02139e+01 
 148    3.0844217 -1.01765e+01 
 149    3.1519617 -1.01440e+01 
 150    3.2209807 -1.01060e+01 
 151    3.2915110 -1.00695e+01 
 152    3.3635857 -1.00348e+01 
 153    3.4372386 -9.99914e+00 
 154    3.5125043 -9.97144e+00 
 155    3.5894182 -9.94007e+00 
 156    3.6680162 -9.91066e+00 
 157    3.7483353 -9.88288e+00 
 158    3.8304131 -9.86340e+00 
 159    3.9142882 -9.84285e+00 
 160    4.0000000 -9.82453e+00 
 161    4.0875886 -9.80441e+00 
 162    4.1770951 -9.78927e+00 
 163    4.2685616 -9.77649e+00 
 164    4.3620309 -9.76286e+00 
 165    4.4575470 -9.75208e+00 
 166    4.5551545 -9.73730e+00 
 167    4.6548994 -9.72478e+00 
 168    4.7568285 -9.71398e+00 
 169    4.8609894 -9.70223e+00 
 170    4.9674312 -9.68924e+00 
 171    5.0762038 -9.67738e+00 
 172    5.1873582 -9.66454e+00 
 173    5.3009466 -9.65269e+00 
 174    5.4170222 -9.63928e+00 
 175    5.5356395 -9.62639e+00 
 176    5.6568542 -9.61286e+00 
 177    5.7807232 -9.59818e+00 
 178    5.9073046 -9.58324e+00 
 179    6.0366577 -9.56568e+00 
 180    6.1688433 -9.54843e+00 
 181    6.3039234 -9.53297e+00 
 182    6.4419613 -9.51800e+00 
 183    6.5830219 -9.50153e+00 
 184    6.7271713 -9.48578e+00 
 185    6.8744772 -9.46924e+00 
 186    7.0250086 -9.45177e+00 
 187    7.1788363 -9.43466e+00 
 188    7.3360323 -9.41842e+00 
 189    7.4966705 -9.40394e+00 


