# 1:iteration 2:time bin[s] 3-k:AB magnitude for k-th angular bin
# g-band (filter: g_LSST.dat)
   0    0.1250000 -1.38350e+01 
   1    0.1277371 -1.38379e+01 
   2    0.1305342 -1.38408e+01 
   3    0.1333926 -1.38437e+01 
   4    0.1363135 -1.38458e+01 
   5    0.1392983 -1.38474e+01 
   6    0.1423486 -1.38511e+01 
   7    0.1454656 -1.38520e+01 
   8    0.1486509 -1.38568e+01 
   9    0.1519059 -1.38601e+01 
  10    0.1552322 -1.38632e+01 
  11    0.1586314 -1.38696e+01 
  12    0.1621049 -1.38794e+01 
  13    0.1656546 -1.38877e+01 
  14    0.1692819 -1.38875e+01 
  15    0.1729887 -1.38853e+01 
  16    0.1767767 -1.38740e+01 
  17    0.1806476 -1.38686e+01 
  18    0.1846033 -1.38635e+01 
  19    0.1886456 -1.38596e+01 
  20    0.1927764 -1.38563e+01 
  21    0.1969976 -1.38492e+01 
  22    0.2013113 -1.38477e+01 
  23    0.2057194 -1.38546e+01 
  24    0.2102241 -1.38604e+01 
  25    0.2148274 -1.38759e+01 
  26    0.2195315 -1.39092e+01 
  27    0.2243386 -1.39541e+01 
  28    0.2292510 -1.40181e+01 
  29    0.2342710 -1.40894e+01 
  30    0.2394008 -1.41644e+01 
  31    0.2446430 -1.42272e+01 
  32    0.2500000 -1.42568e+01 
  33    0.2554743 -1.42925e+01 
  34    0.2610684 -1.43118e+01 
  35    0.2667851 -1.43420e+01 
  36    0.2726269 -1.43834e+01 
  37    0.2785967 -1.44119e+01 
  38    0.2846972 -1.44607e+01 
  39    0.2909312 -1.45090e+01 
  40    0.2973018 -1.45463e+01 
  41    0.3038118 -1.45966e+01 
  42    0.3104645 -1.46407e+01 
  43    0.3172627 -1.47074e+01 
  44    0.3242099 -1.47579e+01 
  45    0.3313092 -1.48071e+01 
  46    0.3385639 -1.48632e+01 
  47    0.3459775 -1.49150e+01 
  48    0.3535534 -1.49776e+01 
  49    0.3612952 -1.50293e+01 
  50    0.3692065 -1.50978e+01 
  51    0.3772911 -1.51648e+01 
  52    0.3855527 -1.52255e+01 
  53    0.3939952 -1.52928e+01 
  54    0.4026226 -1.53567e+01 
  55    0.4114389 -1.54361e+01 
  56    0.4204482 -1.55116e+01 
  57    0.4296548 -1.55967e+01 
  58    0.4390630 -1.56794e+01 
  59    0.4486773 -1.57587e+01 
  60    0.4585020 -1.58305e+01 
  61    0.4685419 -1.59016e+01 
  62    0.4788016 -1.59669e+01 
  63    0.4892860 -1.60335e+01 
  64    0.5000000 -1.60975e+01 
  65    0.5109486 -1.61596e+01 
  66    0.5221369 -1.62227e+01 
  67    0.5335702 -1.62838e+01 
  68    0.5452539 -1.63477e+01 
  69    0.5571934 -1.64090e+01 
  70    0.5693943 -1.64684e+01 
  71    0.5818624 -1.65302e+01 
  72    0.5946036 -1.65872e+01 
  73    0.6076237 -1.66413e+01 
  74    0.6209289 -1.66937e+01 
  75    0.6345255 -1.67435e+01 
  76    0.6484198 -1.67912e+01 
  77    0.6626183 -1.68365e+01 
  78    0.6771278 -1.68792e+01 
  79    0.6919549 -1.69191e+01 
  80    0.7071068 -1.69552e+01 
  81    0.7225904 -1.69905e+01 
  82    0.7384131 -1.70216e+01 
  83    0.7545822 -1.70495e+01 
  84    0.7711054 -1.70761e+01 
  85    0.7879904 -1.70971e+01 
  86    0.8052452 -1.71150e+01 
  87    0.8228777 -1.71290e+01 
  88    0.8408964 -1.71378e+01 
  89    0.8593096 -1.71419e+01 
  90    0.8781261 -1.71420e+01 
  91    0.8973545 -1.71361e+01 
  92    0.9170040 -1.71267e+01 
  93    0.9370838 -1.71138e+01 
  94    0.9576033 -1.70944e+01 
  95    0.9785721 -1.70710e+01 
  96    1.0000000 -1.70438e+01 
  97    1.0218971 -1.70119e+01 
  98    1.0442738 -1.69765e+01 
  99    1.0671404 -1.69377e+01 
 100    1.0905077 -1.68967e+01 
 101    1.1143867 -1.68550e+01 
 102    1.1387886 -1.68129e+01 
 103    1.1637249 -1.67690e+01 
 104    1.1892071 -1.67281e+01 
 105    1.2152474 -1.66891e+01 
 106    1.2418578 -1.66510e+01 
 107    1.2690510 -1.66179e+01 
 108    1.2968396 -1.65884e+01 
 109    1.3252366 -1.65615e+01 
 110    1.3542555 -1.65395e+01 
 111    1.3839099 -1.65204e+01 
 112    1.4142136 -1.65043e+01 
 113    1.4451808 -1.64910e+01 
 114    1.4768261 -1.64802e+01 
 115    1.5091644 -1.64718e+01 
 116    1.5422108 -1.64651e+01 
 117    1.5759808 -1.64598e+01 
 118    1.6104903 -1.64555e+01 
 119    1.6457555 -1.64524e+01 
 120    1.6817928 -1.64496e+01 
 121    1.7186193 -1.64469e+01 
 122    1.7562522 -1.64444e+01 
 123    1.7947091 -1.64420e+01 
 124    1.8340081 -1.64394e+01 
 125    1.8741676 -1.64369e+01 
 126    1.9152066 -1.64331e+01 
 127    1.9571441 -1.64286e+01 
 128    2.0000000 -1.64233e+01 
 129    2.0437943 -1.64162e+01 
 130    2.0885476 -1.64076e+01 
 131    2.1342808 -1.63975e+01 
 132    2.1810155 -1.63844e+01 
 133    2.2287735 -1.63688e+01 
 134    2.2775773 -1.63512e+01 
 135    2.3274497 -1.63292e+01 
 136    2.3784142 -1.63037e+01 
 137    2.4304947 -1.62760e+01 
 138    2.4837156 -1.62430e+01 
 139    2.5381019 -1.62061e+01 
 140    2.5936791 -1.61661e+01 
 141    2.6504733 -1.61215e+01 
 142    2.7085111 -1.60742e+01 
 143    2.7678198 -1.60238e+01 
 144    2.8284271 -1.59717e+01 
 145    2.8903616 -1.59184e+01 
 146    2.9536523 -1.58647e+01 
 147    3.0183289 -1.58094e+01 
 148    3.0844217 -1.57569e+01 
 149    3.1519617 -1.57058e+01 
 150    3.2209807 -1.56555e+01 
 151    3.2915110 -1.56096e+01 
 152    3.3635857 -1.55665e+01 
 153    3.4372386 -1.55255e+01 
 154    3.5125043 -1.54886e+01 
 155    3.5894182 -1.54532e+01 
 156    3.6680162 -1.54199e+01 
 157    3.7483353 -1.53873e+01 
 158    3.8304131 -1.53552e+01 
 159    3.9142882 -1.53248e+01 
 160    4.0000000 -1.52931e+01 
 161    4.0875886 -1.52607e+01 
 162    4.1770951 -1.52273e+01 
 163    4.2685616 -1.51919e+01 
 164    4.3620309 -1.51553e+01 
 165    4.4575470 -1.51166e+01 
 166    4.5551545 -1.50751e+01 
 167    4.6548994 -1.50313e+01 
 168    4.7568285 -1.49860e+01 
 169    4.8609894 -1.49377e+01 
 170    4.9674312 -1.48877e+01 
 171    5.0762038 -1.48349e+01 
 172    5.1873582 -1.47796e+01 
 173    5.3009466 -1.47220e+01 
 174    5.4170222 -1.46636e+01 
 175    5.5356395 -1.46025e+01 
 176    5.6568542 -1.45410e+01 
 177    5.7807232 -1.44782e+01 
 178    5.9073046 -1.44147e+01 
 179    6.0366577 -1.43517e+01 
 180    6.1688433 -1.42879e+01 
 181    6.3039234 -1.42241e+01 
 182    6.4419613 -1.41612e+01 
 183    6.5830219 -1.40976e+01 
 184    6.7271713 -1.40351e+01 
 185    6.8744772 -1.39768e+01 
 186    7.0250086 -1.39172e+01 
 187    7.1788363 -1.38565e+01 
 188    7.3360323 -1.37959e+01 
 189    7.4966705 -1.37364e+01 


# r-band (filter: r_LSST.dat)
   0    0.1250000 -1.40859e+01 
   1    0.1277371 -1.41076e+01 
   2    0.1305342 -1.41298e+01 
   3    0.1333926 -1.41525e+01 
   4    0.1363135 -1.41747e+01 
   5    0.1392983 -1.42028e+01 
   6    0.1423486 -1.42364e+01 
   7    0.1454656 -1.42721e+01 
   8    0.1486509 -1.43104e+01 
   9    0.1519059 -1.43506e+01 
  10    0.1552322 -1.43967e+01 
  11    0.1586314 -1.44475e+01 
  12    0.1621049 -1.45024e+01 
  13    0.1656546 -1.45501e+01 
  14    0.1692819 -1.45683e+01 
  15    0.1729887 -1.45811e+01 
  16    0.1767767 -1.45701e+01 
  17    0.1806476 -1.45696e+01 
  18    0.1846033 -1.45634e+01 
  19    0.1886456 -1.45687e+01 
  20    0.1927764 -1.45826e+01 
  21    0.1969976 -1.45787e+01 
  22    0.2013113 -1.46001e+01 
  23    0.2057194 -1.46193e+01 
  24    0.2102241 -1.46437e+01 
  25    0.2148274 -1.46807e+01 
  26    0.2195315 -1.47406e+01 
  27    0.2243386 -1.48280e+01 
  28    0.2292510 -1.49257e+01 
  29    0.2342710 -1.50253e+01 
  30    0.2394008 -1.51242e+01 
  31    0.2446430 -1.51827e+01 
  32    0.2500000 -1.51914e+01 
  33    0.2554743 -1.52089e+01 
  34    0.2610684 -1.52063e+01 
  35    0.2667851 -1.52184e+01 
  36    0.2726269 -1.52425e+01 
  37    0.2785967 -1.52453e+01 
  38    0.2846972 -1.52799e+01 
  39    0.2909312 -1.53125e+01 
  40    0.2973018 -1.53347e+01 
  41    0.3038118 -1.53665e+01 
  42    0.3104645 -1.53855e+01 
  43    0.3172627 -1.54391e+01 
  44    0.3242099 -1.54642e+01 
  45    0.3313092 -1.54867e+01 
  46    0.3385639 -1.55117e+01 
  47    0.3459775 -1.55406e+01 
  48    0.3535534 -1.55813e+01 
  49    0.3612952 -1.56006e+01 
  50    0.3692065 -1.56444e+01 
  51    0.3772911 -1.56806e+01 
  52    0.3855527 -1.57074e+01 
  53    0.3939952 -1.57362e+01 
  54    0.4026226 -1.57615e+01 
  55    0.4114389 -1.58093e+01 
  56    0.4204482 -1.58440e+01 
  57    0.4296548 -1.58907e+01 
  58    0.4390630 -1.59362e+01 
  59    0.4486773 -1.59688e+01 
  60    0.4585020 -1.59992e+01 
  61    0.4685419 -1.60241e+01 
  62    0.4788016 -1.60403e+01 
  63    0.4892860 -1.60607e+01 
  64    0.5000000 -1.60808e+01 
  65    0.5109486 -1.61023e+01 
  66    0.5221369 -1.61268e+01 
  67    0.5335702 -1.61558e+01 
  68    0.5452539 -1.61880e+01 
  69    0.5571934 -1.62204e+01 
  70    0.5693943 -1.62541e+01 
  71    0.5818624 -1.62887e+01 
  72    0.5946036 -1.63212e+01 
  73    0.6076237 -1.63539e+01 
  74    0.6209289 -1.63867e+01 
  75    0.6345255 -1.64196e+01 
  76    0.6484198 -1.64509e+01 
  77    0.6626183 -1.64808e+01 
  78    0.6771278 -1.65094e+01 
  79    0.6919549 -1.65355e+01 
  80    0.7071068 -1.65600e+01 
  81    0.7225904 -1.65838e+01 
  82    0.7384131 -1.66041e+01 
  83    0.7545822 -1.66220e+01 
  84    0.7711054 -1.66385e+01 
  85    0.7879904 -1.66506e+01 
  86    0.8052452 -1.66586e+01 
  87    0.8228777 -1.66633e+01 
  88    0.8408964 -1.66638e+01 
  89    0.8593096 -1.66589e+01 
  90    0.8781261 -1.66512e+01 
  91    0.8973545 -1.66370e+01 
  92    0.9170040 -1.66181e+01 
  93    0.9370838 -1.65959e+01 
  94    0.9576033 -1.65666e+01 
  95    0.9785721 -1.65323e+01 
  96    1.0000000 -1.64941e+01 
  97    1.0218971 -1.64503e+01 
  98    1.0442738 -1.64026e+01 
  99    1.0671404 -1.63513e+01 
 100    1.0905077 -1.62982e+01 
 101    1.1143867 -1.62445e+01 
 102    1.1387886 -1.61906e+01 
 103    1.1637249 -1.61344e+01 
 104    1.1892071 -1.60825e+01 
 105    1.2152474 -1.60331e+01 
 106    1.2418578 -1.59851e+01 
 107    1.2690510 -1.59428e+01 
 108    1.2968396 -1.59049e+01 
 109    1.3252366 -1.58706e+01 
 110    1.3542555 -1.58427e+01 
 111    1.3839099 -1.58180e+01 
 112    1.4142136 -1.57968e+01 
 113    1.4451808 -1.57791e+01 
 114    1.4768261 -1.57636e+01 
 115    1.5091644 -1.57514e+01 
 116    1.5422108 -1.57411e+01 
 117    1.5759808 -1.57330e+01 
 118    1.6104903 -1.57264e+01 
 119    1.6457555 -1.57221e+01 
 120    1.6817928 -1.57188e+01 
 121    1.7186193 -1.57161e+01 
 122    1.7562522 -1.57149e+01 
 123    1.7947091 -1.57153e+01 
 124    1.8340081 -1.57165e+01 
 125    1.8741676 -1.57196e+01 
 126    1.9152066 -1.57234e+01 
 127    1.9571441 -1.57278e+01 
 128    2.0000000 -1.57328e+01 
 129    2.0437943 -1.57362e+01 
 130    2.0885476 -1.57387e+01 
 131    2.1342808 -1.57410e+01 
 132    2.1810155 -1.57396e+01 
 133    2.2287735 -1.57350e+01 
 134    2.2775773 -1.57285e+01 
 135    2.3274497 -1.57153e+01 
 136    2.3784142 -1.56971e+01 
 137    2.4304947 -1.56751e+01 
 138    2.4837156 -1.56444e+01 
 139    2.5381019 -1.56074e+01 
 140    2.5936791 -1.55652e+01 
 141    2.6504733 -1.55141e+01 
 142    2.7085111 -1.54567e+01 
 143    2.7678198 -1.53934e+01 
 144    2.8284271 -1.53230e+01 
 145    2.8903616 -1.52475e+01 
 146    2.9536523 -1.51691e+01 
 147    3.0183289 -1.50856e+01 
 148    3.0844217 -1.50020e+01 
 149    3.1519617 -1.49192e+01 
 150    3.2209807 -1.48344e+01 
 151    3.2915110 -1.47559e+01 
 152    3.3635857 -1.46817e+01 
 153    3.4372386 -1.46092e+01 
 154    3.5125043 -1.45471e+01 
 155    3.5894182 -1.44914e+01 
 156    3.6680162 -1.44405e+01 
 157    3.7483353 -1.44001e+01 
 158    3.8304131 -1.43659e+01 
 159    3.9142882 -1.43383e+01 
 160    4.0000000 -1.43184e+01 
 161    4.0875886 -1.43038e+01 
 162    4.1770951 -1.42946e+01 
 163    4.2685616 -1.42897e+01 
 164    4.3620309 -1.42880e+01 
 165    4.4575470 -1.42888e+01 
 166    4.5551545 -1.42905e+01 
 167    4.6548994 -1.42923e+01 
 168    4.7568285 -1.42955e+01 
 169    4.8609894 -1.42957e+01 
 170    4.9674312 -1.42937e+01 
 171    5.0762038 -1.42903e+01 
 172    5.1873582 -1.42854e+01 
 173    5.3009466 -1.42764e+01 
 174    5.4170222 -1.42645e+01 
 175    5.5356395 -1.42493e+01 
 176    5.6568542 -1.42296e+01 
 177    5.7807232 -1.42068e+01 
 178    5.9073046 -1.41808e+01 
 179    6.0366577 -1.41514e+01 
 180    6.1688433 -1.41187e+01 
 181    6.3039234 -1.40836e+01 
 182    6.4419613 -1.40457e+01 
 183    6.5830219 -1.40054e+01 
 184    6.7271713 -1.39628e+01 
 185    6.8744772 -1.39191e+01 
 186    7.0250086 -1.38739e+01 
 187    7.1788363 -1.38267e+01 
 188    7.3360323 -1.37782e+01 
 189    7.4966705 -1.37284e+01 


# i-band (filter: i_LSST.dat)
   0    0.1250000 -1.38201e+01 
   1    0.1277371 -1.38354e+01 
   2    0.1305342 -1.38510e+01 
   3    0.1333926 -1.38669e+01 
   4    0.1363135 -1.38852e+01 
   5    0.1392983 -1.39110e+01 
   6    0.1423486 -1.39373e+01 
   7    0.1454656 -1.39642e+01 
   8    0.1486509 -1.39963e+01 
   9    0.1519059 -1.40293e+01 
  10    0.1552322 -1.40612e+01 
  11    0.1586314 -1.40980e+01 
  12    0.1621049 -1.41380e+01 
  13    0.1656546 -1.41764e+01 
  14    0.1692819 -1.42035e+01 
  15    0.1729887 -1.42183e+01 
  16    0.1767767 -1.41978e+01 
  17    0.1806476 -1.41786e+01 
  18    0.1846033 -1.41646e+01 
  19    0.1886456 -1.41493e+01 
  20    0.1927764 -1.41351e+01 
  21    0.1969976 -1.41052e+01 
  22    0.2013113 -1.40892e+01 
  23    0.2057194 -1.40759e+01 
  24    0.2102241 -1.40528e+01 
  25    0.2148274 -1.40401e+01 
  26    0.2195315 -1.40355e+01 
  27    0.2243386 -1.40558e+01 
  28    0.2292510 -1.40895e+01 
  29    0.2342710 -1.41346e+01 
  30    0.2394008 -1.41818e+01 
  31    0.2446430 -1.42372e+01 
  32    0.2500000 -1.42924e+01 
  33    0.2554743 -1.43428e+01 
  34    0.2610684 -1.43509e+01 
  35    0.2667851 -1.43492e+01 
  36    0.2726269 -1.43635e+01 
  37    0.2785967 -1.43777e+01 
  38    0.2846972 -1.44030e+01 
  39    0.2909312 -1.44358e+01 
  40    0.2973018 -1.44599e+01 
  41    0.3038118 -1.45086e+01 
  42    0.3104645 -1.45575e+01 
  43    0.3172627 -1.46077e+01 
  44    0.3242099 -1.46602e+01 
  45    0.3313092 -1.47182e+01 
  46    0.3385639 -1.48010e+01 
  47    0.3459775 -1.48551e+01 
  48    0.3535534 -1.49084e+01 
  49    0.3612952 -1.49648e+01 
  50    0.3692065 -1.50279e+01 
  51    0.3772911 -1.50985e+01 
  52    0.3855527 -1.51528e+01 
  53    0.3939952 -1.52174e+01 
  54    0.4026226 -1.52805e+01 
  55    0.4114389 -1.53415e+01 
  56    0.4204482 -1.54050e+01 
  57    0.4296548 -1.54687e+01 
  58    0.4390630 -1.55394e+01 
  59    0.4486773 -1.56234e+01 
  60    0.4585020 -1.57008e+01 
  61    0.4685419 -1.57705e+01 
  62    0.4788016 -1.58348e+01 
  63    0.4892860 -1.58887e+01 
  64    0.5000000 -1.59390e+01 
  65    0.5109486 -1.59841e+01 
  66    0.5221369 -1.60221e+01 
  67    0.5335702 -1.60562e+01 
  68    0.5452539 -1.60860e+01 
  69    0.5571934 -1.61129e+01 
  70    0.5693943 -1.61380e+01 
  71    0.5818624 -1.61610e+01 
  72    0.5946036 -1.61823e+01 
  73    0.6076237 -1.62004e+01 
  74    0.6209289 -1.62176e+01 
  75    0.6345255 -1.62321e+01 
  76    0.6484198 -1.62413e+01 
  77    0.6626183 -1.62497e+01 
  78    0.6771278 -1.62526e+01 
  79    0.6919549 -1.62527e+01 
  80    0.7071068 -1.62509e+01 
  81    0.7225904 -1.62455e+01 
  82    0.7384131 -1.62361e+01 
  83    0.7545822 -1.62206e+01 
  84    0.7711054 -1.62016e+01 
  85    0.7879904 -1.61773e+01 
  86    0.8052452 -1.61478e+01 
  87    0.8228777 -1.61148e+01 
  88    0.8408964 -1.60740e+01 
  89    0.8593096 -1.60280e+01 
  90    0.8781261 -1.59782e+01 
  91    0.8973545 -1.59186e+01 
  92    0.9170040 -1.58531e+01 
  93    0.9370838 -1.57828e+01 
  94    0.9576033 -1.57031e+01 
  95    0.9785721 -1.56212e+01 
  96    1.0000000 -1.55351e+01 
  97    1.0218971 -1.54481e+01 
  98    1.0442738 -1.53608e+01 
  99    1.0671404 -1.52719e+01 
 100    1.0905077 -1.51933e+01 
 101    1.1143867 -1.51185e+01 
 102    1.1387886 -1.50473e+01 
 103    1.1637249 -1.49804e+01 
 104    1.1892071 -1.49231e+01 
 105    1.2152474 -1.48712e+01 
 106    1.2418578 -1.48274e+01 
 107    1.2690510 -1.47911e+01 
 108    1.2968396 -1.47610e+01 
 109    1.3252366 -1.47371e+01 
 110    1.3542555 -1.47189e+01 
 111    1.3839099 -1.47024e+01 
 112    1.4142136 -1.46883e+01 
 113    1.4451808 -1.46761e+01 
 114    1.4768261 -1.46663e+01 
 115    1.5091644 -1.46589e+01 
 116    1.5422108 -1.46521e+01 
 117    1.5759808 -1.46456e+01 
 118    1.6104903 -1.46404e+01 
 119    1.6457555 -1.46356e+01 
 120    1.6817928 -1.46309e+01 
 121    1.7186193 -1.46263e+01 
 122    1.7562522 -1.46211e+01 
 123    1.7947091 -1.46159e+01 
 124    1.8340081 -1.46116e+01 
 125    1.8741676 -1.46068e+01 
 126    1.9152066 -1.46024e+01 
 127    1.9571441 -1.45964e+01 
 128    2.0000000 -1.45905e+01 
 129    2.0437943 -1.45844e+01 
 130    2.0885476 -1.45754e+01 
 131    2.1342808 -1.45662e+01 
 132    2.1810155 -1.45528e+01 
 133    2.2287735 -1.45359e+01 
 134    2.2775773 -1.45173e+01 
 135    2.3274497 -1.44918e+01 
 136    2.3784142 -1.44596e+01 
 137    2.4304947 -1.44241e+01 
 138    2.4837156 -1.43774e+01 
 139    2.5381019 -1.43215e+01 
 140    2.5936791 -1.42594e+01 
 141    2.6504733 -1.41823e+01 
 142    2.7085111 -1.40948e+01 
 143    2.7678198 -1.39995e+01 
 144    2.8284271 -1.38905e+01 
 145    2.8903616 -1.37724e+01 
 146    2.9536523 -1.36475e+01 
 147    3.0183289 -1.35127e+01 
 148    3.0844217 -1.33764e+01 
 149    3.1519617 -1.32366e+01 
 150    3.2209807 -1.30916e+01 
 151    3.2915110 -1.29541e+01 
 152    3.3635857 -1.28197e+01 
 153    3.4372386 -1.26861e+01 
 154    3.5125043 -1.25683e+01 
 155    3.5894182 -1.24603e+01 
 156    3.6680162 -1.23593e+01 
 157    3.7483353 -1.22776e+01 
 158    3.8304131 -1.22081e+01 
 159    3.9142882 -1.21477e+01 
 160    4.0000000 -1.21046e+01 
 161    4.0875886 -1.20710e+01 
 162    4.1770951 -1.20467e+01 
 163    4.2685616 -1.20312e+01 
 164    4.3620309 -1.20231e+01 
 165    4.4575470 -1.20236e+01 
 166    4.5551545 -1.20298e+01 
 167    4.6548994 -1.20415e+01 
 168    4.7568285 -1.20581e+01 
 169    4.8609894 -1.20844e+01 
 170    4.9674312 -1.21189e+01 
 171    5.0762038 -1.21606e+01 
 172    5.1873582 -1.22058e+01 
 173    5.3009466 -1.22609e+01 
 174    5.4170222 -1.23189e+01 
 175    5.5356395 -1.23832e+01 
 176    5.6568542 -1.24457e+01 
 177    5.7807232 -1.25057e+01 
 178    5.9073046 -1.25698e+01 
 179    6.0366577 -1.26238e+01 
 180    6.1688433 -1.26717e+01 
 181    6.3039234 -1.27162e+01 
 182    6.4419613 -1.27486e+01 
 183    6.5830219 -1.27728e+01 
 184    6.7271713 -1.27884e+01 
 185    6.8744772 -1.27946e+01 
 186    7.0250086 -1.27976e+01 
 187    7.1788363 -1.27942e+01 
 188    7.3360323 -1.27858e+01 
 189    7.4966705 -1.27711e+01 


# z-band (filter: z_LSST.dat)
   0    0.1250000 -1.37161e+01 
   1    0.1277371 -1.37233e+01 
   2    0.1305342 -1.37307e+01 
   3    0.1333926 -1.37382e+01 
   4    0.1363135 -1.37422e+01 
   5    0.1392983 -1.37526e+01 
   6    0.1423486 -1.37623e+01 
   7    0.1454656 -1.37787e+01 
   8    0.1486509 -1.37969e+01 
   9    0.1519059 -1.38072e+01 
  10    0.1552322 -1.38267e+01 
  11    0.1586314 -1.38437e+01 
  12    0.1621049 -1.38666e+01 
  13    0.1656546 -1.38804e+01 
  14    0.1692819 -1.38910e+01 
  15    0.1729887 -1.38928e+01 
  16    0.1767767 -1.38761e+01 
  17    0.1806476 -1.38532e+01 
  18    0.1846033 -1.38309e+01 
  19    0.1886456 -1.38003e+01 
  20    0.1927764 -1.37679e+01 
  21    0.1969976 -1.37195e+01 
  22    0.2013113 -1.36775e+01 
  23    0.2057194 -1.36301e+01 
  24    0.2102241 -1.35828e+01 
  25    0.2148274 -1.35453e+01 
  26    0.2195315 -1.35074e+01 
  27    0.2243386 -1.34807e+01 
  28    0.2292510 -1.34666e+01 
  29    0.2342710 -1.34786e+01 
  30    0.2394008 -1.34946e+01 
  31    0.2446430 -1.35291e+01 
  32    0.2500000 -1.35687e+01 
  33    0.2554743 -1.36076e+01 
  34    0.2610684 -1.36274e+01 
  35    0.2667851 -1.36318e+01 
  36    0.2726269 -1.36314e+01 
  37    0.2785967 -1.36435e+01 
  38    0.2846972 -1.36595e+01 
  39    0.2909312 -1.36924e+01 
  40    0.2973018 -1.37077e+01 
  41    0.3038118 -1.37526e+01 
  42    0.3104645 -1.38038e+01 
  43    0.3172627 -1.38580e+01 
  44    0.3242099 -1.39234e+01 
  45    0.3313092 -1.39929e+01 
  46    0.3385639 -1.40864e+01 
  47    0.3459775 -1.41596e+01 
  48    0.3535534 -1.42419e+01 
  49    0.3612952 -1.43348e+01 
  50    0.3692065 -1.44311e+01 
  51    0.3772911 -1.45402e+01 
  52    0.3855527 -1.46400e+01 
  53    0.3939952 -1.47528e+01 
  54    0.4026226 -1.48626e+01 
  55    0.4114389 -1.49649e+01 
  56    0.4204482 -1.50717e+01 
  57    0.4296548 -1.51717e+01 
  58    0.4390630 -1.52775e+01 
  59    0.4486773 -1.53942e+01 
  60    0.4585020 -1.55012e+01 
  61    0.4685419 -1.56015e+01 
  62    0.4788016 -1.56916e+01 
  63    0.4892860 -1.57654e+01 
  64    0.5000000 -1.58313e+01 
  65    0.5109486 -1.58861e+01 
  66    0.5221369 -1.59299e+01 
  67    0.5335702 -1.59657e+01 
  68    0.5452539 -1.59945e+01 
  69    0.5571934 -1.60182e+01 
  70    0.5693943 -1.60375e+01 
  71    0.5818624 -1.60525e+01 
  72    0.5946036 -1.60629e+01 
  73    0.6076237 -1.60673e+01 
  74    0.6209289 -1.60708e+01 
  75    0.6345255 -1.60696e+01 
  76    0.6484198 -1.60627e+01 
  77    0.6626183 -1.60544e+01 
  78    0.6771278 -1.60404e+01 
  79    0.6919549 -1.60233e+01 
  80    0.7071068 -1.60049e+01 
  81    0.7225904 -1.59822e+01 
  82    0.7384131 -1.59546e+01 
  83    0.7545822 -1.59202e+01 
  84    0.7711054 -1.58827e+01 
  85    0.7879904 -1.58386e+01 
  86    0.8052452 -1.57899e+01 
  87    0.8228777 -1.57371e+01 
  88    0.8408964 -1.56754e+01 
  89    0.8593096 -1.56067e+01 
  90    0.8781261 -1.55333e+01 
  91    0.8973545 -1.54490e+01 
  92    0.9170040 -1.53590e+01 
  93    0.9370838 -1.52601e+01 
  94    0.9576033 -1.51519e+01 
  95    0.9785721 -1.50422e+01 
  96    1.0000000 -1.49256e+01 
  97    1.0218971 -1.48070e+01 
  98    1.0442738 -1.46885e+01 
  99    1.0671404 -1.45680e+01 
 100    1.0905077 -1.44601e+01 
 101    1.1143867 -1.43567e+01 
 102    1.1387886 -1.42575e+01 
 103    1.1637249 -1.41654e+01 
 104    1.1892071 -1.40849e+01 
 105    1.2152474 -1.40166e+01 
 106    1.2418578 -1.39578e+01 
 107    1.2690510 -1.39095e+01 
 108    1.2968396 -1.38725e+01 
 109    1.3252366 -1.38446e+01 
 110    1.3542555 -1.38238e+01 
 111    1.3839099 -1.38077e+01 
 112    1.4142136 -1.37947e+01 
 113    1.4451808 -1.37863e+01 
 114    1.4768261 -1.37818e+01 
 115    1.5091644 -1.37786e+01 
 116    1.5422108 -1.37759e+01 
 117    1.5759808 -1.37723e+01 
 118    1.6104903 -1.37690e+01 
 119    1.6457555 -1.37655e+01 
 120    1.6817928 -1.37593e+01 
 121    1.7186193 -1.37534e+01 
 122    1.7562522 -1.37455e+01 
 123    1.7947091 -1.37361e+01 
 124    1.8340081 -1.37270e+01 
 125    1.8741676 -1.37156e+01 
 126    1.9152066 -1.37020e+01 
 127    1.9571441 -1.36882e+01 
 128    2.0000000 -1.36730e+01 
 129    2.0437943 -1.36550e+01 
 130    2.0885476 -1.36354e+01 
 131    2.1342808 -1.36145e+01 
 132    2.1810155 -1.35886e+01 
 133    2.2287735 -1.35609e+01 
 134    2.2775773 -1.35319e+01 
 135    2.3274497 -1.34989e+01 
 136    2.3784142 -1.34623e+01 
 137    2.4304947 -1.34241e+01 
 138    2.4837156 -1.33829e+01 
 139    2.5381019 -1.33399e+01 
 140    2.5936791 -1.32945e+01 
 141    2.6504733 -1.32494e+01 
 142    2.7085111 -1.32018e+01 
 143    2.7678198 -1.31536e+01 
 144    2.8284271 -1.31080e+01 
 145    2.8903616 -1.30625e+01 
 146    2.9536523 -1.30162e+01 
 147    3.0183289 -1.29715e+01 
 148    3.0844217 -1.29296e+01 
 149    3.1519617 -1.28904e+01 
 150    3.2209807 -1.28526e+01 
 151    3.2915110 -1.28213e+01 
 152    3.3635857 -1.27875e+01 
 153    3.4372386 -1.27569e+01 
 154    3.5125043 -1.27236e+01 
 155    3.5894182 -1.26894e+01 
 156    3.6680162 -1.26593e+01 
 157    3.7483353 -1.26291e+01 
 158    3.8304131 -1.26035e+01 
 159    3.9142882 -1.25749e+01 
 160    4.0000000 -1.25461e+01 
 161    4.0875886 -1.25159e+01 
 162    4.1770951 -1.24826e+01 
 163    4.2685616 -1.24445e+01 
 164    4.3620309 -1.24070e+01 
 165    4.4575470 -1.23700e+01 
 166    4.5551545 -1.23310e+01 
 167    4.6548994 -1.22929e+01 
 168    4.7568285 -1.22508e+01 
 169    4.8609894 -1.22109e+01 
 170    4.9674312 -1.21694e+01 
 171    5.0762038 -1.21313e+01 
 172    5.1873582 -1.20945e+01 
 173    5.3009466 -1.20645e+01 
 174    5.4170222 -1.20384e+01 
 175    5.5356395 -1.20151e+01 
 176    5.6568542 -1.19993e+01 
 177    5.7807232 -1.19892e+01 
 178    5.9073046 -1.19844e+01 
 179    6.0366577 -1.19863e+01 
 180    6.1688433 -1.19926e+01 
 181    6.3039234 -1.20038e+01 
 182    6.4419613 -1.20180e+01 
 183    6.5830219 -1.20338e+01 
 184    6.7271713 -1.20517e+01 
 185    6.8744772 -1.20685e+01 
 186    7.0250086 -1.20878e+01 
 187    7.1788363 -1.21087e+01 
 188    7.3360323 -1.21293e+01 
 189    7.4966705 -1.21479e+01 


# y-band (filter: y_LSST.dat)
   0    0.1250000 -1.40130e+01 
   1    0.1277371 -1.40358e+01 
   2    0.1305342 -1.40590e+01 
   3    0.1333926 -1.40828e+01 
   4    0.1363135 -1.41106e+01 
   5    0.1392983 -1.41539e+01 
   6    0.1423486 -1.42133e+01 
   7    0.1454656 -1.42892e+01 
   8    0.1486509 -1.43717e+01 
   9    0.1519059 -1.44504e+01 
  10    0.1552322 -1.45354e+01 
  11    0.1586314 -1.46238e+01 
  12    0.1621049 -1.47187e+01 
  13    0.1656546 -1.48127e+01 
  14    0.1692819 -1.48954e+01 
  15    0.1729887 -1.49681e+01 
  16    0.1767767 -1.49851e+01 
  17    0.1806476 -1.49961e+01 
  18    0.1846033 -1.50115e+01 
  19    0.1886456 -1.50285e+01 
  20    0.1927764 -1.50532e+01 
  21    0.1969976 -1.50574e+01 
  22    0.2013113 -1.50785e+01 
  23    0.2057194 -1.50967e+01 
  24    0.2102241 -1.51037e+01 
  25    0.2148274 -1.51206e+01 
  26    0.2195315 -1.51363e+01 
  27    0.2243386 -1.51767e+01 
  28    0.2292510 -1.52398e+01 
  29    0.2342710 -1.53120e+01 
  30    0.2394008 -1.53875e+01 
  31    0.2446430 -1.54631e+01 
  32    0.2500000 -1.55307e+01 
  33    0.2554743 -1.55983e+01 
  34    0.2610684 -1.56327e+01 
  35    0.2667851 -1.56443e+01 
  36    0.2726269 -1.56623e+01 
  37    0.2785967 -1.56773e+01 
  38    0.2846972 -1.56953e+01 
  39    0.2909312 -1.57171e+01 
  40    0.2973018 -1.57223e+01 
  41    0.3038118 -1.57417e+01 
  42    0.3104645 -1.57572e+01 
  43    0.3172627 -1.57731e+01 
  44    0.3242099 -1.57944e+01 
  45    0.3313092 -1.58105e+01 
  46    0.3385639 -1.58489e+01 
  47    0.3459775 -1.58762e+01 
  48    0.3535534 -1.58994e+01 
  49    0.3612952 -1.59274e+01 
  50    0.3692065 -1.59538e+01 
  51    0.3772911 -1.59816e+01 
  52    0.3855527 -1.60040e+01 
  53    0.3939952 -1.60304e+01 
  54    0.4026226 -1.60548e+01 
  55    0.4114389 -1.60739e+01 
  56    0.4204482 -1.60936e+01 
  57    0.4296548 -1.61111e+01 
  58    0.4390630 -1.61296e+01 
  59    0.4486773 -1.61559e+01 
  60    0.4585020 -1.61735e+01 
  61    0.4685419 -1.61875e+01 
  62    0.4788016 -1.61975e+01 
  63    0.4892860 -1.62007e+01 
  64    0.5000000 -1.61990e+01 
  65    0.5109486 -1.61934e+01 
  66    0.5221369 -1.61838e+01 
  67    0.5335702 -1.61693e+01 
  68    0.5452539 -1.61516e+01 
  69    0.5571934 -1.61325e+01 
  70    0.5693943 -1.61101e+01 
  71    0.5818624 -1.60852e+01 
  72    0.5946036 -1.60595e+01 
  73    0.6076237 -1.60316e+01 
  74    0.6209289 -1.60022e+01 
  75    0.6345255 -1.59692e+01 
  76    0.6484198 -1.59350e+01 
  77    0.6626183 -1.59001e+01 
  78    0.6771278 -1.58605e+01 
  79    0.6919549 -1.58205e+01 
  80    0.7071068 -1.57783e+01 
  81    0.7225904 -1.57338e+01 
  82    0.7384131 -1.56857e+01 
  83    0.7545822 -1.56334e+01 
  84    0.7711054 -1.55794e+01 
  85    0.7879904 -1.55191e+01 
  86    0.8052452 -1.54572e+01 
  87    0.8228777 -1.53918e+01 
  88    0.8408964 -1.53191e+01 
  89    0.8593096 -1.52448e+01 
  90    0.8781261 -1.51635e+01 
  91    0.8973545 -1.50764e+01 
  92    0.9170040 -1.49867e+01 
  93    0.9370838 -1.48917e+01 
  94    0.9576033 -1.47923e+01 
  95    0.9785721 -1.46944e+01 
  96    1.0000000 -1.45918e+01 
  97    1.0218971 -1.44959e+01 
  98    1.0442738 -1.44028e+01 
  99    1.0671404 -1.43078e+01 
 100    1.0905077 -1.42290e+01 
 101    1.1143867 -1.41529e+01 
 102    1.1387886 -1.40869e+01 
 103    1.1637249 -1.40287e+01 
 104    1.1892071 -1.39805e+01 
 105    1.2152474 -1.39420e+01 
 106    1.2418578 -1.39141e+01 
 107    1.2690510 -1.38928e+01 
 108    1.2968396 -1.38809e+01 
 109    1.3252366 -1.38779e+01 
 110    1.3542555 -1.38804e+01 
 111    1.3839099 -1.38874e+01 
 112    1.4142136 -1.38982e+01 
 113    1.4451808 -1.39135e+01 
 114    1.4768261 -1.39307e+01 
 115    1.5091644 -1.39489e+01 
 116    1.5422108 -1.39690e+01 
 117    1.5759808 -1.39879e+01 
 118    1.6104903 -1.40072e+01 
 119    1.6457555 -1.40245e+01 
 120    1.6817928 -1.40397e+01 
 121    1.7186193 -1.40530e+01 
 122    1.7562522 -1.40640e+01 
 123    1.7947091 -1.40731e+01 
 124    1.8340081 -1.40796e+01 
 125    1.8741676 -1.40838e+01 
 126    1.9152066 -1.40839e+01 
 127    1.9571441 -1.40808e+01 
 128    2.0000000 -1.40760e+01 
 129    2.0437943 -1.40679e+01 
 130    2.0885476 -1.40580e+01 
 131    2.1342808 -1.40453e+01 
 132    2.1810155 -1.40309e+01 
 133    2.2287735 -1.40132e+01 
 134    2.2775773 -1.39952e+01 
 135    2.3274497 -1.39735e+01 
 136    2.3784142 -1.39488e+01 
 137    2.4304947 -1.39240e+01 
 138    2.4837156 -1.38969e+01 
 139    2.5381019 -1.38698e+01 
 140    2.5936791 -1.38407e+01 
 141    2.6504733 -1.38130e+01 
 142    2.7085111 -1.37840e+01 
 143    2.7678198 -1.37542e+01 
 144    2.8284271 -1.37260e+01 
 145    2.8903616 -1.36979e+01 
 146    2.9536523 -1.36704e+01 
 147    3.0183289 -1.36452e+01 
 148    3.0844217 -1.36234e+01 
 149    3.1519617 -1.36031e+01 
 150    3.2209807 -1.35852e+01 
 151    3.2915110 -1.35745e+01 
 152    3.3635857 -1.35642e+01 
 153    3.4372386 -1.35544e+01 
 154    3.5125043 -1.35442e+01 
 155    3.5894182 -1.35342e+01 
 156    3.6680162 -1.35282e+01 
 157    3.7483353 -1.35247e+01 
 158    3.8304131 -1.35220e+01 
 159    3.9142882 -1.35195e+01 
 160    4.0000000 -1.35166e+01 
 161    4.0875886 -1.35109e+01 
 162    4.1770951 -1.35039e+01 
 163    4.2685616 -1.34911e+01 
 164    4.3620309 -1.34746e+01 
 165    4.4575470 -1.34597e+01 
 166    4.5551545 -1.34403e+01 
 167    4.6548994 -1.34206e+01 
 168    4.7568285 -1.33974e+01 
 169    4.8609894 -1.33683e+01 
 170    4.9674312 -1.33346e+01 
 171    5.0762038 -1.32970e+01 
 172    5.1873582 -1.32584e+01 
 173    5.3009466 -1.32198e+01 
 174    5.4170222 -1.31790e+01 
 175    5.5356395 -1.31359e+01 
 176    5.6568542 -1.30920e+01 
 177    5.7807232 -1.30485e+01 
 178    5.9073046 -1.30037e+01 
 179    6.0366577 -1.29594e+01 
 180    6.1688433 -1.29161e+01 
 181    6.3039234 -1.28735e+01 
 182    6.4419613 -1.28338e+01 
 183    6.5830219 -1.27941e+01 
 184    6.7271713 -1.27549e+01 
 185    6.8744772 -1.27159e+01 
 186    7.0250086 -1.26761e+01 
 187    7.1788363 -1.26380e+01 
 188    7.3360323 -1.26004e+01 
 189    7.4966705 -1.25627e+01 


# J-band (filter: J_2MASS.dat)
   0    0.1250000 -1.43724e+01 
   1    0.1277371 -1.44065e+01 
   2    0.1305342 -1.44413e+01 
   3    0.1333926 -1.44769e+01 
   4    0.1363135 -1.45197e+01 
   5    0.1392983 -1.45901e+01 
   6    0.1423486 -1.46491e+01 
   7    0.1454656 -1.47527e+01 
   8    0.1486509 -1.48631e+01 
   9    0.1519059 -1.49630e+01 
  10    0.1552322 -1.50630e+01 
  11    0.1586314 -1.51650e+01 
  12    0.1621049 -1.52626e+01 
  13    0.1656546 -1.53577e+01 
  14    0.1692819 -1.54474e+01 
  15    0.1729887 -1.55203e+01 
  16    0.1767767 -1.55397e+01 
  17    0.1806476 -1.55594e+01 
  18    0.1846033 -1.55825e+01 
  19    0.1886456 -1.56036e+01 
  20    0.1927764 -1.56293e+01 
  21    0.1969976 -1.56380e+01 
  22    0.2013113 -1.56615e+01 
  23    0.2057194 -1.56855e+01 
  24    0.2102241 -1.57005e+01 
  25    0.2148274 -1.57196e+01 
  26    0.2195315 -1.57340e+01 
  27    0.2243386 -1.57764e+01 
  28    0.2292510 -1.58296e+01 
  29    0.2342710 -1.58867e+01 
  30    0.2394008 -1.59403e+01 
  31    0.2446430 -1.59889e+01 
  32    0.2500000 -1.60319e+01 
  33    0.2554743 -1.60720e+01 
  34    0.2610684 -1.60872e+01 
  35    0.2667851 -1.60860e+01 
  36    0.2726269 -1.60903e+01 
  37    0.2785967 -1.60903e+01 
  38    0.2846972 -1.60949e+01 
  39    0.2909312 -1.60988e+01 
  40    0.2973018 -1.60935e+01 
  41    0.3038118 -1.60947e+01 
  42    0.3104645 -1.60929e+01 
  43    0.3172627 -1.60912e+01 
  44    0.3242099 -1.60850e+01 
  45    0.3313092 -1.60780e+01 
  46    0.3385639 -1.60838e+01 
  47    0.3459775 -1.60803e+01 
  48    0.3535534 -1.60746e+01 
  49    0.3612952 -1.60657e+01 
  50    0.3692065 -1.60557e+01 
  51    0.3772911 -1.60466e+01 
  52    0.3855527 -1.60310e+01 
  53    0.3939952 -1.60196e+01 
  54    0.4026226 -1.60044e+01 
  55    0.4114389 -1.59896e+01 
  56    0.4204482 -1.59736e+01 
  57    0.4296548 -1.59568e+01 
  58    0.4390630 -1.59425e+01 
  59    0.4486773 -1.59289e+01 
  60    0.4585020 -1.59130e+01 
  61    0.4685419 -1.58959e+01 
  62    0.4788016 -1.58761e+01 
  63    0.4892860 -1.58542e+01 
  64    0.5000000 -1.58298e+01 
  65    0.5109486 -1.58027e+01 
  66    0.5221369 -1.57749e+01 
  67    0.5335702 -1.57447e+01 
  68    0.5452539 -1.57154e+01 
  69    0.5571934 -1.56854e+01 
  70    0.5693943 -1.56536e+01 
  71    0.5818624 -1.56222e+01 
  72    0.5946036 -1.55893e+01 
  73    0.6076237 -1.55530e+01 
  74    0.6209289 -1.55164e+01 
  75    0.6345255 -1.54748e+01 
  76    0.6484198 -1.54318e+01 
  77    0.6626183 -1.53880e+01 
  78    0.6771278 -1.53416e+01 
  79    0.6919549 -1.52935e+01 
  80    0.7071068 -1.52412e+01 
  81    0.7225904 -1.51869e+01 
  82    0.7384131 -1.51299e+01 
  83    0.7545822 -1.50689e+01 
  84    0.7711054 -1.50048e+01 
  85    0.7879904 -1.49396e+01 
  86    0.8052452 -1.48719e+01 
  87    0.8228777 -1.48010e+01 
  88    0.8408964 -1.47282e+01 
  89    0.8593096 -1.46515e+01 
  90    0.8781261 -1.45741e+01 
  91    0.8973545 -1.44955e+01 
  92    0.9170040 -1.44131e+01 
  93    0.9370838 -1.43299e+01 
  94    0.9576033 -1.42472e+01 
  95    0.9785721 -1.41645e+01 
  96    1.0000000 -1.40839e+01 
  97    1.0218971 -1.40086e+01 
  98    1.0442738 -1.39365e+01 
  99    1.0671404 -1.38668e+01 
 100    1.0905077 -1.38055e+01 
 101    1.1143867 -1.37481e+01 
 102    1.1387886 -1.36958e+01 
 103    1.1637249 -1.36493e+01 
 104    1.1892071 -1.36125e+01 
 105    1.2152474 -1.35789e+01 
 106    1.2418578 -1.35520e+01 
 107    1.2690510 -1.35329e+01 
 108    1.2968396 -1.35169e+01 
 109    1.3252366 -1.35045e+01 
 110    1.3542555 -1.34955e+01 
 111    1.3839099 -1.34901e+01 
 112    1.4142136 -1.34887e+01 
 113    1.4451808 -1.34929e+01 
 114    1.4768261 -1.34980e+01 
 115    1.5091644 -1.35057e+01 
 116    1.5422108 -1.35171e+01 
 117    1.5759808 -1.35323e+01 
 118    1.6104903 -1.35489e+01 
 119    1.6457555 -1.35690e+01 
 120    1.6817928 -1.35909e+01 
 121    1.7186193 -1.36163e+01 
 122    1.7562522 -1.36443e+01 
 123    1.7947091 -1.36737e+01 
 124    1.8340081 -1.37050e+01 
 125    1.8741676 -1.37373e+01 
 126    1.9152066 -1.37710e+01 
 127    1.9571441 -1.38044e+01 
 128    2.0000000 -1.38379e+01 
 129    2.0437943 -1.38691e+01 
 130    2.0885476 -1.38994e+01 
 131    2.1342808 -1.39297e+01 
 132    2.1810155 -1.39558e+01 
 133    2.2287735 -1.39801e+01 
 134    2.2775773 -1.40027e+01 
 135    2.3274497 -1.40208e+01 
 136    2.3784142 -1.40359e+01 
 137    2.4304947 -1.40491e+01 
 138    2.4837156 -1.40576e+01 
 139    2.5381019 -1.40619e+01 
 140    2.5936791 -1.40647e+01 
 141    2.6504733 -1.40639e+01 
 142    2.7085111 -1.40599e+01 
 143    2.7678198 -1.40538e+01 
 144    2.8284271 -1.40456e+01 
 145    2.8903616 -1.40347e+01 
 146    2.9536523 -1.40216e+01 
 147    3.0183289 -1.40081e+01 
 148    3.0844217 -1.39944e+01 
 149    3.1519617 -1.39787e+01 
 150    3.2209807 -1.39635e+01 
 151    3.2915110 -1.39495e+01 
 152    3.3635857 -1.39356e+01 
 153    3.4372386 -1.39217e+01 
 154    3.5125043 -1.39101e+01 
 155    3.5894182 -1.38988e+01 
 156    3.6680162 -1.38899e+01 
 157    3.7483353 -1.38836e+01 
 158    3.8304131 -1.38791e+01 
 159    3.9142882 -1.38751e+01 
 160    4.0000000 -1.38743e+01 
 161    4.0875886 -1.38760e+01 
 162    4.1770951 -1.38785e+01 
 163    4.2685616 -1.38834e+01 
 164    4.3620309 -1.38897e+01 
 165    4.4575470 -1.38978e+01 
 166    4.5551545 -1.39062e+01 
 167    4.6548994 -1.39157e+01 
 168    4.7568285 -1.39255e+01 
 169    4.8609894 -1.39344e+01 
 170    4.9674312 -1.39431e+01 
 171    5.0762038 -1.39506e+01 
 172    5.1873582 -1.39575e+01 
 173    5.3009466 -1.39624e+01 
 174    5.4170222 -1.39655e+01 
 175    5.5356395 -1.39671e+01 
 176    5.6568542 -1.39654e+01 
 177    5.7807232 -1.39617e+01 
 178    5.9073046 -1.39557e+01 
 179    6.0366577 -1.39466e+01 
 180    6.1688433 -1.39355e+01 
 181    6.3039234 -1.39229e+01 
 182    6.4419613 -1.39071e+01 
 183    6.5830219 -1.38897e+01 
 184    6.7271713 -1.38701e+01 
 185    6.8744772 -1.38486e+01 
 186    7.0250086 -1.38261e+01 
 187    7.1788363 -1.38023e+01 
 188    7.3360323 -1.37773e+01 
 189    7.4966705 -1.37509e+01 


# H-band (filter: H_2MASS.dat)
   0    0.1250000 -1.59334e+01 
   1    0.1277371 -1.59419e+01 
   2    0.1305342 -1.59505e+01 
   3    0.1333926 -1.59594e+01 
   4    0.1363135 -1.59695e+01 
   5    0.1392983 -1.59923e+01 
   6    0.1423486 -1.60112e+01 
   7    0.1454656 -1.60528e+01 
   8    0.1486509 -1.60930e+01 
   9    0.1519059 -1.61303e+01 
  10    0.1552322 -1.61677e+01 
  11    0.1586314 -1.62018e+01 
  12    0.1621049 -1.62267e+01 
  13    0.1656546 -1.62483e+01 
  14    0.1692819 -1.62652e+01 
  15    0.1729887 -1.62725e+01 
  16    0.1767767 -1.62594e+01 
  17    0.1806476 -1.62418e+01 
  18    0.1846033 -1.62230e+01 
  19    0.1886456 -1.61954e+01 
  20    0.1927764 -1.61783e+01 
  21    0.1969976 -1.61480e+01 
  22    0.2013113 -1.61211e+01 
  23    0.2057194 -1.60998e+01 
  24    0.2102241 -1.60726e+01 
  25    0.2148274 -1.60446e+01 
  26    0.2195315 -1.60159e+01 
  27    0.2243386 -1.59982e+01 
  28    0.2292510 -1.59849e+01 
  29    0.2342710 -1.59725e+01 
  30    0.2394008 -1.59583e+01 
  31    0.2446430 -1.59425e+01 
  32    0.2500000 -1.59225e+01 
  33    0.2554743 -1.59027e+01 
  34    0.2610684 -1.58743e+01 
  35    0.2667851 -1.58391e+01 
  36    0.2726269 -1.58020e+01 
  37    0.2785967 -1.57646e+01 
  38    0.2846972 -1.57289e+01 
  39    0.2909312 -1.56906e+01 
  40    0.2973018 -1.56508e+01 
  41    0.3038118 -1.56129e+01 
  42    0.3104645 -1.55733e+01 
  43    0.3172627 -1.55311e+01 
  44    0.3242099 -1.54888e+01 
  45    0.3313092 -1.54481e+01 
  46    0.3385639 -1.54114e+01 
  47    0.3459775 -1.53684e+01 
  48    0.3535534 -1.53318e+01 
  49    0.3612952 -1.52928e+01 
  50    0.3692065 -1.52537e+01 
  51    0.3772911 -1.52138e+01 
  52    0.3855527 -1.51730e+01 
  53    0.3939952 -1.51328e+01 
  54    0.4026226 -1.50948e+01 
  55    0.4114389 -1.50551e+01 
  56    0.4204482 -1.50170e+01 
  57    0.4296548 -1.49764e+01 
  58    0.4390630 -1.49389e+01 
  59    0.4486773 -1.49021e+01 
  60    0.4585020 -1.48647e+01 
  61    0.4685419 -1.48266e+01 
  62    0.4788016 -1.47884e+01 
  63    0.4892860 -1.47540e+01 
  64    0.5000000 -1.47212e+01 
  65    0.5109486 -1.46864e+01 
  66    0.5221369 -1.46530e+01 
  67    0.5335702 -1.46175e+01 
  68    0.5452539 -1.45836e+01 
  69    0.5571934 -1.45529e+01 
  70    0.5693943 -1.45201e+01 
  71    0.5818624 -1.44869e+01 
  72    0.5946036 -1.44522e+01 
  73    0.6076237 -1.44219e+01 
  74    0.6209289 -1.43879e+01 
  75    0.6345255 -1.43551e+01 
  76    0.6484198 -1.43195e+01 
  77    0.6626183 -1.42843e+01 
  78    0.6771278 -1.42488e+01 
  79    0.6919549 -1.42146e+01 
  80    0.7071068 -1.41764e+01 
  81    0.7225904 -1.41343e+01 
  82    0.7384131 -1.40910e+01 
  83    0.7545822 -1.40471e+01 
  84    0.7711054 -1.40007e+01 
  85    0.7879904 -1.39520e+01 
  86    0.8052452 -1.39032e+01 
  87    0.8228777 -1.38507e+01 
  88    0.8408964 -1.37967e+01 
  89    0.8593096 -1.37363e+01 
  90    0.8781261 -1.36728e+01 
  91    0.8973545 -1.36081e+01 
  92    0.9170040 -1.35424e+01 
  93    0.9370838 -1.34759e+01 
  94    0.9576033 -1.34108e+01 
  95    0.9785721 -1.33438e+01 
  96    1.0000000 -1.32781e+01 
  97    1.0218971 -1.32144e+01 
  98    1.0442738 -1.31503e+01 
  99    1.0671404 -1.30895e+01 
 100    1.0905077 -1.30343e+01 
 101    1.1143867 -1.29895e+01 
 102    1.1387886 -1.29451e+01 
 103    1.1637249 -1.29067e+01 
 104    1.1892071 -1.28735e+01 
 105    1.2152474 -1.28455e+01 
 106    1.2418578 -1.28219e+01 
 107    1.2690510 -1.28050e+01 
 108    1.2968396 -1.27902e+01 
 109    1.3252366 -1.27818e+01 
 110    1.3542555 -1.27754e+01 
 111    1.3839099 -1.27715e+01 
 112    1.4142136 -1.27697e+01 
 113    1.4451808 -1.27680e+01 
 114    1.4768261 -1.27698e+01 
 115    1.5091644 -1.27715e+01 
 116    1.5422108 -1.27748e+01 
 117    1.5759808 -1.27773e+01 
 118    1.6104903 -1.27844e+01 
 119    1.6457555 -1.27904e+01 
 120    1.6817928 -1.27969e+01 
 121    1.7186193 -1.28023e+01 
 122    1.7562522 -1.28111e+01 
 123    1.7947091 -1.28208e+01 
 124    1.8340081 -1.28288e+01 
 125    1.8741676 -1.28390e+01 
 126    1.9152066 -1.28493e+01 
 127    1.9571441 -1.28604e+01 
 128    2.0000000 -1.28705e+01 
 129    2.0437943 -1.28829e+01 
 130    2.0885476 -1.28933e+01 
 131    2.1342808 -1.29045e+01 
 132    2.1810155 -1.29140e+01 
 133    2.2287735 -1.29216e+01 
 134    2.2775773 -1.29293e+01 
 135    2.3274497 -1.29317e+01 
 136    2.3784142 -1.29312e+01 
 137    2.4304947 -1.29314e+01 
 138    2.4837156 -1.29270e+01 
 139    2.5381019 -1.29193e+01 
 140    2.5936791 -1.29100e+01 
 141    2.6504733 -1.28959e+01 
 142    2.7085111 -1.28778e+01 
 143    2.7678198 -1.28577e+01 
 144    2.8284271 -1.28334e+01 
 145    2.8903616 -1.28087e+01 
 146    2.9536523 -1.27815e+01 
 147    3.0183289 -1.27524e+01 
 148    3.0844217 -1.27237e+01 
 149    3.1519617 -1.26924e+01 
 150    3.2209807 -1.26614e+01 
 151    3.2915110 -1.26304e+01 
 152    3.3635857 -1.25991e+01 
 153    3.4372386 -1.25666e+01 
 154    3.5125043 -1.25358e+01 
 155    3.5894182 -1.25076e+01 
 156    3.6680162 -1.24771e+01 
 157    3.7483353 -1.24491e+01 
 158    3.8304131 -1.24236e+01 
 159    3.9142882 -1.23988e+01 
 160    4.0000000 -1.23758e+01 
 161    4.0875886 -1.23569e+01 
 162    4.1770951 -1.23373e+01 
 163    4.2685616 -1.23209e+01 
 164    4.3620309 -1.23092e+01 
 165    4.4575470 -1.23008e+01 
 166    4.5551545 -1.22981e+01 
 167    4.6548994 -1.22983e+01 
 168    4.7568285 -1.23017e+01 
 169    4.8609894 -1.23116e+01 
 170    4.9674312 -1.23270e+01 
 171    5.0762038 -1.23477e+01 
 172    5.1873582 -1.23728e+01 
 173    5.3009466 -1.24041e+01 
 174    5.4170222 -1.24413e+01 
 175    5.5356395 -1.24826e+01 
 176    5.6568542 -1.25270e+01 
 177    5.7807232 -1.25734e+01 
 178    5.9073046 -1.26239e+01 
 179    6.0366577 -1.26739e+01 
 180    6.1688433 -1.27245e+01 
 181    6.3039234 -1.27766e+01 
 182    6.4419613 -1.28251e+01 
 183    6.5830219 -1.28704e+01 
 184    6.7271713 -1.29148e+01 
 185    6.8744772 -1.29522e+01 
 186    7.0250086 -1.29896e+01 
 187    7.1788363 -1.30265e+01 
 188    7.3360323 -1.30608e+01 
 189    7.4966705 -1.30897e+01 


# K-band (filter: Ks_mosfire.dat)
   0    0.1250000 -1.56414e+01 
   1    0.1277371 -1.56474e+01 
   2    0.1305342 -1.56535e+01 
   3    0.1333926 -1.56598e+01 
   4    0.1363135 -1.56700e+01 
   5    0.1392983 -1.56879e+01 
   6    0.1423486 -1.57094e+01 
   7    0.1454656 -1.57379e+01 
   8    0.1486509 -1.57668e+01 
   9    0.1519059 -1.57917e+01 
  10    0.1552322 -1.58223e+01 
  11    0.1586314 -1.58339e+01 
  12    0.1621049 -1.58410e+01 
  13    0.1656546 -1.58558e+01 
  14    0.1692819 -1.58610e+01 
  15    0.1729887 -1.58627e+01 
  16    0.1767767 -1.58416e+01 
  17    0.1806476 -1.58159e+01 
  18    0.1846033 -1.57873e+01 
  19    0.1886456 -1.57593e+01 
  20    0.1927764 -1.57361e+01 
  21    0.1969976 -1.57034e+01 
  22    0.2013113 -1.56661e+01 
  23    0.2057194 -1.56374e+01 
  24    0.2102241 -1.55986e+01 
  25    0.2148274 -1.55632e+01 
  26    0.2195315 -1.55291e+01 
  27    0.2243386 -1.55016e+01 
  28    0.2292510 -1.54748e+01 
  29    0.2342710 -1.54529e+01 
  30    0.2394008 -1.54259e+01 
  31    0.2446430 -1.53996e+01 
  32    0.2500000 -1.53671e+01 
  33    0.2554743 -1.53318e+01 
  34    0.2610684 -1.52953e+01 
  35    0.2667851 -1.52509e+01 
  36    0.2726269 -1.52058e+01 
  37    0.2785967 -1.51580e+01 
  38    0.2846972 -1.51108e+01 
  39    0.2909312 -1.50639e+01 
  40    0.2973018 -1.50129e+01 
  41    0.3038118 -1.49645e+01 
  42    0.3104645 -1.49178e+01 
  43    0.3172627 -1.48676e+01 
  44    0.3242099 -1.48211e+01 
  45    0.3313092 -1.47661e+01 
  46    0.3385639 -1.47149e+01 
  47    0.3459775 -1.46711e+01 
  48    0.3535534 -1.46225e+01 
  49    0.3612952 -1.45717e+01 
  50    0.3692065 -1.45168e+01 
  51    0.3772911 -1.44684e+01 
  52    0.3855527 -1.44140e+01 
  53    0.3939952 -1.43589e+01 
  54    0.4026226 -1.43076e+01 
  55    0.4114389 -1.42546e+01 
  56    0.4204482 -1.42014e+01 
  57    0.4296548 -1.41504e+01 
  58    0.4390630 -1.40934e+01 
  59    0.4486773 -1.40378e+01 
  60    0.4585020 -1.39880e+01 
  61    0.4685419 -1.39416e+01 
  62    0.4788016 -1.38925e+01 
  63    0.4892860 -1.38377e+01 
  64    0.5000000 -1.37879e+01 
  65    0.5109486 -1.37393e+01 
  66    0.5221369 -1.36930e+01 
  67    0.5335702 -1.36462e+01 
  68    0.5452539 -1.35986e+01 
  69    0.5571934 -1.35465e+01 
  70    0.5693943 -1.35035e+01 
  71    0.5818624 -1.34590e+01 
  72    0.5946036 -1.34063e+01 
  73    0.6076237 -1.33547e+01 
  74    0.6209289 -1.33054e+01 
  75    0.6345255 -1.32567e+01 
  76    0.6484198 -1.32055e+01 
  77    0.6626183 -1.31499e+01 
  78    0.6771278 -1.30929e+01 
  79    0.6919549 -1.30450e+01 
  80    0.7071068 -1.29966e+01 
  81    0.7225904 -1.29418e+01 
  82    0.7384131 -1.28901e+01 
  83    0.7545822 -1.28391e+01 
  84    0.7711054 -1.27887e+01 
  85    0.7879904 -1.27288e+01 
  86    0.8052452 -1.26729e+01 
  87    0.8228777 -1.26177e+01 
  88    0.8408964 -1.25628e+01 
  89    0.8593096 -1.25125e+01 
  90    0.8781261 -1.24587e+01 
  91    0.8973545 -1.23969e+01 
  92    0.9170040 -1.23372e+01 
  93    0.9370838 -1.22788e+01 
  94    0.9576033 -1.22238e+01 
  95    0.9785721 -1.21658e+01 
  96    1.0000000 -1.21143e+01 
  97    1.0218971 -1.20596e+01 
  98    1.0442738 -1.20153e+01 
  99    1.0671404 -1.19631e+01 
 100    1.0905077 -1.19160e+01 
 101    1.1143867 -1.18655e+01 
 102    1.1387886 -1.18181e+01 
 103    1.1637249 -1.17736e+01 
 104    1.1892071 -1.17277e+01 
 105    1.2152474 -1.16780e+01 
 106    1.2418578 -1.16231e+01 
 107    1.2690510 -1.15756e+01 
 108    1.2968396 -1.15187e+01 
 109    1.3252366 -1.14613e+01 
 110    1.3542555 -1.14101e+01 
 111    1.3839099 -1.13737e+01 
 112    1.4142136 -1.13287e+01 
 113    1.4451808 -1.12935e+01 
 114    1.4768261 -1.12673e+01 
 115    1.5091644 -1.12395e+01 
 116    1.5422108 -1.12230e+01 
 117    1.5759808 -1.12181e+01 
 118    1.6104903 -1.12186e+01 
 119    1.6457555 -1.12205e+01 
 120    1.6817928 -1.12341e+01 
 121    1.7186193 -1.12552e+01 
 122    1.7562522 -1.12752e+01 
 123    1.7947091 -1.12962e+01 
 124    1.8340081 -1.13209e+01 
 125    1.8741676 -1.13472e+01 
 126    1.9152066 -1.13701e+01 
 127    1.9571441 -1.13950e+01 
 128    2.0000000 -1.14210e+01 
 129    2.0437943 -1.14446e+01 
 130    2.0885476 -1.14700e+01 
 131    2.1342808 -1.14932e+01 
 132    2.1810155 -1.15117e+01 
 133    2.2287735 -1.15286e+01 
 134    2.2775773 -1.15456e+01 
 135    2.3274497 -1.15569e+01 
 136    2.3784142 -1.15650e+01 
 137    2.4304947 -1.15716e+01 
 138    2.4837156 -1.15776e+01 
 139    2.5381019 -1.15846e+01 
 140    2.5936791 -1.15854e+01 
 141    2.6504733 -1.15835e+01 
 142    2.7085111 -1.15746e+01 
 143    2.7678198 -1.15658e+01 
 144    2.8284271 -1.15551e+01 
 145    2.8903616 -1.15453e+01 
 146    2.9536523 -1.15263e+01 
 147    3.0183289 -1.15140e+01 
 148    3.0844217 -1.15003e+01 
 149    3.1519617 -1.14830e+01 
 150    3.2209807 -1.14639e+01 
 151    3.2915110 -1.14414e+01 
 152    3.3635857 -1.14220e+01 
 153    3.4372386 -1.14013e+01 
 154    3.5125043 -1.13796e+01 
 155    3.5894182 -1.13597e+01 
 156    3.6680162 -1.13385e+01 
 157    3.7483353 -1.13169e+01 
 158    3.8304131 -1.12985e+01 
 159    3.9142882 -1.12780e+01 
 160    4.0000000 -1.12561e+01 
 161    4.0875886 -1.12375e+01 
 162    4.1770951 -1.12196e+01 
 163    4.2685616 -1.12018e+01 
 164    4.3620309 -1.11798e+01 
 165    4.4575470 -1.11625e+01 
 166    4.5551545 -1.11452e+01 
 167    4.6548994 -1.11278e+01 
 168    4.7568285 -1.11108e+01 
 169    4.8609894 -1.10922e+01 
 170    4.9674312 -1.10734e+01 
 171    5.0762038 -1.10554e+01 
 172    5.1873582 -1.10387e+01 
 173    5.3009466 -1.10246e+01 
 174    5.4170222 -1.10104e+01 
 175    5.5356395 -1.10007e+01 
 176    5.6568542 -1.09919e+01 
 177    5.7807232 -1.09828e+01 
 178    5.9073046 -1.09766e+01 
 179    6.0366577 -1.09711e+01 
 180    6.1688433 -1.09669e+01 
 181    6.3039234 -1.09646e+01 
 182    6.4419613 -1.09596e+01 
 183    6.5830219 -1.09513e+01 
 184    6.7271713 -1.09445e+01 
 185    6.8744772 -1.09393e+01 
 186    7.0250086 -1.09313e+01 
 187    7.1788363 -1.09218e+01 
 188    7.3360323 -1.09116e+01 
 189    7.4966705 -1.08980e+01 


# S-band (filter: Spitzer_IRAC2.dat)
   0    0.1250000 -1.40887e+01 
   1    0.1277371 -1.40664e+01 
   2    0.1305342 -1.40437e+01 
   3    0.1333926 -1.40205e+01 
   4    0.1363135 -1.40120e+01 
   5    0.1392983 -1.39985e+01 
   6    0.1423486 -1.39716e+01 
   7    0.1454656 -1.39502e+01 
   8    0.1486509 -1.39372e+01 
   9    0.1519059 -1.39152e+01 
  10    0.1552322 -1.38918e+01 
  11    0.1586314 -1.38866e+01 
  12    0.1621049 -1.38708e+01 
  13    0.1656546 -1.38195e+01 
  14    0.1692819 -1.37908e+01 
  15    0.1729887 -1.37490e+01 
  16    0.1767767 -1.36991e+01 
  17    0.1806476 -1.36492e+01 
  18    0.1846033 -1.35904e+01 
  19    0.1886456 -1.35511e+01 
  20    0.1927764 -1.35035e+01 
  21    0.1969976 -1.34485e+01 
  22    0.2013113 -1.34082e+01 
  23    0.2057194 -1.33263e+01 
  24    0.2102241 -1.32874e+01 
  25    0.2148274 -1.32283e+01 
  26    0.2195315 -1.31711e+01 
  27    0.2243386 -1.31200e+01 
  28    0.2292510 -1.30646e+01 
  29    0.2342710 -1.29914e+01 
  30    0.2394008 -1.29404e+01 
  31    0.2446430 -1.28745e+01 
  32    0.2500000 -1.28010e+01 
  33    0.2554743 -1.27441e+01 
  34    0.2610684 -1.26579e+01 
  35    0.2667851 -1.26024e+01 
  36    0.2726269 -1.25373e+01 
  37    0.2785967 -1.24763e+01 
  38    0.2846972 -1.24183e+01 
  39    0.2909312 -1.23566e+01 
  40    0.2973018 -1.22663e+01 
  41    0.3038118 -1.21894e+01 
  42    0.3104645 -1.21206e+01 
  43    0.3172627 -1.20569e+01 
  44    0.3242099 -1.20190e+01 
  45    0.3313092 -1.19259e+01 
  46    0.3385639 -1.18727e+01 
  47    0.3459775 -1.18097e+01 
  48    0.3535534 -1.17166e+01 
  49    0.3612952 -1.16366e+01 
  50    0.3692065 -1.15710e+01 
  51    0.3772911 -1.15030e+01 
  52    0.3855527 -1.14249e+01 
  53    0.3939952 -1.13754e+01 
  54    0.4026226 -1.13229e+01 
  55    0.4114389 -1.12643e+01 
  56    0.4204482 -1.11684e+01 
  57    0.4296548 -1.10837e+01 
  58    0.4390630 -1.09227e+01 
  59    0.4486773 -1.08353e+01 
  60    0.4585020 -1.07684e+01 
  61    0.4685419 -1.06648e+01 
  62    0.4788016 -1.05526e+01 
  63    0.4892860 -1.04532e+01 
  64    0.5000000 -1.03263e+01 
  65    0.5109486 -1.01776e+01 
  66    0.5221369 -9.99073e+00 
  67    0.5335702 -9.82876e+00 
  68    0.5452539 -9.65501e+00 
  69    0.5571934 -9.53404e+00 
  70    0.5693943 -9.42358e+00 
  71    0.5818624 -9.25354e+00 
  72    0.5946036 -9.08601e+00 
  73    0.6076237 -8.96191e+00 
  74    0.6209289 -8.76322e+00 
  75    0.6345255 -8.61891e+00 
  76    0.6484198 -8.48037e+00 
  77    0.6626183 -8.36847e+00 
  78    0.6771278 -8.21516e+00 
  79    0.6919549 -8.10244e+00 
  80    0.7071068 -7.98379e+00 
  81    0.7225904 -7.84639e+00 
  82    0.7384131 -7.75468e+00 
  83    0.7545822 -7.60525e+00 
  84    0.7711054 -7.46562e+00 
  85    0.7879904 -7.36087e+00 
  86    0.8052452 -7.33428e+00 
  87    0.8228777 -7.25020e+00 
  88    0.8408964 -7.20296e+00 
  89    0.8593096 -7.11990e+00 
  90    0.8781261 -7.05410e+00 
  91    0.8973545 -7.05829e+00 
  92    0.9170040 -7.05099e+00 
  93    0.9370838 -6.98788e+00 
  94    0.9576033 -6.91010e+00 
  95    0.9785721 -6.92561e+00 
  96    1.0000000 -6.87933e+00 
  97    1.0218971 -6.87788e+00 
  98    1.0442738 -6.70348e+00 
  99    1.0671404 -6.59758e+00 
 100    1.0905077 -6.58006e+00 
 101    1.1143867 -6.67209e+00 
 102    1.1387886 -6.61902e+00 
 103    1.1637249 -6.57813e+00 
 104    1.1892071 -6.50083e+00 
 105    1.2152474 -6.50150e+00 
 106    1.2418578 -6.50146e+00 
 107    1.2690510 -6.49207e+00 
 108    1.2968396 -6.50866e+00 
 109    1.3252366 -6.46873e+00 
 110    1.3542555 -6.59245e+00 
 111    1.3839099 -6.63019e+00 
 112    1.4142136 -6.61473e+00 
 113    1.4451808 -6.50471e+00 
 114    1.4768261 -6.51751e+00 
 115    1.5091644 -6.55015e+00 
 116    1.5422108 -6.60979e+00 
 117    1.5759808 -6.64308e+00 
 118    1.6104903 -6.64910e+00 
 119    1.6457555 -6.65318e+00 
 120    1.6817928 -6.59761e+00 
 121    1.7186193 -6.64831e+00 
 122    1.7562522 -6.62403e+00 
 123    1.7947091 -6.66695e+00 
 124    1.8340081 -6.65756e+00 
 125    1.8741676 -6.71920e+00 
 126    1.9152066 -6.69114e+00 
 127    1.9571441 -6.68615e+00 
 128    2.0000000 -6.69140e+00 
 129    2.0437943 -6.67229e+00 
 130    2.0885476 -6.68419e+00 
 131    2.1342808 -6.68369e+00 
 132    2.1810155 -6.72564e+00 
 133    2.2287735 -6.76344e+00 
 134    2.2775773 -6.76874e+00 
 135    2.3274497 -6.76336e+00 
 136    2.3784142 -6.81863e+00 
 137    2.4304947 -6.83138e+00 
 138    2.4837156 -6.87874e+00 
 139    2.5381019 -6.85452e+00 
 140    2.5936791 -6.87276e+00 
 141    2.6504733 -6.88594e+00 
 142    2.7085111 -6.90339e+00 
 143    2.7678198 -6.92396e+00 
 144    2.8284271 -6.93344e+00 
 145    2.8903616 -6.92423e+00 
 146    2.9536523 -6.92681e+00 
 147    3.0183289 -6.90859e+00 
 148    3.0844217 -6.87902e+00 
 149    3.1519617 -6.86624e+00 
 150    3.2209807 -6.87827e+00 
 151    3.2915110 -6.90658e+00 
 152    3.3635857 -6.90521e+00 
 153    3.4372386 -6.92688e+00 
 154    3.5125043 -6.92799e+00 
 155    3.5894182 -6.92185e+00 
 156    3.6680162 -6.92893e+00 
 157    3.7483353 -6.93222e+00 
 158    3.8304131 -6.95527e+00 
 159    3.9142882 -6.97137e+00 
 160    4.0000000 -6.98877e+00 
 161    4.0875886 -6.98268e+00 
 162    4.1770951 -6.97249e+00 
 163    4.2685616 -6.97667e+00 
 164    4.3620309 -6.98872e+00 
 165    4.4575470 -6.98964e+00 
 166    4.5551545 -7.00034e+00 
 167    4.6548994 -7.02551e+00 
 168    4.7568285 -7.04484e+00 
 169    4.8609894 -7.05655e+00 
 170    4.9674312 -7.05522e+00 
 171    5.0762038 -7.06482e+00 
 172    5.1873582 -7.07396e+00 
 173    5.3009466 -7.08582e+00 
 174    5.4170222 -7.09159e+00 
 175    5.5356395 -7.10441e+00 
 176    5.6568542 -7.09004e+00 
 177    5.7807232 -7.08846e+00 
 178    5.9073046 -7.08379e+00 
 179    6.0366577 -7.07025e+00 
 180    6.1688433 -7.05944e+00 
 181    6.3039234 -7.04656e+00 
 182    6.4419613 -7.04122e+00 
 183    6.5830219 -7.01935e+00 
 184    6.7271713 -6.99912e+00 
 185    6.8744772 -6.99371e+00 
 186    7.0250086 -6.97244e+00 
 187    7.1788363 -6.95148e+00 
 188    7.3360323 -6.93407e+00 
 189    7.4966705 -6.91000e+00 


