# 1:iteration 2:time bin[s] 3-k:AB magnitude for k-th angular bin
# g-band (filter: g_LSST.dat)
   0    0.1250000 -1.48317e+01 
   1    0.1277371 -1.48361e+01 
   2    0.1305342 -1.48405e+01 
   3    0.1333926 -1.48451e+01 
   4    0.1363135 -1.48478e+01 
   5    0.1392983 -1.48494e+01 
   6    0.1423486 -1.48489e+01 
   7    0.1454656 -1.48473e+01 
   8    0.1486509 -1.48436e+01 
   9    0.1519059 -1.48381e+01 
  10    0.1552322 -1.48318e+01 
  11    0.1586314 -1.48244e+01 
  12    0.1621049 -1.48150e+01 
  13    0.1656546 -1.48046e+01 
  14    0.1692819 -1.47925e+01 
  15    0.1729887 -1.47792e+01 
  16    0.1767767 -1.47643e+01 
  17    0.1806476 -1.47479e+01 
  18    0.1846033 -1.47300e+01 
  19    0.1886456 -1.47102e+01 
  20    0.1927764 -1.46884e+01 
  21    0.1969976 -1.46652e+01 
  22    0.2013113 -1.46389e+01 
  23    0.2057194 -1.46101e+01 
  24    0.2102241 -1.45794e+01 
  25    0.2148274 -1.45448e+01 
  26    0.2195315 -1.45072e+01 
  27    0.2243386 -1.44672e+01 
  28    0.2292510 -1.44226e+01 
  29    0.2342710 -1.43736e+01 
  30    0.2394008 -1.43224e+01 
  31    0.2446430 -1.42665e+01 
  32    0.2500000 -1.42074e+01 
  33    0.2554743 -1.41451e+01 
  34    0.2610684 -1.40809e+01 
  35    0.2667851 -1.40140e+01 
  36    0.2726269 -1.39466e+01 
  37    0.2785967 -1.38780e+01 
  38    0.2846972 -1.38149e+01 
  39    0.2909312 -1.37527e+01 
  40    0.2973018 -1.36922e+01 
  41    0.3038118 -1.36445e+01 
  42    0.3104645 -1.36041e+01 
  43    0.3172627 -1.35665e+01 
  44    0.3242099 -1.35460e+01 
  45    0.3313092 -1.35300e+01 
  46    0.3385639 -1.35209e+01 
  47    0.3459775 -1.35203e+01 
  48    0.3535534 -1.35227e+01 
  49    0.3612952 -1.35319e+01 
  50    0.3692065 -1.35391e+01 
  51    0.3772911 -1.35494e+01 
  52    0.3855527 -1.35620e+01 
  53    0.3939952 -1.35713e+01 
  54    0.4026226 -1.35798e+01 
  55    0.4114389 -1.35856e+01 
  56    0.4204482 -1.35876e+01 
  57    0.4296548 -1.35879e+01 
  58    0.4390630 -1.35837e+01 
  59    0.4486773 -1.35802e+01 
  60    0.4585020 -1.35757e+01 
  61    0.4685419 -1.35712e+01 
  62    0.4788016 -1.35650e+01 
  63    0.4892860 -1.35587e+01 
  64    0.5000000 -1.35517e+01 
  65    0.5109486 -1.35430e+01 
  66    0.5221369 -1.35321e+01 
  67    0.5335702 -1.35207e+01 
  68    0.5452539 -1.35091e+01 
  69    0.5571934 -1.34940e+01 
  70    0.5693943 -1.34817e+01 
  71    0.5818624 -1.34661e+01 
  72    0.5946036 -1.34526e+01 
  73    0.6076237 -1.34380e+01 
  74    0.6209289 -1.34214e+01 
  75    0.6345255 -1.34063e+01 
  76    0.6484198 -1.33892e+01 
  77    0.6626183 -1.33731e+01 
  78    0.6771278 -1.33551e+01 
  79    0.6919549 -1.33377e+01 
  80    0.7071068 -1.33197e+01 
  81    0.7225904 -1.33009e+01 
  82    0.7384131 -1.32804e+01 
  83    0.7545822 -1.32603e+01 
  84    0.7711054 -1.32399e+01 
  85    0.7879904 -1.32191e+01 
  86    0.8052452 -1.31953e+01 
  87    0.8228777 -1.31698e+01 
  88    0.8408964 -1.31410e+01 
  89    0.8593096 -1.31107e+01 
  90    0.8781261 -1.30791e+01 
  91    0.8973545 -1.30458e+01 
  92    0.9170040 -1.30161e+01 
  93    0.9370838 -1.29861e+01 
  94    0.9576033 -1.29590e+01 
  95    0.9785721 -1.29279e+01 
  96    1.0000000 -1.28950e+01 
  97    1.0218971 -1.28613e+01 
  98    1.0442738 -1.28291e+01 
  99    1.0671404 -1.27983e+01 
 100    1.0905077 -1.27664e+01 
 101    1.1143867 -1.27353e+01 
 102    1.1387886 -1.27048e+01 
 103    1.1637249 -1.26711e+01 
 104    1.1892071 -1.26356e+01 
 105    1.2152474 -1.25948e+01 
 106    1.2418578 -1.25531e+01 
 107    1.2690510 -1.25075e+01 
 108    1.2968396 -1.24601e+01 
 109    1.3252366 -1.24102e+01 
 110    1.3542555 -1.23574e+01 
 111    1.3839099 -1.23029e+01 
 112    1.4142136 -1.22442e+01 
 113    1.4451808 -1.21832e+01 
 114    1.4768261 -1.21213e+01 
 115    1.5091644 -1.20572e+01 
 116    1.5422108 -1.19928e+01 
 117    1.5759808 -1.19275e+01 
 118    1.6104903 -1.18616e+01 
 119    1.6457555 -1.17961e+01 
 120    1.6817928 -1.17288e+01 
 121    1.7186193 -1.16610e+01 
 122    1.7562522 -1.15916e+01 
 123    1.7947091 -1.15212e+01 
 124    1.8340081 -1.14495e+01 
 125    1.8741676 -1.13777e+01 
 126    1.9152066 -1.13034e+01 
 127    1.9571441 -1.12291e+01 
 128    2.0000000 -1.11525e+01 
 129    2.0437943 -1.10762e+01 
 130    2.0885476 -1.09988e+01 
 131    2.1342808 -1.09219e+01 
 132    2.1810155 -1.08462e+01 
 133    2.2287735 -1.07738e+01 
 134    2.2775773 -1.07012e+01 
 135    2.3274497 -1.06309e+01 
 136    2.3784142 -1.05659e+01 
 137    2.4304947 -1.05007e+01 
 138    2.4837156 -1.04423e+01 
 139    2.5381019 -1.03850e+01 
 140    2.5936791 -1.03310e+01 
 141    2.6504733 -1.02819e+01 
 142    2.7085111 -1.02369e+01 
 143    2.7678198 -1.01924e+01 
 144    2.8284271 -1.01520e+01 
 145    2.8903616 -1.01135e+01 
 146    2.9536523 -1.00790e+01 
 147    3.0183289 -1.00464e+01 
 148    3.0844217 -1.00169e+01 
 149    3.1519617 -9.98883e+00 
 150    3.2209807 -9.96289e+00 
 151    3.2915110 -9.94165e+00 
 152    3.3635857 -9.92145e+00 
 153    3.4372386 -9.90464e+00 
 154    3.5125043 -9.89175e+00 
 155    3.5894182 -9.88348e+00 
 156    3.6680162 -9.87662e+00 
 157    3.7483353 -9.87619e+00 
 158    3.8304131 -9.87668e+00 
 159    3.9142882 -9.87881e+00 
 160    4.0000000 -9.88259e+00 
 161    4.0875886 -9.88794e+00 
 162    4.1770951 -9.89532e+00 
 163    4.2685616 -9.89995e+00 
 164    4.3620309 -9.90638e+00 
 165    4.4575470 -9.91179e+00 
 166    4.5551545 -9.91700e+00 
 167    4.6548994 -9.92191e+00 
 168    4.7568285 -9.92577e+00 
 169    4.8609894 -9.92967e+00 
 170    4.9674312 -9.93491e+00 
 171    5.0762038 -9.94023e+00 
 172    5.1873582 -9.94528e+00 
 173    5.3009466 -9.95150e+00 
 174    5.4170222 -9.95702e+00 
 175    5.5356395 -9.96281e+00 
 176    5.6568542 -9.96579e+00 
 177    5.7807232 -9.96783e+00 
 178    5.9073046 -9.97068e+00 
 179    6.0366577 -9.97352e+00 
 180    6.1688433 -9.97546e+00 
 181    6.3039234 -9.97487e+00 
 182    6.4419613 -9.97119e+00 
 183    6.5830219 -9.96536e+00 
 184    6.7271713 -9.95822e+00 
 185    6.8744772 -9.94740e+00 
 186    7.0250086 -9.93650e+00 
 187    7.1788363 -9.92612e+00 
 188    7.3360323 -9.91422e+00 
 189    7.4966705 -9.89848e+00 


# r-band (filter: r_LSST.dat)
   0    0.1250000 -1.48493e+01 
   1    0.1277371 -1.48649e+01 
   2    0.1305342 -1.48808e+01 
   3    0.1333926 -1.48971e+01 
   4    0.1363135 -1.49128e+01 
   5    0.1392983 -1.49270e+01 
   6    0.1423486 -1.49395e+01 
   7    0.1454656 -1.49503e+01 
   8    0.1486509 -1.49609e+01 
   9    0.1519059 -1.49698e+01 
  10    0.1552322 -1.49783e+01 
  11    0.1586314 -1.49851e+01 
  12    0.1621049 -1.49916e+01 
  13    0.1656546 -1.49971e+01 
  14    0.1692819 -1.50015e+01 
  15    0.1729887 -1.50053e+01 
  16    0.1767767 -1.50078e+01 
  17    0.1806476 -1.50098e+01 
  18    0.1846033 -1.50108e+01 
  19    0.1886456 -1.50119e+01 
  20    0.1927764 -1.50109e+01 
  21    0.1969976 -1.50096e+01 
  22    0.2013113 -1.50070e+01 
  23    0.2057194 -1.50036e+01 
  24    0.2102241 -1.49995e+01 
  25    0.2148274 -1.49938e+01 
  26    0.2195315 -1.49869e+01 
  27    0.2243386 -1.49796e+01 
  28    0.2292510 -1.49711e+01 
  29    0.2342710 -1.49615e+01 
  30    0.2394008 -1.49510e+01 
  31    0.2446430 -1.49395e+01 
  32    0.2500000 -1.49278e+01 
  33    0.2554743 -1.49152e+01 
  34    0.2610684 -1.49036e+01 
  35    0.2667851 -1.48922e+01 
  36    0.2726269 -1.48809e+01 
  37    0.2785967 -1.48701e+01 
  38    0.2846972 -1.48619e+01 
  39    0.2909312 -1.48545e+01 
  40    0.2973018 -1.48481e+01 
  41    0.3038118 -1.48451e+01 
  42    0.3104645 -1.48439e+01 
  43    0.3172627 -1.48453e+01 
  44    0.3242099 -1.48498e+01 
  45    0.3313092 -1.48568e+01 
  46    0.3385639 -1.48664e+01 
  47    0.3459775 -1.48803e+01 
  48    0.3535534 -1.48971e+01 
  49    0.3612952 -1.49156e+01 
  50    0.3692065 -1.49360e+01 
  51    0.3772911 -1.49572e+01 
  52    0.3855527 -1.49807e+01 
  53    0.3939952 -1.50040e+01 
  54    0.4026226 -1.50292e+01 
  55    0.4114389 -1.50544e+01 
  56    0.4204482 -1.50789e+01 
  57    0.4296548 -1.51010e+01 
  58    0.4390630 -1.51228e+01 
  59    0.4486773 -1.51441e+01 
  60    0.4585020 -1.51648e+01 
  61    0.4685419 -1.51839e+01 
  62    0.4788016 -1.52018e+01 
  63    0.4892860 -1.52185e+01 
  64    0.5000000 -1.52344e+01 
  65    0.5109486 -1.52493e+01 
  66    0.5221369 -1.52629e+01 
  67    0.5335702 -1.52756e+01 
  68    0.5452539 -1.52887e+01 
  69    0.5571934 -1.53020e+01 
  70    0.5693943 -1.53145e+01 
  71    0.5818624 -1.53268e+01 
  72    0.5946036 -1.53384e+01 
  73    0.6076237 -1.53498e+01 
  74    0.6209289 -1.53609e+01 
  75    0.6345255 -1.53709e+01 
  76    0.6484198 -1.53787e+01 
  77    0.6626183 -1.53863e+01 
  78    0.6771278 -1.53913e+01 
  79    0.6919549 -1.53965e+01 
  80    0.7071068 -1.54014e+01 
  81    0.7225904 -1.54045e+01 
  82    0.7384131 -1.54047e+01 
  83    0.7545822 -1.54039e+01 
  84    0.7711054 -1.54022e+01 
  85    0.7879904 -1.53992e+01 
  86    0.8052452 -1.53952e+01 
  87    0.8228777 -1.53902e+01 
  88    0.8408964 -1.53835e+01 
  89    0.8593096 -1.53757e+01 
  90    0.8781261 -1.53671e+01 
  91    0.8973545 -1.53586e+01 
  92    0.9170040 -1.53505e+01 
  93    0.9370838 -1.53426e+01 
  94    0.9576033 -1.53376e+01 
  95    0.9785721 -1.53316e+01 
  96    1.0000000 -1.53251e+01 
  97    1.0218971 -1.53187e+01 
  98    1.0442738 -1.53125e+01 
  99    1.0671404 -1.53082e+01 
 100    1.0905077 -1.53033e+01 
 101    1.1143867 -1.52995e+01 
 102    1.1387886 -1.52958e+01 
 103    1.1637249 -1.52906e+01 
 104    1.1892071 -1.52835e+01 
 105    1.2152474 -1.52739e+01 
 106    1.2418578 -1.52639e+01 
 107    1.2690510 -1.52508e+01 
 108    1.2968396 -1.52358e+01 
 109    1.3252366 -1.52191e+01 
 110    1.3542555 -1.51986e+01 
 111    1.3839099 -1.51745e+01 
 112    1.4142136 -1.51478e+01 
 113    1.4451808 -1.51152e+01 
 114    1.4768261 -1.50774e+01 
 115    1.5091644 -1.50367e+01 
 116    1.5422108 -1.49887e+01 
 117    1.5759808 -1.49356e+01 
 118    1.6104903 -1.48783e+01 
 119    1.6457555 -1.48130e+01 
 120    1.6817928 -1.47427e+01 
 121    1.7186193 -1.46673e+01 
 122    1.7562522 -1.45848e+01 
 123    1.7947091 -1.44973e+01 
 124    1.8340081 -1.44050e+01 
 125    1.8741676 -1.43079e+01 
 126    1.9152066 -1.42075e+01 
 127    1.9571441 -1.41040e+01 
 128    2.0000000 -1.39967e+01 
 129    2.0437943 -1.38889e+01 
 130    2.0885476 -1.37809e+01 
 131    2.1342808 -1.36711e+01 
 132    2.1810155 -1.35646e+01 
 133    2.2287735 -1.34606e+01 
 134    2.2775773 -1.33568e+01 
 135    2.3274497 -1.32591e+01 
 136    2.3784142 -1.31652e+01 
 137    2.4304947 -1.30736e+01 
 138    2.4837156 -1.29894e+01 
 139    2.5381019 -1.29090e+01 
 140    2.5936791 -1.28327e+01 
 141    2.6504733 -1.27624e+01 
 142    2.7085111 -1.26960e+01 
 143    2.7678198 -1.26330e+01 
 144    2.8284271 -1.25743e+01 
 145    2.8903616 -1.25188e+01 
 146    2.9536523 -1.24661e+01 
 147    3.0183289 -1.24155e+01 
 148    3.0844217 -1.23673e+01 
 149    3.1519617 -1.23207e+01 
 150    3.2209807 -1.22757e+01 
 151    3.2915110 -1.22321e+01 
 152    3.3635857 -1.21894e+01 
 153    3.4372386 -1.21480e+01 
 154    3.5125043 -1.21079e+01 
 155    3.5894182 -1.20686e+01 
 156    3.6680162 -1.20296e+01 
 157    3.7483353 -1.19920e+01 
 158    3.8304131 -1.19554e+01 
 159    3.9142882 -1.19191e+01 
 160    4.0000000 -1.18847e+01 
 161    4.0875886 -1.18506e+01 
 162    4.1770951 -1.18171e+01 
 163    4.2685616 -1.17852e+01 
 164    4.3620309 -1.17542e+01 
 165    4.4575470 -1.17233e+01 
 166    4.5551545 -1.16936e+01 
 167    4.6548994 -1.16645e+01 
 168    4.7568285 -1.16357e+01 
 169    4.8609894 -1.16081e+01 
 170    4.9674312 -1.15812e+01 
 171    5.0762038 -1.15549e+01 
 172    5.1873582 -1.15291e+01 
 173    5.3009466 -1.15044e+01 
 174    5.4170222 -1.14801e+01 
 175    5.5356395 -1.14559e+01 
 176    5.6568542 -1.14316e+01 
 177    5.7807232 -1.14074e+01 
 178    5.9073046 -1.13832e+01 
 179    6.0366577 -1.13586e+01 
 180    6.1688433 -1.13348e+01 
 181    6.3039234 -1.13102e+01 
 182    6.4419613 -1.12857e+01 
 183    6.5830219 -1.12609e+01 
 184    6.7271713 -1.12357e+01 
 185    6.8744772 -1.12107e+01 
 186    7.0250086 -1.11851e+01 
 187    7.1788363 -1.11591e+01 
 188    7.3360323 -1.11329e+01 
 189    7.4966705 -1.11072e+01 


# i-band (filter: i_LSST.dat)
   0    0.1250000 -1.43878e+01 
   1    0.1277371 -1.44083e+01 
   2    0.1305342 -1.44292e+01 
   3    0.1333926 -1.44506e+01 
   4    0.1363135 -1.44710e+01 
   5    0.1392983 -1.44919e+01 
   6    0.1423486 -1.45120e+01 
   7    0.1454656 -1.45311e+01 
   8    0.1486509 -1.45501e+01 
   9    0.1519059 -1.45669e+01 
  10    0.1552322 -1.45835e+01 
  11    0.1586314 -1.45998e+01 
  12    0.1621049 -1.46153e+01 
  13    0.1656546 -1.46295e+01 
  14    0.1692819 -1.46429e+01 
  15    0.1729887 -1.46551e+01 
  16    0.1767767 -1.46652e+01 
  17    0.1806476 -1.46736e+01 
  18    0.1846033 -1.46808e+01 
  19    0.1886456 -1.46859e+01 
  20    0.1927764 -1.46887e+01 
  21    0.1969976 -1.46904e+01 
  22    0.2013113 -1.46889e+01 
  23    0.2057194 -1.46846e+01 
  24    0.2102241 -1.46788e+01 
  25    0.2148274 -1.46683e+01 
  26    0.2195315 -1.46553e+01 
  27    0.2243386 -1.46406e+01 
  28    0.2292510 -1.46220e+01 
  29    0.2342710 -1.46015e+01 
  30    0.2394008 -1.45789e+01 
  31    0.2446430 -1.45540e+01 
  32    0.2500000 -1.45293e+01 
  33    0.2554743 -1.45025e+01 
  34    0.2610684 -1.44771e+01 
  35    0.2667851 -1.44516e+01 
  36    0.2726269 -1.44275e+01 
  37    0.2785967 -1.44035e+01 
  38    0.2846972 -1.43831e+01 
  39    0.2909312 -1.43651e+01 
  40    0.2973018 -1.43490e+01 
  41    0.3038118 -1.43384e+01 
  42    0.3104645 -1.43304e+01 
  43    0.3172627 -1.43250e+01 
  44    0.3242099 -1.43237e+01 
  45    0.3313092 -1.43256e+01 
  46    0.3385639 -1.43308e+01 
  47    0.3459775 -1.43402e+01 
  48    0.3535534 -1.43518e+01 
  49    0.3612952 -1.43663e+01 
  50    0.3692065 -1.43838e+01 
  51    0.3772911 -1.44028e+01 
  52    0.3855527 -1.44232e+01 
  53    0.3939952 -1.44441e+01 
  54    0.4026226 -1.44660e+01 
  55    0.4114389 -1.44880e+01 
  56    0.4204482 -1.45097e+01 
  57    0.4296548 -1.45315e+01 
  58    0.4390630 -1.45523e+01 
  59    0.4486773 -1.45722e+01 
  60    0.4585020 -1.45920e+01 
  61    0.4685419 -1.46112e+01 
  62    0.4788016 -1.46285e+01 
  63    0.4892860 -1.46447e+01 
  64    0.5000000 -1.46592e+01 
  65    0.5109486 -1.46739e+01 
  66    0.5221369 -1.46863e+01 
  67    0.5335702 -1.46984e+01 
  68    0.5452539 -1.47090e+01 
  69    0.5571934 -1.47173e+01 
  70    0.5693943 -1.47247e+01 
  71    0.5818624 -1.47309e+01 
  72    0.5946036 -1.47348e+01 
  73    0.6076237 -1.47359e+01 
  74    0.6209289 -1.47361e+01 
  75    0.6345255 -1.47340e+01 
  76    0.6484198 -1.47303e+01 
  77    0.6626183 -1.47244e+01 
  78    0.6771278 -1.47169e+01 
  79    0.6919549 -1.47071e+01 
  80    0.7071068 -1.46972e+01 
  81    0.7225904 -1.46861e+01 
  82    0.7384131 -1.46714e+01 
  83    0.7545822 -1.46504e+01 
  84    0.7711054 -1.46285e+01 
  85    0.7879904 -1.46010e+01 
  86    0.8052452 -1.45729e+01 
  87    0.8228777 -1.45424e+01 
  88    0.8408964 -1.45066e+01 
  89    0.8593096 -1.44674e+01 
  90    0.8781261 -1.44259e+01 
  91    0.8973545 -1.43866e+01 
  92    0.9170040 -1.43496e+01 
  93    0.9370838 -1.43107e+01 
  94    0.9576033 -1.42762e+01 
  95    0.9785721 -1.42437e+01 
  96    1.0000000 -1.42126e+01 
  97    1.0218971 -1.41862e+01 
  98    1.0442738 -1.41600e+01 
  99    1.0671404 -1.41378e+01 
 100    1.0905077 -1.41191e+01 
 101    1.1143867 -1.41040e+01 
 102    1.1387886 -1.40896e+01 
 103    1.1637249 -1.40751e+01 
 104    1.1892071 -1.40595e+01 
 105    1.2152474 -1.40426e+01 
 106    1.2418578 -1.40272e+01 
 107    1.2690510 -1.40108e+01 
 108    1.2968396 -1.39928e+01 
 109    1.3252366 -1.39741e+01 
 110    1.3542555 -1.39536e+01 
 111    1.3839099 -1.39309e+01 
 112    1.4142136 -1.39072e+01 
 113    1.4451808 -1.38802e+01 
 114    1.4768261 -1.38518e+01 
 115    1.5091644 -1.38216e+01 
 116    1.5422108 -1.37896e+01 
 117    1.5759808 -1.37560e+01 
 118    1.6104903 -1.37206e+01 
 119    1.6457555 -1.36839e+01 
 120    1.6817928 -1.36469e+01 
 121    1.7186193 -1.36079e+01 
 122    1.7562522 -1.35702e+01 
 123    1.7947091 -1.35315e+01 
 124    1.8340081 -1.34930e+01 
 125    1.8741676 -1.34544e+01 
 126    1.9152066 -1.34171e+01 
 127    1.9571441 -1.33805e+01 
 128    2.0000000 -1.33449e+01 
 129    2.0437943 -1.33109e+01 
 130    2.0885476 -1.32782e+01 
 131    2.1342808 -1.32459e+01 
 132    2.1810155 -1.32150e+01 
 133    2.2287735 -1.31838e+01 
 134    2.2775773 -1.31539e+01 
 135    2.3274497 -1.31231e+01 
 136    2.3784142 -1.30919e+01 
 137    2.4304947 -1.30607e+01 
 138    2.4837156 -1.30282e+01 
 139    2.5381019 -1.29946e+01 
 140    2.5936791 -1.29595e+01 
 141    2.6504733 -1.29222e+01 
 142    2.7085111 -1.28832e+01 
 143    2.7678198 -1.28426e+01 
 144    2.8284271 -1.28004e+01 
 145    2.8903616 -1.27576e+01 
 146    2.9536523 -1.27132e+01 
 147    3.0183289 -1.26675e+01 
 148    3.0844217 -1.26213e+01 
 149    3.1519617 -1.25742e+01 
 150    3.2209807 -1.25265e+01 
 151    3.2915110 -1.24787e+01 
 152    3.3635857 -1.24311e+01 
 153    3.4372386 -1.23837e+01 
 154    3.5125043 -1.23375e+01 
 155    3.5894182 -1.22912e+01 
 156    3.6680162 -1.22447e+01 
 157    3.7483353 -1.21986e+01 
 158    3.8304131 -1.21533e+01 
 159    3.9142882 -1.21081e+01 
 160    4.0000000 -1.20642e+01 
 161    4.0875886 -1.20211e+01 
 162    4.1770951 -1.19777e+01 
 163    4.2685616 -1.19358e+01 
 164    4.3620309 -1.18941e+01 
 165    4.4575470 -1.18532e+01 
 166    4.5551545 -1.18142e+01 
 167    4.6548994 -1.17768e+01 
 168    4.7568285 -1.17399e+01 
 169    4.8609894 -1.17059e+01 
 170    4.9674312 -1.16729e+01 
 171    5.0762038 -1.16409e+01 
 172    5.1873582 -1.16097e+01 
 173    5.3009466 -1.15790e+01 
 174    5.4170222 -1.15493e+01 
 175    5.5356395 -1.15205e+01 
 176    5.6568542 -1.14913e+01 
 177    5.7807232 -1.14606e+01 
 178    5.9073046 -1.14303e+01 
 179    6.0366577 -1.13992e+01 
 180    6.1688433 -1.13673e+01 
 181    6.3039234 -1.13341e+01 
 182    6.4419613 -1.13005e+01 
 183    6.5830219 -1.12658e+01 
 184    6.7271713 -1.12301e+01 
 185    6.8744772 -1.11944e+01 
 186    7.0250086 -1.11575e+01 
 187    7.1788363 -1.11198e+01 
 188    7.3360323 -1.10817e+01 
 189    7.4966705 -1.10429e+01 


# z-band (filter: z_LSST.dat)
   0    0.1250000 -1.42001e+01 
   1    0.1277371 -1.42202e+01 
   2    0.1305342 -1.42408e+01 
   3    0.1333926 -1.42619e+01 
   4    0.1363135 -1.42813e+01 
   5    0.1392983 -1.43032e+01 
   6    0.1423486 -1.43232e+01 
   7    0.1454656 -1.43427e+01 
   8    0.1486509 -1.43620e+01 
   9    0.1519059 -1.43794e+01 
  10    0.1552322 -1.43966e+01 
  11    0.1586314 -1.44142e+01 
  12    0.1621049 -1.44290e+01 
  13    0.1656546 -1.44438e+01 
  14    0.1692819 -1.44568e+01 
  15    0.1729887 -1.44682e+01 
  16    0.1767767 -1.44770e+01 
  17    0.1806476 -1.44838e+01 
  18    0.1846033 -1.44882e+01 
  19    0.1886456 -1.44895e+01 
  20    0.1927764 -1.44860e+01 
  21    0.1969976 -1.44806e+01 
  22    0.2013113 -1.44680e+01 
  23    0.2057194 -1.44515e+01 
  24    0.2102241 -1.44311e+01 
  25    0.2148274 -1.44027e+01 
  26    0.2195315 -1.43686e+01 
  27    0.2243386 -1.43305e+01 
  28    0.2292510 -1.42854e+01 
  29    0.2342710 -1.42345e+01 
  30    0.2394008 -1.41802e+01 
  31    0.2446430 -1.41206e+01 
  32    0.2500000 -1.40591e+01 
  33    0.2554743 -1.39948e+01 
  34    0.2610684 -1.39308e+01 
  35    0.2667851 -1.38668e+01 
  36    0.2726269 -1.38035e+01 
  37    0.2785967 -1.37397e+01 
  38    0.2846972 -1.36821e+01 
  39    0.2909312 -1.36263e+01 
  40    0.2973018 -1.35742e+01 
  41    0.3038118 -1.35253e+01 
  42    0.3104645 -1.34782e+01 
  43    0.3172627 -1.34351e+01 
  44    0.3242099 -1.33963e+01 
  45    0.3313092 -1.33588e+01 
  46    0.3385639 -1.33240e+01 
  47    0.3459775 -1.32929e+01 
  48    0.3535534 -1.32642e+01 
  49    0.3612952 -1.32360e+01 
  50    0.3692065 -1.32122e+01 
  51    0.3772911 -1.31904e+01 
  52    0.3855527 -1.31673e+01 
  53    0.3939952 -1.31503e+01 
  54    0.4026226 -1.31363e+01 
  55    0.4114389 -1.31235e+01 
  56    0.4204482 -1.31156e+01 
  57    0.4296548 -1.31108e+01 
  58    0.4390630 -1.31090e+01 
  59    0.4486773 -1.31095e+01 
  60    0.4585020 -1.31144e+01 
  61    0.4685419 -1.31221e+01 
  62    0.4788016 -1.31327e+01 
  63    0.4892860 -1.31442e+01 
  64    0.5000000 -1.31596e+01 
  65    0.5109486 -1.31782e+01 
  66    0.5221369 -1.31969e+01 
  67    0.5335702 -1.32184e+01 
  68    0.5452539 -1.32410e+01 
  69    0.5571934 -1.32643e+01 
  70    0.5693943 -1.32876e+01 
  71    0.5818624 -1.33136e+01 
  72    0.5946036 -1.33397e+01 
  73    0.6076237 -1.33686e+01 
  74    0.6209289 -1.33983e+01 
  75    0.6345255 -1.34295e+01 
  76    0.6484198 -1.34605e+01 
  77    0.6626183 -1.34916e+01 
  78    0.6771278 -1.35229e+01 
  79    0.6919549 -1.35542e+01 
  80    0.7071068 -1.35843e+01 
  81    0.7225904 -1.36175e+01 
  82    0.7384131 -1.36500e+01 
  83    0.7545822 -1.36770e+01 
  84    0.7711054 -1.37063e+01 
  85    0.7879904 -1.37318e+01 
  86    0.8052452 -1.37564e+01 
  87    0.8228777 -1.37800e+01 
  88    0.8408964 -1.38015e+01 
  89    0.8593096 -1.38215e+01 
  90    0.8781261 -1.38400e+01 
  91    0.8973545 -1.38559e+01 
  92    0.9170040 -1.38718e+01 
  93    0.9370838 -1.38854e+01 
  94    0.9576033 -1.38973e+01 
  95    0.9785721 -1.39098e+01 
  96    1.0000000 -1.39201e+01 
  97    1.0218971 -1.39278e+01 
  98    1.0442738 -1.39344e+01 
  99    1.0671404 -1.39405e+01 
 100    1.0905077 -1.39446e+01 
 101    1.1143867 -1.39472e+01 
 102    1.1387886 -1.39486e+01 
 103    1.1637249 -1.39494e+01 
 104    1.1892071 -1.39456e+01 
 105    1.2152474 -1.39392e+01 
 106    1.2418578 -1.39326e+01 
 107    1.2690510 -1.39220e+01 
 108    1.2968396 -1.39090e+01 
 109    1.3252366 -1.38943e+01 
 110    1.3542555 -1.38768e+01 
 111    1.3839099 -1.38555e+01 
 112    1.4142136 -1.38326e+01 
 113    1.4451808 -1.38059e+01 
 114    1.4768261 -1.37765e+01 
 115    1.5091644 -1.37449e+01 
 116    1.5422108 -1.37113e+01 
 117    1.5759808 -1.36751e+01 
 118    1.6104903 -1.36366e+01 
 119    1.6457555 -1.35974e+01 
 120    1.6817928 -1.35561e+01 
 121    1.7186193 -1.35135e+01 
 122    1.7562522 -1.34694e+01 
 123    1.7947091 -1.34254e+01 
 124    1.8340081 -1.33811e+01 
 125    1.8741676 -1.33360e+01 
 126    1.9152066 -1.32919e+01 
 127    1.9571441 -1.32483e+01 
 128    2.0000000 -1.32049e+01 
 129    2.0437943 -1.31633e+01 
 130    2.0885476 -1.31229e+01 
 131    2.1342808 -1.30827e+01 
 132    2.1810155 -1.30438e+01 
 133    2.2287735 -1.30051e+01 
 134    2.2775773 -1.29677e+01 
 135    2.3274497 -1.29303e+01 
 136    2.3784142 -1.28921e+01 
 137    2.4304947 -1.28538e+01 
 138    2.4837156 -1.28132e+01 
 139    2.5381019 -1.27710e+01 
 140    2.5936791 -1.27278e+01 
 141    2.6504733 -1.26812e+01 
 142    2.7085111 -1.26314e+01 
 143    2.7678198 -1.25791e+01 
 144    2.8284271 -1.25229e+01 
 145    2.8903616 -1.24629e+01 
 146    2.9536523 -1.23998e+01 
 147    3.0183289 -1.23333e+01 
 148    3.0844217 -1.22645e+01 
 149    3.1519617 -1.21932e+01 
 150    3.2209807 -1.21202e+01 
 151    3.2915110 -1.20453e+01 
 152    3.3635857 -1.19701e+01 
 153    3.4372386 -1.18928e+01 
 154    3.5125043 -1.18169e+01 
 155    3.5894182 -1.17404e+01 
 156    3.6680162 -1.16641e+01 
 157    3.7483353 -1.15902e+01 
 158    3.8304131 -1.15175e+01 
 159    3.9142882 -1.14452e+01 
 160    4.0000000 -1.13744e+01 
 161    4.0875886 -1.13047e+01 
 162    4.1770951 -1.12349e+01 
 163    4.2685616 -1.11651e+01 
 164    4.3620309 -1.10957e+01 
 165    4.4575470 -1.10262e+01 
 166    4.5551545 -1.09567e+01 
 167    4.6548994 -1.08875e+01 
 168    4.7568285 -1.08178e+01 
 169    4.8609894 -1.07493e+01 
 170    4.9674312 -1.06806e+01 
 171    5.0762038 -1.06134e+01 
 172    5.1873582 -1.05446e+01 
 173    5.3009466 -1.04785e+01 
 174    5.4170222 -1.04133e+01 
 175    5.5356395 -1.03493e+01 
 176    5.6568542 -1.02878e+01 
 177    5.7807232 -1.02271e+01 
 178    5.9073046 -1.01669e+01 
 179    6.0366577 -1.01087e+01 
 180    6.1688433 -1.00512e+01 
 181    6.3039234 -9.99443e+00 
 182    6.4419613 -9.93756e+00 
 183    6.5830219 -9.88178e+00 
 184    6.7271713 -9.82696e+00 
 185    6.8744772 -9.77064e+00 
 186    7.0250086 -9.71435e+00 
 187    7.1788363 -9.65700e+00 
 188    7.3360323 -9.59910e+00 
 189    7.4966705 -9.54095e+00 


# y-band (filter: y_LSST.dat)
   0    0.1250000 -1.40350e+01 
   1    0.1277371 -1.40554e+01 
   2    0.1305342 -1.40762e+01 
   3    0.1333926 -1.40975e+01 
   4    0.1363135 -1.41175e+01 
   5    0.1392983 -1.41424e+01 
   6    0.1423486 -1.41680e+01 
   7    0.1454656 -1.41974e+01 
   8    0.1486509 -1.42235e+01 
   9    0.1519059 -1.42513e+01 
  10    0.1552322 -1.42800e+01 
  11    0.1586314 -1.43085e+01 
  12    0.1621049 -1.43366e+01 
  13    0.1656546 -1.43666e+01 
  14    0.1692819 -1.43948e+01 
  15    0.1729887 -1.44256e+01 
  16    0.1767767 -1.44543e+01 
  17    0.1806476 -1.44822e+01 
  18    0.1846033 -1.45106e+01 
  19    0.1886456 -1.45361e+01 
  20    0.1927764 -1.45603e+01 
  21    0.1969976 -1.45836e+01 
  22    0.2013113 -1.46020e+01 
  23    0.2057194 -1.46189e+01 
  24    0.2102241 -1.46335e+01 
  25    0.2148274 -1.46413e+01 
  26    0.2195315 -1.46473e+01 
  27    0.2243386 -1.46488e+01 
  28    0.2292510 -1.46448e+01 
  29    0.2342710 -1.46358e+01 
  30    0.2394008 -1.46222e+01 
  31    0.2446430 -1.46032e+01 
  32    0.2500000 -1.45797e+01 
  33    0.2554743 -1.45530e+01 
  34    0.2610684 -1.45217e+01 
  35    0.2667851 -1.44854e+01 
  36    0.2726269 -1.44482e+01 
  37    0.2785967 -1.44060e+01 
  38    0.2846972 -1.43631e+01 
  39    0.2909312 -1.43186e+01 
  40    0.2973018 -1.42733e+01 
  41    0.3038118 -1.42272e+01 
  42    0.3104645 -1.41830e+01 
  43    0.3172627 -1.41379e+01 
  44    0.3242099 -1.40934e+01 
  45    0.3313092 -1.40493e+01 
  46    0.3385639 -1.40073e+01 
  47    0.3459775 -1.39658e+01 
  48    0.3535534 -1.39247e+01 
  49    0.3612952 -1.38857e+01 
  50    0.3692065 -1.38495e+01 
  51    0.3772911 -1.38172e+01 
  52    0.3855527 -1.37827e+01 
  53    0.3939952 -1.37535e+01 
  54    0.4026226 -1.37234e+01 
  55    0.4114389 -1.36958e+01 
  56    0.4204482 -1.36735e+01 
  57    0.4296548 -1.36530e+01 
  58    0.4390630 -1.36347e+01 
  59    0.4486773 -1.36180e+01 
  60    0.4585020 -1.36076e+01 
  61    0.4685419 -1.35978e+01 
  62    0.4788016 -1.35904e+01 
  63    0.4892860 -1.35854e+01 
  64    0.5000000 -1.35843e+01 
  65    0.5109486 -1.35860e+01 
  66    0.5221369 -1.35922e+01 
  67    0.5335702 -1.35997e+01 
  68    0.5452539 -1.36089e+01 
  69    0.5571934 -1.36215e+01 
  70    0.5693943 -1.36358e+01 
  71    0.5818624 -1.36537e+01 
  72    0.5946036 -1.36734e+01 
  73    0.6076237 -1.36950e+01 
  74    0.6209289 -1.37181e+01 
  75    0.6345255 -1.37451e+01 
  76    0.6484198 -1.37731e+01 
  77    0.6626183 -1.38019e+01 
  78    0.6771278 -1.38328e+01 
  79    0.6919549 -1.38654e+01 
  80    0.7071068 -1.38991e+01 
  81    0.7225904 -1.39342e+01 
  82    0.7384131 -1.39697e+01 
  83    0.7545822 -1.40052e+01 
  84    0.7711054 -1.40409e+01 
  85    0.7879904 -1.40762e+01 
  86    0.8052452 -1.41115e+01 
  87    0.8228777 -1.41469e+01 
  88    0.8408964 -1.41810e+01 
  89    0.8593096 -1.42151e+01 
  90    0.8781261 -1.42486e+01 
  91    0.8973545 -1.42796e+01 
  92    0.9170040 -1.43096e+01 
  93    0.9370838 -1.43386e+01 
  94    0.9576033 -1.43665e+01 
  95    0.9785721 -1.43927e+01 
  96    1.0000000 -1.44184e+01 
  97    1.0218971 -1.44415e+01 
  98    1.0442738 -1.44630e+01 
  99    1.0671404 -1.44834e+01 
 100    1.0905077 -1.45010e+01 
 101    1.1143867 -1.45162e+01 
 102    1.1387886 -1.45306e+01 
 103    1.1637249 -1.45434e+01 
 104    1.1892071 -1.45532e+01 
 105    1.2152474 -1.45611e+01 
 106    1.2418578 -1.45671e+01 
 107    1.2690510 -1.45700e+01 
 108    1.2968396 -1.45706e+01 
 109    1.3252366 -1.45698e+01 
 110    1.3542555 -1.45647e+01 
 111    1.3839099 -1.45573e+01 
 112    1.4142136 -1.45478e+01 
 113    1.4451808 -1.45346e+01 
 114    1.4768261 -1.45182e+01 
 115    1.5091644 -1.44993e+01 
 116    1.5422108 -1.44769e+01 
 117    1.5759808 -1.44515e+01 
 118    1.6104903 -1.44232e+01 
 119    1.6457555 -1.43913e+01 
 120    1.6817928 -1.43556e+01 
 121    1.7186193 -1.43169e+01 
 122    1.7562522 -1.42742e+01 
 123    1.7947091 -1.42274e+01 
 124    1.8340081 -1.41779e+01 
 125    1.8741676 -1.41253e+01 
 126    1.9152066 -1.40681e+01 
 127    1.9571441 -1.40085e+01 
 128    2.0000000 -1.39457e+01 
 129    2.0437943 -1.38799e+01 
 130    2.0885476 -1.38121e+01 
 131    2.1342808 -1.37412e+01 
 132    2.1810155 -1.36689e+01 
 133    2.2287735 -1.35955e+01 
 134    2.2775773 -1.35197e+01 
 135    2.3274497 -1.34434e+01 
 136    2.3784142 -1.33656e+01 
 137    2.4304947 -1.32867e+01 
 138    2.4837156 -1.32080e+01 
 139    2.5381019 -1.31281e+01 
 140    2.5936791 -1.30478e+01 
 141    2.6504733 -1.29673e+01 
 142    2.7085111 -1.28868e+01 
 143    2.7678198 -1.28055e+01 
 144    2.8284271 -1.27235e+01 
 145    2.8903616 -1.26418e+01 
 146    2.9536523 -1.25588e+01 
 147    3.0183289 -1.24761e+01 
 148    3.0844217 -1.23945e+01 
 149    3.1519617 -1.23129e+01 
 150    3.2209807 -1.22303e+01 
 151    3.2915110 -1.21480e+01 
 152    3.3635857 -1.20659e+01 
 153    3.4372386 -1.19839e+01 
 154    3.5125043 -1.19036e+01 
 155    3.5894182 -1.18234e+01 
 156    3.6680162 -1.17435e+01 
 157    3.7483353 -1.16652e+01 
 158    3.8304131 -1.15894e+01 
 159    3.9142882 -1.15121e+01 
 160    4.0000000 -1.14367e+01 
 161    4.0875886 -1.13617e+01 
 162    4.1770951 -1.12873e+01 
 163    4.2685616 -1.12141e+01 
 164    4.3620309 -1.11391e+01 
 165    4.4575470 -1.10637e+01 
 166    4.5551545 -1.09880e+01 
 167    4.6548994 -1.09123e+01 
 168    4.7568285 -1.08363e+01 
 169    4.8609894 -1.07600e+01 
 170    4.9674312 -1.06838e+01 
 171    5.0762038 -1.06073e+01 
 172    5.1873582 -1.05300e+01 
 173    5.3009466 -1.04537e+01 
 174    5.4170222 -1.03792e+01 
 175    5.5356395 -1.03043e+01 
 176    5.6568542 -1.02317e+01 
 177    5.7807232 -1.01617e+01 
 178    5.9073046 -1.00920e+01 
 179    6.0366577 -1.00245e+01 
 180    6.1688433 -9.95859e+00 
 181    6.3039234 -9.89410e+00 
 182    6.4419613 -9.83363e+00 
 183    6.5830219 -9.77504e+00 
 184    6.7271713 -9.71698e+00 
 185    6.8744772 -9.66098e+00 
 186    7.0250086 -9.60384e+00 
 187    7.1788363 -9.54791e+00 
 188    7.3360323 -9.49262e+00 
 189    7.4966705 -9.43856e+00 


# J-band (filter: J_2MASS.dat)
   0    0.1250000 -1.34773e+01 
   1    0.1277371 -1.35017e+01 
   2    0.1305342 -1.35266e+01 
   3    0.1333926 -1.35521e+01 
   4    0.1363135 -1.35753e+01 
   5    0.1392983 -1.36045e+01 
   6    0.1423486 -1.36314e+01 
   7    0.1454656 -1.36596e+01 
   8    0.1486509 -1.36881e+01 
   9    0.1519059 -1.37191e+01 
  10    0.1552322 -1.37491e+01 
  11    0.1586314 -1.37820e+01 
  12    0.1621049 -1.38168e+01 
  13    0.1656546 -1.38550e+01 
  14    0.1692819 -1.38924e+01 
  15    0.1729887 -1.39312e+01 
  16    0.1767767 -1.39704e+01 
  17    0.1806476 -1.40149e+01 
  18    0.1846033 -1.40599e+01 
  19    0.1886456 -1.41040e+01 
  20    0.1927764 -1.41474e+01 
  21    0.1969976 -1.41927e+01 
  22    0.2013113 -1.42411e+01 
  23    0.2057194 -1.42878e+01 
  24    0.2102241 -1.43354e+01 
  25    0.2148274 -1.43803e+01 
  26    0.2195315 -1.44279e+01 
  27    0.2243386 -1.44758e+01 
  28    0.2292510 -1.45215e+01 
  29    0.2342710 -1.45670e+01 
  30    0.2394008 -1.46140e+01 
  31    0.2446430 -1.46578e+01 
  32    0.2500000 -1.47027e+01 
  33    0.2554743 -1.47466e+01 
  34    0.2610684 -1.47867e+01 
  35    0.2667851 -1.48270e+01 
  36    0.2726269 -1.48660e+01 
  37    0.2785967 -1.49039e+01 
  38    0.2846972 -1.49391e+01 
  39    0.2909312 -1.49715e+01 
  40    0.2973018 -1.50034e+01 
  41    0.3038118 -1.50309e+01 
  42    0.3104645 -1.50556e+01 
  43    0.3172627 -1.50799e+01 
  44    0.3242099 -1.50999e+01 
  45    0.3313092 -1.51176e+01 
  46    0.3385639 -1.51331e+01 
  47    0.3459775 -1.51452e+01 
  48    0.3535534 -1.51553e+01 
  49    0.3612952 -1.51628e+01 
  50    0.3692065 -1.51673e+01 
  51    0.3772911 -1.51700e+01 
  52    0.3855527 -1.51705e+01 
  53    0.3939952 -1.51700e+01 
  54    0.4026226 -1.51666e+01 
  55    0.4114389 -1.51619e+01 
  56    0.4204482 -1.51556e+01 
  57    0.4296548 -1.51485e+01 
  58    0.4390630 -1.51410e+01 
  59    0.4486773 -1.51316e+01 
  60    0.4585020 -1.51215e+01 
  61    0.4685419 -1.51115e+01 
  62    0.4788016 -1.51011e+01 
  63    0.4892860 -1.50905e+01 
  64    0.5000000 -1.50802e+01 
  65    0.5109486 -1.50693e+01 
  66    0.5221369 -1.50589e+01 
  67    0.5335702 -1.50493e+01 
  68    0.5452539 -1.50399e+01 
  69    0.5571934 -1.50312e+01 
  70    0.5693943 -1.50228e+01 
  71    0.5818624 -1.50149e+01 
  72    0.5946036 -1.50083e+01 
  73    0.6076237 -1.50026e+01 
  74    0.6209289 -1.49968e+01 
  75    0.6345255 -1.49929e+01 
  76    0.6484198 -1.49896e+01 
  77    0.6626183 -1.49874e+01 
  78    0.6771278 -1.49863e+01 
  79    0.6919549 -1.49862e+01 
  80    0.7071068 -1.49863e+01 
  81    0.7225904 -1.49880e+01 
  82    0.7384131 -1.49899e+01 
  83    0.7545822 -1.49917e+01 
  84    0.7711054 -1.49940e+01 
  85    0.7879904 -1.49975e+01 
  86    0.8052452 -1.50025e+01 
  87    0.8228777 -1.50077e+01 
  88    0.8408964 -1.50143e+01 
  89    0.8593096 -1.50213e+01 
  90    0.8781261 -1.50286e+01 
  91    0.8973545 -1.50384e+01 
  92    0.9170040 -1.50485e+01 
  93    0.9370838 -1.50598e+01 
  94    0.9576033 -1.50724e+01 
  95    0.9785721 -1.50860e+01 
  96    1.0000000 -1.51005e+01 
  97    1.0218971 -1.51150e+01 
  98    1.0442738 -1.51297e+01 
  99    1.0671404 -1.51453e+01 
 100    1.0905077 -1.51604e+01 
 101    1.1143867 -1.51763e+01 
 102    1.1387886 -1.51916e+01 
 103    1.1637249 -1.52063e+01 
 104    1.1892071 -1.52210e+01 
 105    1.2152474 -1.52352e+01 
 106    1.2418578 -1.52494e+01 
 107    1.2690510 -1.52629e+01 
 108    1.2968396 -1.52760e+01 
 109    1.3252366 -1.52887e+01 
 110    1.3542555 -1.53005e+01 
 111    1.3839099 -1.53113e+01 
 112    1.4142136 -1.53216e+01 
 113    1.4451808 -1.53309e+01 
 114    1.4768261 -1.53394e+01 
 115    1.5091644 -1.53469e+01 
 116    1.5422108 -1.53523e+01 
 117    1.5759808 -1.53563e+01 
 118    1.6104903 -1.53596e+01 
 119    1.6457555 -1.53606e+01 
 120    1.6817928 -1.53597e+01 
 121    1.7186193 -1.53576e+01 
 122    1.7562522 -1.53531e+01 
 123    1.7947091 -1.53469e+01 
 124    1.8340081 -1.53392e+01 
 125    1.8741676 -1.53294e+01 
 126    1.9152066 -1.53174e+01 
 127    1.9571441 -1.53037e+01 
 128    2.0000000 -1.52884e+01 
 129    2.0437943 -1.52707e+01 
 130    2.0885476 -1.52508e+01 
 131    2.1342808 -1.52292e+01 
 132    2.1810155 -1.52055e+01 
 133    2.2287735 -1.51798e+01 
 134    2.2775773 -1.51525e+01 
 135    2.3274497 -1.51225e+01 
 136    2.3784142 -1.50910e+01 
 137    2.4304947 -1.50577e+01 
 138    2.4837156 -1.50228e+01 
 139    2.5381019 -1.49861e+01 
 140    2.5936791 -1.49479e+01 
 141    2.6504733 -1.49083e+01 
 142    2.7085111 -1.48670e+01 
 143    2.7678198 -1.48246e+01 
 144    2.8284271 -1.47812e+01 
 145    2.8903616 -1.47362e+01 
 146    2.9536523 -1.46905e+01 
 147    3.0183289 -1.46436e+01 
 148    3.0844217 -1.45960e+01 
 149    3.1519617 -1.45476e+01 
 150    3.2209807 -1.44982e+01 
 151    3.2915110 -1.44486e+01 
 152    3.3635857 -1.43986e+01 
 153    3.4372386 -1.43476e+01 
 154    3.5125043 -1.42970e+01 
 155    3.5894182 -1.42458e+01 
 156    3.6680162 -1.41943e+01 
 157    3.7483353 -1.41432e+01 
 158    3.8304131 -1.40922e+01 
 159    3.9142882 -1.40407e+01 
 160    4.0000000 -1.39907e+01 
 161    4.0875886 -1.39414e+01 
 162    4.1770951 -1.38920e+01 
 163    4.2685616 -1.38443e+01 
 164    4.3620309 -1.37971e+01 
 165    4.4575470 -1.37505e+01 
 166    4.5551545 -1.37057e+01 
 167    4.6548994 -1.36611e+01 
 168    4.7568285 -1.36170e+01 
 169    4.8609894 -1.35733e+01 
 170    4.9674312 -1.35297e+01 
 171    5.0762038 -1.34863e+01 
 172    5.1873582 -1.34427e+01 
 173    5.3009466 -1.33989e+01 
 174    5.4170222 -1.33546e+01 
 175    5.5356395 -1.33096e+01 
 176    5.6568542 -1.32647e+01 
 177    5.7807232 -1.32184e+01 
 178    5.9073046 -1.31711e+01 
 179    6.0366577 -1.31230e+01 
 180    6.1688433 -1.30746e+01 
 181    6.3039234 -1.30256e+01 
 182    6.4419613 -1.29769e+01 
 183    6.5830219 -1.29283e+01 
 184    6.7271713 -1.28789e+01 
 185    6.8744772 -1.28312e+01 
 186    7.0250086 -1.27822e+01 
 187    7.1788363 -1.27323e+01 
 188    7.3360323 -1.26822e+01 
 189    7.4966705 -1.26335e+01 


# H-band (filter: H_2MASS.dat)
   0    0.1250000 -1.31821e+01 
   1    0.1277371 -1.32035e+01 
   2    0.1305342 -1.32254e+01 
   3    0.1333926 -1.32478e+01 
   4    0.1363135 -1.32628e+01 
   5    0.1392983 -1.33017e+01 
   6    0.1423486 -1.33559e+01 
   7    0.1454656 -1.33982e+01 
   8    0.1486509 -1.34526e+01 
   9    0.1519059 -1.35039e+01 
  10    0.1552322 -1.35609e+01 
  11    0.1586314 -1.36143e+01 
  12    0.1621049 -1.36690e+01 
  13    0.1656546 -1.37200e+01 
  14    0.1692819 -1.37734e+01 
  15    0.1729887 -1.38255e+01 
  16    0.1767767 -1.38753e+01 
  17    0.1806476 -1.39181e+01 
  18    0.1846033 -1.39626e+01 
  19    0.1886456 -1.40011e+01 
  20    0.1927764 -1.40415e+01 
  21    0.1969976 -1.40775e+01 
  22    0.2013113 -1.41107e+01 
  23    0.2057194 -1.41455e+01 
  24    0.2102241 -1.41784e+01 
  25    0.2148274 -1.42101e+01 
  26    0.2195315 -1.42374e+01 
  27    0.2243386 -1.42632e+01 
  28    0.2292510 -1.42886e+01 
  29    0.2342710 -1.43146e+01 
  30    0.2394008 -1.43375e+01 
  31    0.2446430 -1.43606e+01 
  32    0.2500000 -1.43818e+01 
  33    0.2554743 -1.44016e+01 
  34    0.2610684 -1.44177e+01 
  35    0.2667851 -1.44316e+01 
  36    0.2726269 -1.44437e+01 
  37    0.2785967 -1.44549e+01 
  38    0.2846972 -1.44640e+01 
  39    0.2909312 -1.44709e+01 
  40    0.2973018 -1.44769e+01 
  41    0.3038118 -1.44797e+01 
  42    0.3104645 -1.44849e+01 
  43    0.3172627 -1.44857e+01 
  44    0.3242099 -1.44848e+01 
  45    0.3313092 -1.44823e+01 
  46    0.3385639 -1.44802e+01 
  47    0.3459775 -1.44760e+01 
  48    0.3535534 -1.44722e+01 
  49    0.3612952 -1.44669e+01 
  50    0.3692065 -1.44620e+01 
  51    0.3772911 -1.44568e+01 
  52    0.3855527 -1.44517e+01 
  53    0.3939952 -1.44469e+01 
  54    0.4026226 -1.44406e+01 
  55    0.4114389 -1.44367e+01 
  56    0.4204482 -1.44317e+01 
  57    0.4296548 -1.44269e+01 
  58    0.4390630 -1.44216e+01 
  59    0.4486773 -1.44175e+01 
  60    0.4585020 -1.44134e+01 
  61    0.4685419 -1.44087e+01 
  62    0.4788016 -1.44037e+01 
  63    0.4892860 -1.43985e+01 
  64    0.5000000 -1.43935e+01 
  65    0.5109486 -1.43880e+01 
  66    0.5221369 -1.43828e+01 
  67    0.5335702 -1.43781e+01 
  68    0.5452539 -1.43731e+01 
  69    0.5571934 -1.43682e+01 
  70    0.5693943 -1.43649e+01 
  71    0.5818624 -1.43611e+01 
  72    0.5946036 -1.43577e+01 
  73    0.6076237 -1.43563e+01 
  74    0.6209289 -1.43545e+01 
  75    0.6345255 -1.43533e+01 
  76    0.6484198 -1.43529e+01 
  77    0.6626183 -1.43526e+01 
  78    0.6771278 -1.43540e+01 
  79    0.6919549 -1.43559e+01 
  80    0.7071068 -1.43582e+01 
  81    0.7225904 -1.43614e+01 
  82    0.7384131 -1.43643e+01 
  83    0.7545822 -1.43676e+01 
  84    0.7711054 -1.43725e+01 
  85    0.7879904 -1.43761e+01 
  86    0.8052452 -1.43812e+01 
  87    0.8228777 -1.43866e+01 
  88    0.8408964 -1.43925e+01 
  89    0.8593096 -1.44001e+01 
  90    0.8781261 -1.44076e+01 
  91    0.8973545 -1.44159e+01 
  92    0.9170040 -1.44244e+01 
  93    0.9370838 -1.44346e+01 
  94    0.9576033 -1.44458e+01 
  95    0.9785721 -1.44581e+01 
  96    1.0000000 -1.44698e+01 
  97    1.0218971 -1.44836e+01 
  98    1.0442738 -1.44981e+01 
  99    1.0671404 -1.45128e+01 
 100    1.0905077 -1.45282e+01 
 101    1.1143867 -1.45434e+01 
 102    1.1387886 -1.45589e+01 
 103    1.1637249 -1.45748e+01 
 104    1.1892071 -1.45911e+01 
 105    1.2152474 -1.46064e+01 
 106    1.2418578 -1.46219e+01 
 107    1.2690510 -1.46368e+01 
 108    1.2968396 -1.46511e+01 
 109    1.3252366 -1.46651e+01 
 110    1.3542555 -1.46780e+01 
 111    1.3839099 -1.46902e+01 
 112    1.4142136 -1.47020e+01 
 113    1.4451808 -1.47120e+01 
 114    1.4768261 -1.47214e+01 
 115    1.5091644 -1.47302e+01 
 116    1.5422108 -1.47374e+01 
 117    1.5759808 -1.47431e+01 
 118    1.6104903 -1.47484e+01 
 119    1.6457555 -1.47522e+01 
 120    1.6817928 -1.47549e+01 
 121    1.7186193 -1.47571e+01 
 122    1.7562522 -1.47583e+01 
 123    1.7947091 -1.47587e+01 
 124    1.8340081 -1.47583e+01 
 125    1.8741676 -1.47570e+01 
 126    1.9152066 -1.47548e+01 
 127    1.9571441 -1.47516e+01 
 128    2.0000000 -1.47483e+01 
 129    2.0437943 -1.47442e+01 
 130    2.0885476 -1.47386e+01 
 131    2.1342808 -1.47329e+01 
 132    2.1810155 -1.47254e+01 
 133    2.2287735 -1.47155e+01 
 134    2.2775773 -1.47045e+01 
 135    2.3274497 -1.46905e+01 
 136    2.3784142 -1.46740e+01 
 137    2.4304947 -1.46554e+01 
 138    2.4837156 -1.46323e+01 
 139    2.5381019 -1.46050e+01 
 140    2.5936791 -1.45747e+01 
 141    2.6504733 -1.45385e+01 
 142    2.7085111 -1.44976e+01 
 143    2.7678198 -1.44526e+01 
 144    2.8284271 -1.44013e+01 
 145    2.8903616 -1.43453e+01 
 146    2.9536523 -1.42844e+01 
 147    3.0183289 -1.42184e+01 
 148    3.0844217 -1.41473e+01 
 149    3.1519617 -1.40721e+01 
 150    3.2209807 -1.39926e+01 
 151    3.2915110 -1.39098e+01 
 152    3.3635857 -1.38239e+01 
 153    3.4372386 -1.37344e+01 
 154    3.5125043 -1.36432e+01 
 155    3.5894182 -1.35500e+01 
 156    3.6680162 -1.34545e+01 
 157    3.7483353 -1.33593e+01 
 158    3.8304131 -1.32636e+01 
 159    3.9142882 -1.31667e+01 
 160    4.0000000 -1.30707e+01 
 161    4.0875886 -1.29754e+01 
 162    4.1770951 -1.28795e+01 
 163    4.2685616 -1.27855e+01 
 164    4.3620309 -1.26921e+01 
 165    4.4575470 -1.25986e+01 
 166    4.5551545 -1.25079e+01 
 167    4.6548994 -1.24193e+01 
 168    4.7568285 -1.23307e+01 
 169    4.8609894 -1.22450e+01 
 170    4.9674312 -1.21601e+01 
 171    5.0762038 -1.20764e+01 
 172    5.1873582 -1.19935e+01 
 173    5.3009466 -1.19121e+01 
 174    5.4170222 -1.18313e+01 
 175    5.5356395 -1.17516e+01 
 176    5.6568542 -1.16719e+01 
 177    5.7807232 -1.15921e+01 
 178    5.9073046 -1.15121e+01 
 179    6.0366577 -1.14321e+01 
 180    6.1688433 -1.13518e+01 
 181    6.3039234 -1.12713e+01 
 182    6.4419613 -1.11912e+01 
 183    6.5830219 -1.11113e+01 
 184    6.7271713 -1.10300e+01 
 185    6.8744772 -1.09493e+01 
 186    7.0250086 -1.08673e+01 
 187    7.1788363 -1.07842e+01 
 188    7.3360323 -1.07007e+01 
 189    7.4966705 -1.06173e+01 


# K-band (filter: Ks_mosfire.dat)
   0    0.1250000 -1.25779e+01 
   1    0.1277371 -1.26194e+01 
   2    0.1305342 -1.26618e+01 
   3    0.1333926 -1.27051e+01 
   4    0.1363135 -1.27455e+01 
   5    0.1392983 -1.28011e+01 
   6    0.1423486 -1.28673e+01 
   7    0.1454656 -1.29258e+01 
   8    0.1486509 -1.29939e+01 
   9    0.1519059 -1.30434e+01 
  10    0.1552322 -1.30876e+01 
  11    0.1586314 -1.31423e+01 
  12    0.1621049 -1.31933e+01 
  13    0.1656546 -1.32432e+01 
  14    0.1692819 -1.32871e+01 
  15    0.1729887 -1.33220e+01 
  16    0.1767767 -1.33589e+01 
  17    0.1806476 -1.34070e+01 
  18    0.1846033 -1.34409e+01 
  19    0.1886456 -1.34714e+01 
  20    0.1927764 -1.35012e+01 
  21    0.1969976 -1.35336e+01 
  22    0.2013113 -1.35657e+01 
  23    0.2057194 -1.35924e+01 
  24    0.2102241 -1.36184e+01 
  25    0.2148274 -1.36434e+01 
  26    0.2195315 -1.36690e+01 
  27    0.2243386 -1.36891e+01 
  28    0.2292510 -1.37072e+01 
  29    0.2342710 -1.37187e+01 
  30    0.2394008 -1.37370e+01 
  31    0.2446430 -1.37521e+01 
  32    0.2500000 -1.37637e+01 
  33    0.2554743 -1.37736e+01 
  34    0.2610684 -1.37758e+01 
  35    0.2667851 -1.37833e+01 
  36    0.2726269 -1.37917e+01 
  37    0.2785967 -1.37955e+01 
  38    0.2846972 -1.37961e+01 
  39    0.2909312 -1.37936e+01 
  40    0.2973018 -1.37907e+01 
  41    0.3038118 -1.37912e+01 
  42    0.3104645 -1.37845e+01 
  43    0.3172627 -1.37796e+01 
  44    0.3242099 -1.37672e+01 
  45    0.3313092 -1.37578e+01 
  46    0.3385639 -1.37453e+01 
  47    0.3459775 -1.37318e+01 
  48    0.3535534 -1.37146e+01 
  49    0.3612952 -1.36953e+01 
  50    0.3692065 -1.36789e+01 
  51    0.3772911 -1.36615e+01 
  52    0.3855527 -1.36421e+01 
  53    0.3939952 -1.36186e+01 
  54    0.4026226 -1.35966e+01 
  55    0.4114389 -1.35740e+01 
  56    0.4204482 -1.35523e+01 
  57    0.4296548 -1.35300e+01 
  58    0.4390630 -1.35098e+01 
  59    0.4486773 -1.34862e+01 
  60    0.4585020 -1.34667e+01 
  61    0.4685419 -1.34456e+01 
  62    0.4788016 -1.34293e+01 
  63    0.4892860 -1.34100e+01 
  64    0.5000000 -1.33965e+01 
  65    0.5109486 -1.33821e+01 
  66    0.5221369 -1.33695e+01 
  67    0.5335702 -1.33608e+01 
  68    0.5452539 -1.33508e+01 
  69    0.5571934 -1.33435e+01 
  70    0.5693943 -1.33355e+01 
  71    0.5818624 -1.33285e+01 
  72    0.5946036 -1.33215e+01 
  73    0.6076237 -1.33151e+01 
  74    0.6209289 -1.33066e+01 
  75    0.6345255 -1.32980e+01 
  76    0.6484198 -1.32856e+01 
  77    0.6626183 -1.32731e+01 
  78    0.6771278 -1.32585e+01 
  79    0.6919549 -1.32429e+01 
  80    0.7071068 -1.32279e+01 
  81    0.7225904 -1.32073e+01 
  82    0.7384131 -1.31862e+01 
  83    0.7545822 -1.31635e+01 
  84    0.7711054 -1.31383e+01 
  85    0.7879904 -1.31160e+01 
  86    0.8052452 -1.30912e+01 
  87    0.8228777 -1.30663e+01 
  88    0.8408964 -1.30388e+01 
  89    0.8593096 -1.30177e+01 
  90    0.8781261 -1.29935e+01 
  91    0.8973545 -1.29691e+01 
  92    0.9170040 -1.29480e+01 
  93    0.9370838 -1.29268e+01 
  94    0.9576033 -1.29103e+01 
  95    0.9785721 -1.28907e+01 
  96    1.0000000 -1.28736e+01 
  97    1.0218971 -1.28560e+01 
  98    1.0442738 -1.28401e+01 
  99    1.0671404 -1.28258e+01 
 100    1.0905077 -1.28152e+01 
 101    1.1143867 -1.28006e+01 
 102    1.1387886 -1.27868e+01 
 103    1.1637249 -1.27740e+01 
 104    1.1892071 -1.27592e+01 
 105    1.2152474 -1.27442e+01 
 106    1.2418578 -1.27314e+01 
 107    1.2690510 -1.27202e+01 
 108    1.2968396 -1.27080e+01 
 109    1.3252366 -1.26966e+01 
 110    1.3542555 -1.26836e+01 
 111    1.3839099 -1.26708e+01 
 112    1.4142136 -1.26568e+01 
 113    1.4451808 -1.26419e+01 
 114    1.4768261 -1.26280e+01 
 115    1.5091644 -1.26146e+01 
 116    1.5422108 -1.25997e+01 
 117    1.5759808 -1.25833e+01 
 118    1.6104903 -1.25634e+01 
 119    1.6457555 -1.25444e+01 
 120    1.6817928 -1.25241e+01 
 121    1.7186193 -1.25017e+01 
 122    1.7562522 -1.24773e+01 
 123    1.7947091 -1.24528e+01 
 124    1.8340081 -1.24252e+01 
 125    1.8741676 -1.23986e+01 
 126    1.9152066 -1.23692e+01 
 127    1.9571441 -1.23362e+01 
 128    2.0000000 -1.23030e+01 
 129    2.0437943 -1.22681e+01 
 130    2.0885476 -1.22323e+01 
 131    2.1342808 -1.21946e+01 
 132    2.1810155 -1.21550e+01 
 133    2.2287735 -1.21148e+01 
 134    2.2775773 -1.20719e+01 
 135    2.3274497 -1.20273e+01 
 136    2.3784142 -1.19812e+01 
 137    2.4304947 -1.19339e+01 
 138    2.4837156 -1.18839e+01 
 139    2.5381019 -1.18340e+01 
 140    2.5936791 -1.17822e+01 
 141    2.6504733 -1.17307e+01 
 142    2.7085111 -1.16780e+01 
 143    2.7678198 -1.16236e+01 
 144    2.8284271 -1.15688e+01 
 145    2.8903616 -1.15140e+01 
 146    2.9536523 -1.14592e+01 
 147    3.0183289 -1.14031e+01 
 148    3.0844217 -1.13486e+01 
 149    3.1519617 -1.12938e+01 
 150    3.2209807 -1.12399e+01 
 151    3.2915110 -1.11865e+01 
 152    3.3635857 -1.11336e+01 
 153    3.4372386 -1.10807e+01 
 154    3.5125043 -1.10306e+01 
 155    3.5894182 -1.09808e+01 
 156    3.6680162 -1.09300e+01 
 157    3.7483353 -1.08810e+01 
 158    3.8304131 -1.08359e+01 
 159    3.9142882 -1.07902e+01 
 160    4.0000000 -1.07455e+01 
 161    4.0875886 -1.07019e+01 
 162    4.1770951 -1.06591e+01 
 163    4.2685616 -1.06181e+01 
 164    4.3620309 -1.05767e+01 
 165    4.4575470 -1.05357e+01 
 166    4.5551545 -1.04957e+01 
 167    4.6548994 -1.04581e+01 
 168    4.7568285 -1.04211e+01 
 169    4.8609894 -1.03859e+01 
 170    4.9674312 -1.03456e+01 
 171    5.0762038 -1.03080e+01 
 172    5.1873582 -1.02709e+01 
 173    5.3009466 -1.02321e+01 
 174    5.4170222 -1.01922e+01 
 175    5.5356395 -1.01540e+01 
 176    5.6568542 -1.01173e+01 
 177    5.7807232 -1.00793e+01 
 178    5.9073046 -1.00402e+01 
 179    6.0366577 -1.00001e+01 
 180    6.1688433 -9.96056e+00 
 181    6.3039234 -9.92096e+00 
 182    6.4419613 -9.88318e+00 
 183    6.5830219 -9.84308e+00 
 184    6.7271713 -9.80483e+00 
 185    6.8744772 -9.76520e+00 
 186    7.0250086 -9.72558e+00 
 187    7.1788363 -9.68456e+00 
 188    7.3360323 -9.64329e+00 
 189    7.4966705 -9.60202e+00 


# S-band (filter: Spitzer_IRAC2.dat)
   0    0.1250000 -1.19404e+01 
   1    0.1277371 -1.19648e+01 
   2    0.1305342 -1.19897e+01 
   3    0.1333926 -1.20151e+01 
   4    0.1363135 -1.20363e+01 
   5    0.1392983 -1.20633e+01 
   6    0.1423486 -1.20556e+01 
   7    0.1454656 -1.20728e+01 
   8    0.1486509 -1.20743e+01 
   9    0.1519059 -1.20895e+01 
  10    0.1552322 -1.20791e+01 
  11    0.1586314 -1.20839e+01 
  12    0.1621049 -1.20809e+01 
  13    0.1656546 -1.20872e+01 
  14    0.1692819 -1.20628e+01 
  15    0.1729887 -1.20359e+01 
  16    0.1767767 -1.19948e+01 
  17    0.1806476 -1.19790e+01 
  18    0.1846033 -1.19673e+01 
  19    0.1886456 -1.19447e+01 
  20    0.1927764 -1.19298e+01 
  21    0.1969976 -1.19216e+01 
  22    0.2013113 -1.18993e+01 
  23    0.2057194 -1.18594e+01 
  24    0.2102241 -1.18529e+01 
  25    0.2148274 -1.18013e+01 
  26    0.2195315 -1.17819e+01 
  27    0.2243386 -1.17471e+01 
  28    0.2292510 -1.17171e+01 
  29    0.2342710 -1.16766e+01 
  30    0.2394008 -1.16314e+01 
  31    0.2446430 -1.15822e+01 
  32    0.2500000 -1.15327e+01 
  33    0.2554743 -1.14741e+01 
  34    0.2610684 -1.14350e+01 
  35    0.2667851 -1.13922e+01 
  36    0.2726269 -1.13594e+01 
  37    0.2785967 -1.13101e+01 
  38    0.2846972 -1.12670e+01 
  39    0.2909312 -1.11997e+01 
  40    0.2973018 -1.11418e+01 
  41    0.3038118 -1.10746e+01 
  42    0.3104645 -1.10314e+01 
  43    0.3172627 -1.09828e+01 
  44    0.3242099 -1.09346e+01 
  45    0.3313092 -1.08825e+01 
  46    0.3385639 -1.08298e+01 
  47    0.3459775 -1.07777e+01 
  48    0.3535534 -1.07155e+01 
  49    0.3612952 -1.06717e+01 
  50    0.3692065 -1.06157e+01 
  51    0.3772911 -1.05842e+01 
  52    0.3855527 -1.05571e+01 
  53    0.3939952 -1.05262e+01 
  54    0.4026226 -1.04860e+01 
  55    0.4114389 -1.04411e+01 
  56    0.4204482 -1.04177e+01 
  57    0.4296548 -1.03865e+01 
  58    0.4390630 -1.03594e+01 
  59    0.4486773 -1.03365e+01 
  60    0.4585020 -1.03166e+01 
  61    0.4685419 -1.02986e+01 
  62    0.4788016 -1.02871e+01 
  63    0.4892860 -1.02458e+01 
  64    0.5000000 -1.02214e+01 
  65    0.5109486 -1.02108e+01 
  66    0.5221369 -1.01984e+01 
  67    0.5335702 -1.01822e+01 
  68    0.5452539 -1.01474e+01 
  69    0.5571934 -1.01246e+01 
  70    0.5693943 -1.01097e+01 
  71    0.5818624 -1.00928e+01 
  72    0.5946036 -1.00621e+01 
  73    0.6076237 -1.00476e+01 
  74    0.6209289 -1.00177e+01 
  75    0.6345255 -1.00093e+01 
  76    0.6484198 -9.98786e+00 
  77    0.6626183 -9.97449e+00 
  78    0.6771278 -9.95298e+00 
  79    0.6919549 -9.93800e+00 
  80    0.7071068 -9.92666e+00 
  81    0.7225904 -9.90796e+00 
  82    0.7384131 -9.87151e+00 
  83    0.7545822 -9.84772e+00 
  84    0.7711054 -9.82601e+00 
  85    0.7879904 -9.80207e+00 
  86    0.8052452 -9.78991e+00 
  87    0.8228777 -9.75489e+00 
  88    0.8408964 -9.73539e+00 
  89    0.8593096 -9.71346e+00 
  90    0.8781261 -9.68678e+00 
  91    0.8973545 -9.64800e+00 
  92    0.9170040 -9.63197e+00 
  93    0.9370838 -9.61039e+00 
  94    0.9576033 -9.59383e+00 
  95    0.9785721 -9.56784e+00 
  96    1.0000000 -9.55363e+00 
  97    1.0218971 -9.53456e+00 
  98    1.0442738 -9.51775e+00 
  99    1.0671404 -9.50437e+00 
 100    1.0905077 -9.49044e+00 
 101    1.1143867 -9.46283e+00 
 102    1.1387886 -9.45583e+00 
 103    1.1637249 -9.44042e+00 
 104    1.1892071 -9.42186e+00 
 105    1.2152474 -9.41378e+00 
 106    1.2418578 -9.38829e+00 
 107    1.2690510 -9.37288e+00 
 108    1.2968396 -9.35946e+00 
 109    1.3252366 -9.34499e+00 
 110    1.3542555 -9.32770e+00 
 111    1.3839099 -9.31511e+00 
 112    1.4142136 -9.30629e+00 
 113    1.4451808 -9.29686e+00 
 114    1.4768261 -9.27113e+00 
 115    1.5091644 -9.25404e+00 
 116    1.5422108 -9.24962e+00 
 117    1.5759808 -9.23562e+00 
 118    1.6104903 -9.22529e+00 
 119    1.6457555 -9.22134e+00 
 120    1.6817928 -9.20015e+00 
 121    1.7186193 -9.18590e+00 
 122    1.7562522 -9.18150e+00 
 123    1.7947091 -9.16368e+00 
 124    1.8340081 -9.14691e+00 
 125    1.8741676 -9.13268e+00 
 126    1.9152066 -9.12148e+00 
 127    1.9571441 -9.10548e+00 
 128    2.0000000 -9.08591e+00 
 129    2.0437943 -9.07068e+00 
 130    2.0885476 -9.05284e+00 
 131    2.1342808 -9.03624e+00 
 132    2.1810155 -9.02391e+00 
 133    2.2287735 -9.00047e+00 
 134    2.2775773 -8.97609e+00 
 135    2.3274497 -8.95147e+00 
 136    2.3784142 -8.92407e+00 
 137    2.4304947 -8.89367e+00 
 138    2.4837156 -8.86466e+00 
 139    2.5381019 -8.84059e+00 
 140    2.5936791 -8.80966e+00 
 141    2.6504733 -8.77558e+00 
 142    2.7085111 -8.73818e+00 
 143    2.7678198 -8.70003e+00 
 144    2.8284271 -8.65981e+00 
 145    2.8903616 -8.62423e+00 
 146    2.9536523 -8.58701e+00 
 147    3.0183289 -8.55373e+00 
 148    3.0844217 -8.52151e+00 
 149    3.1519617 -8.49484e+00 
 150    3.2209807 -8.45965e+00 
 151    3.2915110 -8.42250e+00 
 152    3.3635857 -8.40232e+00 
 153    3.4372386 -8.38138e+00 
 154    3.5125043 -8.36279e+00 
 155    3.5894182 -8.34540e+00 
 156    3.6680162 -8.32434e+00 
 157    3.7483353 -8.30638e+00 
 158    3.8304131 -8.29706e+00 
 159    3.9142882 -8.28327e+00 
 160    4.0000000 -8.27441e+00 
 161    4.0875886 -8.26750e+00 
 162    4.1770951 -8.26308e+00 
 163    4.2685616 -8.26097e+00 
 164    4.3620309 -8.25629e+00 
 165    4.4575470 -8.25064e+00 
 166    4.5551545 -8.24498e+00 
 167    4.6548994 -8.24561e+00 
 168    4.7568285 -8.24788e+00 
 169    4.8609894 -8.25349e+00 
 170    4.9674312 -8.25610e+00 
 171    5.0762038 -8.25574e+00 
 172    5.1873582 -8.25930e+00 
 173    5.3009466 -8.25932e+00 
 174    5.4170222 -8.26476e+00 
 175    5.5356395 -8.27018e+00 
 176    5.6568542 -8.27031e+00 
 177    5.7807232 -8.27555e+00 
 178    5.9073046 -8.27841e+00 
 179    6.0366577 -8.27855e+00 
 180    6.1688433 -8.28107e+00 
 181    6.3039234 -8.28046e+00 
 182    6.4419613 -8.28249e+00 
 183    6.5830219 -8.28681e+00 
 184    6.7271713 -8.28920e+00 
 185    6.8744772 -8.28943e+00 
 186    7.0250086 -8.28679e+00 
 187    7.1788363 -8.28544e+00 
 188    7.3360323 -8.28571e+00 
 189    7.4966705 -8.28576e+00 


