# 1:iteration 2:time bin[s] 3-k:equiv. isotropic luminosity in k-th angular bin [erg/s]
# bolometric luminosity going in angular bin
   0    0.1250000  1.85242e+41 
   1    0.1277371  1.86781e+41 
   2    0.1305342  1.88354e+41 
   3    0.1333926  1.89961e+41 
   4    0.1363135  1.91347e+41 
   5    0.1392983  1.92863e+41 
   6    0.1423486  1.94178e+41 
   7    0.1454656  1.95424e+41 
   8    0.1486509  1.96532e+41 
   9    0.1519059  1.97471e+41 
  10    0.1552322  1.98328e+41 
  11    0.1586314  1.99097e+41 
  12    0.1621049  1.99750e+41 
  13    0.1656546  2.00298e+41 
  14    0.1692819  2.00617e+41 
  15    0.1729887  2.00903e+41 
  16    0.1767767  2.00959e+41 
  17    0.1806476  2.00895e+41 
  18    0.1846033  2.00738e+41 
  19    0.1886456  2.00321e+41 
  20    0.1927764  1.99713e+41 
  21    0.1969976  1.98925e+41 
  22    0.2013113  1.97811e+41 
  23    0.2057194  1.96485e+41 
  24    0.2102241  1.94973e+41 
  25    0.2148274  1.93064e+41 
  26    0.2195315  1.90960e+41 
  27    0.2243386  1.88617e+41 
  28    0.2292510  1.86015e+41 
  29    0.2342710  1.83192e+41 
  30    0.2394008  1.80183e+41 
  31    0.2446430  1.77051e+41 
  32    0.2500000  1.73914e+41 
  33    0.2554743  1.70616e+41 
  34    0.2610684  1.67484e+41 
  35    0.2667851  1.64359e+41 
  36    0.2726269  1.61412e+41 
  37    0.2785967  1.58484e+41 
  38    0.2846972  1.55959e+41 
  39    0.2909312  1.53567e+41 
  40    0.2973018  1.51434e+41 
  41    0.3038118  1.49777e+41 
  42    0.3104645  1.48426e+41 
  43    0.3172627  1.47325e+41 
  44    0.3242099  1.46609e+41 
  45    0.3313092  1.46173e+41 
  46    0.3385639  1.46021e+41 
  47    0.3459775  1.46205e+41 
  48    0.3535534  1.46576e+41 
  49    0.3612952  1.47147e+41 
  50    0.3692065  1.47804e+41 
  51    0.3772911  1.48597e+41 
  52    0.3855527  1.49453e+41 
  53    0.3939952  1.50337e+41 
  54    0.4026226  1.51284e+41 
  55    0.4114389  1.52220e+41 
  56    0.4204482  1.53132e+41 
  57    0.4296548  1.53918e+41 
  58    0.4390630  1.54666e+41 
  59    0.4486773  1.55399e+41 
  60    0.4585020  1.56170e+41 
  61    0.4685419  1.56911e+41 
  62    0.4788016  1.57580e+41 
  63    0.4892860  1.58174e+41 
  64    0.5000000  1.58794e+41 
  65    0.5109486  1.59352e+41 
  66    0.5221369  1.59839e+41 
  67    0.5335702  1.60335e+41 
  68    0.5452539  1.60867e+41 
  69    0.5571934  1.61395e+41 
  70    0.5693943  1.61955e+41 
  71    0.5818624  1.62489e+41 
  72    0.5946036  1.63040e+41 
  73    0.6076237  1.63553e+41 
  74    0.6209289  1.64066e+41 
  75    0.6345255  1.64567e+41 
  76    0.6484198  1.64914e+41 
  77    0.6626183  1.65287e+41 
  78    0.6771278  1.65518e+41 
  79    0.6919549  1.65761e+41 
  80    0.7071068  1.66022e+41 
  81    0.7225904  1.66185e+41 
  82    0.7384131  1.66101e+41 
  83    0.7545822  1.65838e+41 
  84    0.7711054  1.65550e+41 
  85    0.7879904  1.65125e+41 
  86    0.8052452  1.64666e+41 
  87    0.8228777  1.64110e+41 
  88    0.8408964  1.63407e+41 
  89    0.8593096  1.62630e+41 
  90    0.8781261  1.61778e+41 
  91    0.8973545  1.61033e+41 
  92    0.9170040  1.60409e+41 
  93    0.9370838  1.59828e+41 
  94    0.9576033  1.59633e+41 
  95    0.9785721  1.59424e+41 
  96    1.0000000  1.59225e+41 
  97    1.0218971  1.59111e+41 
  98    1.0442738  1.59038e+41 
  99    1.0671404  1.59193e+41 
 100    1.0905077  1.59352e+41 
 101    1.1143867  1.59594e+41 
 102    1.1387886  1.59853e+41 
 103    1.1637249  1.60014e+41 
 104    1.1892071  1.59979e+41 
 105    1.2152474  1.59722e+41 
 106    1.2418578  1.59426e+41 
 107    1.2690510  1.58850e+41 
 108    1.2968396  1.58116e+41 
 109    1.3252366  1.57247e+41 
 110    1.3542555  1.56067e+41 
 111    1.3839099  1.54622e+41 
 112    1.4142136  1.52974e+41 
 113    1.4451808  1.50971e+41 
 114    1.4768261  1.48687e+41 
 115    1.5091644  1.46189e+41 
 116    1.5422108  1.43368e+41 
 117    1.5759808  1.40318e+41 
 118    1.6104903  1.37064e+41 
 119    1.6457555  1.33613e+41 
 120    1.6817928  1.30014e+41 
 121    1.7186193  1.26206e+41 
 122    1.7562522  1.22360e+41 
 123    1.7947091  1.18448e+41 
 124    1.8340081  1.14508e+41 
 125    1.8741676  1.10506e+41 
 126    1.9152066  1.06618e+41 
 127    1.9571441  1.02792e+41 
 128    2.0000000  9.89902e+40 
 129    2.0437943  9.53702e+40 
 130    2.0885476  9.18538e+40 
 131    2.1342808  8.84100e+40 
 132    2.1810155  8.51475e+40 
 133    2.2287735  8.19977e+40 
 134    2.2775773  7.89372e+40 
 135    2.3274497  7.60057e+40 
 136    2.3784142  7.31697e+40 
 137    2.4304947  7.04040e+40 
 138    2.4837156  6.77352e+40 
 139    2.5381019  6.51198e+40 
 140    2.5936791  6.25468e+40 
 141    2.6504733  6.00348e+40 
 142    2.7085111  5.75604e+40 
 143    2.7678198  5.50995e+40 
 144    2.8284271  5.27108e+40 
 145    2.8903616  5.03584e+40 
 146    2.9536523  4.80513e+40 
 147    3.0183289  4.57573e+40 
 148    3.0844217  4.35558e+40 
 149    3.1519617  4.14140e+40 
 150    3.2209807  3.93045e+40 
 151    3.2915110  3.73055e+40 
 152    3.3635857  3.53830e+40 
 153    3.4372386  3.35115e+40 
 154    3.5125043  3.17713e+40 
 155    3.5894182  3.01092e+40 
 156    3.6680162  2.85063e+40 
 157    3.7483353  2.70295e+40 
 158    3.8304131  2.56383e+40 
 159    3.9142882  2.43063e+40 
 160    4.0000000  2.30867e+40 
 161    4.0875886  2.19404e+40 
 162    4.1770951  2.08504e+40 
 163    4.2685616  1.98528e+40 
 164    4.3620309  1.89150e+40 
 165    4.4575470  1.80253e+40 
 166    4.5551545  1.72149e+40 
 167    4.6548994  1.64552e+40 
 168    4.7568285  1.57321e+40 
 169    4.8609894  1.50723e+40 
 170    4.9674312  1.44492e+40 
 171    5.0762038  1.38639e+40 
 172    5.1873582  1.33089e+40 
 173    5.3009466  1.27904e+40 
 174    5.4170222  1.22983e+40 
 175    5.5356395  1.18293e+40 
 176    5.6568542  1.13845e+40 
 177    5.7807232  1.09541e+40 
 178    5.9073046  1.05371e+40 
 179    6.0366577  1.01408e+40 
 180    6.1688433  9.75871e+39 
 181    6.3039234  9.38468e+39 
 182    6.4419613  9.03074e+39 
 183    6.5830219  8.68763e+39 
 184    6.7271713  8.35007e+39 
 185    6.8744772  8.03359e+39 
 186    7.0250086  7.71369e+39 
 187    7.1788363  7.39654e+39 
 188    7.3360323  7.08622e+39 
 189    7.4966705  6.78966e+39 


# g-band (filter: g_LSST.dat)
   0    0.1250000  3.72118e+26 
   1    0.1277371  3.73612e+26 
   2    0.1305342  3.75139e+26 
   3    0.1333926  3.76700e+26 
   4    0.1363135  3.77608e+26 
   5    0.1392983  3.78168e+26 
   6    0.1423486  3.77984e+26 
   7    0.1454656  3.77451e+26 
   8    0.1486509  3.76166e+26 
   9    0.1519059  3.74308e+26 
  10    0.1552322  3.72167e+26 
  11    0.1586314  3.69660e+26 
  12    0.1621049  3.66537e+26 
  13    0.1656546  3.63090e+26 
  14    0.1692819  3.59132e+26 
  15    0.1729887  3.54783e+26 
  16    0.1767767  3.50054e+26 
  17    0.1806476  3.44873e+26 
  18    0.1846033  3.39312e+26 
  19    0.1886456  3.33286e+26 
  20    0.1927764  3.26817e+26 
  21    0.1969976  3.20025e+26 
  22    0.2013113  3.12587e+26 
  23    0.2057194  3.04612e+26 
  24    0.2102241  2.96288e+26 
  25    0.2148274  2.87324e+26 
  26    0.2195315  2.77925e+26 
  27    0.2243386  2.68075e+26 
  28    0.2292510  2.57753e+26 
  29    0.2342710  2.46910e+26 
  30    0.2394008  2.35812e+26 
  31    0.2446430  2.24518e+26 
  32    0.2500000  2.13180e+26 
  33    0.2554743  2.01527e+26 
  34    0.2610684  1.90385e+26 
  35    0.2667851  1.79366e+26 
  36    0.2726269  1.68758e+26 
  37    0.2785967  1.58400e+26 
  38    0.2846972  1.49293e+26 
  39    0.2909312  1.40717e+26 
  40    0.2973018  1.32765e+26 
  41    0.3038118  1.26581e+26 
  42    0.3104645  1.21421e+26 
  43    0.3172627  1.16942e+26 
  44    0.3242099  1.14367e+26 
  45    0.3313092  1.12453e+26 
  46    0.3385639  1.11404e+26 
  47    0.3459775  1.11304e+26 
  48    0.3535534  1.11551e+26 
  49    0.3612952  1.12511e+26 
  50    0.3692065  1.13279e+26 
  51    0.3772911  1.14336e+26 
  52    0.3855527  1.15640e+26 
  53    0.3939952  1.16608e+26 
  54    0.4026226  1.17489e+26 
  55    0.4114389  1.18091e+26 
  56    0.4204482  1.18298e+26 
  57    0.4296548  1.18335e+26 
  58    0.4390630  1.17881e+26 
  59    0.4486773  1.17506e+26 
  60    0.4585020  1.17024e+26 
  61    0.4685419  1.16546e+26 
  62    0.4788016  1.15881e+26 
  63    0.4892860  1.15221e+26 
  64    0.5000000  1.14481e+26 
  65    0.5109486  1.13574e+26 
  66    0.5221369  1.12443e+26 
  67    0.5335702  1.11285e+26 
  68    0.5452539  1.10113e+26 
  69    0.5571934  1.08630e+26 
  70    0.5693943  1.07431e+26 
  71    0.5818624  1.05909e+26 
  72    0.5946036  1.04604e+26 
  73    0.6076237  1.03207e+26 
  74    0.6209289  1.01640e+26 
  75    0.6345255  1.00230e+26 
  76    0.6484198  9.86539e+25 
  77    0.6626183  9.71977e+25 
  78    0.6771278  9.56094e+25 
  79    0.6919549  9.40932e+25 
  80    0.7071068  9.25672e+25 
  81    0.7225904  9.10043e+25 
  82    0.7384131  8.93386e+25 
  83    0.7545822  8.77151e+25 
  84    0.7711054  8.60818e+25 
  85    0.7879904  8.44488e+25 
  86    0.8052452  8.26510e+25 
  87    0.8228777  8.07420e+25 
  88    0.8408964  7.86757e+25 
  89    0.8593096  7.65782e+25 
  90    0.8781261  7.44162e+25 
  91    0.8973545  7.22169e+25 
  92    0.9170040  7.02824e+25 
  93    0.9370838  6.83554e+25 
  94    0.9576033  6.66620e+25 
  95    0.9785721  6.47752e+25 
  96    1.0000000  6.28137e+25 
  97    1.0218971  6.08773e+25 
  98    1.0442738  5.90822e+25 
  99    1.0671404  5.74206e+25 
 100    1.0905077  5.57671e+25 
 101    1.1143867  5.42104e+25 
 102    1.1387886  5.27461e+25 
 103    1.1637249  5.11595e+25 
 104    1.1892071  4.95506e+25 
 105    1.2152474  4.77565e+25 
 106    1.2418578  4.59832e+25 
 107    1.2690510  4.41665e+25 
 108    1.2968396  4.23582e+25 
 109    1.3252366  4.05050e+25 
 110    1.3542555  3.86552e+25 
 111    1.3839099  3.68319e+25 
 112    1.4142136  3.49265e+25 
 113    1.4451808  3.30824e+25 
 114    1.4768261  3.12792e+25 
 115    1.5091644  2.94954e+25 
 116    1.5422108  2.78105e+25 
 117    1.5759808  2.61917e+25 
 118    1.6104903  2.46430e+25 
 119    1.6457555  2.32121e+25 
 120    1.6817928  2.18304e+25 
 121    1.7186193  2.05047e+25 
 122    1.7562522  1.92547e+25 
 123    1.7947091  1.80592e+25 
 124    1.8340081  1.69320e+25 
 125    1.8741676  1.58570e+25 
 126    1.9152066  1.48318e+25 
 127    1.9571441  1.38695e+25 
 128    2.0000000  1.29276e+25 
 129    2.0437943  1.20622e+25 
 130    2.0885476  1.12359e+25 
 131    2.1342808  1.04617e+25 
 132    2.1810155  9.75624e+24 
 133    2.2287735  9.11179e+24 
 134    2.2775773  8.50793e+24 
 135    2.3274497  7.96243e+24 
 136    2.3784142  7.48281e+24 
 137    2.4304947  7.03068e+24 
 138    2.4837156  6.64637e+24 
 139    2.5381019  6.29085e+24 
 140    2.5936791  5.97406e+24 
 141    2.6504733  5.69912e+24 
 142    2.7085111  5.45876e+24 
 143    2.7678198  5.23273e+24 
 144    2.8284271  5.03731e+24 
 145    2.8903616  4.85605e+24 
 146    2.9536523  4.69997e+24 
 147    3.0183289  4.55786e+24 
 148    3.0844217  4.43163e+24 
 149    3.1519617  4.31574e+24 
 150    3.2209807  4.21144e+24 
 151    3.2915110  4.12747e+24 
 152    3.3635857  4.04917e+24 
 153    3.4372386  3.98503e+24 
 154    3.5125043  3.93562e+24 
 155    3.5894182  3.90441e+24 
 156    3.6680162  3.87901e+24 
 157    3.7483353  3.87703e+24 
 158    3.8304131  3.87872e+24 
 159    3.9142882  3.88642e+24 
 160    4.0000000  3.90025e+24 
 161    4.0875886  3.91976e+24 
 162    4.1770951  3.94654e+24 
 163    4.2685616  3.96328e+24 
 164    4.3620309  3.98637e+24 
 165    4.4575470  4.00605e+24 
 166    4.5551545  4.02503e+24 
 167    4.6548994  4.04298e+24 
 168    4.7568285  4.05727e+24 
 169    4.8609894  4.07192e+24 
 170    4.9674312  4.09184e+24 
 171    5.0762038  4.11213e+24 
 172    5.1873582  4.13144e+24 
 173    5.3009466  4.15551e+24 
 174    5.4170222  4.17685e+24 
 175    5.5356395  4.19909e+24 
 176    5.6568542  4.21041e+24 
 177    5.7807232  4.21814e+24 
 178    5.9073046  4.22904e+24 
 179    6.0366577  4.23993e+24 
 180    6.1688433  4.24738e+24 
 181    6.3039234  4.24507e+24 
 182    6.4419613  4.23094e+24 
 183    6.5830219  4.20878e+24 
 184    6.7271713  4.18157e+24 
 185    6.8744772  4.14090e+24 
 186    7.0250086  4.09998e+24 
 187    7.1788363  4.06099e+24 
 188    7.3360323  4.01639e+24 
 189    7.4966705  3.95751e+24 


# r-band (filter: r_LSST.dat)
   0    0.1250000  3.78456e+26 
   1    0.1277371  3.84068e+26 
   2    0.1305342  3.89804e+26 
   3    0.1333926  3.95665e+26 
   4    0.1363135  4.01345e+26 
   5    0.1392983  4.06538e+26 
   6    0.1423486  4.11178e+26 
   7    0.1454656  4.15241e+26 
   8    0.1486509  4.19278e+26 
   9    0.1519059  4.22682e+26 
  10    0.1552322  4.25952e+26 
  11    0.1586314  4.28624e+26 
  12    0.1621049  4.31168e+26 
  13    0.1656546  4.33310e+26 
  14    0.1692819  4.35073e+26 
  15    0.1729887  4.36592e+26 
  16    0.1767767  4.37590e+26 
  17    0.1806476  4.38389e+26 
  18    0.1846033  4.38783e+26 
  19    0.1886456  4.39215e+26 
  20    0.1927764  4.38827e+26 
  21    0.1969976  4.38290e+26 
  22    0.2013113  4.37255e+26 
  23    0.2057194  4.35897e+26 
  24    0.2102241  4.34281e+26 
  25    0.2148274  4.32029e+26 
  26    0.2195315  4.29326e+26 
  27    0.2243386  4.26469e+26 
  28    0.2292510  4.23186e+26 
  29    0.2342710  4.19522e+26 
  30    0.2394008  4.15475e+26 
  31    0.2446430  4.11160e+26 
  32    0.2500000  4.06769e+26 
  33    0.2554743  4.02103e+26 
  34    0.2610684  3.97846e+26 
  35    0.2667851  3.93655e+26 
  36    0.2726269  3.89557e+26 
  37    0.2785967  3.85681e+26 
  38    0.2846972  3.82726e+26 
  39    0.2909312  3.80050e+26 
  40    0.2973018  3.77785e+26 
  41    0.3038118  3.76707e+26 
  42    0.3104645  3.76290e+26 
  43    0.3172627  3.76770e+26 
  44    0.3242099  3.78366e+26 
  45    0.3313092  3.80895e+26 
  46    0.3385639  3.84368e+26 
  47    0.3459775  3.89494e+26 
  48    0.3535534  3.95802e+26 
  49    0.3612952  4.02746e+26 
  50    0.3692065  4.10581e+26 
  51    0.3772911  4.18834e+26 
  52    0.3855527  4.28036e+26 
  53    0.3939952  4.37386e+26 
  54    0.4026226  4.47739e+26 
  55    0.4114389  4.58177e+26 
  56    0.4204482  4.68601e+26 
  57    0.4296548  4.78021e+26 
  58    0.4390630  4.87594e+26 
  59    0.4486773  4.97116e+26 
  60    0.4585020  5.06613e+26 
  61    0.4685419  5.15500e+26 
  62    0.4788016  5.23967e+26 
  63    0.4892860  5.31970e+26 
  64    0.5000000  5.39699e+26 
  65    0.5109486  5.47116e+26 
  66    0.5221369  5.53954e+26 
  67    0.5335702  5.60457e+26 
  68    0.5452539  5.67213e+26 
  69    0.5571934  5.74143e+26 
  70    0.5693943  5.80785e+26 
  71    0.5818624  5.87349e+26 
  72    0.5946036  5.93709e+26 
  73    0.6076237  5.99964e+26 
  74    0.6209289  6.06095e+26 
  75    0.6345255  6.11651e+26 
  76    0.6484198  6.15993e+26 
  77    0.6626183  6.20262e+26 
  78    0.6771278  6.23085e+26 
  79    0.6919549  6.26007e+26 
  80    0.7071068  6.28786e+26 
  81    0.7225904  6.30589e+26 
  82    0.7384131  6.30701e+26 
  83    0.7545822  6.30235e+26 
  84    0.7711054  6.29246e+26 
  85    0.7879904  6.27492e+26 
  86    0.8052452  6.25209e+26 
  87    0.8228777  6.22363e+26 
  88    0.8408964  6.18620e+26 
  89    0.8593096  6.14260e+26 
  90    0.8781261  6.09485e+26 
  91    0.8973545  6.04745e+26 
  92    0.9170040  6.00242e+26 
  93    0.9370838  5.95857e+26 
  94    0.9576033  5.93096e+26 
  95    0.9785721  5.89768e+26 
  96    1.0000000  5.86208e+26 
  97    1.0218971  5.82728e+26 
  98    1.0442738  5.79379e+26 
  99    1.0671404  5.77045e+26 
 100    1.0905077  5.74484e+26 
 101    1.1143867  5.72486e+26 
 102    1.1387886  5.70520e+26 
 103    1.1637249  5.67838e+26 
 104    1.1892071  5.64199e+26 
 105    1.2152474  5.59300e+26 
 106    1.2418578  5.54230e+26 
 107    1.2690510  5.47712e+26 
 108    1.2968396  5.40465e+26 
 109    1.3252366  5.32385e+26 
 110    1.3542555  5.22779e+26 
 111    1.3839099  5.11750e+26 
 112    1.4142136  4.99629e+26 
 113    1.4451808  4.85552e+26 
 114    1.4768261  4.69839e+26 
 115    1.5091644  4.53127e+26 
 116    1.5422108  4.34737e+26 
 117    1.5759808  4.15354e+26 
 118    1.6104903  3.94850e+26 
 119    1.6457555  3.73489e+26 
 120    1.6817928  3.51737e+26 
 121    1.7186193  3.29020e+26 
 122    1.7562522  3.06644e+26 
 123    1.7947091  2.84430e+26 
 124    1.8340081  2.62543e+26 
 125    1.8741676  2.40801e+26 
 126    1.9152066  2.20594e+26 
 127    1.9571441  2.01280e+26 
 128    2.0000000  1.82635e+26 
 129    2.0437943  1.65796e+26 
 130    2.0885476  1.50270e+26 
 131    2.1342808  1.35723e+26 
 132    2.1810155  1.22934e+26 
 133    2.2287735  1.11420e+26 
 134    2.2775773  1.00927e+26 
 135    2.3274497  9.19019e+25 
 136    2.3784142  8.38868e+25 
 137    2.4304947  7.67723e+25 
 138    2.4837156  7.07044e+25 
 139    2.5381019  6.53534e+25 
 140    2.5936791  6.06877e+25 
 141    2.6504733  5.66832e+25 
 142    2.7085111  5.31512e+25 
 143    2.7678198  5.00258e+25 
 144    2.8284271  4.72954e+25 
 145    2.8903616  4.48566e+25 
 146    2.9536523  4.26619e+25 
 147    3.0183289  4.06769e+25 
 148    3.0844217  3.88727e+25 
 149    3.1519617  3.72106e+25 
 150    3.2209807  3.56744e+25 
 151    3.2915110  3.42576e+25 
 152    3.3635857  3.29227e+25 
 153    3.4372386  3.16740e+25 
 154    3.5125043  3.05172e+25 
 155    3.5894182  2.94222e+25 
 156    3.6680162  2.83739e+25 
 157    3.7483353  2.74003e+25 
 158    3.8304131  2.64821e+25 
 159    3.9142882  2.56023e+25 
 160    4.0000000  2.47959e+25 
 161    4.0875886  2.40217e+25 
 162    4.1770951  2.32831e+25 
 163    4.2685616  2.26045e+25 
 164    4.3620309  2.19633e+25 
 165    4.4575470  2.13392e+25 
 166    4.5551545  2.07595e+25 
 167    4.6548994  2.02068e+25 
 168    4.7568285  1.96724e+25 
 169    4.8609894  1.91772e+25 
 170    4.9674312  1.87044e+25 
 171    5.0762038  1.82544e+25 
 172    5.1873582  1.78210e+25 
 173    5.3009466  1.74186e+25 
 174    5.4170222  1.70306e+25 
 175    5.5356395  1.66516e+25 
 176    5.6568542  1.62827e+25 
 177    5.7807232  1.59244e+25 
 178    5.9073046  1.55727e+25 
 179    6.0366577  1.52253e+25 
 180    6.1688433  1.48975e+25 
 181    6.3039234  1.45638e+25 
 182    6.4419613  1.42403e+25 
 183    6.5830219  1.39207e+25 
 184    6.7271713  1.35999e+25 
 185    6.8744772  1.32921e+25 
 186    7.0250086  1.29772e+25 
 187    7.1788363  1.26604e+25 
 188    7.3360323  1.23476e+25 
 189    7.4966705  1.20467e+25 


# i-band (filter: i_LSST.dat)
   0    0.1250000  2.47490e+26 
   1    0.1277371  2.52383e+26 
   2    0.1305342  2.57384e+26 
   3    0.1333926  2.62495e+26 
   4    0.1363135  2.67450e+26 
   5    0.1392983  2.72608e+26 
   6    0.1423486  2.77683e+26 
   7    0.1454656  2.82573e+26 
   8    0.1486509  2.87541e+26 
   9    0.1519059  2.91961e+26 
  10    0.1552322  2.96435e+26 
  11    0.1586314  3.00869e+26 
  12    0.1621049  3.05178e+26 
  13    0.1656546  3.09137e+26 
  14    0.1692819  3.12931e+26 
  15    0.1729887  3.16423e+26 
  16    0.1767767  3.19312e+26 
  17    0.1806476  3.21747e+26 
  18    0.1846033  3.23875e+26 
  19    0.1886456  3.25343e+26 
  20    0.1927764  3.26171e+26 
  21    0.1969976  3.26664e+26 
  22    0.2013113  3.26204e+26 
  23    0.2057194  3.24959e+26 
  24    0.2102241  3.23267e+26 
  25    0.2148274  3.20250e+26 
  26    0.2195315  3.16556e+26 
  27    0.2243386  3.12398e+26 
  28    0.2292510  3.07284e+26 
  29    0.2342710  3.01717e+26 
  30    0.2394008  2.95579e+26 
  31    0.2446430  2.89067e+26 
  32    0.2500000  2.82662e+26 
  33    0.2554743  2.75780e+26 
  34    0.2610684  2.69402e+26 
  35    0.2667851  2.63105e+26 
  36    0.2726269  2.57225e+26 
  37    0.2785967  2.51519e+26 
  38    0.2846972  2.46698e+26 
  39    0.2909312  2.42488e+26 
  40    0.2973018  2.38831e+26 
  41    0.3038118  2.36386e+26 
  42    0.3104645  2.34567e+26 
  43    0.3172627  2.33374e+26 
  44    0.3242099  2.33056e+26 
  45    0.3313092  2.33490e+26 
  46    0.3385639  2.34635e+26 
  47    0.3459775  2.36744e+26 
  48    0.3535534  2.39378e+26 
  49    0.3612952  2.42648e+26 
  50    0.3692065  2.46705e+26 
  51    0.3772911  2.51150e+26 
  52    0.3855527  2.55957e+26 
  53    0.3939952  2.61013e+26 
  54    0.4026226  2.66377e+26 
  55    0.4114389  2.71795e+26 
  56    0.4204482  2.77246e+26 
  57    0.4296548  2.82854e+26 
  58    0.4390630  2.88250e+26 
  59    0.4486773  2.93520e+26 
  60    0.4585020  2.98889e+26 
  61    0.4685419  3.04143e+26 
  62    0.4788016  3.08981e+26 
  63    0.4892860  3.13576e+26 
  64    0.5000000  3.17737e+26 
  65    0.5109486  3.22030e+26 
  66    0.5221369  3.25687e+26 
  67    0.5335702  3.29270e+26 
  68    0.5452539  3.32453e+26 
  69    0.5571934  3.34961e+26 
  70    0.5693943  3.37215e+26 
  71    0.5818624  3.39126e+26 
  72    0.5946036  3.40316e+26 
  73    0.6076237  3.40636e+26 
  74    0.6209289  3.40722e+26 
  75    0.6345255  3.40045e+26 
  76    0.6484198  3.38924e+26 
  77    0.6626183  3.37115e+26 
  78    0.6771278  3.34832e+26 
  79    0.6919549  3.31887e+26 
  80    0.7071068  3.28925e+26 
  81    0.7225904  3.25600e+26 
  82    0.7384131  3.21303e+26 
  83    0.7545822  3.15384e+26 
  84    0.7711054  3.09255e+26 
  85    0.7879904  3.01887e+26 
  86    0.8052452  2.94484e+26 
  87    0.8228777  2.86514e+26 
  88    0.8408964  2.77683e+26 
  89    0.8593096  2.68312e+26 
  90    0.8781261  2.58458e+26 
  91    0.8973545  2.49458e+26 
  92    0.9170040  2.40955e+26 
  93    0.9370838  2.32161e+26 
  94    0.9576033  2.24591e+26 
  95    0.9785721  2.17697e+26 
  96    1.0000000  2.11345e+26 
  97    1.0218971  2.06070e+26 
  98    1.0442738  2.00924e+26 
  99    1.0671404  1.96713e+26 
 100    1.0905077  1.93256e+26 
 101    1.1143867  1.90540e+26 
 102    1.1387886  1.88022e+26 
 103    1.1637249  1.85534e+26 
 104    1.1892071  1.82874e+26 
 105    1.2152474  1.80047e+26 
 106    1.2418578  1.77528e+26 
 107    1.2690510  1.74896e+26 
 108    1.2968396  1.72072e+26 
 109    1.3252366  1.69171e+26 
 110    1.3542555  1.66076e+26 
 111    1.3839099  1.62713e+26 
 112    1.4142136  1.59240e+26 
 113    1.4451808  1.55428e+26 
 114    1.4768261  1.51502e+26 
 115    1.5091644  1.47407e+26 
 116    1.5422108  1.43230e+26 
 117    1.5759808  1.38963e+26 
 118    1.6104903  1.34541e+26 
 119    1.6457555  1.30149e+26 
 120    1.6817928  1.25863e+26 
 121    1.7186193  1.21423e+26 
 122    1.7562522  1.17307e+26 
 123    1.7947091  1.13211e+26 
 124    1.8340081  1.09249e+26 
 125    1.8741676  1.05406e+26 
 126    1.9152066  1.01819e+26 
 127    1.9571441  9.84038e+25 
 128    2.0000000  9.51859e+25 
 129    2.0437943  9.22105e+25 
 130    2.0885476  8.94373e+25 
 131    2.1342808  8.67784e+25 
 132    2.1810155  8.43188e+25 
 133    2.2287735  8.19168e+25 
 134    2.2775773  7.96687e+25 
 135    2.3274497  7.74470e+25 
 136    2.3784142  7.52662e+25 
 137    2.4304947  7.31441e+25 
 138    2.4837156  7.10199e+25 
 139    2.5381019  6.88966e+25 
 140    2.5936791  6.67278e+25 
 141    2.6504733  6.45284e+25 
 142    2.7085111  6.23090e+25 
 143    2.7678198  6.00420e+25 
 144    2.8284271  5.78032e+25 
 145    2.8903616  5.56173e+25 
 146    2.9536523  5.34181e+25 
 147    3.0183289  5.12214e+25 
 148    3.0844217  4.91139e+25 
 149    3.1519617  4.70433e+25 
 150    3.2209807  4.50200e+25 
 151    3.2915110  4.30887e+25 
 152    3.3635857  4.12355e+25 
 153    3.4372386  3.94638e+25 
 154    3.5125043  3.78173e+25 
 155    3.5894182  3.62337e+25 
 156    3.6680162  3.46997e+25 
 157    3.7483353  3.32546e+25 
 158    3.8304131  3.18877e+25 
 159    3.9142882  3.05762e+25 
 160    4.0000000  2.93577e+25 
 161    4.0875886  2.82105e+25 
 162    4.1770951  2.70935e+25 
 163    4.2685616  2.60666e+25 
 164    4.3620309  2.50799e+25 
 165    4.4575470  2.41395e+25 
 166    4.5551545  2.32776e+25 
 167    4.6548994  2.24779e+25 
 168    4.7568285  2.17116e+25 
 169    4.8609894  2.10327e+25 
 170    4.9674312  2.03915e+25 
 171    5.0762038  1.97885e+25 
 172    5.1873582  1.92198e+25 
 173    5.3009466  1.86781e+25 
 174    5.4170222  1.81693e+25 
 175    5.5356395  1.76922e+25 
 176    5.6568542  1.72259e+25 
 177    5.7807232  1.67507e+25 
 178    5.9073046  1.62921e+25 
 179    6.0366577  1.58387e+25 
 180    6.1688433  1.53854e+25 
 181    6.3039234  1.49243e+25 
 182    6.4419613  1.44748e+25 
 183    6.5830219  1.40251e+25 
 184    6.7271713  1.35724e+25 
 185    6.8744772  1.31379e+25 
 186    7.0250086  1.26910e+25 
 187    7.1788363  1.22408e+25 
 188    7.3360323  1.17957e+25 
 189    7.4966705  1.13572e+25 


# z-band (filter: z_LSST.dat)
   0    0.1250000  2.08178e+26 
   1    0.1277371  2.12232e+26 
   2    0.1305342  2.16374e+26 
   3    0.1333926  2.20608e+26 
   4    0.1363135  2.24587e+26 
   5    0.1392983  2.29131e+26 
   6    0.1423486  2.33371e+26 
   7    0.1454656  2.37588e+26 
   8    0.1486509  2.41816e+26 
   9    0.1519059  2.45676e+26 
  10    0.1552322  2.49584e+26 
  11    0.1586314  2.53630e+26 
  12    0.1621049  2.57073e+26 
  13    0.1656546  2.60537e+26 
  14    0.1692819  2.63637e+26 
  15    0.1729887  2.66370e+26 
  16    0.1767767  2.68484e+26 
  17    0.1806476  2.70115e+26 
  18    0.1846033  2.71199e+26 
  19    0.1886456  2.71493e+26 
  20    0.1927764  2.70659e+26 
  21    0.1969976  2.69352e+26 
  22    0.2013113  2.66401e+26 
  23    0.2057194  2.62590e+26 
  24    0.2102241  2.57911e+26 
  25    0.2148274  2.51670e+26 
  26    0.2195315  2.44415e+26 
  27    0.2243386  2.36371e+26 
  28    0.2292510  2.27423e+26 
  29    0.2342710  2.17683e+26 
  30    0.2394008  2.07419e+26 
  31    0.2446430  1.96908e+26 
  32    0.2500000  1.86548e+26 
  33    0.2554743  1.75893e+26 
  34    0.2610684  1.66019e+26 
  35    0.2667851  1.56481e+26 
  36    0.2726269  1.47461e+26 
  37    0.2785967  1.38876e+26 
  38    0.2846972  1.31413e+26 
  39    0.2909312  1.24545e+26 
  40    0.2973018  1.18438e+26 
  41    0.3038118  1.12996e+26 
  42    0.3104645  1.07993e+26 
  43    0.3172627  1.03682e+26 
  44    0.3242099  9.99199e+25 
  45    0.3313092  9.64258e+25 
  46    0.3385639  9.33130e+25 
  47    0.3459775  9.06068e+25 
  48    0.3535534  8.81883e+25 
  49    0.3612952  8.58993e+25 
  50    0.3692065  8.39805e+25 
  51    0.3772911  8.22637e+25 
  52    0.3855527  8.04891e+25 
  53    0.3939952  7.92006e+25 
  54    0.4026226  7.81477e+25 
  55    0.4114389  7.72156e+25 
  56    0.4204482  7.66250e+25 
  57    0.4296548  7.62723e+25 
  58    0.4390630  7.61386e+25 
  59    0.4486773  7.61758e+25 
  60    0.4585020  7.65279e+25 
  61    0.4685419  7.70916e+25 
  62    0.4788016  7.78706e+25 
  63    0.4892860  7.87222e+25 
  64    0.5000000  7.98677e+25 
  65    0.5109486  8.12737e+25 
  66    0.5221369  8.27124e+25 
  67    0.5335702  8.44142e+25 
  68    0.5452539  8.61886e+25 
  69    0.5571934  8.80768e+25 
  70    0.5693943  8.99977e+25 
  71    0.5818624  9.21958e+25 
  72    0.5946036  9.44698e+25 
  73    0.6076237  9.70709e+25 
  74    0.6209289  9.97901e+25 
  75    0.6345255  1.02737e+26 
  76    0.6484198  1.05743e+26 
  77    0.6626183  1.08826e+26 
  78    0.6771278  1.12024e+26 
  79    0.6919549  1.15339e+26 
  80    0.7071068  1.18568e+26 
  81    0.7225904  1.22208e+26 
  82    0.7384131  1.25895e+26 
  83    0.7545822  1.28992e+26 
  84    0.7711054  1.32449e+26 
  85    0.7879904  1.35545e+26 
  86    0.8052452  1.38606e+26 
  87    0.8228777  1.41604e+26 
  88    0.8408964  1.44371e+26 
  89    0.8593096  1.47006e+26 
  90    0.8781261  1.49476e+26 
  91    0.8973545  1.51646e+26 
  92    0.9170040  1.53839e+26 
  93    0.9370838  1.55755e+26 
  94    0.9576033  1.57470e+26 
  95    0.9785721  1.59249e+26 
  96    1.0000000  1.60760e+26 
  97    1.0218971  1.61884e+26 
  98    1.0442738  1.62849e+26 
  99    1.0671404  1.63760e+26 
 100    1.0905077  1.64362e+26 
 101    1.1143867  1.64748e+26 
 102    1.1387886  1.64962e+26 
 103    1.1637249  1.65073e+26 
 104    1.1892071  1.64514e+26 
 105    1.2152474  1.63571e+26 
 106    1.2418578  1.62599e+26 
 107    1.2690510  1.61059e+26 
 108    1.2968396  1.59203e+26 
 109    1.3252366  1.57110e+26 
 110    1.3542555  1.54668e+26 
 111    1.3839099  1.51767e+26 
 112    1.4142136  1.48660e+26 
 113    1.4451808  1.45170e+26 
 114    1.4768261  1.41417e+26 
 115    1.5091644  1.37404e+26 
 116    1.5422108  1.33342e+26 
 117    1.5759808  1.29108e+26 
 118    1.6104903  1.24661e+26 
 119    1.6457555  1.20332e+26 
 120    1.6817928  1.15937e+26 
 121    1.7186193  1.11492e+26 
 122    1.7562522  1.07120e+26 
 123    1.7947091  1.02917e+26 
 124    1.8340081  9.88209e+25 
 125    1.8741676  9.47792e+25 
 126    1.9152066  9.10027e+25 
 127    1.9571441  8.73911e+25 
 128    2.0000000  8.39211e+25 
 129    2.0437943  8.07427e+25 
 130    2.0885476  7.77432e+25 
 131    2.1342808  7.48732e+25 
 132    2.1810155  7.22073e+25 
 133    2.2287735  6.96588e+25 
 134    2.2775773  6.72793e+25 
 135    2.3274497  6.49957e+25 
 136    2.3784142  6.27622e+25 
 137    2.4304947  6.05865e+25 
 138    2.4837156  5.84056e+25 
 139    2.5381019  5.62314e+25 
 140    2.5936791  5.40691e+25 
 141    2.6504733  5.18724e+25 
 142    2.7085111  4.96300e+25 
 143    2.7678198  4.73461e+25 
 144    2.8284271  4.50603e+25 
 145    2.8903616  4.27517e+25 
 146    2.9536523  4.04425e+25 
 147    3.0183289  3.80911e+25 
 148    3.0844217  3.58428e+25 
 149    3.1519617  3.36322e+25 
 150    3.2209807  3.14706e+25 
 151    3.2915110  2.94234e+25 
 152    3.3635857  2.74786e+25 
 153    3.4372386  2.55790e+25 
 154    3.5125043  2.38528e+25 
 155    3.5894182  2.22257e+25 
 156    3.6680162  2.06949e+25 
 157    3.7483353  1.93223e+25 
 158    3.8304131  1.80528e+25 
 159    3.9142882  1.68670e+25 
 160    4.0000000  1.57910e+25 
 161    4.0875886  1.47990e+25 
 162    4.1770951  1.38603e+25 
 163    4.2685616  1.30014e+25 
 164    4.3620309  1.21979e+25 
 165    4.4575470  1.14366e+25 
 166    4.5551545  1.07326e+25 
 167    4.6548994  1.00790e+25 
 168    4.7568285  9.44820e+24 
 169    4.8609894  8.87482e+24 
 170    4.9674312  8.33163e+24 
 171    5.0762038  7.82742e+24 
 172    5.1873582  7.34096e+24 
 173    5.3009466  6.90127e+24 
 174    5.4170222  6.49281e+24 
 175    5.5356395  6.11460e+24 
 176    5.6568542  5.77120e+24 
 177    5.7807232  5.45280e+24 
 178    5.9073046  5.15320e+24 
 179    6.0366577  4.88236e+24 
 180    6.1688433  4.62697e+24 
 181    6.3039234  4.38882e+24 
 182    6.4419613  4.16561e+24 
 183    6.5830219  3.95567e+24 
 184    6.7271713  3.75937e+24 
 185    6.8744772  3.57087e+24 
 186    7.0250086  3.38543e+24 
 187    7.1788363  3.20105e+24 
 188    7.3360323  3.02096e+24 
 189    7.4966705  2.84926e+24 


# y-band (filter: y_LSST.dat)
   0    0.1250000  1.78787e+26 
   1    0.1277371  1.82341e+26 
   2    0.1305342  1.85974e+26 
   3    0.1333926  1.89686e+26 
   4    0.1363135  1.93351e+26 
   5    0.1392983  1.97846e+26 
   6    0.1423486  2.02639e+26 
   7    0.1454656  2.08151e+26 
   8    0.1486509  2.13189e+26 
   9    0.1519059  2.18808e+26 
  10    0.1552322  2.24734e+26 
  11    0.1586314  2.30684e+26 
  12    0.1621049  2.36756e+26 
  13    0.1656546  2.43490e+26 
  14    0.1692819  2.49905e+26 
  15    0.1729887  2.57058e+26 
  16    0.1767767  2.63951e+26 
  17    0.1806476  2.70771e+26 
  18    0.1846033  2.77873e+26 
  19    0.1886456  2.84381e+26 
  20    0.1927764  2.90687e+26 
  21    0.1969976  2.96829e+26 
  22    0.2013113  3.01721e+26 
  23    0.2057194  3.06284e+26 
  24    0.2102241  3.10275e+26 
  25    0.2148274  3.12408e+26 
  26    0.2195315  3.14024e+26 
  27    0.2243386  3.14447e+26 
  28    0.2292510  3.13316e+26 
  29    0.2342710  3.10869e+26 
  30    0.2394008  3.07155e+26 
  31    0.2446430  3.02097e+26 
  32    0.2500000  2.95965e+26 
  33    0.2554743  2.89001e+26 
  34    0.2610684  2.81203e+26 
  35    0.2667851  2.72394e+26 
  36    0.2726269  2.63563e+26 
  37    0.2785967  2.53691e+26 
  38    0.2846972  2.44087e+26 
  39    0.2909312  2.34416e+26 
  40    0.2973018  2.24821e+26 
  41    0.3038118  2.15538e+26 
  42    0.3104645  2.06921e+26 
  43    0.3172627  1.98378e+26 
  44    0.3242099  1.90355e+26 
  45    0.3313092  1.82686e+26 
  46    0.3385639  1.75617e+26 
  47    0.3459775  1.69000e+26 
  48    0.3535534  1.62647e+26 
  49    0.3612952  1.56833e+26 
  50    0.3692065  1.51606e+26 
  51    0.3772911  1.47034e+26 
  52    0.3855527  1.42347e+26 
  53    0.3939952  1.38481e+26 
  54    0.4026226  1.34623e+26 
  55    0.4114389  1.31151e+26 
  56    0.4204482  1.28390e+26 
  57    0.4296548  1.25907e+26 
  58    0.4390630  1.23717e+26 
  59    0.4486773  1.21808e+26 
  60    0.4585020  1.20601e+26 
  61    0.4685419  1.19475e+26 
  62    0.4788016  1.18646e+26 
  63    0.4892860  1.18071e+26 
  64    0.5000000  1.17943e+26 
  65    0.5109486  1.18127e+26 
  66    0.5221369  1.18828e+26 
  67    0.5335702  1.19676e+26 
  68    0.5452539  1.20710e+26 
  69    0.5571934  1.22158e+26 
  70    0.5693943  1.23830e+26 
  71    0.5818624  1.25917e+26 
  72    0.5946036  1.28294e+26 
  73    0.6076237  1.30927e+26 
  74    0.6209289  1.33771e+26 
  75    0.6345255  1.37232e+26 
  76    0.6484198  1.40910e+26 
  77    0.6626183  1.44714e+26 
  78    0.6771278  1.48992e+26 
  79    0.6919549  1.53632e+26 
  80    0.7071068  1.58564e+26 
  81    0.7225904  1.63773e+26 
  82    0.7384131  1.69277e+26 
  83    0.7545822  1.74941e+26 
  84    0.7711054  1.80751e+26 
  85    0.7879904  1.86701e+26 
  86    0.8052452  1.92872e+26 
  87    0.8228777  1.99182e+26 
  88    0.8408964  2.05503e+26 
  89    0.8593096  2.12012e+26 
  90    0.8781261  2.18574e+26 
  91    0.8973545  2.24834e+26 
  92    0.9170040  2.31048e+26 
  93    0.9370838  2.37192e+26 
  94    0.9576033  2.43307e+26 
  95    0.9785721  2.49158e+26 
  96    1.0000000  2.55020e+26 
  97    1.0218971  2.60412e+26 
  98    1.0442738  2.65520e+26 
  99    1.0671404  2.70453e+26 
 100    1.0905077  2.74768e+26 
 101    1.1143867  2.78571e+26 
 102    1.1387886  2.82204e+26 
 103    1.1637249  2.85503e+26 
 104    1.1892071  2.88018e+26 
 105    1.2152474  2.90054e+26 
 106    1.2418578  2.91639e+26 
 107    1.2690510  2.92399e+26 
 108    1.2968396  2.92548e+26 
 109    1.3252366  2.92318e+26 
 110    1.3542555  2.90980e+26 
 111    1.3839099  2.89072e+26 
 112    1.4142136  2.86623e+26 
 113    1.4451808  2.83272e+26 
 114    1.4768261  2.79159e+26 
 115    1.5091644  2.74456e+26 
 116    1.5422108  2.69049e+26 
 117    1.5759808  2.63058e+26 
 118    1.6104903  2.56425e+26 
 119    1.6457555  2.49272e+26 
 120    1.6817928  2.41544e+26 
 121    1.7186193  2.33256e+26 
 122    1.7562522  2.24654e+26 
 123    1.7947091  2.15600e+26 
 124    1.8340081  2.06406e+26 
 125    1.8741676  1.96862e+26 
 126    1.9152066  1.87224e+26 
 127    1.9571441  1.77608e+26 
 128    2.0000000  1.67823e+26 
 129    2.0437943  1.58316e+26 
 130    2.0885476  1.49013e+26 
 131    2.1342808  1.39697e+26 
 132    2.1810155  1.30929e+26 
 133    2.2287735  1.22525e+26 
 134    2.2775773  1.14284e+26 
 135    2.3274497  1.06676e+26 
 136    2.3784142  9.93873e+25 
 137    2.4304947  9.24010e+25 
 138    2.4837156  8.60296e+25 
 139    2.5381019  7.99835e+25 
 140    2.5936791  7.42473e+25 
 141    2.6504733  6.90017e+25 
 142    2.7085111  6.40920e+25 
 143    2.7678198  5.94323e+25 
 144    2.8284271  5.51619e+25 
 145    2.8903616  5.11768e+25 
 146    2.9536523  4.74403e+25 
 147    3.0183289  4.39497e+25 
 148    3.0844217  4.07811e+25 
 149    3.1519617  3.78210e+25 
 150    3.2209807  3.50346e+25 
 151    3.2915110  3.24959e+25 
 152    3.3635857  3.01221e+25 
 153    3.4372386  2.79143e+25 
 154    3.5125043  2.59123e+25 
 155    3.5894182  2.40518e+25 
 156    3.6680162  2.23276e+25 
 157    3.7483353  2.07622e+25 
 158    3.8304131  1.93492e+25 
 159    3.9142882  1.79989e+25 
 160    4.0000000  1.67809e+25 
 161    4.0875886  1.56466e+25 
 162    4.1770951  1.45958e+25 
 163    4.2685616  1.36442e+25 
 164    4.3620309  1.27399e+25 
 165    4.4575470  1.18841e+25 
 166    4.5551545  1.10932e+25 
 167    4.6548994  1.03559e+25 
 168    4.7568285  9.65424e+24 
 169    4.8609894  9.00964e+24 
 170    4.9674312  8.40222e+24 
 171    5.0762038  7.83458e+24 
 172    5.1873582  7.29151e+24 
 173    5.3009466  6.79542e+24 
 174    5.4170222  6.33772e+24 
 175    5.5356395  5.90724e+24 
 176    5.6568542  5.52090e+24 
 177    5.7807232  5.17163e+24 
 178    5.9073046  4.84179e+24 
 179    6.0366577  4.54522e+24 
 180    6.1688433  4.27165e+24 
 181    6.3039234  4.02031e+24 
 182    6.4419613  3.79669e+24 
 183    6.5830219  3.59301e+24 
 184    6.7271713  3.40122e+24 
 185    6.8744772  3.22821e+24 
 186    7.0250086  3.05519e+24 
 187    7.1788363  2.89188e+24 
 188    7.3360323  2.73614e+24 
 189    7.4966705  2.59173e+24 


# J-band (filter: J_2MASS.dat)
   0    0.1250000  1.07060e+26 
   1    0.1277371  1.09614e+26 
   2    0.1305342  1.12224e+26 
   3    0.1333926  1.14891e+26 
   4    0.1363135  1.17462e+26 
   5    0.1392983  1.20616e+26 
   6    0.1423486  1.23579e+26 
   7    0.1454656  1.26862e+26 
   8    0.1486509  1.30222e+26 
   9    0.1519059  1.34104e+26 
  10    0.1552322  1.37905e+26 
  11    0.1586314  1.42231e+26 
  12    0.1621049  1.46978e+26 
  13    0.1656546  1.52411e+26 
  14    0.1692819  1.57825e+26 
  15    0.1729887  1.63615e+26 
  16    0.1767767  1.69792e+26 
  17    0.1806476  1.77038e+26 
  18    0.1846033  1.84527e+26 
  19    0.1886456  1.92265e+26 
  20    0.1927764  2.00157e+26 
  21    0.1969976  2.08618e+26 
  22    0.2013113  2.18232e+26 
  23    0.2057194  2.27943e+26 
  24    0.2102241  2.38089e+26 
  25    0.2148274  2.48204e+26 
  26    0.2195315  2.59310e+26 
  27    0.2243386  2.70913e+26 
  28    0.2292510  2.82498e+26 
  29    0.2342710  2.94673e+26 
  30    0.2394008  3.07608e+26 
  31    0.2446430  3.20134e+26 
  32    0.2500000  3.33529e+26 
  33    0.2554743  3.47002e+26 
  34    0.2610684  3.59945e+26 
  35    0.2667851  3.73441e+26 
  36    0.2726269  3.86824e+26 
  37    0.2785967  4.00304e+26 
  38    0.2846972  4.13243e+26 
  39    0.2909312  4.25432e+26 
  40    0.2973018  4.37807e+26 
  41    0.3038118  4.48687e+26 
  42    0.3104645  4.58723e+26 
  43    0.3172627  4.68789e+26 
  44    0.3242099  4.77247e+26 
  45    0.3313092  4.84856e+26 
  46    0.3385639  4.91577e+26 
  47    0.3459775  4.96935e+26 
  48    0.3535534  5.01450e+26 
  49    0.3612952  5.04847e+26 
  50    0.3692065  5.06879e+26 
  51    0.3772911  5.08096e+26 
  52    0.3855527  5.08327e+26 
  53    0.3939952  5.08090e+26 
  54    0.4026226  5.06531e+26 
  55    0.4114389  5.04347e+26 
  56    0.4204482  5.01480e+26 
  57    0.4296548  4.98277e+26 
  58    0.4390630  4.94873e+26 
  59    0.4486773  4.90616e+26 
  60    0.4585020  4.86134e+26 
  61    0.4685419  4.81681e+26 
  62    0.4788016  4.77075e+26 
  63    0.4892860  4.72474e+26 
  64    0.5000000  4.68009e+26 
  65    0.5109486  4.63306e+26 
  66    0.5221369  4.58892e+26 
  67    0.5335702  4.54826e+26 
  68    0.5452539  4.50885e+26 
  69    0.5571934  4.47267e+26 
  70    0.5693943  4.43808e+26 
  71    0.5818624  4.40547e+26 
  72    0.5946036  4.37851e+26 
  73    0.6076237  4.35541e+26 
  74    0.6209289  4.33221e+26 
  75    0.6345255  4.31630e+26 
  76    0.6484198  4.30299e+26 
  77    0.6626183  4.29408e+26 
  78    0.6771278  4.28978e+26 
  79    0.6919549  4.28930e+26 
  80    0.7071068  4.28965e+26 
  81    0.7225904  4.29644e+26 
  82    0.7384131  4.30432e+26 
  83    0.7545822  4.31132e+26 
  84    0.7711054  4.32065e+26 
  85    0.7879904  4.33439e+26 
  86    0.8052452  4.35461e+26 
  87    0.8228777  4.37582e+26 
  88    0.8408964  4.40285e+26 
  89    0.8593096  4.43145e+26 
  90    0.8781261  4.46166e+26 
  91    0.8973545  4.50257e+26 
  92    0.9170040  4.54554e+26 
  93    0.9370838  4.59356e+26 
  94    0.9576033  4.64795e+26 
  95    0.9785721  4.70730e+26 
  96    1.0000000  4.77039e+26 
  97    1.0218971  4.83516e+26 
  98    1.0442738  4.90135e+26 
  99    1.0671404  4.97238e+26 
 100    1.0905077  5.04213e+26 
 101    1.1143867  5.11614e+26 
 102    1.1387886  5.18843e+26 
 103    1.1637249  5.25901e+26 
 104    1.1892071  5.33026e+26 
 105    1.2152474  5.40045e+26 
 106    1.2418578  5.47120e+26 
 107    1.2690510  5.53938e+26 
 108    1.2968396  5.60613e+26 
 109    1.3252366  5.67160e+26 
 110    1.3542555  5.73344e+26 
 111    1.3839099  5.79007e+26 
 112    1.4142136  5.84511e+26 
 113    1.4451808  5.89497e+26 
 114    1.4768261  5.94041e+26 
 115    1.5091644  5.98152e+26 
 116    1.5422108  6.01073e+26 
 117    1.5759808  6.03228e+26 
 118    1.6104903  6.05021e+26 
 119    1.6457555  6.05553e+26 
 120    1.6817928  6.05055e+26 
 121    1.7186193  6.03929e+26 
 122    1.7562522  6.01477e+26 
 123    1.7947091  5.98118e+26 
 124    1.8340081  5.93991e+26 
 125    1.8741676  5.88726e+26 
 126    1.9152066  5.82372e+26 
 127    1.9571441  5.75254e+26 
 128    2.0000000  5.67298e+26 
 129    2.0437943  5.58343e+26 
 130    2.0885476  5.48426e+26 
 131    2.1342808  5.37803e+26 
 132    2.1810155  5.26453e+26 
 133    2.2287735  5.14435e+26 
 134    2.2775773  5.01828e+26 
 135    2.3274497  4.88531e+26 
 136    2.3784142  4.74854e+26 
 137    2.4304947  4.60681e+26 
 138    2.4837156  4.46412e+26 
 139    2.5381019  4.31874e+26 
 140    2.5936791  4.17049e+26 
 141    2.6504733  4.02389e+26 
 142    2.7085111  3.87652e+26 
 143    2.7678198  3.72875e+26 
 144    2.8284271  3.58497e+26 
 145    2.8903616  3.44176e+26 
 146    2.9536523  3.30182e+26 
 147    3.0183289  3.16293e+26 
 148    3.0844217  3.02904e+26 
 149    3.1519617  2.89828e+26 
 150    3.2209807  2.76957e+26 
 151    3.2915110  2.64688e+26 
 152    3.3635857  2.52854e+26 
 153    3.4372386  2.41232e+26 
 154    3.5125043  2.30332e+26 
 155    3.5894182  2.19761e+26 
 156    3.6680162  2.09514e+26 
 157    3.7483353  1.99931e+26 
 158    3.8304131  1.90764e+26 
 159    3.9142882  1.81871e+26 
 160    4.0000000  1.73671e+26 
 161    4.0875886  1.65911e+26 
 162    4.1770951  1.58442e+26 
 163    4.2685616  1.51585e+26 
 164    4.3620309  1.45062e+26 
 165    4.4575470  1.38876e+26 
 166    4.5551545  1.33204e+26 
 167    4.6548994  1.27794e+26 
 168    4.7568285  1.22646e+26 
 169    4.8609894  1.17801e+26 
 170    4.9674312  1.13165e+26 
 171    5.0762038  1.08746e+26 
 172    5.1873582  1.04463e+26 
 173    5.3009466  1.00358e+26 
 174    5.4170222  9.63787e+25 
 175    5.5356395  9.24759e+25 
 176    5.6568542  8.87684e+25 
 177    5.7807232  8.51019e+25 
 178    5.9073046  8.14734e+25 
 179    6.0366577  7.79934e+25 
 180    6.1688433  7.46203e+25 
 181    6.3039234  7.13272e+25 
 182    6.4419613  6.82259e+25 
 183    6.5830219  6.52468e+25 
 184    6.7271713  6.23255e+25 
 185    6.8744772  5.96414e+25 
 186    7.0250086  5.69241e+25 
 187    7.1788363  5.42182e+25 
 188    7.3360323  5.15870e+25 
 189    7.4966705  4.91415e+25 


# H-band (filter: H_2MASS.dat)
   0    0.1250000  8.18371e+25 
   1    0.1277371  8.35564e+25 
   2    0.1305342  8.53134e+25 
   3    0.1333926  8.71089e+25 
   4    0.1363135  8.85016e+25 
   5    0.1392983  9.18533e+25 
   6    0.1423486  9.67776e+25 
   7    0.1454656  1.00736e+26 
   8    0.1486509  1.05944e+26 
   9    0.1519059  1.11077e+26 
  10    0.1552322  1.17235e+26 
  11    0.1586314  1.22974e+26 
  12    0.1621049  1.29562e+26 
  13    0.1656546  1.35632e+26 
  14    0.1692819  1.42315e+26 
  15    0.1729887  1.49270e+26 
  16    0.1767767  1.56068e+26 
  17    0.1806476  1.62164e+26 
  18    0.1846033  1.68780e+26 
  19    0.1886456  1.74471e+26 
  20    0.1927764  1.80968e+26 
  21    0.1969976  1.86833e+26 
  22    0.2013113  1.92589e+26 
  23    0.2057194  1.98891e+26 
  24    0.2102241  2.04894e+26 
  25    0.2148274  2.10808e+26 
  26    0.2195315  2.16087e+26 
  27    0.2243386  2.21227e+26 
  28    0.2292510  2.26458e+26 
  29    0.2342710  2.31894e+26 
  30    0.2394008  2.36711e+26 
  31    0.2446430  2.41617e+26 
  32    0.2500000  2.46372e+26 
  33    0.2554743  2.50773e+26 
  34    0.2610684  2.54428e+26 
  35    0.2667851  2.57679e+26 
  36    0.2726269  2.60493e+26 
  37    0.2785967  2.63140e+26 
  38    0.2846972  2.65293e+26 
  39    0.2909312  2.66936e+26 
  40    0.2973018  2.68391e+26 
  41    0.3038118  2.69072e+26 
  42    0.3104645  2.70331e+26 
  43    0.3172627  2.70537e+26 
  44    0.3242099  2.70314e+26 
  45    0.3313092  2.69684e+26 
  46    0.3385639  2.69184e+26 
  47    0.3459775  2.68133e+26 
  48    0.3535534  2.67207e+26 
  49    0.3612952  2.65924e+26 
  50    0.3692065  2.64729e+26 
  51    0.3772911  2.63463e+26 
  52    0.3855527  2.62229e+26 
  53    0.3939952  2.61065e+26 
  54    0.4026226  2.59541e+26 
  55    0.4114389  2.58613e+26 
  56    0.4204482  2.57407e+26 
  57    0.4296548  2.56273e+26 
  58    0.4390630  2.55039e+26 
  59    0.4486773  2.54065e+26 
  60    0.4585020  2.53102e+26 
  61    0.4685419  2.52016e+26 
  62    0.4788016  2.50862e+26 
  63    0.4892860  2.49671e+26 
  64    0.5000000  2.48532e+26 
  65    0.5109486  2.47282e+26 
  66    0.5221369  2.46101e+26 
  67    0.5335702  2.45019e+26 
  68    0.5452539  2.43907e+26 
  69    0.5571934  2.42808e+26 
  70    0.5693943  2.42068e+26 
  71    0.5818624  2.41213e+26 
  72    0.5946036  2.40455e+26 
  73    0.6076237  2.40138e+26 
  74    0.6209289  2.39726e+26 
  75    0.6345255  2.39464e+26 
  76    0.6484198  2.39379e+26 
  77    0.6626183  2.39308e+26 
  78    0.6771278  2.39628e+26 
  79    0.6919549  2.40047e+26 
  80    0.7071068  2.40558e+26 
  81    0.7225904  2.41256e+26 
  82    0.7384131  2.41914e+26 
  83    0.7545822  2.42654e+26 
  84    0.7711054  2.43752e+26 
  85    0.7879904  2.44585e+26 
  86    0.8052452  2.45728e+26 
  87    0.8228777  2.46966e+26 
  88    0.8408964  2.48308e+26 
  89    0.8593096  2.50070e+26 
  90    0.8781261  2.51800e+26 
  91    0.8973545  2.53758e+26 
  92    0.9170040  2.55777e+26 
  93    0.9370838  2.58203e+26 
  94    0.9576033  2.60912e+26 
  95    0.9785721  2.63920e+26 
  96    1.0000000  2.66817e+26 
  97    1.0218971  2.70244e+26 
  98    1.0442738  2.73927e+26 
  99    1.0671404  2.77654e+26 
 100    1.0905077  2.81626e+26 
 101    1.1143867  2.85626e+26 
 102    1.1387886  2.89770e+26 
 103    1.1637249  2.94023e+26 
 104    1.1892071  2.98474e+26 
 105    1.2152474  3.02702e+26 
 106    1.2418578  3.07047e+26 
 107    1.2690510  3.11272e+26 
 108    1.2968396  3.15349e+26 
 109    1.3252366  3.19410e+26 
 110    1.3542555  3.23218e+26 
 111    1.3839099  3.26820e+26 
 112    1.4142136  3.30365e+26 
 113    1.4451808  3.33371e+26 
 114    1.4768261  3.36253e+26 
 115    1.5091644  3.38941e+26 
 116    1.5422108  3.41184e+26 
 117    1.5759808  3.42959e+26 
 118    1.6104903  3.44598e+26 
 119    1.6457555  3.45804e+26 
 120    1.6817928  3.46661e+26 
 121    1.7186193  3.47348e+26 
 122    1.7562522  3.47735e+26 
 123    1.7947091  3.47858e+26 
 124    1.8340081  3.47723e+26 
 125    1.8741676  3.47319e+26 
 126    1.9152066  3.46627e+26 
 127    1.9571441  3.45585e+26 
 128    2.0000000  3.44560e+26 
 129    2.0437943  3.43254e+26 
 130    2.0885476  3.41512e+26 
 131    2.1342808  3.39744e+26 
 132    2.1810155  3.37424e+26 
 133    2.2287735  3.34441e+26 
 134    2.2775773  3.31112e+26 
 135    2.3274497  3.26966e+26 
 136    2.3784142  3.22177e+26 
 137    2.4304947  3.16852e+26 
 138    2.4837156  3.10419e+26 
 139    2.5381019  3.03102e+26 
 140    2.5936791  2.95009e+26 
 141    2.6504733  2.85843e+26 
 142    2.7085111  2.75905e+26 
 143    2.7678198  2.65084e+26 
 144    2.8284271  2.53578e+26 
 145    2.8903616  2.41627e+26 
 146    2.9536523  2.29263e+26 
 147    3.0183289  2.16225e+26 
 148    3.0844217  2.03306e+26 
 149    3.1519617  1.90424e+26 
 150    3.2209807  1.77322e+26 
 151    3.2915110  1.64903e+26 
 152    3.3635857  1.52827e+26 
 153    3.4372386  1.40930e+26 
 154    3.5125043  1.29918e+26 
 155    3.5894182  1.19488e+26 
 156    3.6680162  1.09455e+26 
 157    3.7483353  1.00389e+26 
 158    3.8304131  9.19813e+25 
 159    3.9142882  8.40659e+25 
 160    4.0000000  7.69871e+25 
 161    4.0875886  7.04912e+25 
 162    4.1770951  6.44364e+25 
 163    4.2685616  5.90666e+25 
 164    4.3620309  5.41525e+25 
 165    4.4575470  4.96098e+25 
 166    4.5551545  4.56006e+25 
 167    4.6548994  4.19798e+25 
 168    4.7568285  3.86107e+25 
 169    4.8609894  3.56411e+25 
 170    4.9674312  3.29217e+25 
 171    5.0762038  3.04417e+25 
 172    5.1873582  2.81670e+25 
 173    5.3009466  2.61113e+25 
 174    5.4170222  2.42155e+25 
 175    5.5356395  2.24813e+25 
 176    5.6568542  2.08918e+25 
 177    5.7807232  1.94241e+25 
 178    5.9073046  1.80378e+25 
 179    6.0366577  1.67682e+25 
 180    6.1688433  1.55771e+25 
 181    6.3039234  1.44599e+25 
 182    6.4419613  1.34413e+25 
 183    6.5830219  1.24914e+25 
 184    6.7271713  1.15836e+25 
 185    6.8744772  1.07580e+25 
 186    7.0250086  9.93909e+24 
 187    7.1788363  9.14373e+24 
 188    7.3360323  8.38468e+24 
 189    7.4966705  7.68150e+24 


# K-band (filter: Ks_mosfire.dat)
   0    0.1250000  4.72222e+25 
   1    0.1277371  4.92609e+25 
   2    0.1305342  5.13441e+25 
   3    0.1333926  5.34730e+25 
   4    0.1363135  5.59251e+25 
   5    0.1392983  5.89146e+25 
   6    0.1423486  6.24627e+25 
   7    0.1454656  6.58957e+25 
   8    0.1486509  6.98814e+25 
   9    0.1519059  7.29776e+25 
  10    0.1552322  7.59208e+25 
  11    0.1586314  7.96017e+25 
  12    0.1621049  8.31754e+25 
  13    0.1656546  8.69227e+25 
  14    0.1692819  9.02668e+25 
  15    0.1729887  9.32070e+25 
  16    0.1767767  9.65298e+25 
  17    0.1806476  1.00927e+26 
  18    0.1846033  1.04136e+26 
  19    0.1886456  1.07042e+26 
  20    0.1927764  1.09933e+26 
  21    0.1969976  1.13172e+26 
  22    0.2013113  1.16480e+26 
  23    0.2057194  1.19305e+26 
  24    0.2102241  1.22083e+26 
  25    0.2148274  1.24901e+26 
  26    0.2195315  1.27785e+26 
  27    0.2243386  1.30116e+26 
  28    0.2292510  1.32284e+26 
  29    0.2342710  1.33694e+26 
  30    0.2394008  1.35959e+26 
  31    0.2446430  1.37812e+26 
  32    0.2500000  1.39245e+26 
  33    0.2554743  1.40487e+26 
  34    0.2610684  1.40745e+26 
  35    0.2667851  1.41706e+26 
  36    0.2726269  1.42793e+26 
  37    0.2785967  1.43298e+26 
  38    0.2846972  1.43384e+26 
  39    0.2909312  1.43045e+26 
  40    0.2973018  1.42672e+26 
  41    0.3038118  1.42735e+26 
  42    0.3104645  1.41860e+26 
  43    0.3172627  1.41231e+26 
  44    0.3242099  1.39678e+26 
  45    0.3313092  1.38515e+26 
  46    0.3385639  1.36965e+26 
  47    0.3459775  1.35297e+26 
  48    0.3535534  1.33186e+26 
  49    0.3612952  1.30869e+26 
  50    0.3692065  1.28917e+26 
  51    0.3772911  1.26909e+26 
  52    0.3855527  1.24670e+26 
  53    0.3939952  1.21994e+26 
  54    0.4026226  1.19533e+26 
  55    0.4114389  1.17070e+26 
  56    0.4204482  1.14802e+26 
  57    0.4296548  1.12488e+26 
  58    0.4390630  1.10412e+26 
  59    0.4486773  1.08031e+26 
  60    0.4585020  1.06084e+26 
  61    0.4685419  1.04020e+26 
  62    0.4788016  1.02434e+26 
  63    0.4892860  1.00612e+26 
  64    0.5000000  9.93226e+25 
  65    0.5109486  9.79926e+25 
  66    0.5221369  9.68391e+25 
  67    0.5335702  9.60427e+25 
  68    0.5452539  9.51576e+25 
  69    0.5571934  9.45100e+25 
  70    0.5693943  9.38081e+25 
  71    0.5818624  9.32072e+25 
  72    0.5946036  9.26098e+25 
  73    0.6076237  9.20643e+25 
  74    0.6209289  9.13470e+25 
  75    0.6345255  9.06432e+25 
  76    0.6484198  8.96251e+25 
  77    0.6626183  8.86183e+25 
  78    0.6771278  8.74645e+25 
  79    0.6919549  8.62311e+25 
  80    0.7071068  8.50816e+25 
  81    0.7225904  8.35002e+25 
  82    0.7384131  8.19291e+25 
  83    0.7545822  8.02725e+25 
  84    0.7711054  7.84496e+25 
  85    0.7879904  7.68568e+25 
  86    0.8052452  7.51242e+25 
  87    0.8228777  7.34203e+25 
  88    0.8408964  7.16079e+25 
  89    0.8593096  7.02211e+25 
  90    0.8781261  6.86472e+25 
  91    0.8973545  6.71029e+25 
  92    0.9170040  6.57852e+25 
  93    0.9370838  6.45004e+25 
  94    0.9576033  6.34961e+25 
  95    0.9785721  6.23607e+25 
  96    1.0000000  6.13796e+25 
  97    1.0218971  6.03785e+25 
  98    1.0442738  5.94883e+25 
  99    1.0671404  5.87071e+25 
 100    1.0905077  5.81348e+25 
 101    1.1143867  5.73496e+25 
 102    1.1387886  5.66273e+25 
 103    1.1637249  5.59653e+25 
 104    1.1892071  5.52099e+25 
 105    1.2152474  5.44538e+25 
 106    1.2418578  5.38061e+25 
 107    1.2690510  5.32577e+25 
 108    1.2968396  5.26619e+25 
 109    1.3252366  5.21059e+25 
 110    1.3542555  5.14896e+25 
 111    1.3839099  5.08863e+25 
 112    1.4142136  5.02293e+25 
 113    1.4451808  4.95506e+25 
 114    1.4768261  4.89228e+25 
 115    1.5091644  4.83241e+25 
 116    1.5422108  4.76745e+25 
 117    1.5759808  4.69793e+25 
 118    1.6104903  4.61352e+25 
 119    1.6457555  4.53471e+25 
 120    1.6817928  4.45192e+25 
 121    1.7186193  4.36152e+25 
 122    1.7562522  4.26671e+25 
 123    1.7947091  4.17288e+25 
 124    1.8340081  4.07061e+25 
 125    1.8741676  3.97284e+25 
 126    1.9152066  3.86838e+25 
 127    1.9571441  3.75502e+25 
 128    2.0000000  3.64268e+25 
 129    2.0437943  3.53031e+25 
 130    2.0885476  3.41819e+25 
 131    2.1342808  3.30275e+25 
 132    2.1810155  3.18652e+25 
 133    2.2287735  3.07317e+25 
 134    2.2775773  2.95538e+25 
 135    2.3274497  2.83851e+25 
 136    2.3784142  2.72395e+25 
 137    2.4304947  2.60739e+25 
 138    2.4837156  2.49236e+25 
 139    2.5381019  2.38302e+25 
 140    2.5936791  2.27255e+25 
 141    2.6504733  2.16897e+25 
 142    2.7085111  2.06714e+25 
 143    2.7678198  1.96615e+25 
 144    2.8284271  1.87039e+25 
 145    2.8903616  1.77873e+25 
 146    2.9536523  1.69128e+25 
 147    3.0183289  1.60599e+25 
 148    3.0844217  1.52771e+25 
 149    3.1519617  1.45155e+25 
 150    3.2209807  1.38096e+25 
 151    3.2915110  1.31472e+25 
 152    3.3635857  1.25173e+25 
 153    3.4372386  1.19155e+25 
 154    3.5125043  1.13698e+25 
 155    3.5894182  1.08570e+25 
 156    3.6680162  1.03549e+25 
 157    3.7483353  9.89452e+24 
 158    3.8304131  9.48262e+24 
 159    3.9142882  9.08669e+24 
 160    4.0000000  8.71774e+24 
 161    4.0875886  8.36942e+24 
 162    4.1770951  8.04150e+24 
 163    4.2685616  7.74070e+24 
 164    4.3620309  7.44993e+24 
 165    4.4575470  7.17192e+24 
 166    4.5551545  6.91005e+24 
 167    4.6548994  6.67282e+24 
 168    4.7568285  6.44666e+24 
 169    4.8609894  6.24063e+24 
 170    4.9674312  6.01353e+24 
 171    5.0762038  5.80797e+24 
 172    5.1873582  5.61357e+24 
 173    5.3009466  5.41764e+24 
 174    5.4170222  5.22410e+24 
 175    5.5356395  5.04335e+24 
 176    5.6568542  4.87619e+24 
 177    5.7807232  4.71006e+24 
 178    5.9073046  4.54311e+24 
 179    6.0366577  4.37910e+24 
 180    6.1688433  4.22193e+24 
 181    6.3039234  4.06862e+24 
 182    6.4419613  3.93016e+24 
 183    6.5830219  3.78784e+24 
 184    6.7271713  3.65547e+24 
 185    6.8744772  3.52545e+24 
 186    7.0250086  3.39776e+24 
 187    7.1788363  3.26645e+24 
 188    7.3360323  3.13753e+24 
 189    7.4966705  3.01345e+24 


# S-band (filter: Spitzer_IRAC2.dat)
   0    0.1250000  2.62936e+25 
   1    0.1277371  2.69057e+25 
   2    0.1305342  2.75313e+25 
   3    0.1333926  2.81706e+25 
   4    0.1363135  2.87898e+25 
   5    0.1392983  2.94781e+25 
   6    0.1423486  2.91695e+25 
   7    0.1454656  2.95672e+25 
   8    0.1486509  2.95984e+25 
   9    0.1519059  2.99875e+25 
  10    0.1552322  2.96962e+25 
  11    0.1586314  2.98359e+25 
  12    0.1621049  2.97759e+25 
  13    0.1656546  2.99509e+25 
  14    0.1692819  2.93289e+25 
  15    0.1729887  2.85814e+25 
  16    0.1767767  2.75287e+25 
  17    0.1806476  2.71290e+25 
  18    0.1846033  2.68374e+25 
  19    0.1886456  2.62986e+25 
  20    0.1927764  2.59179e+25 
  21    0.1969976  2.57041e+25 
  22    0.2013113  2.52098e+25 
  23    0.2057194  2.42150e+25 
  24    0.2102241  2.40602e+25 
  25    0.2148274  2.29986e+25 
  26    0.2195315  2.25927e+25 
  27    0.2243386  2.19261e+25 
  28    0.2292510  2.13676e+25 
  29    0.2342710  2.06551e+25 
  30    0.2394008  1.98228e+25 
  31    0.2446430  1.90280e+25 
  32    0.2500000  1.82069e+25 
  33    0.2554743  1.71753e+25 
  34    0.2610684  1.65675e+25 
  35    0.2667851  1.58933e+25 
  36    0.2726269  1.53611e+25 
  37    0.2785967  1.47041e+25 
  38    0.2846972  1.40864e+25 
  39    0.2909312  1.33071e+25 
  40    0.2973018  1.26726e+25 
  41    0.3038118  1.19819e+25 
  42    0.3104645  1.15273e+25 
  43    0.3172627  1.10072e+25 
  44    0.3242099  1.05343e+25 
  45    0.3313092  1.00095e+25 
  46    0.3385639  9.53233e+24 
  47    0.3459775  9.06818e+24 
  48    0.3535534  8.51921e+24 
  49    0.3612952  8.17684e+24 
  50    0.3692065  7.72900e+24 
  51    0.3772911  7.50423e+24 
  52    0.3855527  7.31774e+24 
  53    0.3939952  7.12484e+24 
  54    0.4026226  6.86821e+24 
  55    0.4114389  6.57740e+24 
  56    0.4204482  6.42628e+24 
  57    0.4296548  6.23597e+24 
  58    0.4390630  6.07891e+24 
  59    0.4486773  5.94781e+24 
  60    0.4585020  5.83435e+24 
  61    0.4685419  5.73496e+24 
  62    0.4788016  5.67316e+24 
  63    0.4892860  5.47553e+24 
  64    0.5000000  5.34907e+24 
  65    0.5109486  5.29790e+24 
  66    0.5221369  5.23673e+24 
  67    0.5335702  5.16098e+24 
  68    0.5452539  5.00305e+24 
  69    0.5571934  4.89886e+24 
  70    0.5693943  4.83090e+24 
  71    0.5818624  4.75311e+24 
  72    0.5946036  4.62450e+24 
  73    0.6076237  4.55844e+24 
  74    0.6209289  4.43573e+24 
  75    0.6345255  4.40231e+24 
  76    0.6484198  4.31648e+24 
  77    0.6626183  4.25934e+24 
  78    0.6771278  4.17433e+24 
  79    0.6919549  4.11497e+24 
  80    0.7071068  4.07679e+24 
  81    0.7225904  4.00642e+24 
  82    0.7384131  3.88072e+24 
  83    0.7545822  3.79611e+24 
  84    0.7711054  3.72359e+24 
  85    0.7879904  3.63812e+24 
  86    0.8052452  3.59882e+24 
  87    0.8228777  3.48790e+24 
  88    0.8408964  3.42715e+24 
  89    0.8593096  3.35369e+24 
  90    0.8781261  3.27036e+24 
  91    0.8973545  3.15738e+24 
  92    0.9170040  3.10741e+24 
  93    0.9370838  3.04492e+24 
  94    0.9576033  3.00213e+24 
  95    0.9785721  2.93491e+24 
  96    1.0000000  2.89626e+24 
  97    1.0218971  2.84350e+24 
  98    1.0442738  2.79739e+24 
  99    1.0671404  2.76355e+24 
 100    1.0905077  2.72681e+24 
 101    1.1143867  2.65883e+24 
 102    1.1387886  2.64196e+24 
 103    1.1637249  2.60507e+24 
 104    1.1892071  2.55951e+24 
 105    1.2152474  2.54074e+24 
 106    1.2418578  2.48137e+24 
 107    1.2690510  2.44594e+24 
 108    1.2968396  2.41453e+24 
 109    1.3252366  2.38177e+24 
 110    1.3542555  2.34342e+24 
 111    1.3839099  2.31515e+24 
 112    1.4142136  2.29593e+24 
 113    1.4451808  2.27646e+24 
 114    1.4768261  2.22442e+24 
 115    1.5091644  2.19052e+24 
 116    1.5422108  2.18105e+24 
 117    1.5759808  2.15267e+24 
 118    1.6104903  2.13271e+24 
 119    1.6457555  2.12480e+24 
 120    1.6817928  2.08434e+24 
 121    1.7186193  2.05679e+24 
 122    1.7562522  2.04796e+24 
 123    1.7947091  2.01465e+24 
 124    1.8340081  1.98403e+24 
 125    1.8741676  1.95769e+24 
 126    1.9152066  1.93855e+24 
 127    1.9571441  1.90924e+24 
 128    2.0000000  1.87570e+24 
 129    2.0437943  1.84985e+24 
 130    2.0885476  1.81933e+24 
 131    2.1342808  1.79138e+24 
 132    2.1810155  1.77168e+24 
 133    2.2287735  1.73428e+24 
 134    2.2775773  1.69543e+24 
 135    2.3274497  1.65852e+24 
 136    2.3784142  1.61904e+24 
 137    2.4304947  1.57541e+24 
 138    2.4837156  1.53541e+24 
 139    2.5381019  1.50115e+24 
 140    2.5936791  1.45984e+24 
 141    2.6504733  1.41567e+24 
 142    2.7085111  1.36897e+24 
 143    2.7678198  1.32144e+24 
 144    2.8284271  1.27360e+24 
 145    2.8903616  1.23229e+24 
 146    2.9536523  1.19109e+24 
 147    3.0183289  1.15432e+24 
 148    3.0844217  1.12054e+24 
 149    3.1519617  1.09326e+24 
 150    3.2209807  1.05786e+24 
 151    3.2915110  1.02100e+24 
 152    3.3635857  1.00075e+24 
 153    3.4372386  9.81091e+23 
 154    3.5125043  9.63873e+23 
 155    3.5894182  9.48408e+23 
 156    3.6680162  9.29991e+23 
 157    3.7483353  9.14513e+23 
 158    3.8304131  9.06491e+23 
 159    3.9142882  8.94762e+23 
 160    4.0000000  8.87344e+23 
 161    4.0875886  8.81519e+23 
 162    4.1770951  8.77861e+23 
 163    4.2685616  8.76176e+23 
 164    4.3620309  8.72137e+23 
 165    4.4575470  8.67585e+23 
 166    4.5551545  8.63009e+23 
 167    4.6548994  8.63516e+23 
 168    4.7568285  8.65305e+23 
 169    4.8609894  8.69817e+23 
 170    4.9674312  8.71951e+23 
 171    5.0762038  8.71667e+23 
 172    5.1873582  8.74550e+23 
 173    5.3009466  8.74545e+23 
 174    5.4170222  8.78933e+23 
 175    5.5356395  8.83418e+23 
 176    5.6568542  8.83494e+23 
 177    5.7807232  8.87687e+23 
 178    5.9073046  8.89986e+23 
 179    6.0366577  8.90078e+23 
 180    6.1688433  8.92162e+23 
 181    6.3039234  8.91647e+23 
 182    6.4419613  8.93308e+23 
 183    6.5830219  8.96811e+23 
 184    6.7271713  8.98806e+23 
 185    6.8744772  8.98968e+23 
 186    7.0250086  8.96818e+23 
 187    7.1788363  8.95692e+23 
 188    7.3360323  8.95924e+23 
 189    7.4966705  8.95977e+23 


