# 1:iteration 2:time bin[s] 3-k:equiv. isotropic luminosity in k-th angular bin [erg/s]
# bolometric luminosity going in angular bin
   0    0.1250000  1.01655e+41 
   1    0.1277371  1.03842e+41 
   2    0.1305342  1.06076e+41 
   3    0.1333926  1.08359e+41 
   4    0.1363135  1.10567e+41 
   5    0.1392983  1.12728e+41 
   6    0.1423486  1.14659e+41 
   7    0.1454656  1.16617e+41 
   8    0.1486509  1.18534e+41 
   9    0.1519059  1.20242e+41 
  10    0.1552322  1.21443e+41 
  11    0.1586314  1.22276e+41 
  12    0.1621049  1.21544e+41 
  13    0.1656546  1.20041e+41 
  14    0.1692819  1.18655e+41 
  15    0.1729887  1.16965e+41 
  16    0.1767767  1.15310e+41 
  17    0.1806476  1.13658e+41 
  18    0.1846033  1.11328e+41 
  19    0.1886456  1.09455e+41 
  20    0.1927764  1.07431e+41 
  21    0.1969976  1.05347e+41 
  22    0.2013113  1.03662e+41 
  23    0.2057194  1.02447e+41 
  24    0.2102241  1.02061e+41 
  25    0.2148274  1.02186e+41 
  26    0.2195315  1.02551e+41 
  27    0.2243386  1.03076e+41 
  28    0.2292510  1.04116e+41 
  29    0.2342710  1.05397e+41 
  30    0.2394008  1.06912e+41 
  31    0.2446430  1.08806e+41 
  32    0.2500000  1.10838e+41 
  33    0.2554743  1.13098e+41 
  34    0.2610684  1.15193e+41 
  35    0.2667851  1.17131e+41 
  36    0.2726269  1.18518e+41 
  37    0.2785967  1.19680e+41 
  38    0.2846972  1.19489e+41 
  39    0.2909312  1.18933e+41 
  40    0.2973018  1.18246e+41 
  41    0.3038118  1.17396e+41 
  42    0.3104645  1.16790e+41 
  43    0.3172627  1.15613e+41 
  44    0.3242099  1.15514e+41 
  45    0.3313092  1.15575e+41 
  46    0.3385639  1.15613e+41 
  47    0.3459775  1.16471e+41 
  48    0.3535534  1.17604e+41 
  49    0.3612952  1.19751e+41 
  50    0.3692065  1.22235e+41 
  51    0.3772911  1.25270e+41 
  52    0.3855527  1.28644e+41 
  53    0.3939952  1.32054e+41 
  54    0.4026226  1.35593e+41 
  55    0.4114389  1.39149e+41 
  56    0.4204482  1.42616e+41 
  57    0.4296548  1.46049e+41 
  58    0.4390630  1.49516e+41 
  59    0.4486773  1.52941e+41 
  60    0.4585020  1.56583e+41 
  61    0.4685419  1.60327e+41 
  62    0.4788016  1.64095e+41 
  63    0.4892860  1.68007e+41 
  64    0.5000000  1.72034e+41 
  65    0.5109486  1.76228e+41 
  66    0.5221369  1.80925e+41 
  67    0.5335702  1.85904e+41 
  68    0.5452539  1.91012e+41 
  69    0.5571934  1.96193e+41 
  70    0.5693943  2.01060e+41 
  71    0.5818624  2.06160e+41 
  72    0.5946036  2.10977e+41 
  73    0.6076237  2.15708e+41 
  74    0.6209289  2.20456e+41 
  75    0.6345255  2.24449e+41 
  76    0.6484198  2.28090e+41 
  77    0.6626183  2.31460e+41 
  78    0.6771278  2.33965e+41 
  79    0.6919549  2.35970e+41 
  80    0.7071068  2.37501e+41 
  81    0.7225904  2.38699e+41 
  82    0.7384131  2.39764e+41 
  83    0.7545822  2.40637e+41 
  84    0.7711054  2.41102e+41 
  85    0.7879904  2.41548e+41 
  86    0.8052452  2.41751e+41 
  87    0.8228777  2.41892e+41 
  88    0.8408964  2.41806e+41 
  89    0.8593096  2.41443e+41 
  90    0.8781261  2.41102e+41 
  91    0.8973545  2.40338e+41 
  92    0.9170040  2.39498e+41 
  93    0.9370838  2.38521e+41 
  94    0.9576033  2.37153e+41 
  95    0.9785721  2.35459e+41 
  96    1.0000000  2.33403e+41 
  97    1.0218971  2.30946e+41 
  98    1.0442738  2.28245e+41 
  99    1.0671404  2.25365e+41 
 100    1.0905077  2.22177e+41 
 101    1.1143867  2.18759e+41 
 102    1.1387886  2.15094e+41 
 103    1.1637249  2.11161e+41 
 104    1.1892071  2.06939e+41 
 105    1.2152474  2.02529e+41 
 106    1.2418578  1.97913e+41 
 107    1.2690510  1.93099e+41 
 108    1.2968396  1.88129e+41 
 109    1.3252366  1.82949e+41 
 110    1.3542555  1.77553e+41 
 111    1.3839099  1.71935e+41 
 112    1.4142136  1.66168e+41 
 113    1.4451808  1.60340e+41 
 114    1.4768261  1.54498e+41 
 115    1.5091644  1.48544e+41 
 116    1.5422108  1.42658e+41 
 117    1.5759808  1.36786e+41 
 118    1.6104903  1.30846e+41 
 119    1.6457555  1.25105e+41 
 120    1.6817928  1.19449e+41 
 121    1.7186193  1.13835e+41 
 122    1.7562522  1.08475e+41 
 123    1.7947091  1.03316e+41 
 124    1.8340081  9.83643e+40 
 125    1.8741676  9.35472e+40 
 126    1.9152066  8.90870e+40 
 127    1.9571441  8.49003e+40 
 128    2.0000000  8.08583e+40 
 129    2.0437943  7.71941e+40 
 130    2.0885476  7.37551e+40 
 131    2.1342808  7.05184e+40 
 132    2.1810155  6.75614e+40 
 133    2.2287735  6.48007e+40 
 134    2.2775773  6.22514e+40 
 135    2.3274497  5.98635e+40 
 136    2.3784142  5.76057e+40 
 137    2.4304947  5.54581e+40 
 138    2.4837156  5.33894e+40 
 139    2.5381019  5.13840e+40 
 140    2.5936791  4.94282e+40 
 141    2.6504733  4.75376e+40 
 142    2.7085111  4.56881e+40 
 143    2.7678198  4.38542e+40 
 144    2.8284271  4.20966e+40 
 145    2.8903616  4.03874e+40 
 146    2.9536523  3.87251e+40 
 147    3.0183289  3.71008e+40 
 148    3.0844217  3.55698e+40 
 149    3.1519617  3.40865e+40 
 150    3.2209807  3.26551e+40 
 151    3.2915110  3.12968e+40 
 152    3.3635857  2.99919e+40 
 153    3.4372386  2.87293e+40 
 154    3.5125043  2.75300e+40 
 155    3.5894182  2.63852e+40 
 156    3.6680162  2.52808e+40 
 157    3.7483353  2.42394e+40 
 158    3.8304131  2.32385e+40 
 159    3.9142882  2.22573e+40 
 160    4.0000000  2.13350e+40 
 161    4.0875886  2.04438e+40 
 162    4.1770951  1.95783e+40 
 163    4.2685616  1.87620e+40 
 164    4.3620309  1.79812e+40 
 165    4.4575470  1.72248e+40 
 166    4.5551545  1.65196e+40 
 167    4.6548994  1.58407e+40 
 168    4.7568285  1.51782e+40 
 169    4.8609894  1.45601e+40 
 170    4.9674312  1.39705e+40 
 171    5.0762038  1.34049e+40 
 172    5.1873582  1.28619e+40 
 173    5.3009466  1.23479e+40 
 174    5.4170222  1.18564e+40 
 175    5.5356395  1.13816e+40 
 176    5.6568542  1.09330e+40 
 177    5.7807232  1.05013e+40 
 178    5.9073046  1.00845e+40 
 179    6.0366577  9.68646e+39 
 180    6.1688433  9.29967e+39 
 181    6.3039234  8.91958e+39 
 182    6.4419613  8.55346e+39 
 183    6.5830219  8.19937e+39 
 184    6.7271713  7.85314e+39 
 185    6.8744772  7.52583e+39 
 186    7.0250086  7.19516e+39 
 187    7.1788363  6.86236e+39 
 188    7.3360323  6.53187e+39 
 189    7.4966705  6.21047e+39 


# g-band (filter: g_LSST.dat)
   0    0.1250000  1.46911e+26 
   1    0.1277371  1.47100e+26 
   2    0.1305342  1.47293e+26 
   3    0.1333926  1.47490e+26 
   4    0.1363135  1.47491e+26 
   5    0.1392983  1.47303e+26 
   6    0.1423486  1.46930e+26 
   7    0.1454656  1.46549e+26 
   8    0.1486509  1.46048e+26 
   9    0.1519059  1.45439e+26 
  10    0.1552322  1.44073e+26 
  11    0.1586314  1.42644e+26 
  12    0.1621049  1.40633e+26 
  13    0.1656546  1.38426e+26 
  14    0.1692819  1.36144e+26 
  15    0.1729887  1.33529e+26 
  16    0.1767767  1.30647e+26 
  17    0.1806476  1.27683e+26 
  18    0.1846033  1.24354e+26 
  19    0.1886456  1.20967e+26 
  20    0.1927764  1.17393e+26 
  21    0.1969976  1.13919e+26 
  22    0.2013113  1.11055e+26 
  23    0.2057194  1.08472e+26 
  24    0.2102241  1.06021e+26 
  25    0.2148274  1.04563e+26 
  26    0.2195315  1.03533e+26 
  27    0.2243386  1.03001e+26 
  28    0.2292510  1.03739e+26 
  29    0.2342710  1.05325e+26 
  30    0.2394008  1.07353e+26 
  31    0.2446430  1.10568e+26 
  32    0.2500000  1.14508e+26 
  33    0.2554743  1.19150e+26 
  34    0.2610684  1.23795e+26 
  35    0.2667851  1.28385e+26 
  36    0.2726269  1.31882e+26 
  37    0.2785967  1.34966e+26 
  38    0.2846972  1.34669e+26 
  39    0.2909312  1.33816e+26 
  40    0.2973018  1.32843e+26 
  41    0.3038118  1.32048e+26 
  42    0.3104645  1.31861e+26 
  43    0.3172627  1.30268e+26 
  44    0.3242099  1.30456e+26 
  45    0.3313092  1.30846e+26 
  46    0.3385639  1.31119e+26 
  47    0.3459775  1.32626e+26 
  48    0.3535534  1.34806e+26 
  49    0.3612952  1.39222e+26 
  50    0.3692065  1.44658e+26 
  51    0.3772911  1.51553e+26 
  52    0.3855527  1.58902e+26 
  53    0.3939952  1.66535e+26 
  54    0.4026226  1.74228e+26 
  55    0.4114389  1.82496e+26 
  56    0.4204482  1.91211e+26 
  57    0.4296548  1.99959e+26 
  58    0.4390630  2.09736e+26 
  59    0.4486773  2.19659e+26 
  60    0.4585020  2.30687e+26 
  61    0.4685419  2.42778e+26 
  62    0.4788016  2.55092e+26 
  63    0.4892860  2.68405e+26 
  64    0.5000000  2.82361e+26 
  65    0.5109486  2.97410e+26 
  66    0.5221369  3.14830e+26 
  67    0.5335702  3.33333e+26 
  68    0.5452539  3.52584e+26 
  69    0.5571934  3.72199e+26 
  70    0.5693943  3.90678e+26 
  71    0.5818624  4.10268e+26 
  72    0.5946036  4.29339e+26 
  73    0.6076237  4.48186e+26 
  74    0.6209289  4.67105e+26 
  75    0.6345255  4.83637e+26 
  76    0.6484198  4.99222e+26 
  77    0.6626183  5.13809e+26 
  78    0.6771278  5.25290e+26 
  79    0.6919549  5.34909e+26 
  80    0.7071068  5.42959e+26 
  81    0.7225904  5.49976e+26 
  82    0.7384131  5.56041e+26 
  83    0.7545822  5.61209e+26 
  84    0.7711054  5.64641e+26 
  85    0.7879904  5.67664e+26 
  86    0.8052452  5.69644e+26 
  87    0.8228777  5.71040e+26 
  88    0.8408964  5.71582e+26 
  89    0.8593096  5.71250e+26 
  90    0.8781261  5.70697e+26 
  91    0.8973545  5.69039e+26 
  92    0.9170040  5.67002e+26 
  93    0.9370838  5.64475e+26 
  94    0.9576033  5.60993e+26 
  95    0.9785721  5.56557e+26 
  96    1.0000000  5.51051e+26 
  97    1.0218971  5.44346e+26 
  98    1.0442738  5.37079e+26 
  99    1.0671404  5.29327e+26 
 100    1.0905077  5.20555e+26 
 101    1.1143867  5.10807e+26 
 102    1.1387886  5.00262e+26 
 103    1.1637249  4.88763e+26 
 104    1.1892071  4.76100e+26 
 105    1.2152474  4.62813e+26 
 106    1.2418578  4.48746e+26 
 107    1.2690510  4.34100e+26 
 108    1.2968396  4.19018e+26 
 109    1.3252366  4.03040e+26 
 110    1.3542555  3.86445e+26 
 111    1.3839099  3.69093e+26 
 112    1.4142136  3.51323e+26 
 113    1.4451808  3.33576e+26 
 114    1.4768261  3.15926e+26 
 115    1.5091644  2.98093e+26 
 116    1.5422108  2.80615e+26 
 117    1.5759808  2.63374e+26 
 118    1.6104903  2.46019e+26 
 119    1.6457555  2.29514e+26 
 120    1.6817928  2.13374e+26 
 121    1.7186193  1.97575e+26 
 122    1.7562522  1.82759e+26 
 123    1.7947091  1.68723e+26 
 124    1.8340081  1.55519e+26 
 125    1.8741676  1.42897e+26 
 126    1.9152066  1.31597e+26 
 127    1.9571441  1.21349e+26 
 128    2.0000000  1.11695e+26 
 129    2.0437943  1.03419e+26 
 130    2.0885476  9.59239e+25 
 131    2.1342808  8.92101e+25 
 132    2.1810155  8.34318e+25 
 133    2.2287735  7.83222e+25 
 134    2.2775773  7.40002e+25 
 135    2.3274497  7.01799e+25 
 136    2.3784142  6.67914e+25 
 137    2.4304947  6.37607e+25 
 138    2.4837156  6.09093e+25 
 139    2.5381019  5.82580e+25 
 140    2.5936791  5.57456e+25 
 141    2.6504733  5.33524e+25 
 142    2.7085111  5.10556e+25 
 143    2.7678198  4.88065e+25 
 144    2.8284271  4.67116e+25 
 145    2.8903616  4.47200e+25 
 146    2.9536523  4.28369e+25 
 147    3.0183289  4.10189e+25 
 148    3.0844217  3.93914e+25 
 149    3.1519617  3.78653e+25 
 150    3.2209807  3.64336e+25 
 151    3.2915110  3.51051e+25 
 152    3.3635857  3.38555e+25 
 153    3.4372386  3.26934e+25 
 154    3.5125043  3.15603e+25 
 155    3.5894182  3.04982e+25 
 156    3.6680162  2.94946e+25 
 157    3.7483353  2.85424e+25 
 158    3.8304131  2.76202e+25 
 159    3.9142882  2.66913e+25 
 160    4.0000000  2.57862e+25 
 161    4.0875886  2.48688e+25 
 162    4.1770951  2.39707e+25 
 163    4.2685616  2.30826e+25 
 164    4.3620309  2.22085e+25 
 165    4.4575470  2.13624e+25 
 166    4.5551545  2.05651e+25 
 167    4.6548994  1.97704e+25 
 168    4.7568285  1.89668e+25 
 169    4.8609894  1.82010e+25 
 170    4.9674312  1.74492e+25 
 171    5.0762038  1.67166e+25 
 172    5.1873582  1.60099e+25 
 173    5.3009466  1.53391e+25 
 174    5.4170222  1.47037e+25 
 175    5.5356395  1.40895e+25 
 176    5.6568542  1.35270e+25 
 177    5.7807232  1.29771e+25 
 178    5.9073046  1.24436e+25 
 179    6.0366577  1.19469e+25 
 180    6.1688433  1.14669e+25 
 181    6.3039234  1.10094e+25 
 182    6.4419613  1.05733e+25 
 183    6.5830219  1.01582e+25 
 184    6.7271713  9.76031e+24 
 185    6.8744772  9.39645e+24 
 186    7.0250086  9.02652e+24 
 187    7.1788363  8.64962e+24 
 188    7.3360323  8.28133e+24 
 189    7.4966705  7.93233e+24 


# r-band (filter: r_LSST.dat)
   0    0.1250000  1.82815e+26 
   1    0.1277371  1.87095e+26 
   2    0.1305342  1.91470e+26 
   3    0.1333926  1.95940e+26 
   4    0.1363135  2.00170e+26 
   5    0.1392983  2.04599e+26 
   6    0.1423486  2.08672e+26 
   7    0.1454656  2.12945e+26 
   8    0.1486509  2.17216e+26 
   9    0.1519059  2.20988e+26 
  10    0.1552322  2.22666e+26 
  11    0.1586314  2.23540e+26 
  12    0.1621049  2.22470e+26 
  13    0.1656546  2.21268e+26 
  14    0.1692819  2.20424e+26 
  15    0.1729887  2.18793e+26 
  16    0.1767767  2.17896e+26 
  17    0.1806476  2.16917e+26 
  18    0.1846033  2.15158e+26 
  19    0.1886456  2.14350e+26 
  20    0.1927764  2.13231e+26 
  21    0.1969976  2.13177e+26 
  22    0.2013113  2.14248e+26 
  23    0.2057194  2.17554e+26 
  24    0.2102241  2.21522e+26 
  25    0.2148274  2.26576e+26 
  26    0.2195315  2.32802e+26 
  27    0.2243386  2.39376e+26 
  28    0.2292510  2.47586e+26 
  29    0.2342710  2.56483e+26 
  30    0.2394008  2.66460e+26 
  31    0.2446430  2.77168e+26 
  32    0.2500000  2.88794e+26 
  33    0.2554743  3.00842e+26 
  34    0.2610684  3.11486e+26 
  35    0.2667851  3.20762e+26 
  36    0.2726269  3.27038e+26 
  37    0.2785967  3.32027e+26 
  38    0.2846972  3.30857e+26 
  39    0.2909312  3.29383e+26 
  40    0.2973018  3.27350e+26 
  41    0.3038118  3.27333e+26 
  42    0.3104645  3.28320e+26 
  43    0.3172627  3.26745e+26 
  44    0.3242099  3.29853e+26 
  45    0.3313092  3.33591e+26 
  46    0.3385639  3.38530e+26 
  47    0.3459775  3.46418e+26 
  48    0.3535534  3.55556e+26 
  49    0.3612952  3.69528e+26 
  50    0.3692065  3.83755e+26 
  51    0.3772911  3.99648e+26 
  52    0.3855527  4.15335e+26 
  53    0.3939952  4.30095e+26 
  54    0.4026226  4.44551e+26 
  55    0.4114389  4.58156e+26 
  56    0.4204482  4.70330e+26 
  57    0.4296548  4.81489e+26 
  58    0.4390630  4.91266e+26 
  59    0.4486773  5.00340e+26 
  60    0.4585020  5.08715e+26 
  61    0.4685419  5.15851e+26 
  62    0.4788016  5.22092e+26 
  63    0.4892860  5.27275e+26 
  64    0.5000000  5.32480e+26 
  65    0.5109486  5.37287e+26 
  66    0.5221369  5.43373e+26 
  67    0.5335702  5.49526e+26 
  68    0.5452539  5.54964e+26 
  69    0.5571934  5.59883e+26 
  70    0.5693943  5.63069e+26 
  71    0.5818624  5.66557e+26 
  72    0.5946036  5.68670e+26 
  73    0.6076237  5.70683e+26 
  74    0.6209289  5.72812e+26 
  75    0.6345255  5.73463e+26 
  76    0.6484198  5.73834e+26 
  77    0.6626183  5.72779e+26 
  78    0.6771278  5.70729e+26 
  79    0.6919549  5.68048e+26 
  80    0.7071068  5.64938e+26 
  81    0.7225904  5.62186e+26 
  82    0.7384131  5.60590e+26 
  83    0.7545822  5.59361e+26 
  84    0.7711054  5.58210e+26 
  85    0.7879904  5.58185e+26 
  86    0.8052452  5.58581e+26 
  87    0.8228777  5.59563e+26 
  88    0.8408964  5.60548e+26 
  89    0.8593096  5.61352e+26 
  90    0.8781261  5.62855e+26 
  91    0.8973545  5.63499e+26 
  92    0.9170040  5.64310e+26 
  93    0.9370838  5.64842e+26 
  94    0.9576033  5.64544e+26 
  95    0.9785721  5.63591e+26 
  96    1.0000000  5.61832e+26 
  97    1.0218971  5.59138e+26 
  98    1.0442738  5.55750e+26 
  99    1.0671404  5.51983e+26 
 100    1.0905077  5.47486e+26 
 101    1.1143867  5.42634e+26 
 102    1.1387886  5.37390e+26 
 103    1.1637249  5.31638e+26 
 104    1.1892071  5.25156e+26 
 105    1.2152474  5.18129e+26 
 106    1.2418578  5.10543e+26 
 107    1.2690510  5.01913e+26 
 108    1.2968396  4.92309e+26 
 109    1.3252366  4.82238e+26 
 110    1.3542555  4.70832e+26 
 111    1.3839099  4.58452e+26 
 112    1.4142136  4.45335e+26 
 113    1.4451808  4.31205e+26 
 114    1.4768261  4.16400e+26 
 115    1.5091644  4.00651e+26 
 116    1.5422108  3.84642e+26 
 117    1.5759808  3.68166e+26 
 118    1.6104903  3.51077e+26 
 119    1.6457555  3.33991e+26 
 120    1.6817928  3.16933e+26 
 121    1.7186193  2.99639e+26 
 122    1.7562522  2.82822e+26 
 123    1.7947091  2.66317e+26 
 124    1.8340081  2.50264e+26 
 125    1.8741676  2.34360e+26 
 126    1.9152066  2.19441e+26 
 127    1.9571441  2.05224e+26 
 128    2.0000000  1.91365e+26 
 129    2.0437943  1.78716e+26 
 130    2.0885476  1.66868e+26 
 131    2.1342808  1.55682e+26 
 132    2.1810155  1.45657e+26 
 133    2.2287735  1.36373e+26 
 134    2.2775773  1.27804e+26 
 135    2.3274497  1.20044e+26 
 136    2.3784142  1.12901e+26 
 137    2.4304947  1.06350e+26 
 138    2.4837156  1.00369e+26 
 139    2.5381019  9.48267e+25 
 140    2.5936791  8.96329e+25 
 141    2.6504733  8.48966e+25 
 142    2.7085111  8.04619e+25 
 143    2.7678198  7.62434e+25 
 144    2.8284271  7.23797e+25 
 145    2.8903616  6.87884e+25 
 146    2.9536523  6.54414e+25 
 147    3.0183289  6.23290e+25 
 148    3.0844217  5.95058e+25 
 149    3.1519617  5.68742e+25 
 150    3.2209807  5.44304e+25 
 151    3.2915110  5.21949e+25 
 152    3.3635857  5.00904e+25 
 153    3.4372386  4.81246e+25 
 154    3.5125043  4.62871e+25 
 155    3.5894182  4.45381e+25 
 156    3.6680162  4.29005e+25 
 157    3.7483353  4.13384e+25 
 158    3.8304131  3.98486e+25 
 159    3.9142882  3.83879e+25 
 160    4.0000000  3.70366e+25 
 161    4.0875886  3.57110e+25 
 162    4.1770951  3.44219e+25 
 163    4.2685616  3.32066e+25 
 164    4.3620309  3.20360e+25 
 165    4.4575470  3.08977e+25 
 166    4.5551545  2.98221e+25 
 167    4.6548994  2.87801e+25 
 168    4.7568285  2.77649e+25 
 169    4.8609894  2.68077e+25 
 170    4.9674312  2.59017e+25 
 171    5.0762038  2.50248e+25 
 172    5.1873582  2.41660e+25 
 173    5.3009466  2.33441e+25 
 174    5.4170222  2.25438e+25 
 175    5.5356395  2.17601e+25 
 176    5.6568542  2.10108e+25 
 177    5.7807232  2.02808e+25 
 178    5.9073046  1.95747e+25 
 179    6.0366577  1.88762e+25 
 180    6.1688433  1.81881e+25 
 181    6.3039234  1.74991e+25 
 182    6.4419613  1.68302e+25 
 183    6.5830219  1.61766e+25 
 184    6.7271713  1.55281e+25 
 185    6.8744772  1.49158e+25 
 186    7.0250086  1.42875e+25 
 187    7.1788363  1.36526e+25 
 188    7.3360323  1.30190e+25 
 189    7.4966705  1.24100e+25 


# i-band (filter: i_LSST.dat)
   0    0.1250000  1.37824e+26 
   1    0.1277371  1.41791e+26 
   2    0.1305342  1.45844e+26 
   3    0.1333926  1.49986e+26 
   4    0.1363135  1.54078e+26 
   5    0.1392983  1.58215e+26 
   6    0.1423486  1.61828e+26 
   7    0.1454656  1.65624e+26 
   8    0.1486509  1.69057e+26 
   9    0.1519059  1.72376e+26 
  10    0.1552322  1.74774e+26 
  11    0.1586314  1.76476e+26 
  12    0.1621049  1.75055e+26 
  13    0.1656546  1.73012e+26 
  14    0.1692819  1.71005e+26 
  15    0.1729887  1.68287e+26 
  16    0.1767767  1.65413e+26 
  17    0.1806476  1.62528e+26 
  18    0.1846033  1.58268e+26 
  19    0.1886456  1.54482e+26 
  20    0.1927764  1.50599e+26 
  21    0.1969976  1.46552e+26 
  22    0.2013113  1.42983e+26 
  23    0.2057194  1.40462e+26 
  24    0.2102241  1.38883e+26 
  25    0.2148274  1.38072e+26 
  26    0.2195315  1.37695e+26 
  27    0.2243386  1.37556e+26 
  28    0.2292510  1.38362e+26 
  29    0.2342710  1.39311e+26 
  30    0.2394008  1.41088e+26 
  31    0.2446430  1.43618e+26 
  32    0.2500000  1.46395e+26 
  33    0.2554743  1.49575e+26 
  34    0.2610684  1.53614e+26 
  35    0.2667851  1.58082e+26 
  36    0.2726269  1.62556e+26 
  37    0.2785967  1.67262e+26 
  38    0.2846972  1.71610e+26 
  39    0.2909312  1.74713e+26 
  40    0.2973018  1.77685e+26 
  41    0.3038118  1.78278e+26 
  42    0.3104645  1.78848e+26 
  43    0.3172627  1.79710e+26 
  44    0.3242099  1.81628e+26 
  45    0.3313092  1.84186e+26 
  46    0.3385639  1.85792e+26 
  47    0.3459775  1.89276e+26 
  48    0.3535534  1.92877e+26 
  49    0.3612952  1.96841e+26 
  50    0.3692065  2.01263e+26 
  51    0.3772911  2.06333e+26 
  52    0.3855527  2.13101e+26 
  53    0.3939952  2.19625e+26 
  54    0.4026226  2.26284e+26 
  55    0.4114389  2.32917e+26 
  56    0.4204482  2.38638e+26 
  57    0.4296548  2.44040e+26 
  58    0.4390630  2.48666e+26 
  59    0.4486773  2.52614e+26 
  60    0.4585020  2.55953e+26 
  61    0.4685419  2.59210e+26 
  62    0.4788016  2.62321e+26 
  63    0.4892860  2.65179e+26 
  64    0.5000000  2.67525e+26 
  65    0.5109486  2.69167e+26 
  66    0.5221369  2.69369e+26 
  67    0.5335702  2.68435e+26 
  68    0.5452539  2.67398e+26 
  69    0.5571934  2.65079e+26 
  70    0.5693943  2.62531e+26 
  71    0.5818624  2.59077e+26 
  72    0.5946036  2.53977e+26 
  73    0.6076237  2.47759e+26 
  74    0.6209289  2.40466e+26 
  75    0.6345255  2.32121e+26 
  76    0.6484198  2.22617e+26 
  77    0.6626183  2.13129e+26 
  78    0.6771278  2.03899e+26 
  79    0.6919549  1.94994e+26 
  80    0.7071068  1.86188e+26 
  81    0.7225904  1.76947e+26 
  82    0.7384131  1.68846e+26 
  83    0.7545822  1.61795e+26 
  84    0.7711054  1.55625e+26 
  85    0.7879904  1.50944e+26 
  86    0.8052452  1.46697e+26 
  87    0.8228777  1.43597e+26 
  88    0.8408964  1.41376e+26 
  89    0.8593096  1.39637e+26 
  90    0.8781261  1.38561e+26 
  91    0.8973545  1.37604e+26 
  92    0.9170040  1.37106e+26 
  93    0.9370838  1.36871e+26 
  94    0.9576033  1.36474e+26 
  95    0.9785721  1.35895e+26 
  96    1.0000000  1.35147e+26 
  97    1.0218971  1.34036e+26 
  98    1.0442738  1.32781e+26 
  99    1.0671404  1.31417e+26 
 100    1.0905077  1.29779e+26 
 101    1.1143867  1.27897e+26 
 102    1.1387886  1.25735e+26 
 103    1.1637249  1.23347e+26 
 104    1.1892071  1.20657e+26 
 105    1.2152474  1.17751e+26 
 106    1.2418578  1.14638e+26 
 107    1.2690510  1.11378e+26 
 108    1.2968396  1.07994e+26 
 109    1.3252366  1.04441e+26 
 110    1.3542555  1.00807e+26 
 111    1.3839099  9.71420e+25 
 112    1.4142136  9.33194e+25 
 113    1.4451808  8.96679e+25 
 114    1.4768261  8.60488e+25 
 115    1.5091644  8.24202e+25 
 116    1.5422108  7.90155e+25 
 117    1.5759808  7.57326e+25 
 118    1.6104903  7.25276e+25 
 119    1.6457555  6.95881e+25 
 120    1.6817928  6.68165e+25 
 121    1.7186193  6.41648e+25 
 122    1.7562522  6.18133e+25 
 123    1.7947091  5.96209e+25 
 124    1.8340081  5.76571e+25 
 125    1.8741676  5.58297e+25 
 126    1.9152066  5.42218e+25 
 127    1.9571441  5.27889e+25 
 128    2.0000000  5.14736e+25 
 129    2.0437943  5.03100e+25 
 130    2.0885476  4.92695e+25 
 131    2.1342808  4.83014e+25 
 132    2.1810155  4.73934e+25 
 133    2.2287735  4.65793e+25 
 134    2.2775773  4.58121e+25 
 135    2.3274497  4.50795e+25 
 136    2.3784142  4.43357e+25 
 137    2.4304947  4.36136e+25 
 138    2.4837156  4.28688e+25 
 139    2.5381019  4.21074e+25 
 140    2.5936791  4.13275e+25 
 141    2.6504733  4.04927e+25 
 142    2.7085111  3.96018e+25 
 143    2.7678198  3.86985e+25 
 144    2.8284271  3.77663e+25 
 145    2.8903616  3.67827e+25 
 146    2.9536523  3.57879e+25 
 147    3.0183289  3.47677e+25 
 148    3.0844217  3.37761e+25 
 149    3.1519617  3.27772e+25 
 150    3.2209807  3.17700e+25 
 151    3.2915110  3.08000e+25 
 152    3.3635857  2.98687e+25 
 153    3.4372386  2.89339e+25 
 154    3.5125043  2.80520e+25 
 155    3.5894182  2.72041e+25 
 156    3.6680162  2.63789e+25 
 157    3.7483353  2.55801e+25 
 158    3.8304131  2.48115e+25 
 159    3.9142882  2.40440e+25 
 160    4.0000000  2.33027e+25 
 161    4.0875886  2.25770e+25 
 162    4.1770951  2.18575e+25 
 163    4.2685616  2.11634e+25 
 164    4.3620309  2.04957e+25 
 165    4.4575470  1.98386e+25 
 166    4.5551545  1.92300e+25 
 167    4.6548994  1.86327e+25 
 168    4.7568285  1.80537e+25 
 169    4.8609894  1.75103e+25 
 170    4.9674312  1.69624e+25 
 171    5.0762038  1.64477e+25 
 172    5.1873582  1.59565e+25 
 173    5.3009466  1.54846e+25 
 174    5.4170222  1.50223e+25 
 175    5.5356395  1.45696e+25 
 176    5.6568542  1.41188e+25 
 177    5.7807232  1.36871e+25 
 178    5.9073046  1.32614e+25 
 179    6.0366577  1.28496e+25 
 180    6.1688433  1.24308e+25 
 181    6.3039234  1.20118e+25 
 182    6.4419613  1.15867e+25 
 183    6.5830219  1.11587e+25 
 184    6.7271713  1.07366e+25 
 185    6.8744772  1.03144e+25 
 186    7.0250086  9.89181e+24 
 187    7.1788363  9.45856e+24 
 188    7.3360323  9.01403e+24 
 189    7.4966705  8.55112e+24 


# z-band (filter: z_LSST.dat)
   0    0.1250000  1.22756e+26 
   1    0.1277371  1.24996e+26 
   2    0.1305342  1.27286e+26 
   3    0.1333926  1.29625e+26 
   4    0.1363135  1.31691e+26 
   5    0.1392983  1.33758e+26 
   6    0.1423486  1.35481e+26 
   7    0.1454656  1.36822e+26 
   8    0.1486509  1.38131e+26 
   9    0.1519059  1.39662e+26 
  10    0.1552322  1.40183e+26 
  11    0.1586314  1.40071e+26 
  12    0.1621049  1.38283e+26 
  13    0.1656546  1.35882e+26 
  14    0.1692819  1.33159e+26 
  15    0.1729887  1.30045e+26 
  16    0.1767767  1.26186e+26 
  17    0.1806476  1.21992e+26 
  18    0.1846033  1.17097e+26 
  19    0.1886456  1.12261e+26 
  20    0.1927764  1.06951e+26 
  21    0.1969976  1.01146e+26 
  22    0.2013113  9.56198e+25 
  23    0.2057194  9.05205e+25 
  24    0.2102241  8.57559e+25 
  25    0.2148274  8.16878e+25 
  26    0.2195315  7.77634e+25 
  27    0.2243386  7.39500e+25 
  28    0.2292510  7.09087e+25 
  29    0.2342710  6.79088e+25 
  30    0.2394008  6.52365e+25 
  31    0.2446430  6.30531e+25 
  32    0.2500000  6.12734e+25 
  33    0.2554743  5.96751e+25 
  34    0.2610684  5.85678e+25 
  35    0.2667851  5.77548e+25 
  36    0.2726269  5.71668e+25 
  37    0.2785967  5.67082e+25 
  38    0.2846972  5.64462e+25 
  39    0.2909312  5.63408e+25 
  40    0.2973018  5.63519e+25 
  41    0.3038118  5.64019e+25 
  42    0.3104645  5.65849e+25 
  43    0.3172627  5.69758e+25 
  44    0.3242099  5.75976e+25 
  45    0.3313092  5.84107e+25 
  46    0.3385639  5.92665e+25 
  47    0.3459775  6.05822e+25 
  48    0.3535534  6.19786e+25 
  49    0.3612952  6.37605e+25 
  50    0.3692065  6.61785e+25 
  51    0.3772911  6.88788e+25 
  52    0.3855527  7.19189e+25 
  53    0.3939952  7.53395e+25 
  54    0.4026226  7.95521e+25 
  55    0.4114389  8.39822e+25 
  56    0.4204482  8.86363e+25 
  57    0.4296548  9.37552e+25 
  58    0.4390630  9.96081e+25 
  59    0.4486773  1.05732e+26 
  60    0.4585020  1.12609e+26 
  61    0.4685419  1.19906e+26 
  62    0.4788016  1.27604e+26 
  63    0.4892860  1.36035e+26 
  64    0.5000000  1.44441e+26 
  65    0.5109486  1.53183e+26 
  66    0.5221369  1.61292e+26 
  67    0.5335702  1.69617e+26 
  68    0.5452539  1.78268e+26 
  69    0.5571934  1.86018e+26 
  70    0.5693943  1.92951e+26 
  71    0.5818624  1.99585e+26 
  72    0.5946036  2.04401e+26 
  73    0.6076237  2.07777e+26 
  74    0.6209289  2.10575e+26 
  75    0.6345255  2.11197e+26 
  76    0.6484198  2.10574e+26 
  77    0.6626183  2.09269e+26 
  78    0.6771278  2.07293e+26 
  79    0.6919549  2.04507e+26 
  80    0.7071068  2.01216e+26 
  81    0.7225904  1.97042e+26 
  82    0.7384131  1.93207e+26 
  83    0.7545822  1.89646e+26 
  84    0.7711054  1.85831e+26 
  85    0.7879904  1.82702e+26 
  86    0.8052452  1.79708e+26 
  87    0.8228777  1.77265e+26 
  88    0.8408964  1.75127e+26 
  89    0.8593096  1.73031e+26 
  90    0.8781261  1.71218e+26 
  91    0.8973545  1.69367e+26 
  92    0.9170040  1.67595e+26 
  93    0.9370838  1.65977e+26 
  94    0.9576033  1.64198e+26 
  95    0.9785721  1.62137e+26 
  96    1.0000000  1.60113e+26 
  97    1.0218971  1.57744e+26 
  98    1.0442738  1.55222e+26 
  99    1.0671404  1.52570e+26 
 100    1.0905077  1.49760e+26 
 101    1.1143867  1.46756e+26 
 102    1.1387886  1.43590e+26 
 103    1.1637249  1.40260e+26 
 104    1.1892071  1.36908e+26 
 105    1.2152474  1.33282e+26 
 106    1.2418578  1.29492e+26 
 107    1.2690510  1.25551e+26 
 108    1.2968396  1.21605e+26 
 109    1.3252366  1.17573e+26 
 110    1.3542555  1.13541e+26 
 111    1.3839099  1.09383e+26 
 112    1.4142136  1.05164e+26 
 113    1.4451808  1.01099e+26 
 114    1.4768261  9.70120e+25 
 115    1.5091644  9.28616e+25 
 116    1.5422108  8.88856e+25 
 117    1.5759808  8.49465e+25 
 118    1.6104903  8.11204e+25 
 119    1.6457555  7.74997e+25 
 120    1.6817928  7.39556e+25 
 121    1.7186193  7.04937e+25 
 122    1.7562522  6.72645e+25 
 123    1.7947091  6.42604e+25 
 124    1.8340081  6.14321e+25 
 125    1.8741676  5.87028e+25 
 126    1.9152066  5.62076e+25 
 127    1.9571441  5.39361e+25 
 128    2.0000000  5.17756e+25 
 129    2.0437943  4.98855e+25 
 130    2.0885476  4.81679e+25 
 131    2.1342808  4.65759e+25 
 132    2.1810155  4.51764e+25 
 133    2.2287735  4.38818e+25 
 134    2.2775773  4.27229e+25 
 135    2.3274497  4.16140e+25 
 136    2.3784142  4.05723e+25 
 137    2.4304947  3.96098e+25 
 138    2.4837156  3.86569e+25 
 139    2.5381019  3.76884e+25 
 140    2.5936791  3.67512e+25 
 141    2.6504733  3.57802e+25 
 142    2.7085111  3.47697e+25 
 143    2.7678198  3.37390e+25 
 144    2.8284271  3.26674e+25 
 145    2.8903616  3.15752e+25 
 146    2.9536523  3.04297e+25 
 147    3.0183289  2.92844e+25 
 148    3.0844217  2.81192e+25 
 149    3.1519617  2.69507e+25 
 150    3.2209807  2.57744e+25 
 151    3.2915110  2.46221e+25 
 152    3.3635857  2.34892e+25 
 153    3.4372386  2.23545e+25 
 154    3.5125043  2.12786e+25 
 155    3.5894182  2.02446e+25 
 156    3.6680162  1.92320e+25 
 157    3.7483353  1.82783e+25 
 158    3.8304131  1.73641e+25 
 159    3.9142882  1.64809e+25 
 160    4.0000000  1.56451e+25 
 161    4.0875886  1.48470e+25 
 162    4.1770951  1.40843e+25 
 163    4.2685616  1.33562e+25 
 164    4.3620309  1.26609e+25 
 165    4.4575470  1.19809e+25 
 166    4.5551545  1.13511e+25 
 167    4.6548994  1.07474e+25 
 168    4.7568285  1.01552e+25 
 169    4.8609894  9.60549e+24 
 170    4.9674312  9.08076e+24 
 171    5.0762038  8.58237e+24 
 172    5.1873582  8.10248e+24 
 173    5.3009466  7.65293e+24 
 174    5.4170222  7.22706e+24 
 175    5.5356395  6.82093e+24 
 176    5.6568542  6.44449e+24 
 177    5.7807232  6.08947e+24 
 178    5.9073046  5.74970e+24 
 179    6.0366577  5.43606e+24 
 180    6.1688433  5.13732e+24 
 181    6.3039234  4.85625e+24 
 182    6.4419613  4.60032e+24 
 183    6.5830219  4.35547e+24 
 184    6.7271713  4.12624e+24 
 185    6.8744772  3.91584e+24 
 186    7.0250086  3.70779e+24 
 187    7.1788363  3.50626e+24 
 188    7.3360323  3.31058e+24 
 189    7.4966705  3.12618e+24 


# y-band (filter: y_LSST.dat)
   0    0.1250000  1.35125e+26 
   1    0.1277371  1.42003e+26 
   2    0.1305342  1.49031e+26 
   3    0.1333926  1.56214e+26 
   4    0.1363135  1.63235e+26 
   5    0.1392983  1.70370e+26 
   6    0.1423486  1.77568e+26 
   7    0.1454656  1.85179e+26 
   8    0.1486509  1.92227e+26 
   9    0.1519059  1.99447e+26 
  10    0.1552322  2.06194e+26 
  11    0.1586314  2.11815e+26 
  12    0.1621049  2.12844e+26 
  13    0.1656546  2.11250e+26 
  14    0.1692819  2.09956e+26 
  15    0.1729887  2.07793e+26 
  16    0.1767767  2.06029e+26 
  17    0.1806476  2.04084e+26 
  18    0.1846033  1.99704e+26 
  19    0.1886456  1.96483e+26 
  20    0.1927764  1.92427e+26 
  21    0.1969976  1.87595e+26 
  22    0.2013113  1.82534e+26 
  23    0.2057194  1.78094e+26 
  24    0.2102241  1.76062e+26 
  25    0.2148274  1.74418e+26 
  26    0.2195315  1.72757e+26 
  27    0.2243386  1.70749e+26 
  28    0.2292510  1.68468e+26 
  29    0.2342710  1.66272e+26 
  30    0.2394008  1.64056e+26 
  31    0.2446430  1.61926e+26 
  32    0.2500000  1.59780e+26 
  33    0.2554743  1.57744e+26 
  34    0.2610684  1.56258e+26 
  35    0.2667851  1.54586e+26 
  36    0.2726269  1.53075e+26 
  37    0.2785967  1.51901e+26 
  38    0.2846972  1.50252e+26 
  39    0.2909312  1.48268e+26 
  40    0.2973018  1.46569e+26 
  41    0.3038118  1.43923e+26 
  42    0.3104645  1.41636e+26 
  43    0.3172627  1.39070e+26 
  44    0.3242099  1.37257e+26 
  45    0.3313092  1.35681e+26 
  46    0.3385639  1.33861e+26 
  47    0.3459775  1.33458e+26 
  48    0.3535534  1.33066e+26 
  49    0.3612952  1.33360e+26 
  50    0.3692065  1.34681e+26 
  51    0.3772911  1.36679e+26 
  52    0.3855527  1.39767e+26 
  53    0.3939952  1.43928e+26 
  54    0.4026226  1.49090e+26 
  55    0.4114389  1.54703e+26 
  56    0.4204482  1.61415e+26 
  57    0.4296548  1.68659e+26 
  58    0.4390630  1.76436e+26 
  59    0.4486773  1.84975e+26 
  60    0.4585020  1.94066e+26 
  61    0.4685419  2.03597e+26 
  62    0.4788016  2.13572e+26 
  63    0.4892860  2.23907e+26 
  64    0.5000000  2.33688e+26 
  65    0.5109486  2.43690e+26 
  66    0.5221369  2.52910e+26 
  67    0.5335702  2.61571e+26 
  68    0.5452539  2.70171e+26 
  69    0.5571934  2.77677e+26 
  70    0.5693943  2.84006e+26 
  71    0.5818624  2.89522e+26 
  72    0.5946036  2.92892e+26 
  73    0.6076237  2.95124e+26 
  74    0.6209289  2.96551e+26 
  75    0.6345255  2.96349e+26 
  76    0.6484198  2.95070e+26 
  77    0.6626183  2.93109e+26 
  78    0.6771278  2.90540e+26 
  79    0.6919549  2.87635e+26 
  80    0.7071068  2.83976e+26 
  81    0.7225904  2.79853e+26 
  82    0.7384131  2.76183e+26 
  83    0.7545822  2.72867e+26 
  84    0.7711054  2.69716e+26 
  85    0.7879904  2.67136e+26 
  86    0.8052452  2.64620e+26 
  87    0.8228777  2.63013e+26 
  88    0.8408964  2.61848e+26 
  89    0.8593096  2.60807e+26 
  90    0.8781261  2.60069e+26 
  91    0.8973545  2.59526e+26 
  92    0.9170040  2.59230e+26 
  93    0.9370838  2.58939e+26 
  94    0.9576033  2.58985e+26 
  95    0.9785721  2.58789e+26 
  96    1.0000000  2.58708e+26 
  97    1.0218971  2.58418e+26 
  98    1.0442738  2.58032e+26 
  99    1.0671404  2.57348e+26 
 100    1.0905077  2.56490e+26 
 101    1.1143867  2.55497e+26 
 102    1.1387886  2.54261e+26 
 103    1.1637249  2.52965e+26 
 104    1.1892071  2.51379e+26 
 105    1.2152474  2.49385e+26 
 106    1.2418578  2.47050e+26 
 107    1.2690510  2.44209e+26 
 108    1.2968396  2.41093e+26 
 109    1.3252366  2.37698e+26 
 110    1.3542555  2.33875e+26 
 111    1.3839099  2.29770e+26 
 112    1.4142136  2.25191e+26 
 113    1.4451808  2.20352e+26 
 114    1.4768261  2.15138e+26 
 115    1.5091644  2.09520e+26 
 116    1.5422108  2.03641e+26 
 117    1.5759808  1.97581e+26 
 118    1.6104903  1.91339e+26 
 119    1.6457555  1.85029e+26 
 120    1.6817928  1.78505e+26 
 121    1.7186193  1.71843e+26 
 122    1.7562522  1.65127e+26 
 123    1.7947091  1.58497e+26 
 124    1.8340081  1.51865e+26 
 125    1.8741676  1.45206e+26 
 126    1.9152066  1.38605e+26 
 127    1.9571441  1.32044e+26 
 128    2.0000000  1.25556e+26 
 129    2.0437943  1.19237e+26 
 130    2.0885476  1.13065e+26 
 131    2.1342808  1.06953e+26 
 132    2.1810155  1.01201e+26 
 133    2.2287735  9.56438e+25 
 134    2.2775773  9.02405e+25 
 135    2.3274497  8.51949e+25 
 136    2.3784142  8.03521e+25 
 137    2.4304947  7.56906e+25 
 138    2.4837156  7.13935e+25 
 139    2.5381019  6.72788e+25 
 140    2.5936791  6.33764e+25 
 141    2.6504733  5.96688e+25 
 142    2.7085111  5.61459e+25 
 143    2.7678198  5.27504e+25 
 144    2.8284271  4.95753e+25 
 145    2.8903616  4.65397e+25 
 146    2.9536523  4.35947e+25 
 147    3.0183289  4.07707e+25 
 148    3.0844217  3.81283e+25 
 149    3.1519617  3.56155e+25 
 150    3.2209807  3.32016e+25 
 151    3.2915110  3.09687e+25 
 152    3.3635857  2.88588e+25 
 153    3.4372386  2.68562e+25 
 154    3.5125043  2.50099e+25 
 155    3.5894182  2.32849e+25 
 156    3.6680162  2.16619e+25 
 157    3.7483353  2.01680e+25 
 158    3.8304131  1.87917e+25 
 159    3.9142882  1.74761e+25 
 160    4.0000000  1.62940e+25 
 161    4.0875886  1.51931e+25 
 162    4.1770951  1.41506e+25 
 163    4.2685616  1.32175e+25 
 164    4.3620309  1.23448e+25 
 165    4.4575470  1.15303e+25 
 166    4.5551545  1.08067e+25 
 167    4.6548994  1.01312e+25 
 168    4.7568285  9.49865e+24 
 169    4.8609894  8.93788e+24 
 170    4.9674312  8.41341e+24 
 171    5.0762038  7.93096e+24 
 172    5.1873582  7.47671e+24 
 173    5.3009466  7.06459e+24 
 174    5.4170222  6.68665e+24 
 175    5.5356395  6.33647e+24 
 176    5.6568542  6.02718e+24 
 177    5.7807232  5.73557e+24 
 178    5.9073046  5.46321e+24 
 179    6.0366577  5.22122e+24 
 180    6.1688433  4.99328e+24 
 181    6.3039234  4.78439e+24 
 182    6.4419613  4.59188e+24 
 183    6.5830219  4.41619e+24 
 184    6.7271713  4.25083e+24 
 185    6.8744772  4.09536e+24 
 186    7.0250086  3.94490e+24 
 187    7.1788363  3.79899e+24 
 188    7.3360323  3.65668e+24 
 189    7.4966705  3.51977e+24 


# J-band (filter: J_2MASS.dat)
   0    0.1250000  1.09210e+26 
   1    0.1277371  1.17669e+26 
   2    0.1305342  1.26313e+26 
   3    0.1333926  1.35146e+26 
   4    0.1363135  1.44476e+26 
   5    0.1392983  1.54276e+26 
   6    0.1423486  1.64434e+26 
   7    0.1454656  1.75529e+26 
   8    0.1486509  1.86871e+26 
   9    0.1519059  1.98200e+26 
  10    0.1552322  2.08983e+26 
  11    0.1586314  2.20082e+26 
  12    0.1621049  2.24735e+26 
  13    0.1656546  2.26499e+26 
  14    0.1692819  2.29197e+26 
  15    0.1729887  2.31646e+26 
  16    0.1767767  2.34023e+26 
  17    0.1806476  2.36955e+26 
  18    0.1846033  2.38160e+26 
  19    0.1886456  2.40740e+26 
  20    0.1927764  2.43910e+26 
  21    0.1969976  2.46068e+26 
  22    0.2013113  2.49014e+26 
  23    0.2057194  2.52632e+26 
  24    0.2102241  2.60720e+26 
  25    0.2148274  2.69442e+26 
  26    0.2195315  2.77973e+26 
  27    0.2243386  2.86906e+26 
  28    0.2292510  2.95736e+26 
  29    0.2342710  3.04245e+26 
  30    0.2394008  3.12087e+26 
  31    0.2446430  3.20114e+26 
  32    0.2500000  3.26446e+26 
  33    0.2554743  3.33087e+26 
  34    0.2610684  3.38374e+26 
  35    0.2667851  3.43378e+26 
  36    0.2726269  3.47429e+26 
  37    0.2785967  3.50948e+26 
  38    0.2846972  3.52990e+26 
  39    0.2909312  3.53304e+26 
  40    0.2973018  3.53214e+26 
  41    0.3038118  3.50082e+26 
  42    0.3104645  3.46622e+26 
  43    0.3172627  3.42685e+26 
  44    0.3242099  3.39212e+26 
  45    0.3313092  3.35898e+26 
  46    0.3385639  3.31181e+26 
  47    0.3459775  3.27157e+26 
  48    0.3535534  3.23046e+26 
  49    0.3612952  3.19262e+26 
  50    0.3692065  3.15407e+26 
  51    0.3772911  3.11918e+26 
  52    0.3855527  3.09369e+26 
  53    0.3939952  3.07029e+26 
  54    0.4026226  3.05053e+26 
  55    0.4114389  3.02950e+26 
  56    0.4204482  3.00855e+26 
  57    0.4296548  2.98559e+26 
  58    0.4390630  2.96490e+26 
  59    0.4486773  2.94011e+26 
  60    0.4585020  2.92010e+26 
  61    0.4685419  2.89689e+26 
  62    0.4788016  2.87583e+26 
  63    0.4892860  2.85374e+26 
  64    0.5000000  2.83057e+26 
  65    0.5109486  2.80806e+26 
  66    0.5221369  2.78487e+26 
  67    0.5335702  2.76394e+26 
  68    0.5452539  2.74164e+26 
  69    0.5571934  2.72527e+26 
  70    0.5693943  2.70648e+26 
  71    0.5818624  2.68804e+26 
  72    0.5946036  2.66752e+26 
  73    0.6076237  2.64905e+26 
  74    0.6209289  2.63523e+26 
  75    0.6345255  2.62112e+26 
  76    0.6484198  2.60993e+26 
  77    0.6626183  2.60044e+26 
  78    0.6771278  2.59146e+26 
  79    0.6919549  2.58374e+26 
  80    0.7071068  2.57219e+26 
  81    0.7225904  2.55931e+26 
  82    0.7384131  2.54668e+26 
  83    0.7545822  2.53659e+26 
  84    0.7711054  2.52478e+26 
  85    0.7879904  2.51099e+26 
  86    0.8052452  2.49289e+26 
  87    0.8228777  2.47523e+26 
  88    0.8408964  2.45760e+26 
  89    0.8593096  2.44060e+26 
  90    0.8781261  2.42315e+26 
  91    0.8973545  2.40665e+26 
  92    0.9170040  2.39298e+26 
  93    0.9370838  2.38114e+26 
  94    0.9576033  2.37199e+26 
  95    0.9785721  2.36512e+26 
  96    1.0000000  2.36199e+26 
  97    1.0218971  2.36318e+26 
  98    1.0442738  2.36771e+26 
  99    1.0671404  2.37450e+26 
 100    1.0905077  2.38510e+26 
 101    1.1143867  2.39984e+26 
 102    1.1387886  2.41807e+26 
 103    1.1637249  2.43653e+26 
 104    1.1892071  2.45908e+26 
 105    1.2152474  2.48141e+26 
 106    1.2418578  2.50703e+26 
 107    1.2690510  2.53266e+26 
 108    1.2968396  2.55858e+26 
 109    1.3252366  2.58621e+26 
 110    1.3542555  2.61378e+26 
 111    1.3839099  2.64022e+26 
 112    1.4142136  2.66682e+26 
 113    1.4451808  2.68985e+26 
 114    1.4768261  2.71159e+26 
 115    1.5091644  2.73386e+26 
 116    1.5422108  2.75098e+26 
 117    1.5759808  2.76613e+26 
 118    1.6104903  2.77923e+26 
 119    1.6457555  2.78717e+26 
 120    1.6817928  2.79197e+26 
 121    1.7186193  2.79363e+26 
 122    1.7562522  2.78953e+26 
 123    1.7947091  2.78139e+26 
 124    1.8340081  2.76864e+26 
 125    1.8741676  2.75219e+26 
 126    1.9152066  2.73105e+26 
 127    1.9571441  2.70631e+26 
 128    2.0000000  2.67666e+26 
 129    2.0437943  2.64290e+26 
 130    2.0885476  2.60482e+26 
 131    2.1342808  2.56270e+26 
 132    2.1810155  2.51585e+26 
 133    2.2287735  2.46454e+26 
 134    2.2775773  2.41051e+26 
 135    2.3274497  2.35190e+26 
 136    2.3784142  2.29041e+26 
 137    2.4304947  2.22599e+26 
 138    2.4837156  2.15932e+26 
 139    2.5381019  2.09161e+26 
 140    2.5936791  2.02143e+26 
 141    2.6504733  1.95335e+26 
 142    2.7085111  1.88541e+26 
 143    2.7678198  1.81682e+26 
 144    2.8284271  1.75136e+26 
 145    2.8903616  1.68805e+26 
 146    2.9536523  1.62598e+26 
 147    3.0183289  1.56613e+26 
 148    3.0844217  1.50910e+26 
 149    3.1519617  1.45327e+26 
 150    3.2209807  1.39981e+26 
 151    3.2915110  1.34797e+26 
 152    3.3635857  1.29787e+26 
 153    3.4372386  1.24873e+26 
 154    3.5125043  1.20211e+26 
 155    3.5894182  1.15698e+26 
 156    3.6680162  1.11248e+26 
 157    3.7483353  1.07044e+26 
 158    3.8304131  1.02982e+26 
 159    3.9142882  9.90209e+25 
 160    4.0000000  9.53082e+25 
 161    4.0875886  9.18048e+25 
 162    4.1770951  8.83796e+25 
 163    4.2685616  8.52055e+25 
 164    4.3620309  8.21821e+25 
 165    4.4575470  7.92338e+25 
 166    4.5551545  7.64280e+25 
 167    4.6548994  7.37276e+25 
 168    4.7568285  7.11115e+25 
 169    4.8609894  6.86502e+25 
 170    4.9674312  6.63487e+25 
 171    5.0762038  6.41294e+25 
 172    5.1873582  6.19505e+25 
 173    5.3009466  5.98917e+25 
 174    5.4170222  5.78737e+25 
 175    5.5356395  5.58957e+25 
 176    5.6568542  5.39460e+25 
 177    5.7807232  5.20332e+25 
 178    5.9073046  5.02009e+25 
 179    6.0366577  4.83789e+25 
 180    6.1688433  4.66032e+25 
 181    6.3039234  4.48017e+25 
 182    6.4419613  4.30539e+25 
 183    6.5830219  4.13343e+25 
 184    6.7271713  3.95943e+25 
 185    6.8744772  3.79273e+25 
 186    7.0250086  3.62262e+25 
 187    7.1788363  3.45333e+25 
 188    7.3360323  3.28590e+25 
 189    7.4966705  3.12332e+25 


# H-band (filter: H_2MASS.dat)
   0    0.1250000  1.74477e+26 
   1    0.1277371  1.82083e+26 
   2    0.1305342  1.89856e+26 
   3    0.1333926  1.97799e+26 
   4    0.1363135  2.05956e+26 
   5    0.1392983  2.13413e+26 
   6    0.1423486  2.19800e+26 
   7    0.1454656  2.24940e+26 
   8    0.1486509  2.31126e+26 
   9    0.1519059  2.35710e+26 
  10    0.1552322  2.39968e+26 
  11    0.1586314  2.42706e+26 
  12    0.1621049  2.42005e+26 
  13    0.1656546  2.38036e+26 
  14    0.1692819  2.34600e+26 
  15    0.1729887  2.30813e+26 
  16    0.1767767  2.26666e+26 
  17    0.1806476  2.23303e+26 
  18    0.1846033  2.18091e+26 
  19    0.1886456  2.14679e+26 
  20    0.1927764  2.10260e+26 
  21    0.1969976  2.05626e+26 
  22    0.2013113  2.01018e+26 
  23    0.2057194  1.97166e+26 
  24    0.2102241  1.95212e+26 
  25    0.2148274  1.94175e+26 
  26    0.2195315  1.92440e+26 
  27    0.2243386  1.90573e+26 
  28    0.2292510  1.88763e+26 
  29    0.2342710  1.86721e+26 
  30    0.2394008  1.84696e+26 
  31    0.2446430  1.81912e+26 
  32    0.2500000  1.79435e+26 
  33    0.2554743  1.76774e+26 
  34    0.2610684  1.74386e+26 
  35    0.2667851  1.71348e+26 
  36    0.2726269  1.68768e+26 
  37    0.2785967  1.65903e+26 
  38    0.2846972  1.62932e+26 
  39    0.2909312  1.60152e+26 
  40    0.2973018  1.56828e+26 
  41    0.3038118  1.53675e+26 
  42    0.3104645  1.50782e+26 
  43    0.3172627  1.48189e+26 
  44    0.3242099  1.46048e+26 
  45    0.3313092  1.43854e+26 
  46    0.3385639  1.41908e+26 
  47    0.3459775  1.40490e+26 
  48    0.3535534  1.38978e+26 
  49    0.3612952  1.37722e+26 
  50    0.3692065  1.36805e+26 
  51    0.3772911  1.35801e+26 
  52    0.3855527  1.35406e+26 
  53    0.3939952  1.35078e+26 
  54    0.4026226  1.34567e+26 
  55    0.4114389  1.34149e+26 
  56    0.4204482  1.33577e+26 
  57    0.4296548  1.33279e+26 
  58    0.4390630  1.32893e+26 
  59    0.4486773  1.32467e+26 
  60    0.4585020  1.32123e+26 
  61    0.4685419  1.31949e+26 
  62    0.4788016  1.31536e+26 
  63    0.4892860  1.31136e+26 
  64    0.5000000  1.30464e+26 
  65    0.5109486  1.30036e+26 
  66    0.5221369  1.29478e+26 
  67    0.5335702  1.29080e+26 
  68    0.5452539  1.28628e+26 
  69    0.5571934  1.28477e+26 
  70    0.5693943  1.28314e+26 
  71    0.5818624  1.28224e+26 
  72    0.5946036  1.28365e+26 
  73    0.6076237  1.28620e+26 
  74    0.6209289  1.29173e+26 
  75    0.6345255  1.30017e+26 
  76    0.6484198  1.31120e+26 
  77    0.6626183  1.32433e+26 
  78    0.6771278  1.34003e+26 
  79    0.6919549  1.35918e+26 
  80    0.7071068  1.37762e+26 
  81    0.7225904  1.39902e+26 
  82    0.7384131  1.42198e+26 
  83    0.7545822  1.44199e+26 
  84    0.7711054  1.46558e+26 
  85    0.7879904  1.48706e+26 
  86    0.8052452  1.50627e+26 
  87    0.8228777  1.52465e+26 
  88    0.8408964  1.54079e+26 
  89    0.8593096  1.55103e+26 
  90    0.8781261  1.56107e+26 
  91    0.8973545  1.56355e+26 
  92    0.9170040  1.56344e+26 
  93    0.9370838  1.56054e+26 
  94    0.9576033  1.55242e+26 
  95    0.9785721  1.54216e+26 
  96    1.0000000  1.52690e+26 
  97    1.0218971  1.50728e+26 
  98    1.0442738  1.48658e+26 
  99    1.0671404  1.46278e+26 
 100    1.0905077  1.43584e+26 
 101    1.1143867  1.40993e+26 
 102    1.1387886  1.38274e+26 
 103    1.1637249  1.35501e+26 
 104    1.1892071  1.32844e+26 
 105    1.2152474  1.30318e+26 
 106    1.2418578  1.27836e+26 
 107    1.2690510  1.25620e+26 
 108    1.2968396  1.23604e+26 
 109    1.3252366  1.21741e+26 
 110    1.3542555  1.19999e+26 
 111    1.3839099  1.18655e+26 
 112    1.4142136  1.17461e+26 
 113    1.4451808  1.16501e+26 
 114    1.4768261  1.15755e+26 
 115    1.5091644  1.15186e+26 
 116    1.5422108  1.14866e+26 
 117    1.5759808  1.14661e+26 
 118    1.6104903  1.14649e+26 
 119    1.6457555  1.14876e+26 
 120    1.6817928  1.15219e+26 
 121    1.7186193  1.15711e+26 
 122    1.7562522  1.16370e+26 
 123    1.7947091  1.17127e+26 
 124    1.8340081  1.17974e+26 
 125    1.8741676  1.18986e+26 
 126    1.9152066  1.20093e+26 
 127    1.9571441  1.21237e+26 
 128    2.0000000  1.22470e+26 
 129    2.0437943  1.23673e+26 
 130    2.0885476  1.24863e+26 
 131    2.1342808  1.26040e+26 
 132    2.1810155  1.27136e+26 
 133    2.2287735  1.28044e+26 
 134    2.2775773  1.28924e+26 
 135    2.3274497  1.29488e+26 
 136    2.3784142  1.29845e+26 
 137    2.4304947  1.30058e+26 
 138    2.4837156  1.29791e+26 
 139    2.5381019  1.29231e+26 
 140    2.5936791  1.28397e+26 
 141    2.6504733  1.27091e+26 
 142    2.7085111  1.25379e+26 
 143    2.7678198  1.23409e+26 
 144    2.8284271  1.20809e+26 
 145    2.8903616  1.17918e+26 
 146    2.9536523  1.14703e+26 
 147    3.0183289  1.11137e+26 
 148    3.0844217  1.07256e+26 
 149    3.1519617  1.03125e+26 
 150    3.2209807  9.87364e+25 
 151    3.2915110  9.42169e+25 
 152    3.3635857  8.96882e+25 
 153    3.4372386  8.49766e+25 
 154    3.5125043  8.04629e+25 
 155    3.5894182  7.60396e+25 
 156    3.6680162  7.15990e+25 
 157    3.7483353  6.74245e+25 
 158    3.8304131  6.33498e+25 
 159    3.9142882  5.93934e+25 
 160    4.0000000  5.56690e+25 
 161    4.0875886  5.21306e+25 
 162    4.1770951  4.87342e+25 
 163    4.2685616  4.55954e+25 
 164    4.3620309  4.26244e+25 
 165    4.4575470  3.97518e+25 
 166    4.5551545  3.71314e+25 
 167    4.6548994  3.46570e+25 
 168    4.7568285  3.22828e+25 
 169    4.8609894  3.01243e+25 
 170    4.9674312  2.81050e+25 
 171    5.0762038  2.62093e+25 
 172    5.1873582  2.44622e+25 
 173    5.3009466  2.28544e+25 
 174    5.4170222  2.13606e+25 
 175    5.5356395  1.99411e+25 
 176    5.6568542  1.86259e+25 
 177    5.7807232  1.74060e+25 
 178    5.9073046  1.62558e+25 
 179    6.0366577  1.52107e+25 
 180    6.1688433  1.42291e+25 
 181    6.3039234  1.32888e+25 
 182    6.4419613  1.24189e+25 
 183    6.5830219  1.15989e+25 
 184    6.7271713  1.08249e+25 
 185    6.8744772  1.01065e+25 
 186    7.0250086  9.40639e+24 
 187    7.1788363  8.72490e+24 
 188    7.3360323  8.06168e+24 
 189    7.4966705  7.41894e+24 


# K-band (filter: Ks_mosfire.dat)
   0    0.1250000  1.18103e+26 
   1    0.1277371  1.22105e+26 
   2    0.1305342  1.26194e+26 
   3    0.1333926  1.30373e+26 
   4    0.1363135  1.34752e+26 
   5    0.1392983  1.38331e+26 
   6    0.1423486  1.40651e+26 
   7    0.1454656  1.43591e+26 
   8    0.1486509  1.45477e+26 
   9    0.1519059  1.46570e+26 
  10    0.1552322  1.48140e+26 
  11    0.1586314  1.49144e+26 
  12    0.1621049  1.47897e+26 
  13    0.1656546  1.44451e+26 
  14    0.1692819  1.41160e+26 
  15    0.1729887  1.38201e+26 
  16    0.1767767  1.35420e+26 
  17    0.1806476  1.33202e+26 
  18    0.1846033  1.28994e+26 
  19    0.1886456  1.25564e+26 
  20    0.1927764  1.22480e+26 
  21    0.1969976  1.18676e+26 
  22    0.2013113  1.15368e+26 
  23    0.2057194  1.11580e+26 
  24    0.2102241  1.10085e+26 
  25    0.2148274  1.08254e+26 
  26    0.2195315  1.06238e+26 
  27    0.2243386  1.04268e+26 
  28    0.2292510  1.02187e+26 
  29    0.2342710  9.99982e+25 
  30    0.2394008  9.76302e+25 
  31    0.2446430  9.54638e+25 
  32    0.2500000  9.30286e+25 
  33    0.2554743  9.06946e+25 
  34    0.2610684  8.81510e+25 
  35    0.2667851  8.55772e+25 
  36    0.2726269  8.28384e+25 
  37    0.2785967  8.01383e+25 
  38    0.2846972  7.76387e+25 
  39    0.2909312  7.51922e+25 
  40    0.2973018  7.24456e+25 
  41    0.3038118  6.95559e+25 
  42    0.3104645  6.70745e+25 
  43    0.3172627  6.48130e+25 
  44    0.3242099  6.26638e+25 
  45    0.3313092  6.05648e+25 
  46    0.3385639  5.85689e+25 
  47    0.3459775  5.66619e+25 
  48    0.3535534  5.50054e+25 
  49    0.3612952  5.33982e+25 
  50    0.3692065  5.19727e+25 
  51    0.3772911  5.05937e+25 
  52    0.3855527  4.94680e+25 
  53    0.3939952  4.84447e+25 
  54    0.4026226  4.73421e+25 
  55    0.4114389  4.62641e+25 
  56    0.4204482  4.55823e+25 
  57    0.4296548  4.48873e+25 
  58    0.4390630  4.44914e+25 
  59    0.4486773  4.39743e+25 
  60    0.4585020  4.34058e+25 
  61    0.4685419  4.29497e+25 
  62    0.4788016  4.25489e+25 
  63    0.4892860  4.17872e+25 
  64    0.5000000  4.11714e+25 
  65    0.5109486  4.05150e+25 
  66    0.5221369  3.97458e+25 
  67    0.5335702  3.89523e+25 
  68    0.5452539  3.79024e+25 
  69    0.5571934  3.69934e+25 
  70    0.5693943  3.60147e+25 
  71    0.5818624  3.49724e+25 
  72    0.5946036  3.40177e+25 
  73    0.6076237  3.29687e+25 
  74    0.6209289  3.20469e+25 
  75    0.6345255  3.12178e+25 
  76    0.6484198  3.02490e+25 
  77    0.6626183  2.95248e+25 
  78    0.6771278  2.87712e+25 
  79    0.6919549  2.80364e+25 
  80    0.7071068  2.74598e+25 
  81    0.7225904  2.68087e+25 
  82    0.7384131  2.62814e+25 
  83    0.7545822  2.57889e+25 
  84    0.7711054  2.54195e+25 
  85    0.7879904  2.51515e+25 
  86    0.8052452  2.48655e+25 
  87    0.8228777  2.46646e+25 
  88    0.8408964  2.46256e+25 
  89    0.8593096  2.45383e+25 
  90    0.8781261  2.45168e+25 
  91    0.8973545  2.45676e+25 
  92    0.9170040  2.46492e+25 
  93    0.9370838  2.47991e+25 
  94    0.9576033  2.50507e+25 
  95    0.9785721  2.52042e+25 
  96    1.0000000  2.54486e+25 
  97    1.0218971  2.57547e+25 
  98    1.0442738  2.60413e+25 
  99    1.0671404  2.63698e+25 
 100    1.0905077  2.66642e+25 
 101    1.1143867  2.69743e+25 
 102    1.1387886  2.73354e+25 
 103    1.1637249  2.76462e+25 
 104    1.1892071  2.79625e+25 
 105    1.2152474  2.82299e+25 
 106    1.2418578  2.84640e+25 
 107    1.2690510  2.86801e+25 
 108    1.2968396  2.88245e+25 
 109    1.3252366  2.89341e+25 
 110    1.3542555  2.89318e+25 
 111    1.3839099  2.88935e+25 
 112    1.4142136  2.88393e+25 
 113    1.4451808  2.86992e+25 
 114    1.4768261  2.84793e+25 
 115    1.5091644  2.82626e+25 
 116    1.5422108  2.80240e+25 
 117    1.5759808  2.76775e+25 
 118    1.6104903  2.73579e+25 
 119    1.6457555  2.69890e+25 
 120    1.6817928  2.66082e+25 
 121    1.7186193  2.62038e+25 
 122    1.7562522  2.58098e+25 
 123    1.7947091  2.54049e+25 
 124    1.8340081  2.49292e+25 
 125    1.8741676  2.44890e+25 
 126    1.9152066  2.40719e+25 
 127    1.9571441  2.35845e+25 
 128    2.0000000  2.30784e+25 
 129    2.0437943  2.25573e+25 
 130    2.0885476  2.20366e+25 
 131    2.1342808  2.15101e+25 
 132    2.1810155  2.09502e+25 
 133    2.2287735  2.03580e+25 
 134    2.2775773  1.97516e+25 
 135    2.3274497  1.90973e+25 
 136    2.3784142  1.84630e+25 
 137    2.4304947  1.78106e+25 
 138    2.4837156  1.71496e+25 
 139    2.5381019  1.64745e+25 
 140    2.5936791  1.58014e+25 
 141    2.6504733  1.51458e+25 
 142    2.7085111  1.44964e+25 
 143    2.7678198  1.38350e+25 
 144    2.8284271  1.31974e+25 
 145    2.8903616  1.25721e+25 
 146    2.9536523  1.19773e+25 
 147    3.0183289  1.13673e+25 
 148    3.0844217  1.07865e+25 
 149    3.1519617  1.02110e+25 
 150    3.2209807  9.65362e+24 
 151    3.2915110  9.13116e+24 
 152    3.3635857  8.64383e+24 
 153    3.4372386  8.14953e+24 
 154    3.5125043  7.69265e+24 
 155    3.5894182  7.26507e+24 
 156    3.6680162  6.85130e+24 
 157    3.7483353  6.47390e+24 
 158    3.8304131  6.12022e+24 
 159    3.9142882  5.79479e+24 
 160    4.0000000  5.49587e+24 
 161    4.0875886  5.22405e+24 
 162    4.1770951  4.96824e+24 
 163    4.2685616  4.74311e+24 
 164    4.3620309  4.52732e+24 
 165    4.4575470  4.32593e+24 
 166    4.5551545  4.13777e+24 
 167    4.6548994  3.97345e+24 
 168    4.7568285  3.81298e+24 
 169    4.8609894  3.66307e+24 
 170    4.9674312  3.52895e+24 
 171    5.0762038  3.40181e+24 
 172    5.1873582  3.27844e+24 
 173    5.3009466  3.16232e+24 
 174    5.4170222  3.05397e+24 
 175    5.5356395  2.94466e+24 
 176    5.6568542  2.84742e+24 
 177    5.7807232  2.75201e+24 
 178    5.9073046  2.66300e+24 
 179    6.0366577  2.57105e+24 
 180    6.1688433  2.49317e+24 
 181    6.3039234  2.41290e+24 
 182    6.4419613  2.33717e+24 
 183    6.5830219  2.26737e+24 
 184    6.7271713  2.20113e+24 
 185    6.8744772  2.13866e+24 
 186    7.0250086  2.07511e+24 
 187    7.1788363  2.01386e+24 
 188    7.3360323  1.95342e+24 
 189    7.4966705  1.89651e+24 


# S-band (filter: Spitzer_IRAC2.dat)
   0    0.1250000  2.08664e+25 
   1    0.1277371  2.07002e+25 
   2    0.1305342  2.05303e+25 
   3    0.1333926  2.03567e+25 
   4    0.1363135  1.99295e+25 
   5    0.1392983  1.96818e+25 
   6    0.1423486  1.92621e+25 
   7    0.1454656  1.92175e+25 
   8    0.1486509  1.89543e+25 
   9    0.1519059  1.85516e+25 
  10    0.1552322  1.84136e+25 
  11    0.1586314  1.79882e+25 
  12    0.1621049  1.73963e+25 
  13    0.1656546  1.68842e+25 
  14    0.1692819  1.61387e+25 
  15    0.1729887  1.55529e+25 
  16    0.1767767  1.50549e+25 
  17    0.1806476  1.44561e+25 
  18    0.1846033  1.37472e+25 
  19    0.1886456  1.31920e+25 
  20    0.1927764  1.24887e+25 
  21    0.1969976  1.18819e+25 
  22    0.2013113  1.12730e+25 
  23    0.2057194  1.07290e+25 
  24    0.2102241  1.02932e+25 
  25    0.2148274  9.86547e+24 
  26    0.2195315  9.38803e+24 
  27    0.2243386  9.01347e+24 
  28    0.2292510  8.40391e+24 
  29    0.2342710  8.02231e+24 
  30    0.2394008  7.69094e+24 
  31    0.2446430  7.34685e+24 
  32    0.2500000  6.96738e+24 
  33    0.2554743  6.67860e+24 
  34    0.2610684  6.23070e+24 
  35    0.2667851  5.95939e+24 
  36    0.2726269  5.62747e+24 
  37    0.2785967  5.26379e+24 
  38    0.2846972  4.90527e+24 
  39    0.2909312  4.65496e+24 
  40    0.2973018  4.44846e+24 
  41    0.3038118  4.22892e+24 
  42    0.3104645  4.02923e+24 
  43    0.3172627  3.79760e+24 
  44    0.3242099  3.68346e+24 
  45    0.3313092  3.45202e+24 
  46    0.3385639  3.33962e+24 
  47    0.3459775  3.19505e+24 
  48    0.3535534  3.04547e+24 
  49    0.3612952  2.95102e+24 
  50    0.3692065  2.85536e+24 
  51    0.3772911  2.76438e+24 
  52    0.3855527  2.59040e+24 
  53    0.3939952  2.47454e+24 
  54    0.4026226  2.42202e+24 
  55    0.4114389  2.33026e+24 
  56    0.4204482  2.24110e+24 
  57    0.4296548  2.18133e+24 
  58    0.4390630  2.04853e+24 
  59    0.4486773  1.95698e+24 
  60    0.4585020  1.85783e+24 
  61    0.4685419  1.78602e+24 
  62    0.4788016  1.72255e+24 
  63    0.4892860  1.64733e+24 
  64    0.5000000  1.58364e+24 
  65    0.5109486  1.50365e+24 
  66    0.5221369  1.41459e+24 
  67    0.5335702  1.32850e+24 
  68    0.5452539  1.26471e+24 
  69    0.5571934  1.17227e+24 
  70    0.5693943  1.13258e+24 
  71    0.5818624  1.06534e+24 
  72    0.5946036  1.02879e+24 
  73    0.6076237  9.70249e+23 
  74    0.6209289  9.13146e+23 
  75    0.6345255  8.72909e+23 
  76    0.6484198  8.32637e+23 
  77    0.6626183  7.99925e+23 
  78    0.6771278  7.76729e+23 
  79    0.6919549  7.41953e+23 
  80    0.7071068  7.11266e+23 
  81    0.7225904  6.88973e+23 
  82    0.7384131  6.60148e+23 
  83    0.7545822  6.36739e+23 
  84    0.7711054  6.20509e+23 
  85    0.7879904  6.02066e+23 
  86    0.8052452  5.97346e+23 
  87    0.8228777  5.84432e+23 
  88    0.8408964  5.72404e+23 
  89    0.8593096  5.52931e+23 
  90    0.8781261  5.36132e+23 
  91    0.8973545  5.22162e+23 
  92    0.9170040  5.13519e+23 
  93    0.9370838  5.05950e+23 
  94    0.9576033  4.89755e+23 
  95    0.9785721  4.84752e+23 
  96    1.0000000  4.73971e+23 
  97    1.0218971  4.71369e+23 
  98    1.0442738  4.61313e+23 
  99    1.0671404  4.48240e+23 
 100    1.0905077  4.45635e+23 
 101    1.1143867  4.36280e+23 
 102    1.1387886  4.35298e+23 
 103    1.1637249  4.32707e+23 
 104    1.1892071  4.28725e+23 
 105    1.2152474  4.24101e+23 
 106    1.2418578  4.17804e+23 
 107    1.2690510  4.18274e+23 
 108    1.2968396  4.17675e+23 
 109    1.3252366  4.15610e+23 
 110    1.3542555  4.13291e+23 
 111    1.3839099  4.14930e+23 
 112    1.4142136  4.14967e+23 
 113    1.4451808  4.18546e+23 
 114    1.4768261  4.20659e+23 
 115    1.5091644  4.27891e+23 
 116    1.5422108  4.29596e+23 
 117    1.5759808  4.35037e+23 
 118    1.6104903  4.40813e+23 
 119    1.6457555  4.41805e+23 
 120    1.6817928  4.43349e+23 
 121    1.7186193  4.46874e+23 
 122    1.7562522  4.45114e+23 
 123    1.7947091  4.48807e+23 
 124    1.8340081  4.52073e+23 
 125    1.8741676  4.53349e+23 
 126    1.9152066  4.49150e+23 
 127    1.9571441  4.46749e+23 
 128    2.0000000  4.39612e+23 
 129    2.0437943  4.32109e+23 
 130    2.0885476  4.26878e+23 
 131    2.1342808  4.21090e+23 
 132    2.1810155  4.18084e+23 
 133    2.2287735  4.16907e+23 
 134    2.2775773  4.11355e+23 
 135    2.3274497  4.04466e+23 
 136    2.3784142  3.96271e+23 
 137    2.4304947  3.92386e+23 
 138    2.4837156  3.89008e+23 
 139    2.5381019  3.85179e+23 
 140    2.5936791  3.79676e+23 
 141    2.6504733  3.72400e+23 
 142    2.7085111  3.64194e+23 
 143    2.7678198  3.55822e+23 
 144    2.8284271  3.48078e+23 
 145    2.8903616  3.37785e+23 
 146    2.9536523  3.33814e+23 
 147    3.0183289  3.24640e+23 
 148    3.0844217  3.18013e+23 
 149    3.1519617  3.10477e+23 
 150    3.2209807  3.02268e+23 
 151    3.2915110  2.94283e+23 
 152    3.3635857  2.89135e+23 
 153    3.4372386  2.83790e+23 
 154    3.5125043  2.77990e+23 
 155    3.5894182  2.73006e+23 
 156    3.6680162  2.68718e+23 
 157    3.7483353  2.63965e+23 
 158    3.8304131  2.61018e+23 
 159    3.9142882  2.57487e+23 
 160    4.0000000  2.53488e+23 
 161    4.0875886  2.50627e+23 
 162    4.1770951  2.48734e+23 
 163    4.2685616  2.47515e+23 
 164    4.3620309  2.45174e+23 
 165    4.4575470  2.43542e+23 
 166    4.5551545  2.43764e+23 
 167    4.6548994  2.42687e+23 
 168    4.7568285  2.42282e+23 
 169    4.8609894  2.43592e+23 
 170    4.9674312  2.43675e+23 
 171    5.0762038  2.44431e+23 
 172    5.1873582  2.45939e+23 
 173    5.3009466  2.44355e+23 
 174    5.4170222  2.44571e+23 
 175    5.5356395  2.43961e+23 
 176    5.6568542  2.44815e+23 
 177    5.7807232  2.45116e+23 
 178    5.9073046  2.44045e+23 
 179    6.0366577  2.44308e+23 
 180    6.1688433  2.42744e+23 
 181    6.3039234  2.41205e+23 
 182    6.4419613  2.40195e+23 
 183    6.5830219  2.38181e+23 
 184    6.7271713  2.36487e+23 
 185    6.8744772  2.36541e+23 
 186    7.0250086  2.34914e+23 
 187    7.1788363  2.33818e+23 
 188    7.3360323  2.32351e+23 
 189    7.4966705  2.31198e+23 


