# 1:iteration 2:time bin[s] 3-k:AB magnitude for k-th angular bin
# g-band (filter: g_LSST.dat)
   0    0.1250000 -1.57749e+01 
   1    0.1277371 -1.57857e+01 
   2    0.1305342 -1.57967e+01 
   3    0.1333926 -1.58080e+01 
   4    0.1363135 -1.58173e+01 
   5    0.1392983 -1.58253e+01 
   6    0.1423486 -1.58307e+01 
   7    0.1454656 -1.58349e+01 
   8    0.1486509 -1.58371e+01 
   9    0.1519059 -1.58370e+01 
  10    0.1552322 -1.58361e+01 
  11    0.1586314 -1.58336e+01 
  12    0.1621049 -1.58293e+01 
  13    0.1656546 -1.58237e+01 
  14    0.1692819 -1.58168e+01 
  15    0.1729887 -1.58083e+01 
  16    0.1767767 -1.57988e+01 
  17    0.1806476 -1.57883e+01 
  18    0.1846033 -1.57767e+01 
  19    0.1886456 -1.57637e+01 
  20    0.1927764 -1.57500e+01 
  21    0.1969976 -1.57356e+01 
  22    0.2013113 -1.57196e+01 
  23    0.2057194 -1.57031e+01 
  24    0.2102241 -1.56854e+01 
  25    0.2148274 -1.56667e+01 
  26    0.2195315 -1.56477e+01 
  27    0.2243386 -1.56274e+01 
  28    0.2292510 -1.56060e+01 
  29    0.2342710 -1.55838e+01 
  30    0.2394008 -1.55605e+01 
  31    0.2446430 -1.55352e+01 
  32    0.2500000 -1.55092e+01 
  33    0.2554743 -1.54815e+01 
  34    0.2610684 -1.54513e+01 
  35    0.2667851 -1.54189e+01 
  36    0.2726269 -1.53838e+01 
  37    0.2785967 -1.53469e+01 
  38    0.2846972 -1.53051e+01 
  39    0.2909312 -1.52596e+01 
  40    0.2973018 -1.52116e+01 
  41    0.3038118 -1.51587e+01 
  42    0.3104645 -1.51013e+01 
  43    0.3172627 -1.50406e+01 
  44    0.3242099 -1.49745e+01 
  45    0.3313092 -1.49057e+01 
  46    0.3385639 -1.48327e+01 
  47    0.3459775 -1.47560e+01 
  48    0.3535534 -1.46768e+01 
  49    0.3612952 -1.45936e+01 
  50    0.3692065 -1.45080e+01 
  51    0.3772911 -1.44194e+01 
  52    0.3855527 -1.43284e+01 
  53    0.3939952 -1.42353e+01 
  54    0.4026226 -1.41399e+01 
  55    0.4114389 -1.40422e+01 
  56    0.4204482 -1.39434e+01 
  57    0.4296548 -1.38424e+01 
  58    0.4390630 -1.37420e+01 
  59    0.4486773 -1.36392e+01 
  60    0.4585020 -1.35437e+01 
  61    0.4685419 -1.34526e+01 
  62    0.4788016 -1.33601e+01 
  63    0.4892860 -1.32761e+01 
  64    0.5000000 -1.31921e+01 
  65    0.5109486 -1.31104e+01 
  66    0.5221369 -1.30311e+01 
  67    0.5335702 -1.29520e+01 
  68    0.5452539 -1.28758e+01 
  69    0.5571934 -1.27985e+01 
  70    0.5693943 -1.27226e+01 
  71    0.5818624 -1.26490e+01 
  72    0.5946036 -1.25718e+01 
  73    0.6076237 -1.24949e+01 
  74    0.6209289 -1.24165e+01 
  75    0.6345255 -1.23382e+01 
  76    0.6484198 -1.22614e+01 
  77    0.6626183 -1.21846e+01 
  78    0.6771278 -1.21180e+01 
  79    0.6919549 -1.20599e+01 
  80    0.7071068 -1.20177e+01 
  81    0.7225904 -1.19778e+01 
  82    0.7384131 -1.19583e+01 
  83    0.7545822 -1.19461e+01 
  84    0.7711054 -1.19439e+01 
  85    0.7879904 -1.19506e+01 
  86    0.8052452 -1.19666e+01 
  87    0.8228777 -1.19957e+01 
  88    0.8408964 -1.20273e+01 
  89    0.8593096 -1.20599e+01 
  90    0.8781261 -1.20968e+01 
  91    0.8973545 -1.21296e+01 
  92    0.9170040 -1.21551e+01 
  93    0.9370838 -1.21776e+01 
  94    0.9576033 -1.21908e+01 
  95    0.9785721 -1.21985e+01 
  96    1.0000000 -1.22014e+01 
  97    1.0218971 -1.22009e+01 
  98    1.0442738 -1.21922e+01 
  99    1.0671404 -1.21773e+01 
 100    1.0905077 -1.21608e+01 
 101    1.1143867 -1.21402e+01 
 102    1.1387886 -1.21149e+01 
 103    1.1637249 -1.20869e+01 
 104    1.1892071 -1.20589e+01 
 105    1.2152474 -1.20318e+01 
 106    1.2418578 -1.20029e+01 
 107    1.2690510 -1.19700e+01 
 108    1.2968396 -1.19330e+01 
 109    1.3252366 -1.18943e+01 
 110    1.3542555 -1.18484e+01 
 111    1.3839099 -1.18018e+01 
 112    1.4142136 -1.17529e+01 
 113    1.4451808 -1.17069e+01 
 114    1.4768261 -1.16621e+01 
 115    1.5091644 -1.16114e+01 
 116    1.5422108 -1.15625e+01 
 117    1.5759808 -1.15122e+01 
 118    1.6104903 -1.14629e+01 
 119    1.6457555 -1.14165e+01 
 120    1.6817928 -1.13708e+01 
 121    1.7186193 -1.13267e+01 
 122    1.7562522 -1.12853e+01 
 123    1.7947091 -1.12445e+01 
 124    1.8340081 -1.12020e+01 
 125    1.8741676 -1.11601e+01 
 126    1.9152066 -1.11192e+01 
 127    1.9571441 -1.10786e+01 
 128    2.0000000 -1.10380e+01 
 129    2.0437943 -1.09984e+01 
 130    2.0885476 -1.09543e+01 
 131    2.1342808 -1.09126e+01 
 132    2.1810155 -1.08679e+01 
 133    2.2287735 -1.08232e+01 
 134    2.2775773 -1.07755e+01 
 135    2.3274497 -1.07233e+01 
 136    2.3784142 -1.06696e+01 
 137    2.4304947 -1.06148e+01 
 138    2.4837156 -1.05562e+01 
 139    2.5381019 -1.04934e+01 
 140    2.5936791 -1.04292e+01 
 141    2.6504733 -1.03584e+01 
 142    2.7085111 -1.02818e+01 
 143    2.7678198 -1.02031e+01 
 144    2.8284271 -1.01180e+01 
 145    2.8903616 -1.00301e+01 
 146    2.9536523 -9.94204e+00 
 147    3.0183289 -9.85003e+00 
 148    3.0844217 -9.75991e+00 
 149    3.1519617 -9.66686e+00 
 150    3.2209807 -9.57244e+00 
 151    3.2915110 -9.48131e+00 
 152    3.3635857 -9.38819e+00 
 153    3.4372386 -9.29801e+00 
 154    3.5125043 -9.21135e+00 
 155    3.5894182 -9.12691e+00 
 156    3.6680162 -9.04494e+00 
 157    3.7483353 -8.97124e+00 
 158    3.8304131 -8.90254e+00 
 159    3.9142882 -8.83484e+00 
 160    4.0000000 -8.77430e+00 
 161    4.0875886 -8.71577e+00 
 162    4.1770951 -8.66164e+00 
 163    4.2685616 -8.61447e+00 
 164    4.3620309 -8.57286e+00 
 165    4.4575470 -8.53513e+00 
 166    4.5551545 -8.49880e+00 
 167    4.6548994 -8.47139e+00 
 168    4.7568285 -8.44418e+00 
 169    4.8609894 -8.42515e+00 
 170    4.9674312 -8.41037e+00 
 171    5.0762038 -8.39913e+00 
 172    5.1873582 -8.39102e+00 
 173    5.3009466 -8.39503e+00 
 174    5.4170222 -8.40552e+00 
 175    5.5356395 -8.41826e+00 
 176    5.6568542 -8.43703e+00 
 177    5.7807232 -8.46287e+00 
 178    5.9073046 -8.49376e+00 
 179    6.0366577 -8.52697e+00 
 180    6.1688433 -8.56569e+00 
 181    6.3039234 -8.60796e+00 
 182    6.4419613 -8.64867e+00 
 183    6.5830219 -8.69438e+00 
 184    6.7271713 -8.74199e+00 
 185    6.8744772 -8.78830e+00 
 186    7.0250086 -8.83706e+00 
 187    7.1788363 -8.88544e+00 
 188    7.3360323 -8.93480e+00 
 189    7.4966705 -8.98441e+00 


# r-band (filter: r_LSST.dat)
   0    0.1250000 -1.56210e+01 
   1    0.1277371 -1.56424e+01 
   2    0.1305342 -1.56641e+01 
   3    0.1333926 -1.56864e+01 
   4    0.1363135 -1.57078e+01 
   5    0.1392983 -1.57276e+01 
   6    0.1423486 -1.57464e+01 
   7    0.1454656 -1.57644e+01 
   8    0.1486509 -1.57807e+01 
   9    0.1519059 -1.57962e+01 
  10    0.1552322 -1.58096e+01 
  11    0.1586314 -1.58222e+01 
  12    0.1621049 -1.58332e+01 
  13    0.1656546 -1.58439e+01 
  14    0.1692819 -1.58524e+01 
  15    0.1729887 -1.58600e+01 
  16    0.1767767 -1.58662e+01 
  17    0.1806476 -1.58715e+01 
  18    0.1846033 -1.58757e+01 
  19    0.1886456 -1.58788e+01 
  20    0.1927764 -1.58812e+01 
  21    0.1969976 -1.58821e+01 
  22    0.2013113 -1.58816e+01 
  23    0.2057194 -1.58806e+01 
  24    0.2102241 -1.58786e+01 
  25    0.2148274 -1.58755e+01 
  26    0.2195315 -1.58718e+01 
  27    0.2243386 -1.58670e+01 
  28    0.2292510 -1.58610e+01 
  29    0.2342710 -1.58544e+01 
  30    0.2394008 -1.58472e+01 
  31    0.2446430 -1.58392e+01 
  32    0.2500000 -1.58297e+01 
  33    0.2554743 -1.58200e+01 
  34    0.2610684 -1.58099e+01 
  35    0.2667851 -1.57991e+01 
  36    0.2726269 -1.57877e+01 
  37    0.2785967 -1.57758e+01 
  38    0.2846972 -1.57636e+01 
  39    0.2909312 -1.57505e+01 
  40    0.2973018 -1.57372e+01 
  41    0.3038118 -1.57228e+01 
  42    0.3104645 -1.57079e+01 
  43    0.3172627 -1.56926e+01 
  44    0.3242099 -1.56760e+01 
  45    0.3313092 -1.56587e+01 
  46    0.3385639 -1.56405e+01 
  47    0.3459775 -1.56217e+01 
  48    0.3535534 -1.56020e+01 
  49    0.3612952 -1.55812e+01 
  50    0.3692065 -1.55591e+01 
  51    0.3772911 -1.55362e+01 
  52    0.3855527 -1.55125e+01 
  53    0.3939952 -1.54878e+01 
  54    0.4026226 -1.54625e+01 
  55    0.4114389 -1.54361e+01 
  56    0.4204482 -1.54093e+01 
  57    0.4296548 -1.53822e+01 
  58    0.4390630 -1.53553e+01 
  59    0.4486773 -1.53279e+01 
  60    0.4585020 -1.53015e+01 
  61    0.4685419 -1.52774e+01 
  62    0.4788016 -1.52536e+01 
  63    0.4892860 -1.52341e+01 
  64    0.5000000 -1.52173e+01 
  65    0.5109486 -1.52017e+01 
  66    0.5221369 -1.51918e+01 
  67    0.5335702 -1.51844e+01 
  68    0.5452539 -1.51810e+01 
  69    0.5571934 -1.51812e+01 
  70    0.5693943 -1.51852e+01 
  71    0.5818624 -1.51923e+01 
  72    0.5946036 -1.52031e+01 
  73    0.6076237 -1.52159e+01 
  74    0.6209289 -1.52317e+01 
  75    0.6345255 -1.52495e+01 
  76    0.6484198 -1.52694e+01 
  77    0.6626183 -1.52911e+01 
  78    0.6771278 -1.53136e+01 
  79    0.6919549 -1.53379e+01 
  80    0.7071068 -1.53636e+01 
  81    0.7225904 -1.53904e+01 
  82    0.7384131 -1.54198e+01 
  83    0.7545822 -1.54496e+01 
  84    0.7711054 -1.54801e+01 
  85    0.7879904 -1.55104e+01 
  86    0.8052452 -1.55415e+01 
  87    0.8228777 -1.55733e+01 
  88    0.8408964 -1.56053e+01 
  89    0.8593096 -1.56378e+01 
  90    0.8781261 -1.56696e+01 
  91    0.8973545 -1.56986e+01 
  92    0.9170040 -1.57258e+01 
  93    0.9370838 -1.57523e+01 
  94    0.9576033 -1.57745e+01 
  95    0.9785721 -1.57943e+01 
  96    1.0000000 -1.58134e+01 
  97    1.0218971 -1.58297e+01 
  98    1.0442738 -1.58441e+01 
  99    1.0671404 -1.58568e+01 
 100    1.0905077 -1.58692e+01 
 101    1.1143867 -1.58785e+01 
 102    1.1387886 -1.58832e+01 
 103    1.1637249 -1.58880e+01 
 104    1.1892071 -1.58907e+01 
 105    1.2152474 -1.58907e+01 
 106    1.2418578 -1.58891e+01 
 107    1.2690510 -1.58845e+01 
 108    1.2968396 -1.58774e+01 
 109    1.3252366 -1.58681e+01 
 110    1.3542555 -1.58558e+01 
 111    1.3839099 -1.58422e+01 
 112    1.4142136 -1.58263e+01 
 113    1.4451808 -1.58126e+01 
 114    1.4768261 -1.58002e+01 
 115    1.5091644 -1.57853e+01 
 116    1.5422108 -1.57707e+01 
 117    1.5759808 -1.57566e+01 
 118    1.6104903 -1.57443e+01 
 119    1.6457555 -1.57331e+01 
 120    1.6817928 -1.57224e+01 
 121    1.7186193 -1.57128e+01 
 122    1.7562522 -1.57036e+01 
 123    1.7947091 -1.56934e+01 
 124    1.8340081 -1.56810e+01 
 125    1.8741676 -1.56679e+01 
 126    1.9152066 -1.56515e+01 
 127    1.9571441 -1.56333e+01 
 128    2.0000000 -1.56137e+01 
 129    2.0437943 -1.55891e+01 
 130    2.0885476 -1.55596e+01 
 131    2.1342808 -1.55268e+01 
 132    2.1810155 -1.54866e+01 
 133    2.2287735 -1.54395e+01 
 134    2.2775773 -1.53879e+01 
 135    2.3274497 -1.53260e+01 
 136    2.3784142 -1.52570e+01 
 137    2.4304947 -1.51820e+01 
 138    2.4837156 -1.50969e+01 
 139    2.5381019 -1.50051e+01 
 140    2.5936791 -1.49063e+01 
 141    2.6504733 -1.48003e+01 
 142    2.7085111 -1.46887e+01 
 143    2.7678198 -1.45709e+01 
 144    2.8284271 -1.44492e+01 
 145    2.8903616 -1.43255e+01 
 146    2.9536523 -1.42008e+01 
 147    3.0183289 -1.40736e+01 
 148    3.0844217 -1.39502e+01 
 149    3.1519617 -1.38283e+01 
 150    3.2209807 -1.37065e+01 
 151    3.2915110 -1.35923e+01 
 152    3.3635857 -1.34810e+01 
 153    3.4372386 -1.33728e+01 
 154    3.5125043 -1.32728e+01 
 155    3.5894182 -1.31771e+01 
 156    3.6680162 -1.30862e+01 
 157    3.7483353 -1.30017e+01 
 158    3.8304131 -1.29223e+01 
 159    3.9142882 -1.28463e+01 
 160    4.0000000 -1.27757e+01 
 161    4.0875886 -1.27087e+01 
 162    4.1770951 -1.26442e+01 
 163    4.2685616 -1.25837e+01 
 164    4.3620309 -1.25261e+01 
 165    4.4575470 -1.24704e+01 
 166    4.5551545 -1.24182e+01 
 167    4.6548994 -1.23675e+01 
 168    4.7568285 -1.23182e+01 
 169    4.8609894 -1.22717e+01 
 170    4.9674312 -1.22274e+01 
 171    5.0762038 -1.21849e+01 
 172    5.1873582 -1.21441e+01 
 173    5.3009466 -1.21058e+01 
 174    5.4170222 -1.20700e+01 
 175    5.5356395 -1.20354e+01 
 176    5.6568542 -1.20032e+01 
 177    5.7807232 -1.19728e+01 
 178    5.9073046 -1.19438e+01 
 179    6.0366577 -1.19163e+01 
 180    6.1688433 -1.18908e+01 
 181    6.3039234 -1.18661e+01 
 182    6.4419613 -1.18422e+01 
 183    6.5830219 -1.18201e+01 
 184    6.7271713 -1.17981e+01 
 185    6.8744772 -1.17774e+01 
 186    7.0250086 -1.17568e+01 
 187    7.1788363 -1.17361e+01 
 188    7.3360323 -1.17157e+01 
 189    7.4966705 -1.16963e+01 


# i-band (filter: i_LSST.dat)
   0    0.1250000 -1.50854e+01 
   1    0.1277371 -1.51062e+01 
   2    0.1305342 -1.51274e+01 
   3    0.1333926 -1.51491e+01 
   4    0.1363135 -1.51710e+01 
   5    0.1392983 -1.51908e+01 
   6    0.1423486 -1.52098e+01 
   7    0.1454656 -1.52290e+01 
   8    0.1486509 -1.52477e+01 
   9    0.1519059 -1.52663e+01 
  10    0.1552322 -1.52845e+01 
  11    0.1586314 -1.53016e+01 
  12    0.1621049 -1.53177e+01 
  13    0.1656546 -1.53336e+01 
  14    0.1692819 -1.53493e+01 
  15    0.1729887 -1.53648e+01 
  16    0.1767767 -1.53788e+01 
  17    0.1806476 -1.53928e+01 
  18    0.1846033 -1.54069e+01 
  19    0.1886456 -1.54202e+01 
  20    0.1927764 -1.54317e+01 
  21    0.1969976 -1.54440e+01 
  22    0.2013113 -1.54547e+01 
  23    0.2057194 -1.54650e+01 
  24    0.2102241 -1.54752e+01 
  25    0.2148274 -1.54835e+01 
  26    0.2195315 -1.54905e+01 
  27    0.2243386 -1.54973e+01 
  28    0.2292510 -1.55017e+01 
  29    0.2342710 -1.55046e+01 
  30    0.2394008 -1.55063e+01 
  31    0.2446430 -1.55046e+01 
  32    0.2500000 -1.55009e+01 
  33    0.2554743 -1.54954e+01 
  34    0.2610684 -1.54867e+01 
  35    0.2667851 -1.54746e+01 
  36    0.2726269 -1.54604e+01 
  37    0.2785967 -1.54437e+01 
  38    0.2846972 -1.54239e+01 
  39    0.2909312 -1.54011e+01 
  40    0.2973018 -1.53760e+01 
  41    0.3038118 -1.53485e+01 
  42    0.3104645 -1.53190e+01 
  43    0.3172627 -1.52877e+01 
  44    0.3242099 -1.52558e+01 
  45    0.3313092 -1.52235e+01 
  46    0.3385639 -1.51895e+01 
  47    0.3459775 -1.51578e+01 
  48    0.3535534 -1.51265e+01 
  49    0.3612952 -1.50951e+01 
  50    0.3692065 -1.50660e+01 
  51    0.3772911 -1.50383e+01 
  52    0.3855527 -1.50122e+01 
  53    0.3939952 -1.49882e+01 
  54    0.4026226 -1.49661e+01 
  55    0.4114389 -1.49453e+01 
  56    0.4204482 -1.49266e+01 
  57    0.4296548 -1.49107e+01 
  58    0.4390630 -1.48960e+01 
  59    0.4486773 -1.48825e+01 
  60    0.4585020 -1.48717e+01 
  61    0.4685419 -1.48626e+01 
  62    0.4788016 -1.48545e+01 
  63    0.4892860 -1.48494e+01 
  64    0.5000000 -1.48465e+01 
  65    0.5109486 -1.48460e+01 
  66    0.5221369 -1.48494e+01 
  67    0.5335702 -1.48555e+01 
  68    0.5452539 -1.48639e+01 
  69    0.5571934 -1.48744e+01 
  70    0.5693943 -1.48873e+01 
  71    0.5818624 -1.49032e+01 
  72    0.5946036 -1.49219e+01 
  73    0.6076237 -1.49423e+01 
  74    0.6209289 -1.49645e+01 
  75    0.6345255 -1.49884e+01 
  76    0.6484198 -1.50128e+01 
  77    0.6626183 -1.50375e+01 
  78    0.6771278 -1.50624e+01 
  79    0.6919549 -1.50875e+01 
  80    0.7071068 -1.51130e+01 
  81    0.7225904 -1.51391e+01 
  82    0.7384131 -1.51648e+01 
  83    0.7545822 -1.51899e+01 
  84    0.7711054 -1.52145e+01 
  85    0.7879904 -1.52392e+01 
  86    0.8052452 -1.52633e+01 
  87    0.8228777 -1.52866e+01 
  88    0.8408964 -1.53087e+01 
  89    0.8593096 -1.53299e+01 
  90    0.8781261 -1.53511e+01 
  91    0.8973545 -1.53701e+01 
  92    0.9170040 -1.53884e+01 
  93    0.9370838 -1.54055e+01 
  94    0.9576033 -1.54203e+01 
  95    0.9785721 -1.54335e+01 
  96    1.0000000 -1.54454e+01 
  97    1.0218971 -1.54538e+01 
  98    1.0442738 -1.54611e+01 
  99    1.0671404 -1.54671e+01 
 100    1.0905077 -1.54713e+01 
 101    1.1143867 -1.54740e+01 
 102    1.1387886 -1.54713e+01 
 103    1.1637249 -1.54656e+01 
 104    1.1892071 -1.54510e+01 
 105    1.2152474 -1.54333e+01 
 106    1.2418578 -1.54147e+01 
 107    1.2690510 -1.53910e+01 
 108    1.2968396 -1.53620e+01 
 109    1.3252366 -1.53274e+01 
 110    1.3542555 -1.52884e+01 
 111    1.3839099 -1.52497e+01 
 112    1.4142136 -1.52077e+01 
 113    1.4451808 -1.51692e+01 
 114    1.4768261 -1.51301e+01 
 115    1.5091644 -1.50908e+01 
 116    1.5422108 -1.50571e+01 
 117    1.5759808 -1.50263e+01 
 118    1.6104903 -1.49962e+01 
 119    1.6457555 -1.49703e+01 
 120    1.6817928 -1.49479e+01 
 121    1.7186193 -1.49295e+01 
 122    1.7562522 -1.49140e+01 
 123    1.7947091 -1.48980e+01 
 124    1.8340081 -1.48809e+01 
 125    1.8741676 -1.48658e+01 
 126    1.9152066 -1.48499e+01 
 127    1.9571441 -1.48338e+01 
 128    2.0000000 -1.48171e+01 
 129    2.0437943 -1.47984e+01 
 130    2.0885476 -1.47774e+01 
 131    2.1342808 -1.47546e+01 
 132    2.1810155 -1.47290e+01 
 133    2.2287735 -1.47010e+01 
 134    2.2775773 -1.46712e+01 
 135    2.3274497 -1.46386e+01 
 136    2.3784142 -1.46044e+01 
 137    2.4304947 -1.45684e+01 
 138    2.4837156 -1.45299e+01 
 139    2.5381019 -1.44906e+01 
 140    2.5936791 -1.44490e+01 
 141    2.6504733 -1.44071e+01 
 142    2.7085111 -1.43648e+01 
 143    2.7678198 -1.43216e+01 
 144    2.8284271 -1.42787e+01 
 145    2.8903616 -1.42366e+01 
 146    2.9536523 -1.41945e+01 
 147    3.0183289 -1.41525e+01 
 148    3.0844217 -1.41116e+01 
 149    3.1519617 -1.40714e+01 
 150    3.2209807 -1.40315e+01 
 151    3.2915110 -1.39918e+01 
 152    3.3635857 -1.39519e+01 
 153    3.4372386 -1.39118e+01 
 154    3.5125043 -1.38696e+01 
 155    3.5894182 -1.38259e+01 
 156    3.6680162 -1.37814e+01 
 157    3.7483353 -1.37340e+01 
 158    3.8304131 -1.36846e+01 
 159    3.9142882 -1.36336e+01 
 160    4.0000000 -1.35795e+01 
 161    4.0875886 -1.35232e+01 
 162    4.1770951 -1.34646e+01 
 163    4.2685616 -1.34044e+01 
 164    4.3620309 -1.33429e+01 
 165    4.4575470 -1.32801e+01 
 166    4.5551545 -1.32182e+01 
 167    4.6548994 -1.31565e+01 
 168    4.7568285 -1.30942e+01 
 169    4.8609894 -1.30334e+01 
 170    4.9674312 -1.29738e+01 
 171    5.0762038 -1.29148e+01 
 172    5.1873582 -1.28568e+01 
 173    5.3009466 -1.28010e+01 
 174    5.4170222 -1.27467e+01 
 175    5.5356395 -1.26932e+01 
 176    5.6568542 -1.26417e+01 
 177    5.7807232 -1.25912e+01 
 178    5.9073046 -1.25419e+01 
 179    6.0366577 -1.24943e+01 
 180    6.1688433 -1.24483e+01 
 181    6.3039234 -1.24033e+01 
 182    6.4419613 -1.23601e+01 
 183    6.5830219 -1.23188e+01 
 184    6.7271713 -1.22785e+01 
 185    6.8744772 -1.22410e+01 
 186    7.0250086 -1.22034e+01 
 187    7.1788363 -1.21659e+01 
 188    7.3360323 -1.21293e+01 
 189    7.4966705 -1.20947e+01 


# z-band (filter: z_LSST.dat)
   0    0.1250000 -1.47894e+01 
   1    0.1277371 -1.48113e+01 
   2    0.1305342 -1.48338e+01 
   3    0.1333926 -1.48567e+01 
   4    0.1363135 -1.48815e+01 
   5    0.1392983 -1.49044e+01 
   6    0.1423486 -1.49269e+01 
   7    0.1454656 -1.49475e+01 
   8    0.1486509 -1.49704e+01 
   9    0.1519059 -1.49924e+01 
  10    0.1552322 -1.50151e+01 
  11    0.1586314 -1.50388e+01 
  12    0.1621049 -1.50637e+01 
  13    0.1656546 -1.50880e+01 
  14    0.1692819 -1.51096e+01 
  15    0.1729887 -1.51322e+01 
  16    0.1767767 -1.51554e+01 
  17    0.1806476 -1.51764e+01 
  18    0.1846033 -1.51992e+01 
  19    0.1886456 -1.52205e+01 
  20    0.1927764 -1.52398e+01 
  21    0.1969976 -1.52588e+01 
  22    0.2013113 -1.52757e+01 
  23    0.2057194 -1.52908e+01 
  24    0.2102241 -1.53047e+01 
  25    0.2148274 -1.53155e+01 
  26    0.2195315 -1.53254e+01 
  27    0.2243386 -1.53339e+01 
  28    0.2292510 -1.53365e+01 
  29    0.2342710 -1.53374e+01 
  30    0.2394008 -1.53361e+01 
  31    0.2446430 -1.53297e+01 
  32    0.2500000 -1.53204e+01 
  33    0.2554743 -1.53080e+01 
  34    0.2610684 -1.52890e+01 
  35    0.2667851 -1.52634e+01 
  36    0.2726269 -1.52327e+01 
  37    0.2785967 -1.51980e+01 
  38    0.2846972 -1.51546e+01 
  39    0.2909312 -1.51067e+01 
  40    0.2973018 -1.50542e+01 
  41    0.3038118 -1.49958e+01 
  42    0.3104645 -1.49339e+01 
  43    0.3172627 -1.48666e+01 
  44    0.3242099 -1.47980e+01 
  45    0.3313092 -1.47287e+01 
  46    0.3385639 -1.46570e+01 
  47    0.3459775 -1.45895e+01 
  48    0.3535534 -1.45221e+01 
  49    0.3612952 -1.44548e+01 
  50    0.3692065 -1.43933e+01 
  51    0.3772911 -1.43342e+01 
  52    0.3855527 -1.42768e+01 
  53    0.3939952 -1.42247e+01 
  54    0.4026226 -1.41751e+01 
  55    0.4114389 -1.41282e+01 
  56    0.4204482 -1.40849e+01 
  57    0.4296548 -1.40441e+01 
  58    0.4390630 -1.40050e+01 
  59    0.4486773 -1.39683e+01 
  60    0.4585020 -1.39345e+01 
  61    0.4685419 -1.39032e+01 
  62    0.4788016 -1.38724e+01 
  63    0.4892860 -1.38447e+01 
  64    0.5000000 -1.38187e+01 
  65    0.5109486 -1.37945e+01 
  66    0.5221369 -1.37738e+01 
  67    0.5335702 -1.37549e+01 
  68    0.5452539 -1.37371e+01 
  69    0.5571934 -1.37217e+01 
  70    0.5693943 -1.37085e+01 
  71    0.5818624 -1.36965e+01 
  72    0.5946036 -1.36864e+01 
  73    0.6076237 -1.36775e+01 
  74    0.6209289 -1.36705e+01 
  75    0.6345255 -1.36641e+01 
  76    0.6484198 -1.36584e+01 
  77    0.6626183 -1.36539e+01 
  78    0.6771278 -1.36499e+01 
  79    0.6919549 -1.36460e+01 
  80    0.7071068 -1.36449e+01 
  81    0.7225904 -1.36452e+01 
  82    0.7384131 -1.36469e+01 
  83    0.7545822 -1.36500e+01 
  84    0.7711054 -1.36547e+01 
  85    0.7879904 -1.36647e+01 
  86    0.8052452 -1.36770e+01 
  87    0.8228777 -1.36902e+01 
  88    0.8408964 -1.37077e+01 
  89    0.8593096 -1.37300e+01 
  90    0.8781261 -1.37536e+01 
  91    0.8973545 -1.37829e+01 
  92    0.9170040 -1.38123e+01 
  93    0.9370838 -1.38430e+01 
  94    0.9576033 -1.38770e+01 
  95    0.9785721 -1.39131e+01 
  96    1.0000000 -1.39504e+01 
  97    1.0218971 -1.39881e+01 
  98    1.0442738 -1.40263e+01 
  99    1.0671404 -1.40646e+01 
 100    1.0905077 -1.41042e+01 
 101    1.1143867 -1.41413e+01 
 102    1.1387886 -1.41749e+01 
 103    1.1637249 -1.42088e+01 
 104    1.1892071 -1.42393e+01 
 105    1.2152474 -1.42702e+01 
 106    1.2418578 -1.42976e+01 
 107    1.2690510 -1.43234e+01 
 108    1.2968396 -1.43453e+01 
 109    1.3252366 -1.43644e+01 
 110    1.3542555 -1.43809e+01 
 111    1.3839099 -1.43968e+01 
 112    1.4142136 -1.44109e+01 
 113    1.4451808 -1.44247e+01 
 114    1.4768261 -1.44379e+01 
 115    1.5091644 -1.44493e+01 
 116    1.5422108 -1.44599e+01 
 117    1.5759808 -1.44700e+01 
 118    1.6104903 -1.44803e+01 
 119    1.6457555 -1.44889e+01 
 120    1.6817928 -1.44967e+01 
 121    1.7186193 -1.45053e+01 
 122    1.7562522 -1.45116e+01 
 123    1.7947091 -1.45161e+01 
 124    1.8340081 -1.45182e+01 
 125    1.8741676 -1.45192e+01 
 126    1.9152066 -1.45168e+01 
 127    1.9571441 -1.45132e+01 
 128    2.0000000 -1.45070e+01 
 129    2.0437943 -1.44969e+01 
 130    2.0885476 -1.44838e+01 
 131    2.1342808 -1.44688e+01 
 132    2.1810155 -1.44507e+01 
 133    2.2287735 -1.44283e+01 
 134    2.2775773 -1.44045e+01 
 135    2.3274497 -1.43763e+01 
 136    2.3784142 -1.43455e+01 
 137    2.4304947 -1.43125e+01 
 138    2.4837156 -1.42768e+01 
 139    2.5381019 -1.42388e+01 
 140    2.5936791 -1.41988e+01 
 141    2.6504733 -1.41577e+01 
 142    2.7085111 -1.41155e+01 
 143    2.7678198 -1.40713e+01 
 144    2.8284271 -1.40269e+01 
 145    2.8903616 -1.39824e+01 
 146    2.9536523 -1.39370e+01 
 147    3.0183289 -1.38916e+01 
 148    3.0844217 -1.38463e+01 
 149    3.1519617 -1.38010e+01 
 150    3.2209807 -1.37552e+01 
 151    3.2915110 -1.37093e+01 
 152    3.3635857 -1.36624e+01 
 153    3.4372386 -1.36149e+01 
 154    3.5125043 -1.35641e+01 
 155    3.5894182 -1.35109e+01 
 156    3.6680162 -1.34564e+01 
 157    3.7483353 -1.33973e+01 
 158    3.8304131 -1.33331e+01 
 159    3.9142882 -1.32665e+01 
 160    4.0000000 -1.31935e+01 
 161    4.0875886 -1.31169e+01 
 162    4.1770951 -1.30357e+01 
 163    4.2685616 -1.29507e+01 
 164    4.3620309 -1.28614e+01 
 165    4.4575470 -1.27680e+01 
 166    4.5551545 -1.26735e+01 
 167    4.6548994 -1.25786e+01 
 168    4.7568285 -1.24805e+01 
 169    4.8609894 -1.23836e+01 
 170    4.9674312 -1.22879e+01 
 171    5.0762038 -1.21943e+01 
 172    5.1873582 -1.21003e+01 
 173    5.3009466 -1.20089e+01 
 174    5.4170222 -1.19190e+01 
 175    5.5356395 -1.18308e+01 
 176    5.6568542 -1.17465e+01 
 177    5.7807232 -1.16639e+01 
 178    5.9073046 -1.15822e+01 
 179    6.0366577 -1.15038e+01 
 180    6.1688433 -1.14265e+01 
 181    6.3039234 -1.13507e+01 
 182    6.4419613 -1.12767e+01 
 183    6.5830219 -1.12044e+01 
 184    6.7271713 -1.11313e+01 
 185    6.8744772 -1.10620e+01 
 186    7.0250086 -1.09927e+01 
 187    7.1788363 -1.09222e+01 
 188    7.3360323 -1.08519e+01 
 189    7.4966705 -1.07831e+01 


# y-band (filter: y_LSST.dat)
   0    0.1250000 -1.45080e+01 
   1    0.1277371 -1.45333e+01 
   2    0.1305342 -1.45591e+01 
   3    0.1333926 -1.45855e+01 
   4    0.1363135 -1.46103e+01 
   5    0.1392983 -1.46379e+01 
   6    0.1423486 -1.46624e+01 
   7    0.1454656 -1.46890e+01 
   8    0.1486509 -1.47145e+01 
   9    0.1519059 -1.47420e+01 
  10    0.1552322 -1.47676e+01 
  11    0.1586314 -1.47946e+01 
  12    0.1621049 -1.48217e+01 
  13    0.1656546 -1.48513e+01 
  14    0.1692819 -1.48796e+01 
  15    0.1729887 -1.49086e+01 
  16    0.1767767 -1.49386e+01 
  17    0.1806476 -1.49689e+01 
  18    0.1846033 -1.50008e+01 
  19    0.1886456 -1.50307e+01 
  20    0.1927764 -1.50610e+01 
  21    0.1969976 -1.50901e+01 
  22    0.2013113 -1.51197e+01 
  23    0.2057194 -1.51510e+01 
  24    0.2102241 -1.51812e+01 
  25    0.2148274 -1.52085e+01 
  26    0.2195315 -1.52360e+01 
  27    0.2243386 -1.52641e+01 
  28    0.2292510 -1.52889e+01 
  29    0.2342710 -1.53122e+01 
  30    0.2394008 -1.53352e+01 
  31    0.2446430 -1.53560e+01 
  32    0.2500000 -1.53732e+01 
  33    0.2554743 -1.53900e+01 
  34    0.2610684 -1.54030e+01 
  35    0.2667851 -1.54107e+01 
  36    0.2726269 -1.54157e+01 
  37    0.2785967 -1.54172e+01 
  38    0.2846972 -1.54137e+01 
  39    0.2909312 -1.54052e+01 
  40    0.2973018 -1.53939e+01 
  41    0.3038118 -1.53762e+01 
  42    0.3104645 -1.53533e+01 
  43    0.3172627 -1.53260e+01 
  44    0.3242099 -1.52946e+01 
  45    0.3313092 -1.52589e+01 
  46    0.3385639 -1.52190e+01 
  47    0.3459775 -1.51765e+01 
  48    0.3535534 -1.51309e+01 
  49    0.3612952 -1.50826e+01 
  50    0.3692065 -1.50332e+01 
  51    0.3772911 -1.49831e+01 
  52    0.3855527 -1.49315e+01 
  53    0.3939952 -1.48802e+01 
  54    0.4026226 -1.48289e+01 
  55    0.4114389 -1.47772e+01 
  56    0.4204482 -1.47276e+01 
  57    0.4296548 -1.46787e+01 
  58    0.4390630 -1.46293e+01 
  59    0.4486773 -1.45815e+01 
  60    0.4585020 -1.45355e+01 
  61    0.4685419 -1.44904e+01 
  62    0.4788016 -1.44459e+01 
  63    0.4892860 -1.44035e+01 
  64    0.5000000 -1.43613e+01 
  65    0.5109486 -1.43199e+01 
  66    0.5221369 -1.42803e+01 
  67    0.5335702 -1.42424e+01 
  68    0.5452539 -1.42053e+01 
  69    0.5571934 -1.41684e+01 
  70    0.5693943 -1.41346e+01 
  71    0.5818624 -1.41012e+01 
  72    0.5946036 -1.40696e+01 
  73    0.6076237 -1.40397e+01 
  74    0.6209289 -1.40105e+01 
  75    0.6345255 -1.39817e+01 
  76    0.6484198 -1.39573e+01 
  77    0.6626183 -1.39330e+01 
  78    0.6771278 -1.39119e+01 
  79    0.6919549 -1.38923e+01 
  80    0.7071068 -1.38740e+01 
  81    0.7225904 -1.38578e+01 
  82    0.7384131 -1.38428e+01 
  83    0.7545822 -1.38301e+01 
  84    0.7711054 -1.38191e+01 
  85    0.7879904 -1.38115e+01 
  86    0.8052452 -1.38072e+01 
  87    0.8228777 -1.38038e+01 
  88    0.8408964 -1.38018e+01 
  89    0.8593096 -1.38069e+01 
  90    0.8781261 -1.38134e+01 
  91    0.8973545 -1.38236e+01 
  92    0.9170040 -1.38353e+01 
  93    0.9370838 -1.38507e+01 
  94    0.9576033 -1.38694e+01 
  95    0.9785721 -1.38902e+01 
  96    1.0000000 -1.39136e+01 
  97    1.0218971 -1.39404e+01 
  98    1.0442738 -1.39702e+01 
  99    1.0671404 -1.40022e+01 
 100    1.0905077 -1.40380e+01 
 101    1.1143867 -1.40730e+01 
 102    1.1387886 -1.41093e+01 
 103    1.1637249 -1.41487e+01 
 104    1.1892071 -1.41889e+01 
 105    1.2152474 -1.42298e+01 
 106    1.2418578 -1.42720e+01 
 107    1.2690510 -1.43145e+01 
 108    1.2968396 -1.43576e+01 
 109    1.3252366 -1.44004e+01 
 110    1.3542555 -1.44417e+01 
 111    1.3839099 -1.44821e+01 
 112    1.4142136 -1.45230e+01 
 113    1.4451808 -1.45611e+01 
 114    1.4768261 -1.45987e+01 
 115    1.5091644 -1.46355e+01 
 116    1.5422108 -1.46703e+01 
 117    1.5759808 -1.47042e+01 
 118    1.6104903 -1.47368e+01 
 119    1.6457555 -1.47680e+01 
 120    1.6817928 -1.47972e+01 
 121    1.7186193 -1.48251e+01 
 122    1.7562522 -1.48497e+01 
 123    1.7947091 -1.48717e+01 
 124    1.8340081 -1.48926e+01 
 125    1.8741676 -1.49116e+01 
 126    1.9152066 -1.49261e+01 
 127    1.9571441 -1.49387e+01 
 128    2.0000000 -1.49487e+01 
 129    2.0437943 -1.49548e+01 
 130    2.0885476 -1.49574e+01 
 131    2.1342808 -1.49568e+01 
 132    2.1810155 -1.49515e+01 
 133    2.2287735 -1.49428e+01 
 134    2.2775773 -1.49311e+01 
 135    2.3274497 -1.49134e+01 
 136    2.3784142 -1.48919e+01 
 137    2.4304947 -1.48674e+01 
 138    2.4837156 -1.48374e+01 
 139    2.5381019 -1.48028e+01 
 140    2.5936791 -1.47644e+01 
 141    2.6504733 -1.47204e+01 
 142    2.7085111 -1.46714e+01 
 143    2.7678198 -1.46192e+01 
 144    2.8284271 -1.45609e+01 
 145    2.8903616 -1.44974e+01 
 146    2.9536523 -1.44309e+01 
 147    3.0183289 -1.43601e+01 
 148    3.0844217 -1.42854e+01 
 149    3.1519617 -1.42073e+01 
 150    3.2209807 -1.41260e+01 
 151    3.2915110 -1.40425e+01 
 152    3.3635857 -1.39562e+01 
 153    3.4372386 -1.38680e+01 
 154    3.5125043 -1.37791e+01 
 155    3.5894182 -1.36891e+01 
 156    3.6680162 -1.35982e+01 
 157    3.7483353 -1.35082e+01 
 158    3.8304131 -1.34174e+01 
 159    3.9142882 -1.33258e+01 
 160    4.0000000 -1.32356e+01 
 161    4.0875886 -1.31452e+01 
 162    4.1770951 -1.30544e+01 
 163    4.2685616 -1.29653e+01 
 164    4.3620309 -1.28770e+01 
 165    4.4575470 -1.27879e+01 
 166    4.5551545 -1.27004e+01 
 167    4.6548994 -1.26137e+01 
 168    4.7568285 -1.25272e+01 
 169    4.8609894 -1.24425e+01 
 170    4.9674312 -1.23584e+01 
 171    5.0762038 -1.22755e+01 
 172    5.1873582 -1.21935e+01 
 173    5.3009466 -1.21139e+01 
 174    5.4170222 -1.20356e+01 
 175    5.5356395 -1.19580e+01 
 176    5.6568542 -1.18817e+01 
 177    5.7807232 -1.18077e+01 
 178    5.9073046 -1.17334e+01 
 179    6.0366577 -1.16622e+01 
 180    6.1688433 -1.15902e+01 
 181    6.3039234 -1.15202e+01 
 182    6.4419613 -1.14509e+01 
 183    6.5830219 -1.13814e+01 
 184    6.7271713 -1.13118e+01 
 185    6.8744772 -1.12429e+01 
 186    7.0250086 -1.11731e+01 
 187    7.1788363 -1.11025e+01 
 188    7.3360323 -1.10313e+01 
 189    7.4966705 -1.09598e+01 


# J-band (filter: J_2MASS.dat)
   0    0.1250000 -1.39073e+01 
   1    0.1277371 -1.39208e+01 
   2    0.1305342 -1.39346e+01 
   3    0.1333926 -1.39487e+01 
   4    0.1363135 -1.39644e+01 
   5    0.1392983 -1.39769e+01 
   6    0.1423486 -1.39892e+01 
   7    0.1454656 -1.40043e+01 
   8    0.1486509 -1.40174e+01 
   9    0.1519059 -1.40335e+01 
  10    0.1552322 -1.40530e+01 
  11    0.1586314 -1.40747e+01 
  12    0.1621049 -1.40977e+01 
  13    0.1656546 -1.41224e+01 
  14    0.1692819 -1.41496e+01 
  15    0.1729887 -1.41763e+01 
  16    0.1767767 -1.42077e+01 
  17    0.1806476 -1.42424e+01 
  18    0.1846033 -1.42772e+01 
  19    0.1886456 -1.43133e+01 
  20    0.1927764 -1.43513e+01 
  21    0.1969976 -1.43914e+01 
  22    0.2013113 -1.44276e+01 
  23    0.2057194 -1.44690e+01 
  24    0.2102241 -1.45112e+01 
  25    0.2148274 -1.45537e+01 
  26    0.2195315 -1.45975e+01 
  27    0.2243386 -1.46422e+01 
  28    0.2292510 -1.46849e+01 
  29    0.2342710 -1.47287e+01 
  30    0.2394008 -1.47722e+01 
  31    0.2446430 -1.48137e+01 
  32    0.2500000 -1.48575e+01 
  33    0.2554743 -1.49012e+01 
  34    0.2610684 -1.49459e+01 
  35    0.2667851 -1.49885e+01 
  36    0.2726269 -1.50313e+01 
  37    0.2785967 -1.50733e+01 
  38    0.2846972 -1.51133e+01 
  39    0.2909312 -1.51540e+01 
  40    0.2973018 -1.51941e+01 
  41    0.3038118 -1.52326e+01 
  42    0.3104645 -1.52722e+01 
  43    0.3172627 -1.53102e+01 
  44    0.3242099 -1.53463e+01 
  45    0.3313092 -1.53811e+01 
  46    0.3385639 -1.54164e+01 
  47    0.3459775 -1.54490e+01 
  48    0.3535534 -1.54798e+01 
  49    0.3612952 -1.55105e+01 
  50    0.3692065 -1.55380e+01 
  51    0.3772911 -1.55644e+01 
  52    0.3855527 -1.55897e+01 
  53    0.3939952 -1.56117e+01 
  54    0.4026226 -1.56312e+01 
  55    0.4114389 -1.56496e+01 
  56    0.4204482 -1.56662e+01 
  57    0.4296548 -1.56796e+01 
  58    0.4390630 -1.56913e+01 
  59    0.4486773 -1.57016e+01 
  60    0.4585020 -1.57093e+01 
  61    0.4685419 -1.57165e+01 
  62    0.4788016 -1.57221e+01 
  63    0.4892860 -1.57250e+01 
  64    0.5000000 -1.57272e+01 
  65    0.5109486 -1.57284e+01 
  66    0.5221369 -1.57282e+01 
  67    0.5335702 -1.57266e+01 
  68    0.5452539 -1.57237e+01 
  69    0.5571934 -1.57203e+01 
  70    0.5693943 -1.57166e+01 
  71    0.5818624 -1.57119e+01 
  72    0.5946036 -1.57062e+01 
  73    0.6076237 -1.57006e+01 
  74    0.6209289 -1.56945e+01 
  75    0.6345255 -1.56883e+01 
  76    0.6484198 -1.56816e+01 
  77    0.6626183 -1.56762e+01 
  78    0.6771278 -1.56712e+01 
  79    0.6919549 -1.56657e+01 
  80    0.7071068 -1.56616e+01 
  81    0.7225904 -1.56580e+01 
  82    0.7384131 -1.56539e+01 
  83    0.7545822 -1.56511e+01 
  84    0.7711054 -1.56493e+01 
  85    0.7879904 -1.56475e+01 
  86    0.8052452 -1.56478e+01 
  87    0.8228777 -1.56482e+01 
  88    0.8408964 -1.56501e+01 
  89    0.8593096 -1.56517e+01 
  90    0.8781261 -1.56544e+01 
  91    0.8973545 -1.56588e+01 
  92    0.9170040 -1.56631e+01 
  93    0.9370838 -1.56680e+01 
  94    0.9576033 -1.56743e+01 
  95    0.9785721 -1.56807e+01 
  96    1.0000000 -1.56870e+01 
  97    1.0218971 -1.56950e+01 
  98    1.0442738 -1.57029e+01 
  99    1.0671404 -1.57114e+01 
 100    1.0905077 -1.57204e+01 
 101    1.1143867 -1.57284e+01 
 102    1.1387886 -1.57355e+01 
 103    1.1637249 -1.57427e+01 
 104    1.1892071 -1.57496e+01 
 105    1.2152474 -1.57576e+01 
 106    1.2418578 -1.57656e+01 
 107    1.2690510 -1.57741e+01 
 108    1.2968396 -1.57827e+01 
 109    1.3252366 -1.57905e+01 
 110    1.3542555 -1.57994e+01 
 111    1.3839099 -1.58087e+01 
 112    1.4142136 -1.58193e+01 
 113    1.4451808 -1.58308e+01 
 114    1.4768261 -1.58438e+01 
 115    1.5091644 -1.58576e+01 
 116    1.5422108 -1.58723e+01 
 117    1.5759808 -1.58868e+01 
 118    1.6104903 -1.59027e+01 
 119    1.6457555 -1.59182e+01 
 120    1.6817928 -1.59343e+01 
 121    1.7186193 -1.59510e+01 
 122    1.7562522 -1.59677e+01 
 123    1.7947091 -1.59842e+01 
 124    1.8340081 -1.60003e+01 
 125    1.8741676 -1.60163e+01 
 126    1.9152066 -1.60321e+01 
 127    1.9571441 -1.60469e+01 
 128    2.0000000 -1.60616e+01 
 129    2.0437943 -1.60754e+01 
 130    2.0885476 -1.60875e+01 
 131    2.1342808 -1.60994e+01 
 132    2.1810155 -1.61095e+01 
 133    2.2287735 -1.61181e+01 
 134    2.2775773 -1.61252e+01 
 135    2.3274497 -1.61298e+01 
 136    2.3784142 -1.61326e+01 
 137    2.4304947 -1.61340e+01 
 138    2.4837156 -1.61322e+01 
 139    2.5381019 -1.61286e+01 
 140    2.5936791 -1.61229e+01 
 141    2.6504733 -1.61149e+01 
 142    2.7085111 -1.61045e+01 
 143    2.7678198 -1.60926e+01 
 144    2.8284271 -1.60776e+01 
 145    2.8903616 -1.60606e+01 
 146    2.9536523 -1.60417e+01 
 147    3.0183289 -1.60210e+01 
 148    3.0844217 -1.59973e+01 
 149    3.1519617 -1.59718e+01 
 150    3.2209807 -1.59445e+01 
 151    3.2915110 -1.59148e+01 
 152    3.3635857 -1.58833e+01 
 153    3.4372386 -1.58496e+01 
 154    3.5125043 -1.58143e+01 
 155    3.5894182 -1.57771e+01 
 156    3.6680162 -1.57381e+01 
 157    3.7483353 -1.56974e+01 
 158    3.8304131 -1.56555e+01 
 159    3.9142882 -1.56121e+01 
 160    4.0000000 -1.55676e+01 
 161    4.0875886 -1.55220e+01 
 162    4.1770951 -1.54752e+01 
 163    4.2685616 -1.54276e+01 
 164    4.3620309 -1.53790e+01 
 165    4.4575470 -1.53296e+01 
 166    4.5551545 -1.52796e+01 
 167    4.6548994 -1.52292e+01 
 168    4.7568285 -1.51782e+01 
 169    4.8609894 -1.51276e+01 
 170    4.9674312 -1.50766e+01 
 171    5.0762038 -1.50255e+01 
 172    5.1873582 -1.49740e+01 
 173    5.3009466 -1.49228e+01 
 174    5.4170222 -1.48718e+01 
 175    5.5356395 -1.48206e+01 
 176    5.6568542 -1.47699e+01 
 177    5.7807232 -1.47195e+01 
 178    5.9073046 -1.46689e+01 
 179    6.0366577 -1.46190e+01 
 180    6.1688433 -1.45693e+01 
 181    6.3039234 -1.45195e+01 
 182    6.4419613 -1.44706e+01 
 183    6.5830219 -1.44224e+01 
 184    6.7271713 -1.43740e+01 
 185    6.8744772 -1.43267e+01 
 186    7.0250086 -1.42783e+01 
 187    7.1788363 -1.42298e+01 
 188    7.3360323 -1.41812e+01 
 189    7.4966705 -1.41331e+01 


# H-band (filter: H_2MASS.dat)
   0    0.1250000 -1.32373e+01 
   1    0.1277371 -1.32437e+01 
   2    0.1305342 -1.32504e+01 
   3    0.1333926 -1.32571e+01 
   4    0.1363135 -1.32677e+01 
   5    0.1392983 -1.32788e+01 
   6    0.1423486 -1.32867e+01 
   7    0.1454656 -1.33073e+01 
   8    0.1486509 -1.33251e+01 
   9    0.1519059 -1.33399e+01 
  10    0.1552322 -1.33520e+01 
  11    0.1586314 -1.33688e+01 
  12    0.1621049 -1.33840e+01 
  13    0.1656546 -1.34048e+01 
  14    0.1692819 -1.34281e+01 
  15    0.1729887 -1.34510e+01 
  16    0.1767767 -1.34765e+01 
  17    0.1806476 -1.35096e+01 
  18    0.1846033 -1.35442e+01 
  19    0.1886456 -1.35714e+01 
  20    0.1927764 -1.36070e+01 
  21    0.1969976 -1.36478e+01 
  22    0.2013113 -1.36939e+01 
  23    0.2057194 -1.37404e+01 
  24    0.2102241 -1.37938e+01 
  25    0.2148274 -1.38450e+01 
  26    0.2195315 -1.38971e+01 
  27    0.2243386 -1.39541e+01 
  28    0.2292510 -1.40145e+01 
  29    0.2342710 -1.40707e+01 
  30    0.2394008 -1.41301e+01 
  31    0.2446430 -1.41942e+01 
  32    0.2500000 -1.42537e+01 
  33    0.2554743 -1.43166e+01 
  34    0.2610684 -1.43747e+01 
  35    0.2667851 -1.44327e+01 
  36    0.2726269 -1.44866e+01 
  37    0.2785967 -1.45447e+01 
  38    0.2846972 -1.46008e+01 
  39    0.2909312 -1.46524e+01 
  40    0.2973018 -1.47015e+01 
  41    0.3038118 -1.47520e+01 
  42    0.3104645 -1.47975e+01 
  43    0.3172627 -1.48408e+01 
  44    0.3242099 -1.48821e+01 
  45    0.3313092 -1.49205e+01 
  46    0.3385639 -1.49592e+01 
  47    0.3459775 -1.49934e+01 
  48    0.3535534 -1.50269e+01 
  49    0.3612952 -1.50566e+01 
  50    0.3692065 -1.50847e+01 
  51    0.3772911 -1.51108e+01 
  52    0.3855527 -1.51361e+01 
  53    0.3939952 -1.51574e+01 
  54    0.4026226 -1.51772e+01 
  55    0.4114389 -1.51954e+01 
  56    0.4204482 -1.52112e+01 
  57    0.4296548 -1.52270e+01 
  58    0.4390630 -1.52401e+01 
  59    0.4486773 -1.52519e+01 
  60    0.4585020 -1.52625e+01 
  61    0.4685419 -1.52717e+01 
  62    0.4788016 -1.52802e+01 
  63    0.4892860 -1.52865e+01 
  64    0.5000000 -1.52907e+01 
  65    0.5109486 -1.52952e+01 
  66    0.5221369 -1.52993e+01 
  67    0.5335702 -1.53023e+01 
  68    0.5452539 -1.53027e+01 
  69    0.5571934 -1.53023e+01 
  70    0.5693943 -1.53039e+01 
  71    0.5818624 -1.53032e+01 
  72    0.5946036 -1.53013e+01 
  73    0.6076237 -1.52980e+01 
  74    0.6209289 -1.52948e+01 
  75    0.6345255 -1.52907e+01 
  76    0.6484198 -1.52862e+01 
  77    0.6626183 -1.52805e+01 
  78    0.6771278 -1.52735e+01 
  79    0.6919549 -1.52671e+01 
  80    0.7071068 -1.52596e+01 
  81    0.7225904 -1.52504e+01 
  82    0.7384131 -1.52396e+01 
  83    0.7545822 -1.52296e+01 
  84    0.7711054 -1.52191e+01 
  85    0.7879904 -1.52091e+01 
  86    0.8052452 -1.51990e+01 
  87    0.8228777 -1.51884e+01 
  88    0.8408964 -1.51773e+01 
  89    0.8593096 -1.51681e+01 
  90    0.8781261 -1.51583e+01 
  91    0.8973545 -1.51498e+01 
  92    0.9170040 -1.51421e+01 
  93    0.9370838 -1.51358e+01 
  94    0.9576033 -1.51295e+01 
  95    0.9785721 -1.51244e+01 
  96    1.0000000 -1.51204e+01 
  97    1.0218971 -1.51185e+01 
  98    1.0442738 -1.51164e+01 
  99    1.0671404 -1.51158e+01 
 100    1.0905077 -1.51167e+01 
 101    1.1143867 -1.51172e+01 
 102    1.1387886 -1.51195e+01 
 103    1.1637249 -1.51220e+01 
 104    1.1892071 -1.51251e+01 
 105    1.2152474 -1.51290e+01 
 106    1.2418578 -1.51342e+01 
 107    1.2690510 -1.51402e+01 
 108    1.2968396 -1.51462e+01 
 109    1.3252366 -1.51528e+01 
 110    1.3542555 -1.51609e+01 
 111    1.3839099 -1.51701e+01 
 112    1.4142136 -1.51802e+01 
 113    1.4451808 -1.51918e+01 
 114    1.4768261 -1.52048e+01 
 115    1.5091644 -1.52185e+01 
 116    1.5422108 -1.52333e+01 
 117    1.5759808 -1.52488e+01 
 118    1.6104903 -1.52653e+01 
 119    1.6457555 -1.52818e+01 
 120    1.6817928 -1.52990e+01 
 121    1.7186193 -1.53169e+01 
 122    1.7562522 -1.53343e+01 
 123    1.7947091 -1.53525e+01 
 124    1.8340081 -1.53693e+01 
 125    1.8741676 -1.53866e+01 
 126    1.9152066 -1.54023e+01 
 127    1.9571441 -1.54181e+01 
 128    2.0000000 -1.54334e+01 
 129    2.0437943 -1.54479e+01 
 130    2.0885476 -1.54620e+01 
 131    2.1342808 -1.54755e+01 
 132    2.1810155 -1.54875e+01 
 133    2.2287735 -1.54987e+01 
 134    2.2775773 -1.55091e+01 
 135    2.3274497 -1.55177e+01 
 136    2.3784142 -1.55257e+01 
 137    2.4304947 -1.55329e+01 
 138    2.4837156 -1.55393e+01 
 139    2.5381019 -1.55443e+01 
 140    2.5936791 -1.55484e+01 
 141    2.6504733 -1.55510e+01 
 142    2.7085111 -1.55517e+01 
 143    2.7678198 -1.55521e+01 
 144    2.8284271 -1.55504e+01 
 145    2.8903616 -1.55471e+01 
 146    2.9536523 -1.55425e+01 
 147    3.0183289 -1.55365e+01 
 148    3.0844217 -1.55284e+01 
 149    3.1519617 -1.55179e+01 
 150    3.2209807 -1.55058e+01 
 151    3.2915110 -1.54905e+01 
 152    3.3635857 -1.54722e+01 
 153    3.4372386 -1.54516e+01 
 154    3.5125043 -1.54265e+01 
 155    3.5894182 -1.53966e+01 
 156    3.6680162 -1.53644e+01 
 157    3.7483353 -1.53251e+01 
 158    3.8304131 -1.52803e+01 
 159    3.9142882 -1.52319e+01 
 160    4.0000000 -1.51751e+01 
 161    4.0875886 -1.51127e+01 
 162    4.1770951 -1.50450e+01 
 163    4.2685616 -1.49693e+01 
 164    4.3620309 -1.48876e+01 
 165    4.4575470 -1.48006e+01 
 166    4.5551545 -1.47073e+01 
 167    4.6548994 -1.46097e+01 
 168    4.7568285 -1.45069e+01 
 169    4.8609894 -1.44007e+01 
 170    4.9674312 -1.42916e+01 
 171    5.0762038 -1.41798e+01 
 172    5.1873582 -1.40648e+01 
 173    5.3009466 -1.39505e+01 
 174    5.4170222 -1.38361e+01 
 175    5.5356395 -1.37200e+01 
 176    5.6568542 -1.36066e+01 
 177    5.7807232 -1.34938e+01 
 178    5.9073046 -1.33811e+01 
 179    6.0366577 -1.32709e+01 
 180    6.1688433 -1.31626e+01 
 181    6.3039234 -1.30549e+01 
 182    6.4419613 -1.29504e+01 
 183    6.5830219 -1.28485e+01 
 184    6.7271713 -1.27479e+01 
 185    6.8744772 -1.26508e+01 
 186    7.0250086 -1.25521e+01 
 187    7.1788363 -1.24531e+01 
 188    7.3360323 -1.23547e+01 
 189    7.4966705 -1.22588e+01 


# K-band (filter: Ks_mosfire.dat)
   0    0.1250000 -1.24984e+01 
   1    0.1277371 -1.25148e+01 
   2    0.1305342 -1.25315e+01 
   3    0.1333926 -1.25486e+01 
   4    0.1363135 -1.25595e+01 
   5    0.1392983 -1.25643e+01 
   6    0.1423486 -1.25597e+01 
   7    0.1454656 -1.25807e+01 
   8    0.1486509 -1.25885e+01 
   9    0.1519059 -1.26007e+01 
  10    0.1552322 -1.25905e+01 
  11    0.1586314 -1.25961e+01 
  12    0.1621049 -1.25873e+01 
  13    0.1656546 -1.26132e+01 
  14    0.1692819 -1.26274e+01 
  15    0.1729887 -1.26569e+01 
  16    0.1767767 -1.27128e+01 
  17    0.1806476 -1.27509e+01 
  18    0.1846033 -1.28042e+01 
  19    0.1886456 -1.28351e+01 
  20    0.1927764 -1.28819e+01 
  21    0.1969976 -1.29460e+01 
  22    0.2013113 -1.30165e+01 
  23    0.2057194 -1.30824e+01 
  24    0.2102241 -1.31536e+01 
  25    0.2148274 -1.32255e+01 
  26    0.2195315 -1.32961e+01 
  27    0.2243386 -1.33667e+01 
  28    0.2292510 -1.34263e+01 
  29    0.2342710 -1.34922e+01 
  30    0.2394008 -1.35556e+01 
  31    0.2446430 -1.36263e+01 
  32    0.2500000 -1.36977e+01 
  33    0.2554743 -1.37655e+01 
  34    0.2610684 -1.38280e+01 
  35    0.2667851 -1.38864e+01 
  36    0.2726269 -1.39447e+01 
  37    0.2785967 -1.40038e+01 
  38    0.2846972 -1.40600e+01 
  39    0.2909312 -1.41100e+01 
  40    0.2973018 -1.41627e+01 
  41    0.3038118 -1.42191e+01 
  42    0.3104645 -1.42669e+01 
  43    0.3172627 -1.43120e+01 
  44    0.3242099 -1.43469e+01 
  45    0.3313092 -1.43831e+01 
  46    0.3385639 -1.44222e+01 
  47    0.3459775 -1.44540e+01 
  48    0.3535534 -1.44836e+01 
  49    0.3612952 -1.45120e+01 
  50    0.3692065 -1.45368e+01 
  51    0.3772911 -1.45587e+01 
  52    0.3855527 -1.45780e+01 
  53    0.3939952 -1.45970e+01 
  54    0.4026226 -1.46160e+01 
  55    0.4114389 -1.46340e+01 
  56    0.4204482 -1.46514e+01 
  57    0.4296548 -1.46645e+01 
  58    0.4390630 -1.46736e+01 
  59    0.4486773 -1.46860e+01 
  60    0.4585020 -1.46937e+01 
  61    0.4685419 -1.46971e+01 
  62    0.4788016 -1.47020e+01 
  63    0.4892860 -1.47057e+01 
  64    0.5000000 -1.47055e+01 
  65    0.5109486 -1.47016e+01 
  66    0.5221369 -1.46957e+01 
  67    0.5335702 -1.46910e+01 
  68    0.5452539 -1.46830e+01 
  69    0.5571934 -1.46731e+01 
  70    0.5693943 -1.46650e+01 
  71    0.5818624 -1.46557e+01 
  72    0.5946036 -1.46447e+01 
  73    0.6076237 -1.46371e+01 
  74    0.6209289 -1.46265e+01 
  75    0.6345255 -1.46161e+01 
  76    0.6484198 -1.46087e+01 
  77    0.6626183 -1.46005e+01 
  78    0.6771278 -1.45941e+01 
  79    0.6919549 -1.45840e+01 
  80    0.7071068 -1.45757e+01 
  81    0.7225904 -1.45686e+01 
  82    0.7384131 -1.45610e+01 
  83    0.7545822 -1.45525e+01 
  84    0.7711054 -1.45444e+01 
  85    0.7879904 -1.45326e+01 
  86    0.8052452 -1.45218e+01 
  87    0.8228777 -1.45101e+01 
  88    0.8408964 -1.44954e+01 
  89    0.8593096 -1.44810e+01 
  90    0.8781261 -1.44643e+01 
  91    0.8973545 -1.44473e+01 
  92    0.9170040 -1.44282e+01 
  93    0.9370838 -1.44073e+01 
  94    0.9576033 -1.43836e+01 
  95    0.9785721 -1.43614e+01 
  96    1.0000000 -1.43364e+01 
  97    1.0218971 -1.43114e+01 
  98    1.0442738 -1.42883e+01 
  99    1.0671404 -1.42622e+01 
 100    1.0905077 -1.42367e+01 
 101    1.1143867 -1.42093e+01 
 102    1.1387886 -1.41805e+01 
 103    1.1637249 -1.41514e+01 
 104    1.1892071 -1.41225e+01 
 105    1.2152474 -1.40970e+01 
 106    1.2418578 -1.40716e+01 
 107    1.2690510 -1.40459e+01 
 108    1.2968396 -1.40212e+01 
 109    1.3252366 -1.39948e+01 
 110    1.3542555 -1.39702e+01 
 111    1.3839099 -1.39469e+01 
 112    1.4142136 -1.39252e+01 
 113    1.4451808 -1.39046e+01 
 114    1.4768261 -1.38886e+01 
 115    1.5091644 -1.38720e+01 
 116    1.5422108 -1.38575e+01 
 117    1.5759808 -1.38421e+01 
 118    1.6104903 -1.38275e+01 
 119    1.6457555 -1.38141e+01 
 120    1.6817928 -1.38023e+01 
 121    1.7186193 -1.37914e+01 
 122    1.7562522 -1.37788e+01 
 123    1.7947091 -1.37679e+01 
 124    1.8340081 -1.37574e+01 
 125    1.8741676 -1.37457e+01 
 126    1.9152066 -1.37328e+01 
 127    1.9571441 -1.37206e+01 
 128    2.0000000 -1.37085e+01 
 129    2.0437943 -1.36960e+01 
 130    2.0885476 -1.36823e+01 
 131    2.1342808 -1.36679e+01 
 132    2.1810155 -1.36530e+01 
 133    2.2287735 -1.36377e+01 
 134    2.2775773 -1.36210e+01 
 135    2.3274497 -1.36025e+01 
 136    2.3784142 -1.35826e+01 
 137    2.4304947 -1.35621e+01 
 138    2.4837156 -1.35391e+01 
 139    2.5381019 -1.35150e+01 
 140    2.5936791 -1.34893e+01 
 141    2.6504733 -1.34617e+01 
 142    2.7085111 -1.34318e+01 
 143    2.7678198 -1.34015e+01 
 144    2.8284271 -1.33678e+01 
 145    2.8903616 -1.33330e+01 
 146    2.9536523 -1.32967e+01 
 147    3.0183289 -1.32589e+01 
 148    3.0844217 -1.32195e+01 
 149    3.1519617 -1.31781e+01 
 150    3.2209807 -1.31343e+01 
 151    3.2915110 -1.30896e+01 
 152    3.3635857 -1.30417e+01 
 153    3.4372386 -1.29928e+01 
 154    3.5125043 -1.29407e+01 
 155    3.5894182 -1.28881e+01 
 156    3.6680162 -1.28328e+01 
 157    3.7483353 -1.27756e+01 
 158    3.8304131 -1.27163e+01 
 159    3.9142882 -1.26556e+01 
 160    4.0000000 -1.25933e+01 
 161    4.0875886 -1.25308e+01 
 162    4.1770951 -1.24663e+01 
 163    4.2685616 -1.24019e+01 
 164    4.3620309 -1.23387e+01 
 165    4.4575470 -1.22740e+01 
 166    4.5551545 -1.22121e+01 
 167    4.6548994 -1.21491e+01 
 168    4.7568285 -1.20866e+01 
 169    4.8609894 -1.20255e+01 
 170    4.9674312 -1.19666e+01 
 171    5.0762038 -1.19094e+01 
 172    5.1873582 -1.18527e+01 
 173    5.3009466 -1.17984e+01 
 174    5.4170222 -1.17452e+01 
 175    5.5356395 -1.16917e+01 
 176    5.6568542 -1.16402e+01 
 177    5.7807232 -1.15903e+01 
 178    5.9073046 -1.15413e+01 
 179    6.0366577 -1.14945e+01 
 180    6.1688433 -1.14502e+01 
 181    6.3039234 -1.14053e+01 
 182    6.4419613 -1.13625e+01 
 183    6.5830219 -1.13193e+01 
 184    6.7271713 -1.12764e+01 
 185    6.8744772 -1.12351e+01 
 186    7.0250086 -1.11938e+01 
 187    7.1788363 -1.11530e+01 
 188    7.3360323 -1.11118e+01 
 189    7.4966705 -1.10709e+01 


# S-band (filter: Spitzer_IRAC2.dat)
   0    0.1250000 -1.13775e+01 
   1    0.1277371 -1.14603e+01 
   2    0.1305342 -1.15449e+01 
   3    0.1333926 -1.16314e+01 
   4    0.1363135 -1.16712e+01 
   5    0.1392983 -1.17466e+01 
   6    0.1423486 -1.18093e+01 
   7    0.1454656 -1.18381e+01 
   8    0.1486509 -1.19122e+01 
   9    0.1519059 -1.19891e+01 
  10    0.1552322 -1.20117e+01 
  11    0.1586314 -1.20746e+01 
  12    0.1621049 -1.21387e+01 
  13    0.1656546 -1.22325e+01 
  14    0.1692819 -1.22506e+01 
  15    0.1729887 -1.23186e+01 
  16    0.1767767 -1.23844e+01 
  17    0.1806476 -1.24386e+01 
  18    0.1846033 -1.25224e+01 
  19    0.1886456 -1.25989e+01 
  20    0.1927764 -1.26372e+01 
  21    0.1969976 -1.26843e+01 
  22    0.2013113 -1.27601e+01 
  23    0.2057194 -1.27961e+01 
  24    0.2102241 -1.28317e+01 
  25    0.2148274 -1.28524e+01 
  26    0.2195315 -1.29092e+01 
  27    0.2243386 -1.29426e+01 
  28    0.2292510 -1.29421e+01 
  29    0.2342710 -1.29618e+01 
  30    0.2394008 -1.29653e+01 
  31    0.2446430 -1.29814e+01 
  32    0.2500000 -1.29817e+01 
  33    0.2554743 -1.29889e+01 
  34    0.2610684 -1.29783e+01 
  35    0.2667851 -1.29641e+01 
  36    0.2726269 -1.29592e+01 
  37    0.2785967 -1.29530e+01 
  38    0.2846972 -1.29235e+01 
  39    0.2909312 -1.28942e+01 
  40    0.2973018 -1.28586e+01 
  41    0.3038118 -1.28302e+01 
  42    0.3104645 -1.28058e+01 
  43    0.3172627 -1.27709e+01 
  44    0.3242099 -1.27408e+01 
  45    0.3313092 -1.26924e+01 
  46    0.3385639 -1.26633e+01 
  47    0.3459775 -1.26271e+01 
  48    0.3535534 -1.25812e+01 
  49    0.3612952 -1.25469e+01 
  50    0.3692065 -1.25168e+01 
  51    0.3772911 -1.24975e+01 
  52    0.3855527 -1.24746e+01 
  53    0.3939952 -1.24294e+01 
  54    0.4026226 -1.23956e+01 
  55    0.4114389 -1.23604e+01 
  56    0.4204482 -1.23109e+01 
  57    0.4296548 -1.22858e+01 
  58    0.4390630 -1.22387e+01 
  59    0.4486773 -1.21998e+01 
  60    0.4585020 -1.21712e+01 
  61    0.4685419 -1.21297e+01 
  62    0.4788016 -1.20879e+01 
  63    0.4892860 -1.20459e+01 
  64    0.5000000 -1.19995e+01 
  65    0.5109486 -1.19692e+01 
  66    0.5221369 -1.19335e+01 
  67    0.5335702 -1.19039e+01 
  68    0.5452539 -1.18692e+01 
  69    0.5571934 -1.18376e+01 
  70    0.5693943 -1.18256e+01 
  71    0.5818624 -1.18094e+01 
  72    0.5946036 -1.17875e+01 
  73    0.6076237 -1.17756e+01 
  74    0.6209289 -1.17623e+01 
  75    0.6345255 -1.17491e+01 
  76    0.6484198 -1.17468e+01 
  77    0.6626183 -1.17399e+01 
  78    0.6771278 -1.17331e+01 
  79    0.6919549 -1.17378e+01 
  80    0.7071068 -1.17338e+01 
  81    0.7225904 -1.17314e+01 
  82    0.7384131 -1.17290e+01 
  83    0.7545822 -1.17205e+01 
  84    0.7711054 -1.17171e+01 
  85    0.7879904 -1.17049e+01 
  86    0.8052452 -1.16913e+01 
  87    0.8228777 -1.16802e+01 
  88    0.8408964 -1.16673e+01 
  89    0.8593096 -1.16566e+01 
  90    0.8781261 -1.16403e+01 
  91    0.8973545 -1.16154e+01 
  92    0.9170040 -1.15874e+01 
  93    0.9370838 -1.15593e+01 
  94    0.9576033 -1.15298e+01 
  95    0.9785721 -1.15030e+01 
  96    1.0000000 -1.14663e+01 
  97    1.0218971 -1.14372e+01 
  98    1.0442738 -1.14118e+01 
  99    1.0671404 -1.13760e+01 
 100    1.0905077 -1.13434e+01 
 101    1.1143867 -1.13023e+01 
 102    1.1387886 -1.12596e+01 
 103    1.1637249 -1.12235e+01 
 104    1.1892071 -1.11874e+01 
 105    1.2152474 -1.11461e+01 
 106    1.2418578 -1.11057e+01 
 107    1.2690510 -1.10681e+01 
 108    1.2968396 -1.10362e+01 
 109    1.3252366 -1.09980e+01 
 110    1.3542555 -1.09682e+01 
 111    1.3839099 -1.09424e+01 
 112    1.4142136 -1.09176e+01 
 113    1.4451808 -1.08895e+01 
 114    1.4768261 -1.08721e+01 
 115    1.5091644 -1.08555e+01 
 116    1.5422108 -1.08392e+01 
 117    1.5759808 -1.08264e+01 
 118    1.6104903 -1.08167e+01 
 119    1.6457555 -1.07984e+01 
 120    1.6817928 -1.07805e+01 
 121    1.7186193 -1.07663e+01 
 122    1.7562522 -1.07475e+01 
 123    1.7947091 -1.07291e+01 
 124    1.8340081 -1.07038e+01 
 125    1.8741676 -1.06927e+01 
 126    1.9152066 -1.06735e+01 
 127    1.9571441 -1.06527e+01 
 128    2.0000000 -1.06404e+01 
 129    2.0437943 -1.06287e+01 
 130    2.0885476 -1.06133e+01 
 131    2.1342808 -1.06001e+01 
 132    2.1810155 -1.05911e+01 
 133    2.2287735 -1.05734e+01 
 134    2.2775773 -1.05590e+01 
 135    2.3274497 -1.05503e+01 
 136    2.3784142 -1.05381e+01 
 137    2.4304947 -1.05231e+01 
 138    2.4837156 -1.05171e+01 
 139    2.5381019 -1.05061e+01 
 140    2.5936791 -1.04927e+01 
 141    2.6504733 -1.04763e+01 
 142    2.7085111 -1.04598e+01 
 143    2.7678198 -1.04439e+01 
 144    2.8284271 -1.04264e+01 
 145    2.8903616 -1.04118e+01 
 146    2.9536523 -1.03990e+01 
 147    3.0183289 -1.03819e+01 
 148    3.0844217 -1.03660e+01 
 149    3.1519617 -1.03448e+01 
 150    3.2209807 -1.03256e+01 
 151    3.2915110 -1.03016e+01 
 152    3.3635857 -1.02765e+01 
 153    3.4372386 -1.02571e+01 
 154    3.5125043 -1.02325e+01 
 155    3.5894182 -1.02071e+01 
 156    3.6680162 -1.01785e+01 
 157    3.7483353 -1.01488e+01 
 158    3.8304131 -1.01132e+01 
 159    3.9142882 -1.00786e+01 
 160    4.0000000 -1.00443e+01 
 161    4.0875886 -1.00135e+01 
 162    4.1770951 -9.97957e+00 
 163    4.2685616 -9.94576e+00 
 164    4.3620309 -9.91041e+00 
 165    4.4575470 -9.87573e+00 
 166    4.5551545 -9.84414e+00 
 167    4.6548994 -9.81287e+00 
 168    4.7568285 -9.78304e+00 
 169    4.8609894 -9.76045e+00 
 170    4.9674312 -9.73904e+00 
 171    5.0762038 -9.71514e+00 
 172    5.1873582 -9.69321e+00 
 173    5.3009466 -9.67563e+00 
 174    5.4170222 -9.65632e+00 
 175    5.5356395 -9.64489e+00 
 176    5.6568542 -9.63212e+00 
 177    5.7807232 -9.62176e+00 
 178    5.9073046 -9.61000e+00 
 179    6.0366577 -9.60243e+00 
 180    6.1688433 -9.59373e+00 
 181    6.3039234 -9.58282e+00 
 182    6.4419613 -9.57232e+00 
 183    6.5830219 -9.56990e+00 
 184    6.7271713 -9.56460e+00 
 185    6.8744772 -9.56038e+00 
 186    7.0250086 -9.55542e+00 
 187    7.1788363 -9.54938e+00 
 188    7.3360323 -9.54503e+00 
 189    7.4966705 -9.54122e+00 


