# 1:iteration 2:time bin[s] 3-k:equiv. isotropic luminosity in k-th angular bin [erg/s]
# bolometric luminosity going in angular bin
   0    0.1250000  1.90251e+41 
   1    0.1277371  1.93390e+41 
   2    0.1305342  1.96598e+41 
   3    0.1333926  1.99876e+41 
   4    0.1363135  2.03165e+41 
   5    0.1392983  2.06247e+41 
   6    0.1423486  2.09114e+41 
   7    0.1454656  2.11927e+41 
   8    0.1486509  2.14831e+41 
   9    0.1519059  2.17416e+41 
  10    0.1552322  2.19952e+41 
  11    0.1586314  2.22406e+41 
  12    0.1621049  2.24731e+41 
  13    0.1656546  2.26741e+41 
  14    0.1692819  2.28730e+41 
  15    0.1729887  2.30413e+41 
  16    0.1767767  2.31969e+41 
  17    0.1806476  2.33516e+41 
  18    0.1846033  2.34903e+41 
  19    0.1886456  2.36004e+41 
  20    0.1927764  2.36862e+41 
  21    0.1969976  2.37472e+41 
  22    0.2013113  2.37542e+41 
  23    0.2057194  2.37473e+41 
  24    0.2102241  2.37254e+41 
  25    0.2148274  2.36673e+41 
  26    0.2195315  2.35750e+41 
  27    0.2243386  2.34718e+41 
  28    0.2292510  2.33293e+41 
  29    0.2342710  2.31748e+41 
  30    0.2394008  2.29904e+41 
  31    0.2446430  2.27997e+41 
  32    0.2500000  2.25644e+41 
  33    0.2554743  2.22962e+41 
  34    0.2610684  2.18979e+41 
  35    0.2667851  2.13509e+41 
  36    0.2726269  2.07953e+41 
  37    0.2785967  2.02350e+41 
  38    0.2846972  1.97139e+41 
  39    0.2909312  1.92294e+41 
  40    0.2973018  1.86787e+41 
  41    0.3038118  1.82361e+41 
  42    0.3104645  1.78118e+41 
  43    0.3172627  1.73722e+41 
  44    0.3242099  1.70302e+41 
  45    0.3313092  1.67321e+41 
  46    0.3385639  1.65785e+41 
  47    0.3459775  1.65116e+41 
  48    0.3535534  1.65209e+41 
  49    0.3612952  1.65527e+41 
  50    0.3692065  1.66422e+41 
  51    0.3772911  1.67556e+41 
  52    0.3855527  1.68992e+41 
  53    0.3939952  1.70908e+41 
  54    0.4026226  1.73243e+41 
  55    0.4114389  1.75870e+41 
  56    0.4204482  1.78668e+41 
  57    0.4296548  1.81907e+41 
  58    0.4390630  1.85474e+41 
  59    0.4486773  1.89359e+41 
  60    0.4585020  1.93663e+41 
  61    0.4685419  1.98257e+41 
  62    0.4788016  2.03105e+41 
  63    0.4892860  2.08107e+41 
  64    0.5000000  2.13165e+41 
  65    0.5109486  2.18502e+41 
  66    0.5221369  2.23385e+41 
  67    0.5335702  2.28249e+41 
  68    0.5452539  2.33322e+41 
  69    0.5571934  2.38047e+41 
  70    0.5693943  2.42648e+41 
  71    0.5818624  2.46921e+41 
  72    0.5946036  2.50778e+41 
  73    0.6076237  2.54658e+41 
  74    0.6209289  2.58400e+41 
  75    0.6345255  2.62383e+41 
  76    0.6484198  2.66660e+41 
  77    0.6626183  2.70915e+41 
  78    0.6771278  2.75930e+41 
  79    0.6919549  2.81304e+41 
  80    0.7071068  2.86532e+41 
  81    0.7225904  2.91963e+41 
  82    0.7384131  2.97333e+41 
  83    0.7545822  3.02929e+41 
  84    0.7711054  3.08868e+41 
  85    0.7879904  3.14536e+41 
  86    0.8052452  3.20110e+41 
  87    0.8228777  3.25415e+41 
  88    0.8408964  3.30229e+41 
  89    0.8593096  3.35127e+41 
  90    0.8781261  3.39751e+41 
  91    0.8973545  3.44121e+41 
  92    0.9170040  3.48030e+41 
  93    0.9370838  3.51677e+41 
  94    0.9576033  3.54419e+41 
  95    0.9785721  3.57237e+41 
  96    1.0000000  3.59942e+41 
  97    1.0218971  3.62310e+41 
  98    1.0442738  3.64428e+41 
  99    1.0671404  3.66401e+41 
 100    1.0905077  3.68503e+41 
 101    1.1143867  3.70561e+41 
 102    1.1387886  3.72536e+41 
 103    1.1637249  3.74525e+41 
 104    1.1892071  3.76601e+41 
 105    1.2152474  3.78691e+41 
 106    1.2418578  3.80793e+41 
 107    1.2690510  3.82254e+41 
 108    1.2968396  3.83348e+41 
 109    1.3252366  3.84586e+41 
 110    1.3542555  3.85206e+41 
 111    1.3839099  3.85536e+41 
 112    1.4142136  3.85394e+41 
 113    1.4451808  3.84515e+41 
 114    1.4768261  3.82876e+41 
 115    1.5091644  3.80698e+41 
 116    1.5422108  3.77688e+41 
 117    1.5759808  3.74080e+41 
 118    1.6104903  3.70080e+41 
 119    1.6457555  3.65234e+41 
 120    1.6817928  3.59886e+41 
 121    1.7186193  3.54042e+41 
 122    1.7562522  3.47389e+41 
 123    1.7947091  3.40180e+41 
 124    1.8340081  3.32455e+41 
 125    1.8741676  3.24208e+41 
 126    1.9152066  3.15527e+41 
 127    1.9571441  3.06489e+41 
 128    2.0000000  2.97008e+41 
 129    2.0437943  2.87236e+41 
 130    2.0885476  2.77253e+41 
 131    2.1342808  2.67031e+41 
 132    2.1810155  2.56925e+41 
 133    2.2287735  2.46883e+41 
 134    2.2775773  2.36730e+41 
 135    2.3274497  2.27056e+41 
 136    2.3784142  2.17539e+41 
 137    2.4304947  2.08095e+41 
 138    2.4837156  1.99184e+41 
 139    2.5381019  1.90542e+41 
 140    2.5936791  1.82185e+41 
 141    2.6504733  1.74388e+41 
 142    2.7085111  1.66966e+41 
 143    2.7678198  1.59782e+41 
 144    2.8284271  1.53113e+41 
 145    2.8903616  1.46762e+41 
 146    2.9536523  1.40704e+41 
 147    3.0183289  1.34918e+41 
 148    3.0844217  1.29518e+41 
 149    3.1519617  1.24360e+41 
 150    3.2209807  1.19433e+41 
 151    3.2915110  1.14760e+41 
 152    3.3635857  1.10251e+41 
 153    3.4372386  1.05912e+41 
 154    3.5125043  1.01720e+41 
 155    3.5894182  9.76285e+40 
 156    3.6680162  9.36148e+40 
 157    3.7483353  8.97030e+40 
 158    3.8304131  8.58598e+40 
 159    3.9142882  8.20432e+40 
 160    4.0000000  7.83537e+40 
 161    4.0875886  7.47456e+40 
 162    4.1770951  7.11597e+40 
 163    4.2685616  6.77845e+40 
 164    4.3620309  6.45294e+40 
 165    4.4575470  6.13217e+40 
 166    4.5551545  5.83610e+40 
 167    4.6548994  5.55472e+40 
 168    4.7568285  5.28205e+40 
 169    4.8609894  5.03270e+40 
 170    4.9674312  4.79640e+40 
 171    5.0762038  4.57335e+40 
 172    5.1873582  4.36311e+40 
 173    5.3009466  4.16841e+40 
 174    5.4170222  3.98459e+40 
 175    5.5356395  3.80939e+40 
 176    5.6568542  3.64604e+40 
 177    5.7807232  3.49119e+40 
 178    5.9073046  3.34249e+40 
 179    6.0366577  3.20340e+40 
 180    6.1688433  3.07107e+40 
 181    6.3039234  2.94379e+40 
 182    6.4419613  2.82527e+40 
 183    6.5830219  2.71207e+40 
 184    6.7271713  2.60235e+40 
 185    6.8744772  2.49931e+40 
 186    7.0250086  2.39642e+40 
 187    7.1788363  2.29522e+40 
 188    7.3360323  2.19622e+40 
 189    7.4966705  2.10158e+40 


# g-band (filter: g_LSST.dat)
   0    0.1250000  3.71272e+26 
   1    0.1277371  3.72826e+26 
   2    0.1305342  3.74414e+26 
   3    0.1333926  3.76037e+26 
   4    0.1363135  3.77318e+26 
   5    0.1392983  3.77904e+26 
   6    0.1423486  3.77973e+26 
   7    0.1454656  3.77357e+26 
   8    0.1486509  3.76440e+26 
   9    0.1519059  3.74848e+26 
  10    0.1552322  3.72824e+26 
  11    0.1586314  3.70252e+26 
  12    0.1621049  3.67327e+26 
  13    0.1656546  3.64042e+26 
  14    0.1692819  3.60323e+26 
  15    0.1729887  3.56240e+26 
  16    0.1767767  3.51594e+26 
  17    0.1806476  3.46582e+26 
  18    0.1846033  3.41364e+26 
  19    0.1886456  3.35720e+26 
  20    0.1927764  3.29679e+26 
  21    0.1969976  3.23219e+26 
  22    0.2013113  3.16078e+26 
  23    0.2057194  3.08888e+26 
  24    0.2102241  3.01206e+26 
  25    0.2148274  2.93023e+26 
  26    0.2195315  2.84589e+26 
  27    0.2243386  2.75707e+26 
  28    0.2292510  2.66461e+26 
  29    0.2342710  2.57108e+26 
  30    0.2394008  2.47320e+26 
  31    0.2446430  2.37417e+26 
  32    0.2500000  2.27433e+26 
  33    0.2554743  2.17139e+26 
  34    0.2610684  2.07017e+26 
  35    0.2667851  1.96800e+26 
  36    0.2726269  1.86668e+26 
  37    0.2785967  1.76574e+26 
  38    0.2846972  1.66778e+26 
  39    0.2909312  1.57521e+26 
  40    0.2973018  1.48561e+26 
  41    0.3038118  1.40562e+26 
  42    0.3104645  1.33089e+26 
  43    0.3172627  1.26123e+26 
  44    0.3242099  1.20507e+26 
  45    0.3313092  1.15726e+26 
  46    0.3385639  1.11528e+26 
  47    0.3459775  1.08694e+26 
  48    0.3535534  1.06715e+26 
  49    0.3612952  1.05329e+26 
  50    0.3692065  1.05275e+26 
  51    0.3772911  1.05487e+26 
  52    0.3855527  1.06423e+26 
  53    0.3939952  1.08100e+26 
  54    0.4026226  1.10657e+26 
  55    0.4114389  1.13488e+26 
  56    0.4204482  1.17209e+26 
  57    0.4296548  1.21689e+26 
  58    0.4390630  1.26938e+26 
  59    0.4486773  1.32797e+26 
  60    0.4585020  1.40000e+26 
  61    0.4685419  1.47500e+26 
  62    0.4788016  1.56018e+26 
  63    0.4892860  1.65399e+26 
  64    0.5000000  1.75315e+26 
  65    0.5109486  1.85994e+26 
  66    0.5221369  1.96207e+26 
  67    0.5335702  2.06502e+26 
  68    0.5452539  2.17371e+26 
  69    0.5571934  2.27439e+26 
  70    0.5693943  2.37236e+26 
  71    0.5818624  2.46699e+26 
  72    0.5946036  2.55206e+26 
  73    0.6076237  2.63941e+26 
  74    0.6209289  2.72199e+26 
  75    0.6345255  2.81166e+26 
  76    0.6484198  2.90583e+26 
  77    0.6626183  3.00187e+26 
  78    0.6771278  3.12013e+26 
  79    0.6919549  3.24237e+26 
  80    0.7071068  3.36666e+26 
  81    0.7225904  3.49969e+26 
  82    0.7384131  3.64040e+26 
  83    0.7545822  3.78738e+26 
  84    0.7711054  3.94413e+26 
  85    0.7879904  4.10092e+26 
  86    0.8052452  4.25797e+26 
  87    0.8228777  4.41544e+26 
  88    0.8408964  4.57038e+26 
  89    0.8593096  4.73587e+26 
  90    0.8781261  4.89994e+26 
  91    0.8973545  5.06204e+26 
  92    0.9170040  5.20709e+26 
  93    0.9370838  5.34863e+26 
  94    0.9576033  5.46679e+26 
  95    0.9785721  5.58753e+26 
  96    1.0000000  5.70690e+26 
  97    1.0218971  5.80732e+26 
  98    1.0442738  5.90227e+26 
  99    1.0671404  5.98577e+26 
 100    1.0905077  6.05984e+26 
 101    1.1143867  6.11913e+26 
 102    1.1387886  6.16774e+26 
 103    1.1637249  6.21486e+26 
 104    1.1892071  6.25733e+26 
 105    1.2152474  6.29458e+26 
 106    1.2418578  6.32256e+26 
 107    1.2690510  6.32997e+26 
 108    1.2968396  6.32899e+26 
 109    1.3252366  6.32543e+26 
 110    1.3542555  6.30563e+26 
 111    1.3839099  6.27913e+26 
 112    1.4142136  6.24296e+26 
 113    1.4451808  6.18968e+26 
 114    1.4768261  6.12056e+26 
 115    1.5091644  6.03778e+26 
 116    1.5422108  5.93368e+26 
 117    1.5759808  5.81240e+26 
 118    1.6104903  5.68088e+26 
 119    1.6457555  5.52605e+26 
 120    1.6817928  5.35672e+26 
 121    1.7186193  5.17485e+26 
 122    1.7562522  4.97220e+26 
 123    1.7947091  4.75620e+26 
 124    1.8340081  4.52947e+26 
 125    1.8741676  4.28915e+26 
 126    1.9152066  4.04641e+26 
 127    1.9571441  3.79919e+26 
 128    2.0000000  3.54438e+26 
 129    2.0437943  3.29334e+26 
 130    2.0885476  3.04372e+26 
 131    2.1342808  2.79549e+26 
 132    2.1810155  2.56236e+26 
 133    2.2287735  2.34319e+26 
 134    2.2775773  2.12926e+26 
 135    2.3274497  1.94172e+26 
 136    2.3784142  1.76635e+26 
 137    2.4304947  1.60047e+26 
 138    2.4837156  1.45612e+26 
 139    2.5381019  1.32390e+26 
 140    2.5936791  1.20677e+26 
 141    2.6504733  1.10570e+26 
 142    2.7085111  1.01800e+26 
 143    2.7678198  9.40979e+25 
 144    2.8284271  8.74505e+25 
 145    2.8903616  8.15096e+25 
 146    2.9536523  7.62667e+25 
 147    3.0183289  7.16362e+25 
 148    3.0844217  6.76942e+25 
 149    3.1519617  6.41887e+25 
 150    3.2209807  6.11085e+25 
 151    3.2915110  5.84203e+25 
 152    3.3635857  5.60231e+25 
 153    3.4372386  5.39300e+25 
 154    3.5125043  5.20005e+25 
 155    3.5894182  5.02195e+25 
 156    3.6680162  4.85836e+25 
 157    3.7483353  4.69838e+25 
 158    3.8304131  4.54166e+25 
 159    3.9142882  4.38559e+25 
 160    4.0000000  4.23371e+25 
 161    4.0875886  4.08315e+25 
 162    4.1770951  3.93370e+25 
 163    4.2685616  3.79441e+25 
 164    4.3620309  3.65770e+25 
 165    4.4575470  3.52233e+25 
 166    4.5551545  3.40135e+25 
 167    4.6548994  3.28701e+25 
 168    4.7568285  3.17718e+25 
 169    4.8609894  3.07603e+25 
 170    4.9674312  2.98018e+25 
 171    5.0762038  2.89147e+25 
 172    5.1873582  2.80946e+25 
 173    5.3009466  2.73397e+25 
 174    5.4170222  2.66373e+25 
 175    5.5356395  2.59494e+25 
 176    5.6568542  2.53131e+25 
 177    5.7807232  2.47072e+25 
 178    5.9073046  2.40954e+25 
 179    6.0366577  2.34926e+25 
 180    6.1688433  2.29109e+25 
 181    6.3039234  2.23671e+25 
 182    6.4419613  2.18540e+25 
 183    6.5830219  2.13708e+25 
 184    6.7271713  2.08650e+25 
 185    6.8744772  2.03604e+25 
 186    7.0250086  1.98403e+25 
 187    7.1788363  1.93294e+25 
 188    7.3360323  1.88188e+25 
 189    7.4966705  1.83293e+25 


# r-band (filter: r_LSST.dat)
   0    0.1250000  3.78893e+26 
   1    0.1277371  3.84669e+26 
   2    0.1305342  3.90572e+26 
   3    0.1333926  3.96603e+26 
   4    0.1363135  4.02284e+26 
   5    0.1392983  4.07720e+26 
   6    0.1423486  4.12370e+26 
   7    0.1454656  4.16993e+26 
   8    0.1486509  4.21422e+26 
   9    0.1519059  4.25586e+26 
  10    0.1552322  4.29291e+26 
  11    0.1586314  4.32805e+26 
  12    0.1621049  4.36238e+26 
  13    0.1656546  4.39034e+26 
  14    0.1692819  4.41706e+26 
  15    0.1729887  4.44392e+26 
  16    0.1767767  4.46671e+26 
  17    0.1806476  4.48883e+26 
  18    0.1846033  4.51247e+26 
  19    0.1886456  4.53010e+26 
  20    0.1927764  4.54213e+26 
  21    0.1969976  4.55015e+26 
  22    0.2013113  4.55740e+26 
  23    0.2057194  4.56231e+26 
  24    0.2102241  4.56302e+26 
  25    0.2148274  4.56251e+26 
  26    0.2195315  4.55909e+26 
  27    0.2243386  4.54863e+26 
  28    0.2292510  4.53712e+26 
  29    0.2342710  4.52893e+26 
  30    0.2394008  4.51481e+26 
  31    0.2446430  4.49699e+26 
  32    0.2500000  4.46215e+26 
  33    0.2554743  4.41768e+26 
  34    0.2610684  4.34770e+26 
  35    0.2667851  4.27992e+26 
  36    0.2726269  4.21331e+26 
  37    0.2785967  4.13871e+26 
  38    0.2846972  4.07867e+26 
  39    0.2909312  4.02400e+26 
  40    0.2973018  3.95918e+26 
  41    0.3038118  3.90915e+26 
  42    0.3104645  3.86715e+26 
  43    0.3172627  3.83033e+26 
  44    0.3242099  3.81623e+26 
  45    0.3313092  3.82306e+26 
  46    0.3385639  3.84498e+26 
  47    0.3459775  3.89343e+26 
  48    0.3535534  3.95769e+26 
  49    0.3612952  4.02976e+26 
  50    0.3692065  4.13587e+26 
  51    0.3772911  4.25268e+26 
  52    0.3855527  4.38497e+26 
  53    0.3939952  4.53903e+26 
  54    0.4026226  4.71024e+26 
  55    0.4114389  4.89665e+26 
  56    0.4204482  5.08483e+26 
  57    0.4296548  5.29227e+26 
  58    0.4390630  5.50847e+26 
  59    0.4486773  5.73639e+26 
  60    0.4585020  5.98143e+26 
  61    0.4685419  6.23528e+26 
  62    0.4788016  6.48879e+26 
  63    0.4892860  6.73790e+26 
  64    0.5000000  6.98367e+26 
  65    0.5109486  7.23757e+26 
  66    0.5221369  7.45544e+26 
  67    0.5335702  7.66891e+26 
  68    0.5452539  7.88343e+26 
  69    0.5571934  8.07658e+26 
  70    0.5693943  8.26250e+26 
  71    0.5818624  8.42674e+26 
  72    0.5946036  8.57129e+26 
  73    0.6076237  8.71237e+26 
  74    0.6209289  8.84440e+26 
  75    0.6345255  8.99280e+26 
  76    0.6484198  9.15058e+26 
  77    0.6626183  9.30693e+26 
  78    0.6771278  9.49603e+26 
  79    0.6919549  9.69554e+26 
  80    0.7071068  9.88504e+26 
  81    0.7225904  1.00772e+27 
  82    0.7384131  1.02496e+27 
  83    0.7545822  1.04218e+27 
  84    0.7711054  1.06012e+27 
  85    0.7879904  1.07530e+27 
  86    0.8052452  1.08904e+27 
  87    0.8228777  1.10028e+27 
  88    0.8408964  1.10863e+27 
  89    0.8593096  1.11750e+27 
  90    0.8781261  1.12372e+27 
  91    0.8973545  1.12927e+27 
  92    0.9170040  1.13278e+27 
  93    0.9370838  1.13525e+27 
  94    0.9576033  1.13502e+27 
  95    0.9785721  1.13472e+27 
  96    1.0000000  1.13414e+27 
  97    1.0218971  1.13282e+27 
  98    1.0442738  1.13129e+27 
  99    1.0671404  1.12988e+27 
 100    1.0905077  1.12984e+27 
 101    1.1143867  1.12999e+27 
 102    1.1387886  1.13024e+27 
 103    1.1637249  1.13100e+27 
 104    1.1892071  1.13330e+27 
 105    1.2152474  1.13619e+27 
 106    1.2418578  1.13990e+27 
 107    1.2690510  1.14247e+27 
 108    1.2968396  1.14458e+27 
 109    1.3252366  1.14764e+27 
 110    1.3542555  1.14958e+27 
 111    1.3839099  1.15095e+27 
 112    1.4142136  1.15112e+27 
 113    1.4451808  1.14945e+27 
 114    1.4768261  1.14583e+27 
 115    1.5091644  1.14070e+27 
 116    1.5422108  1.13372e+27 
 117    1.5759808  1.12521e+27 
 118    1.6104903  1.11599e+27 
 119    1.6457555  1.10458e+27 
 120    1.6817928  1.09183e+27 
 121    1.7186193  1.07763e+27 
 122    1.7562522  1.06091e+27 
 123    1.7947091  1.04185e+27 
 124    1.8340081  1.02074e+27 
 125    1.8741676  9.97757e+26 
 126    1.9152066  9.71753e+26 
 127    1.9571441  9.43330e+26 
 128    2.0000000  9.13010e+26 
 129    2.0437943  8.79936e+26 
 130    2.0885476  8.45155e+26 
 131    2.1342808  8.08414e+26 
 132    2.1810155  7.70650e+26 
 133    2.2287735  7.31776e+26 
 134    2.2775773  6.91416e+26 
 135    2.3274497  6.51682e+26 
 136    2.3784142  6.11729e+26 
 137    2.4304947  5.71510e+26 
 138    2.4837156  5.32972e+26 
 139    2.5381019  4.95555e+26 
 140    2.5936791  4.58630e+26 
 141    2.6504733  4.24538e+26 
 142    2.7085111  3.92083e+26 
 143    2.7678198  3.60444e+26 
 144    2.8284271  3.31963e+26 
 145    2.8903616  3.05537e+26 
 146    2.9536523  2.81022e+26 
 147    3.0183289  2.58235e+26 
 148    3.0844217  2.38126e+26 
 149    3.1519617  2.19780e+26 
 150    3.2209807  2.03158e+26 
 151    3.2915110  1.88550e+26 
 152    3.3635857  1.75300e+26 
 153    3.4372386  1.63401e+26 
 154    3.5125043  1.52840e+26 
 155    3.5894182  1.43315e+26 
 156    3.6680162  1.34688e+26 
 157    3.7483353  1.26965e+26 
 158    3.8304131  1.19912e+26 
 159    3.9142882  1.13414e+26 
 160    4.0000000  1.07601e+26 
 161    4.0875886  1.02262e+26 
 162    4.1770951  9.72486e+25 
 163    4.2685616  9.27899e+25 
 164    4.3620309  8.86852e+25 
 165    4.4575470  8.48362e+25 
 166    4.5551545  8.13911e+25 
 167    4.6548994  7.81915e+25 
 168    4.7568285  7.51940e+25 
 169    4.8609894  7.24554e+25 
 170    4.9674312  6.98767e+25 
 171    5.0762038  6.74193e+25 
 172    5.1873582  6.51088e+25 
 173    5.3009466  6.29110e+25 
 174    5.4170222  6.08338e+25 
 175    5.5356395  5.87923e+25 
 176    5.6568542  5.68511e+25 
 177    5.7807232  5.49916e+25 
 178    5.9073046  5.31564e+25 
 179    6.0366577  5.14291e+25 
 180    6.1688433  4.97681e+25 
 181    6.3039234  4.81524e+25 
 182    6.4419613  4.66501e+25 
 183    6.5830219  4.52039e+25 
 184    6.7271713  4.37818e+25 
 185    6.8744772  4.24596e+25 
 186    7.0250086  4.11143e+25 
 187    7.1788363  3.98013e+25 
 188    7.3360323  3.85176e+25 
 189    7.4966705  3.72886e+25 


# i-band (filter: i_LSST.dat)
   0    0.1250000  2.50831e+26 
   1    0.1277371  2.56802e+26 
   2    0.1305342  2.62903e+26 
   3    0.1333926  2.69138e+26 
   4    0.1363135  2.75341e+26 
   5    0.1392983  2.81329e+26 
   6    0.1423486  2.87476e+26 
   7    0.1454656  2.93394e+26 
   8    0.1486509  2.99037e+26 
   9    0.1519059  3.04279e+26 
  10    0.1552322  3.09842e+26 
  11    0.1586314  3.14856e+26 
  12    0.1621049  3.19713e+26 
  13    0.1656546  3.23925e+26 
  14    0.1692819  3.28090e+26 
  15    0.1729887  3.32052e+26 
  16    0.1767767  3.35533e+26 
  17    0.1806476  3.38772e+26 
  18    0.1846033  3.41467e+26 
  19    0.1886456  3.43546e+26 
  20    0.1927764  3.44911e+26 
  21    0.1969976  3.46116e+26 
  22    0.2013113  3.45845e+26 
  23    0.2057194  3.45059e+26 
  24    0.2102241  3.43644e+26 
  25    0.2148274  3.41300e+26 
  26    0.2195315  3.38340e+26 
  27    0.2243386  3.34522e+26 
  28    0.2292510  3.30293e+26 
  29    0.2342710  3.25439e+26 
  30    0.2394008  3.20194e+26 
  31    0.2446430  3.14768e+26 
  32    0.2500000  3.08524e+26 
  33    0.2554743  3.01839e+26 
  34    0.2610684  2.93762e+26 
  35    0.2667851  2.85426e+26 
  36    0.2726269  2.77918e+26 
  37    0.2785967  2.70098e+26 
  38    0.2846972  2.63222e+26 
  39    0.2909312  2.57243e+26 
  40    0.2973018  2.50805e+26 
  41    0.3038118  2.45628e+26 
  42    0.3104645  2.41051e+26 
  43    0.3172627  2.36901e+26 
  44    0.3242099  2.34462e+26 
  45    0.3313092  2.32753e+26 
  46    0.3385639  2.32988e+26 
  47    0.3459775  2.34155e+26 
  48    0.3535534  2.36189e+26 
  49    0.3612952  2.38830e+26 
  50    0.3692065  2.42763e+26 
  51    0.3772911  2.47441e+26 
  52    0.3855527  2.52661e+26 
  53    0.3939952  2.59185e+26 
  54    0.4026226  2.66473e+26 
  55    0.4114389  2.74290e+26 
  56    0.4204482  2.82920e+26 
  57    0.4296548  2.92538e+26 
  58    0.4390630  3.02417e+26 
  59    0.4486773  3.13077e+26 
  60    0.4585020  3.24429e+26 
  61    0.4685419  3.36224e+26 
  62    0.4788016  3.48328e+26 
  63    0.4892860  3.60561e+26 
  64    0.5000000  3.72948e+26 
  65    0.5109486  3.85815e+26 
  66    0.5221369  3.98410e+26 
  67    0.5335702  4.11021e+26 
  68    0.5452539  4.23594e+26 
  69    0.5571934  4.35753e+26 
  70    0.5693943  4.47349e+26 
  71    0.5818624  4.58626e+26 
  72    0.5946036  4.68656e+26 
  73    0.6076237  4.78129e+26 
  74    0.6209289  4.87478e+26 
  75    0.6345255  4.95597e+26 
  76    0.6484198  5.03201e+26 
  77    0.6626183  5.09729e+26 
  78    0.6771278  5.14892e+26 
  79    0.6919549  5.19243e+26 
  80    0.7071068  5.22034e+26 
  81    0.7225904  5.24035e+26 
  82    0.7384131  5.24858e+26 
  83    0.7545822  5.24802e+26 
  84    0.7711054  5.23637e+26 
  85    0.7879904  5.21999e+26 
  86    0.8052452  5.20070e+26 
  87    0.8228777  5.16890e+26 
  88    0.8408964  5.12175e+26 
  89    0.8593096  5.05116e+26 
  90    0.8781261  4.97347e+26 
  91    0.8973545  4.87370e+26 
  92    0.9170040  4.76775e+26 
  93    0.9370838  4.65045e+26 
  94    0.9576033  4.50745e+26 
  95    0.9785721  4.36003e+26 
  96    1.0000000  4.20315e+26 
  97    1.0218971  4.04905e+26 
  98    1.0442738  3.88118e+26 
  99    1.0671404  3.70868e+26 
 100    1.0905077  3.55822e+26 
 101    1.1143867  3.42870e+26 
 102    1.1387886  3.31667e+26 
 103    1.1637249  3.20780e+26 
 104    1.1892071  3.11586e+26 
 105    1.2152474  3.03886e+26 
 106    1.2418578  2.97996e+26 
 107    1.2690510  2.93166e+26 
 108    1.2968396  2.88712e+26 
 109    1.3252366  2.85942e+26 
 110    1.3542555  2.83746e+26 
 111    1.3839099  2.81846e+26 
 112    1.4142136  2.79904e+26 
 113    1.4451808  2.77685e+26 
 114    1.4768261  2.74913e+26 
 115    1.5091644  2.72141e+26 
 116    1.5422108  2.68851e+26 
 117    1.5759808  2.65359e+26 
 118    1.6104903  2.61714e+26 
 119    1.6457555  2.57510e+26 
 120    1.6817928  2.52894e+26 
 121    1.7186193  2.47884e+26 
 122    1.7562522  2.42313e+26 
 123    1.7947091  2.36630e+26 
 124    1.8340081  2.30498e+26 
 125    1.8741676  2.24129e+26 
 126    1.9152066  2.17536e+26 
 127    1.9571441  2.10897e+26 
 128    2.0000000  2.04071e+26 
 129    2.0437943  1.97322e+26 
 130    2.0885476  1.90553e+26 
 131    2.1342808  1.83686e+26 
 132    2.1810155  1.77147e+26 
 133    2.2287735  1.70796e+26 
 134    2.2775773  1.64566e+26 
 135    2.3274497  1.58685e+26 
 136    2.3784142  1.53210e+26 
 137    2.4304947  1.47910e+26 
 138    2.4837156  1.43090e+26 
 139    2.5381019  1.38603e+26 
 140    2.5936791  1.34326e+26 
 141    2.6504733  1.30558e+26 
 142    2.7085111  1.27032e+26 
 143    2.7678198  1.23800e+26 
 144    2.8284271  1.20920e+26 
 145    2.8903616  1.18222e+26 
 146    2.9536523  1.15717e+26 
 147    3.0183289  1.13387e+26 
 148    3.0844217  1.11132e+26 
 149    3.1519617  1.08968e+26 
 150    3.2209807  1.06835e+26 
 151    3.2915110  1.04620e+26 
 152    3.3635857  1.02326e+26 
 153    3.4372386  1.00020e+26 
 154    3.5125043  9.76039e+25 
 155    3.5894182  9.50684e+25 
 156    3.6680162  9.24189e+25 
 157    3.7483353  8.96774e+25 
 158    3.8304131  8.68357e+25 
 159    3.9142882  8.38820e+25 
 160    4.0000000  8.09157e+25 
 161    4.0875886  7.79422e+25 
 162    4.1770951  7.49162e+25 
 163    4.2685616  7.20489e+25 
 164    4.3620309  6.92692e+25 
 165    4.4575470  6.65073e+25 
 166    4.5551545  6.39361e+25 
 167    4.6548994  6.15050e+25 
 168    4.7568285  5.91550e+25 
 169    4.8609894  5.70115e+25 
 170    4.9674312  5.49820e+25 
 171    5.0762038  5.30522e+25 
 172    5.1873582  5.12355e+25 
 173    5.3009466  4.95230e+25 
 174    5.4170222  4.78896e+25 
 175    5.5356395  4.63343e+25 
 176    5.6568542  4.48418e+25 
 177    5.7807232  4.33859e+25 
 178    5.9073046  4.19902e+25 
 179    6.0366577  4.06403e+25 
 180    6.1688433  3.93329e+25 
 181    6.3039234  3.80324e+25 
 182    6.4419613  3.68010e+25 
 183    6.5830219  3.56369e+25 
 184    6.7271713  3.45066e+25 
 185    6.8744772  3.34320e+25 
 186    7.0250086  3.23603e+25 
 187    7.1788363  3.12845e+25 
 188    7.3360323  3.02371e+25 
 189    7.4966705  2.92360e+25 


# z-band (filter: z_LSST.dat)
   0    0.1250000  2.09358e+26 
   1    0.1277371  2.15317e+26 
   2    0.1305342  2.21407e+26 
   3    0.1333926  2.27630e+26 
   4    0.1363135  2.34297e+26 
   5    0.1392983  2.40574e+26 
   6    0.1423486  2.46213e+26 
   7    0.1454656  2.50659e+26 
   8    0.1486509  2.56454e+26 
   9    0.1519059  2.62350e+26 
  10    0.1552322  2.67449e+26 
  11    0.1586314  2.72067e+26 
  12    0.1621049  2.75673e+26 
  13    0.1656546  2.79263e+26 
  14    0.1692819  2.82427e+26 
  15    0.1729887  2.85370e+26 
  16    0.1767767  2.86835e+26 
  17    0.1806476  2.88191e+26 
  18    0.1846033  2.88954e+26 
  19    0.1886456  2.89429e+26 
  20    0.1927764  2.87983e+26 
  21    0.1969976  2.86051e+26 
  22    0.2013113  2.82636e+26 
  23    0.2057194  2.78668e+26 
  24    0.2102241  2.73922e+26 
  25    0.2148274  2.67859e+26 
  26    0.2195315  2.60555e+26 
  27    0.2243386  2.52439e+26 
  28    0.2292510  2.43611e+26 
  29    0.2342710  2.34094e+26 
  30    0.2394008  2.23739e+26 
  31    0.2446430  2.13546e+26 
  32    0.2500000  2.03249e+26 
  33    0.2554743  1.92345e+26 
  34    0.2610684  1.82128e+26 
  35    0.2667851  1.72198e+26 
  36    0.2726269  1.62589e+26 
  37    0.2785967  1.53330e+26 
  38    0.2846972  1.45040e+26 
  39    0.2909312  1.37321e+26 
  40    0.2973018  1.29951e+26 
  41    0.3038118  1.23388e+26 
  42    0.3104645  1.17586e+26 
  43    0.3172627  1.11992e+26 
  44    0.3242099  1.07326e+26 
  45    0.3313092  1.03065e+26 
  46    0.3385639  9.90449e+25 
  47    0.3459775  9.57213e+25 
  48    0.3535534  9.27158e+25 
  49    0.3612952  9.00090e+25 
  50    0.3692065  8.74793e+25 
  51    0.3772911  8.53364e+25 
  52    0.3855527  8.34622e+25 
  53    0.3939952  8.19710e+25 
  54    0.4026226  8.06258e+25 
  55    0.4114389  7.95479e+25 
  56    0.4204482  7.88137e+25 
  57    0.4296548  7.83524e+25 
  58    0.4390630  7.82686e+25 
  59    0.4486773  7.81881e+25 
  60    0.4585020  7.85347e+25 
  61    0.4685419  7.92992e+25 
  62    0.4788016  8.03945e+25 
  63    0.4892860  8.17649e+25 
  64    0.5000000  8.37187e+25 
  65    0.5109486  8.60055e+25 
  66    0.5221369  8.89345e+25 
  67    0.5335702  9.21124e+25 
  68    0.5452539  9.57883e+25 
  69    0.5571934  1.00091e+26 
  70    0.5693943  1.05085e+26 
  71    0.5818624  1.10338e+26 
  72    0.5946036  1.16079e+26 
  73    0.6076237  1.22246e+26 
  74    0.6209289  1.28931e+26 
  75    0.6345255  1.36449e+26 
  76    0.6484198  1.44350e+26 
  77    0.6626183  1.52579e+26 
  78    0.6771278  1.61501e+26 
  79    0.6919549  1.71091e+26 
  80    0.7071068  1.81069e+26 
  81    0.7225904  1.91570e+26 
  82    0.7384131  2.02413e+26 
  83    0.7545822  2.13750e+26 
  84    0.7711054  2.25551e+26 
  85    0.7879904  2.37836e+26 
  86    0.8052452  2.50255e+26 
  87    0.8228777  2.62908e+26 
  88    0.8408964  2.74766e+26 
  89    0.8593096  2.86189e+26 
  90    0.8781261  2.97349e+26 
  91    0.8973545  3.07487e+26 
  92    0.9170040  3.17338e+26 
  93    0.9370838  3.26616e+26 
  94    0.9576033  3.34116e+26 
  95    0.9785721  3.41105e+26 
  96    1.0000000  3.47445e+26 
  97    1.0218971  3.52495e+26 
  98    1.0442738  3.56284e+26 
  99    1.0671404  3.59433e+26 
 100    1.0905077  3.62198e+26 
 101    1.1143867  3.64811e+26 
 102    1.1387886  3.66791e+26 
 103    1.1637249  3.67946e+26 
 104    1.1892071  3.68607e+26 
 105    1.2152474  3.68943e+26 
 106    1.2418578  3.68939e+26 
 107    1.2690510  3.68239e+26 
 108    1.2968396  3.67007e+26 
 109    1.3252366  3.65531e+26 
 110    1.3542555  3.63553e+26 
 111    1.3839099  3.61284e+26 
 112    1.4142136  3.58072e+26 
 113    1.4451808  3.53959e+26 
 114    1.4768261  3.49478e+26 
 115    1.5091644  3.44401e+26 
 116    1.5422108  3.38485e+26 
 117    1.5759808  3.32159e+26 
 118    1.6104903  3.25557e+26 
 119    1.6457555  3.18453e+26 
 120    1.6817928  3.10830e+26 
 121    1.7186193  3.02967e+26 
 122    1.7562522  2.94707e+26 
 123    1.7947091  2.86056e+26 
 124    1.8340081  2.77240e+26 
 125    1.8741676  2.68134e+26 
 126    1.9152066  2.58830e+26 
 127    1.9571441  2.49638e+26 
 128    2.0000000  2.40239e+26 
 129    2.0437943  2.30885e+26 
 130    2.0885476  2.21588e+26 
 131    2.1342808  2.12188e+26 
 132    2.1810155  2.03165e+26 
 133    2.2287735  1.94115e+26 
 134    2.2775773  1.85172e+26 
 135    2.3274497  1.76711e+26 
 136    2.3784142  1.68488e+26 
 137    2.4304947  1.60527e+26 
 138    2.4837156  1.53219e+26 
 139    2.5381019  1.46276e+26 
 140    2.5936791  1.39522e+26 
 141    2.6504733  1.33519e+26 
 142    2.7085111  1.27934e+26 
 143    2.7678198  1.22632e+26 
 144    2.8284271  1.17921e+26 
 145    2.8903616  1.13649e+26 
 146    2.9536523  1.09726e+26 
 147    3.0183289  1.06185e+26 
 148    3.0844217  1.02949e+26 
 149    3.1519617  9.98843e+25 
 150    3.2209807  9.70770e+25 
 151    3.2915110  9.43202e+25 
 152    3.3635857  9.16797e+25 
 153    3.4372386  8.90945e+25 
 154    3.5125043  8.64600e+25 
 155    3.5894182  8.37637e+25 
 156    3.6680162  8.10819e+25 
 157    3.7483353  7.82187e+25 
 158    3.8304131  7.52562e+25 
 159    3.9142882  7.22127e+25 
 160    4.0000000  6.90978e+25 
 161    4.0875886  6.59343e+25 
 162    4.1770951  6.26784e+25 
 163    4.2685616  5.95051e+25 
 164    4.3620309  5.63480e+25 
 165    4.4575470  5.31702e+25 
 166    4.5551545  5.01818e+25 
 167    4.6548994  4.73273e+25 
 168    4.7568285  4.44976e+25 
 169    4.8609894  4.19220e+25 
 170    4.9674312  3.95155e+25 
 171    5.0762038  3.72375e+25 
 172    5.1873582  3.50993e+25 
 173    5.3009466  3.31395e+25 
 174    5.4170222  3.12888e+25 
 175    5.5356395  2.95609e+25 
 176    5.6568542  2.79447e+25 
 177    5.7807232  2.64056e+25 
 178    5.9073046  2.49501e+25 
 179    6.0366577  2.35659e+25 
 180    6.1688433  2.22421e+25 
 181    6.3039234  2.09718e+25 
 182    6.4419613  1.97647e+25 
 183    6.5830219  1.86202e+25 
 184    6.7271713  1.74988e+25 
 185    6.8744772  1.64601e+25 
 186    7.0250086  1.54281e+25 
 187    7.1788363  1.43978e+25 
 188    7.3360323  1.33986e+25 
 189    7.4966705  1.24595e+25 


# y-band (filter: y_LSST.dat)
   0    0.1250000  1.74652e+26 
   1    0.1277371  1.80917e+26 
   2    0.1305342  1.87319e+26 
   3    0.1333926  1.93861e+26 
   4    0.1363135  2.00935e+26 
   5    0.1392983  2.08551e+26 
   6    0.1423486  2.16300e+26 
   7    0.1454656  2.23099e+26 
   8    0.1486509  2.30819e+26 
   9    0.1519059  2.38852e+26 
  10    0.1552322  2.46891e+26 
  11    0.1586314  2.55276e+26 
  12    0.1621049  2.63375e+26 
  13    0.1656546  2.72136e+26 
  14    0.1692819  2.81423e+26 
  15    0.1729887  2.90228e+26 
  16    0.1767767  2.99276e+26 
  17    0.1806476  3.07867e+26 
  18    0.1846033  3.16788e+26 
  19    0.1886456  3.25889e+26 
  20    0.1927764  3.33774e+26 
  21    0.1969976  3.41361e+26 
  22    0.2013113  3.47237e+26 
  23    0.2057194  3.52725e+26 
  24    0.2102241  3.58372e+26 
  25    0.2148274  3.62002e+26 
  26    0.2195315  3.64919e+26 
  27    0.2243386  3.67132e+26 
  28    0.2292510  3.67945e+26 
  29    0.2342710  3.66935e+26 
  30    0.2394008  3.65558e+26 
  31    0.2446430  3.63088e+26 
  32    0.2500000  3.59347e+26 
  33    0.2554743  3.54316e+26 
  34    0.2610684  3.47002e+26 
  35    0.2667851  3.35537e+26 
  36    0.2726269  3.23308e+26 
  37    0.2785967  3.10588e+26 
  38    0.2846972  2.97294e+26 
  39    0.2909312  2.84097e+26 
  40    0.2973018  2.69161e+26 
  41    0.3038118  2.56440e+26 
  42    0.3104645  2.43042e+26 
  43    0.3172627  2.28960e+26 
  44    0.3242099  2.16200e+26 
  45    0.3313092  2.03841e+26 
  46    0.3385639  1.93680e+26 
  47    0.3459775  1.84929e+26 
  48    0.3535534  1.77220e+26 
  49    0.3612952  1.69897e+26 
  50    0.3692065  1.63601e+26 
  51    0.3772911  1.57733e+26 
  52    0.3855527  1.52166e+26 
  53    0.3939952  1.47523e+26 
  54    0.4026226  1.43323e+26 
  55    0.4114389  1.39601e+26 
  56    0.4204482  1.36610e+26 
  57    0.4296548  1.34310e+26 
  58    0.4390630  1.32925e+26 
  59    0.4486773  1.32040e+26 
  60    0.4585020  1.31845e+26 
  61    0.4685419  1.32378e+26 
  62    0.4788016  1.33363e+26 
  63    0.4892860  1.35366e+26 
  64    0.5000000  1.38130e+26 
  65    0.5109486  1.41571e+26 
  66    0.5221369  1.46154e+26 
  67    0.5335702  1.51758e+26 
  68    0.5452539  1.57926e+26 
  69    0.5571934  1.64918e+26 
  70    0.5693943  1.72808e+26 
  71    0.5818624  1.81301e+26 
  72    0.5946036  1.90265e+26 
  73    0.6076237  1.99950e+26 
  74    0.6209289  2.10756e+26 
  75    0.6345255  2.22397e+26 
  76    0.6484198  2.34719e+26 
  77    0.6626183  2.47650e+26 
  78    0.6771278  2.61754e+26 
  79    0.6919549  2.76707e+26 
  80    0.7071068  2.92833e+26 
  81    0.7225904  3.09330e+26 
  82    0.7384131  3.26279e+26 
  83    0.7545822  3.44439e+26 
  84    0.7711054  3.63399e+26 
  85    0.7879904  3.83032e+26 
  86    0.8052452  4.02581e+26 
  87    0.8228777  4.22488e+26 
  88    0.8408964  4.41196e+26 
  89    0.8593096  4.59314e+26 
  90    0.8781261  4.77392e+26 
  91    0.8973545  4.93772e+26 
  92    0.9170040  5.09743e+26 
  93    0.9370838  5.25111e+26 
  94    0.9576033  5.38798e+26 
  95    0.9785721  5.51745e+26 
  96    1.0000000  5.63808e+26 
  97    1.0218971  5.74644e+26 
  98    1.0442738  5.84518e+26 
  99    1.0671404  5.93889e+26 
 100    1.0905077  6.03121e+26 
 101    1.1143867  6.12046e+26 
 102    1.1387886  6.20418e+26 
 103    1.1637249  6.28259e+26 
 104    1.1892071  6.35377e+26 
 105    1.2152474  6.41999e+26 
 106    1.2418578  6.48330e+26 
 107    1.2690510  6.53113e+26 
 108    1.2968396  6.57159e+26 
 109    1.3252366  6.60749e+26 
 110    1.3542555  6.63127e+26 
 111    1.3839099  6.64594e+26 
 112    1.4142136  6.64975e+26 
 113    1.4451808  6.64008e+26 
 114    1.4768261  6.61625e+26 
 115    1.5091644  6.58602e+26 
 116    1.5422108  6.54061e+26 
 117    1.5759808  6.48496e+26 
 118    1.6104903  6.42300e+26 
 119    1.6457555  6.34991e+26 
 120    1.6817928  6.26785e+26 
 121    1.7186193  6.17869e+26 
 122    1.7562522  6.07768e+26 
 123    1.7947091  5.96816e+26 
 124    1.8340081  5.85103e+26 
 125    1.8741676  5.72927e+26 
 126    1.9152066  5.59994e+26 
 127    1.9571441  5.46415e+26 
 128    2.0000000  5.32175e+26 
 129    2.0437943  5.17360e+26 
 130    2.0885476  5.01970e+26 
 131    2.1342808  4.86225e+26 
 132    2.1810155  4.70119e+26 
 133    2.2287735  4.53738e+26 
 134    2.2775773  4.36983e+26 
 135    2.3274497  4.19986e+26 
 136    2.3784142  4.02588e+26 
 137    2.4304947  3.84804e+26 
 138    2.4837156  3.66972e+26 
 139    2.5381019  3.49004e+26 
 140    2.5936791  3.30961e+26 
 141    2.6504733  3.13212e+26 
 142    2.7085111  2.95942e+26 
 143    2.7678198  2.78476e+26 
 144    2.8284271  2.62056e+26 
 145    2.8903616  2.46112e+26 
 146    2.9536523  2.30724e+26 
 147    3.0183289  2.15836e+26 
 148    3.0844217  2.02166e+26 
 149    3.1519617  1.89303e+26 
 150    3.2209807  1.77100e+26 
 151    3.2915110  1.65953e+26 
 152    3.3635857  1.55489e+26 
 153    3.4372386  1.45716e+26 
 154    3.5125043  1.36620e+26 
 155    3.5894182  1.28047e+26 
 156    3.6680162  1.19949e+26 
 157    3.7483353  1.12414e+26 
 158    3.8304131  1.05221e+26 
 159    3.9142882  9.83740e+25 
 160    4.0000000  9.18875e+25 
 161    4.0875886  8.57327e+25 
 162    4.1770951  7.97620e+25 
 163    4.2685616  7.42477e+25 
 164    4.3620309  6.90365e+25 
 165    4.4575470  6.39805e+25 
 166    4.5551545  5.93794e+25 
 167    4.6548994  5.50644e+25 
 168    4.7568285  5.09266e+25 
 169    4.8609894  4.72133e+25 
 170    4.9674312  4.37430e+25 
 171    5.0762038  4.05365e+25 
 172    5.1873582  3.75599e+25 
 173    5.3009466  3.48780e+25 
 174    5.4170222  3.24036e+25 
 175    5.5356395  3.00916e+25 
 176    5.6568542  2.79925e+25 
 177    5.7807232  2.60643e+25 
 178    5.9073046  2.42700e+25 
 179    6.0366577  2.26359e+25 
 180    6.1688433  2.11326e+25 
 181    6.3039234  1.97353e+25 
 182    6.4419613  1.84745e+25 
 183    6.5830219  1.73149e+25 
 184    6.7271713  1.62286e+25 
 185    6.8744772  1.52461e+25 
 186    7.0250086  1.42725e+25 
 187    7.1788363  1.33388e+25 
 188    7.3360323  1.24463e+25 
 189    7.4966705  1.16281e+25 


# J-band (filter: J_2MASS.dat)
   0    0.1250000  1.05792e+26 
   1    0.1277371  1.10470e+26 
   2    0.1305342  1.15251e+26 
   3    0.1333926  1.20137e+26 
   4    0.1363135  1.25034e+26 
   5    0.1392983  1.30096e+26 
   6    0.1423486  1.35912e+26 
   7    0.1454656  1.41272e+26 
   8    0.1486509  1.47642e+26 
   9    0.1519059  1.54232e+26 
  10    0.1552322  1.60734e+26 
  11    0.1586314  1.67638e+26 
  12    0.1621049  1.75350e+26 
  13    0.1656546  1.83375e+26 
  14    0.1692819  1.91875e+26 
  15    0.1729887  2.00284e+26 
  16    0.1767767  2.10312e+26 
  17    0.1806476  2.21011e+26 
  18    0.1846033  2.31802e+26 
  19    0.1886456  2.44039e+26 
  20    0.1927764  2.56806e+26 
  21    0.1969976  2.69475e+26 
  22    0.2013113  2.83508e+26 
  23    0.2057194  2.98386e+26 
  24    0.2102241  3.13876e+26 
  25    0.2148274  3.30655e+26 
  26    0.2195315  3.47783e+26 
  27    0.2243386  3.66745e+26 
  28    0.2292510  3.84659e+26 
  29    0.2342710  4.04710e+26 
  30    0.2394008  4.25280e+26 
  31    0.2446430  4.46188e+26 
  32    0.2500000  4.67877e+26 
  33    0.2554743  4.88997e+26 
  34    0.2610684  5.01558e+26 
  35    0.2667851  5.05971e+26 
  36    0.2726269  5.09767e+26 
  37    0.2785967  5.13352e+26 
  38    0.2846972  5.17276e+26 
  39    0.2909312  5.22105e+26 
  40    0.2973018  5.22581e+26 
  41    0.3038118  5.26458e+26 
  42    0.3104645  5.30067e+26 
  43    0.3172627  5.31535e+26 
  44    0.3242099  5.34323e+26 
  45    0.3313092  5.37256e+26 
  46    0.3385639  5.47272e+26 
  47    0.3459775  5.56929e+26 
  48    0.3535534  5.69037e+26 
  49    0.3612952  5.80771e+26 
  50    0.3692065  5.90788e+26 
  51    0.3772911  6.00010e+26 
  52    0.3855527  6.09047e+26 
  53    0.3939952  6.16940e+26 
  54    0.4026226  6.23783e+26 
  55    0.4114389  6.30116e+26 
  56    0.4204482  6.34580e+26 
  57    0.4296548  6.39040e+26 
  58    0.4390630  6.42737e+26 
  59    0.4486773  6.46017e+26 
  60    0.4585020  6.47887e+26 
  61    0.4685419  6.49481e+26 
  62    0.4788016  6.51404e+26 
  63    0.4892860  6.52302e+26 
  64    0.5000000  6.51931e+26 
  65    0.5109486  6.51566e+26 
  66    0.5221369  6.50022e+26 
  67    0.5335702  6.48737e+26 
  68    0.5452539  6.46740e+26 
  69    0.5571934  6.44387e+26 
  70    0.5693943  6.42367e+26 
  71    0.5818624  6.39316e+26 
  72    0.5946036  6.36336e+26 
  73    0.6076237  6.33725e+26 
  74    0.6209289  6.30094e+26 
  75    0.6345255  6.26238e+26 
  76    0.6484198  6.23169e+26 
  77    0.6626183  6.19793e+26 
  78    0.6771278  6.17062e+26 
  79    0.6919549  6.14801e+26 
  80    0.7071068  6.12880e+26 
  81    0.7225904  6.10693e+26 
  82    0.7384131  6.09162e+26 
  83    0.7545822  6.08678e+26 
  84    0.7711054  6.08563e+26 
  85    0.7879904  6.08352e+26 
  86    0.8052452  6.08976e+26 
  87    0.8228777  6.09715e+26 
  88    0.8408964  6.10521e+26 
  89    0.8593096  6.11717e+26 
  90    0.8781261  6.12853e+26 
  91    0.8973545  6.14143e+26 
  92    0.9170040  6.16342e+26 
  93    0.9370838  6.18482e+26 
  94    0.9576033  6.20085e+26 
  95    0.9785721  6.22545e+26 
  96    1.0000000  6.25077e+26 
  97    1.0218971  6.28903e+26 
  98    1.0442738  6.32789e+26 
  99    1.0671404  6.37059e+26 
 100    1.0905077  6.42024e+26 
 101    1.1143867  6.47754e+26 
 102    1.1387886  6.53484e+26 
 103    1.1637249  6.59627e+26 
 104    1.1892071  6.65742e+26 
 105    1.2152474  6.72209e+26 
 106    1.2418578  6.79063e+26 
 107    1.2690510  6.85535e+26 
 108    1.2968396  6.91833e+26 
 109    1.3252366  6.98232e+26 
 110    1.3542555  7.04888e+26 
 111    1.3839099  7.11105e+26 
 112    1.4142136  7.17328e+26 
 113    1.4451808  7.23111e+26 
 114    1.4768261  7.29015e+26 
 115    1.5091644  7.34452e+26 
 116    1.5422108  7.39805e+26 
 117    1.5759808  7.45385e+26 
 118    1.6104903  7.50796e+26 
 119    1.6457555  7.56125e+26 
 120    1.6817928  7.61320e+26 
 121    1.7186193  7.66600e+26 
 122    1.7562522  7.71062e+26 
 123    1.7947091  7.75648e+26 
 124    1.8340081  7.80075e+26 
 125    1.8741676  7.84213e+26 
 126    1.9152066  7.87824e+26 
 127    1.9571441  7.91354e+26 
 128    2.0000000  7.94434e+26 
 129    2.0437943  7.96800e+26 
 130    2.0885476  7.98658e+26 
 131    2.1342808  8.00089e+26 
 132    2.1810155  8.00812e+26 
 133    2.2287735  8.00773e+26 
 134    2.2775773  8.00204e+26 
 135    2.3274497  7.98550e+26 
 136    2.3784142  7.95979e+26 
 137    2.4304947  7.92688e+26 
 138    2.4837156  7.87988e+26 
 139    2.5381019  7.82111e+26 
 140    2.5936791  7.75471e+26 
 141    2.6504733  7.67210e+26 
 142    2.7085111  7.57432e+26 
 143    2.7678198  7.46707e+26 
 144    2.8284271  7.33839e+26 
 145    2.8903616  7.19616e+26 
 146    2.9536523  7.03960e+26 
 147    3.0183289  6.87124e+26 
 148    3.0844217  6.68816e+26 
 149    3.1519617  6.49486e+26 
 150    3.2209807  6.28906e+26 
 151    3.2915110  6.07627e+26 
 152    3.3635857  5.85848e+26 
 153    3.4372386  5.63287e+26 
 154    3.5125043  5.41144e+26 
 155    3.5894182  5.18860e+26 
 156    3.6680162  4.96502e+26 
 157    3.7483353  4.75173e+26 
 158    3.8304131  4.54464e+26 
 159    3.9142882  4.34022e+26 
 160    4.0000000  4.15032e+26 
 161    4.0875886  3.96781e+26 
 162    4.1770951  3.79083e+26 
 163    4.2685616  3.62970e+26 
 164    4.3620309  3.47471e+26 
 165    4.4575470  3.32527e+26 
 166    4.5551545  3.18574e+26 
 167    4.6548994  3.05399e+26 
 168    4.7568285  2.92667e+26 
 169    4.8609894  2.80714e+26 
 170    4.9674312  2.69356e+26 
 171    5.0762038  2.58464e+26 
 172    5.1873582  2.47926e+26 
 173    5.3009466  2.38078e+26 
 174    5.4170222  2.28561e+26 
 175    5.5356395  2.19289e+26 
 176    5.6568542  2.10595e+26 
 177    5.7807232  2.02254e+26 
 178    5.9073046  1.94190e+26 
 179    6.0366577  1.86657e+26 
 180    6.1688433  1.79521e+26 
 181    6.3039234  1.72543e+26 
 182    6.4419613  1.65968e+26 
 183    6.5830219  1.59559e+26 
 184    6.7271713  1.53375e+26 
 185    6.8744772  1.47447e+26 
 186    7.0250086  1.41573e+26 
 187    7.1788363  1.35760e+26 
 188    7.3360323  1.30025e+26 
 189    7.4966705  1.24421e+26 


# H-band (filter: H_2MASS.dat)
   0    0.1250000  9.95179e+25 
   1    0.1277371  1.10574e+26 
   2    0.1305342  1.21873e+26 
   3    0.1333926  1.33419e+26 
   4    0.1363135  1.45519e+26 
   5    0.1392983  1.58205e+26 
   6    0.1423486  1.72644e+26 
   7    0.1454656  1.86575e+26 
   8    0.1486509  2.02124e+26 
   9    0.1519059  2.17207e+26 
  10    0.1552322  2.32643e+26 
  11    0.1586314  2.48661e+26 
  12    0.1621049  2.66136e+26 
  13    0.1656546  2.81705e+26 
  14    0.1692819  2.97875e+26 
  15    0.1729887  3.14133e+26 
  16    0.1767767  3.31701e+26 
  17    0.1806476  3.48547e+26 
  18    0.1846033  3.65537e+26 
  19    0.1886456  3.80870e+26 
  20    0.1927764  3.97025e+26 
  21    0.1969976  4.12604e+26 
  22    0.2013113  4.24063e+26 
  23    0.2057194  4.35964e+26 
  24    0.2102241  4.49617e+26 
  25    0.2148274  4.60935e+26 
  26    0.2195315  4.71383e+26 
  27    0.2243386  4.81366e+26 
  28    0.2292510  4.88542e+26 
  29    0.2342710  4.96383e+26 
  30    0.2394008  5.03102e+26 
  31    0.2446430  5.08023e+26 
  32    0.2500000  5.11193e+26 
  33    0.2554743  5.14276e+26 
  34    0.2610684  5.13962e+26 
  35    0.2667851  5.05273e+26 
  36    0.2726269  4.95066e+26 
  37    0.2785967  4.84105e+26 
  38    0.2846972  4.74807e+26 
  39    0.2909312  4.64638e+26 
  40    0.2973018  4.53446e+26 
  41    0.3038118  4.45036e+26 
  42    0.3104645  4.35715e+26 
  43    0.3172627  4.26223e+26 
  44    0.3242099  4.16986e+26 
  45    0.3313092  4.07217e+26 
  46    0.3385639  4.02254e+26 
  47    0.3459775  3.99304e+26 
  48    0.3535534  3.97724e+26 
  49    0.3612952  3.95868e+26 
  50    0.3692065  3.92998e+26 
  51    0.3772911  3.91252e+26 
  52    0.3855527  3.88305e+26 
  53    0.3939952  3.84614e+26 
  54    0.4026226  3.81790e+26 
  55    0.4114389  3.78551e+26 
  56    0.4204482  3.74949e+26 
  57    0.4296548  3.71876e+26 
  58    0.4390630  3.69337e+26 
  59    0.4486773  3.66001e+26 
  60    0.4585020  3.62278e+26 
  61    0.4685419  3.59195e+26 
  62    0.4788016  3.55755e+26 
  63    0.4892860  3.51625e+26 
  64    0.5000000  3.46820e+26 
  65    0.5109486  3.42729e+26 
  66    0.5221369  3.38338e+26 
  67    0.5335702  3.33923e+26 
  68    0.5452539  3.29729e+26 
  69    0.5571934  3.25535e+26 
  70    0.5693943  3.20614e+26 
  71    0.5818624  3.16146e+26 
  72    0.5946036  3.11953e+26 
  73    0.6076237  3.07837e+26 
  74    0.6209289  3.03865e+26 
  75    0.6345255  3.00477e+26 
  76    0.6484198  2.97811e+26 
  77    0.6626183  2.94930e+26 
  78    0.6771278  2.92133e+26 
  79    0.6919549  2.90158e+26 
  80    0.7071068  2.88358e+26 
  81    0.7225904  2.87210e+26 
  82    0.7384131  2.86329e+26 
  83    0.7545822  2.85657e+26 
  84    0.7711054  2.85425e+26 
  85    0.7879904  2.85591e+26 
  86    0.8052452  2.86355e+26 
  87    0.8228777  2.86957e+26 
  88    0.8408964  2.87912e+26 
  89    0.8593096  2.89086e+26 
  90    0.8781261  2.90914e+26 
  91    0.8973545  2.93398e+26 
  92    0.9170040  2.96067e+26 
  93    0.9370838  2.98636e+26 
  94    0.9576033  3.01907e+26 
  95    0.9785721  3.05507e+26 
  96    1.0000000  3.09560e+26 
  97    1.0218971  3.14208e+26 
  98    1.0442738  3.19176e+26 
  99    1.0671404  3.24640e+26 
 100    1.0905077  3.30710e+26 
 101    1.1143867  3.37353e+26 
 102    1.1387886  3.44054e+26 
 103    1.1637249  3.50885e+26 
 104    1.1892071  3.57737e+26 
 105    1.2152474  3.65264e+26 
 106    1.2418578  3.72478e+26 
 107    1.2690510  3.79564e+26 
 108    1.2968396  3.86334e+26 
 109    1.3252366  3.92840e+26 
 110    1.3542555  3.98100e+26 
 111    1.3839099  4.03260e+26 
 112    1.4142136  4.07955e+26 
 113    1.4451808  4.11635e+26 
 114    1.4768261  4.14490e+26 
 115    1.5091644  4.17037e+26 
 116    1.5422108  4.18931e+26 
 117    1.5759808  4.19917e+26 
 118    1.6104903  4.20463e+26 
 119    1.6457555  4.20413e+26 
 120    1.6817928  4.19999e+26 
 121    1.7186193  4.19218e+26 
 122    1.7562522  4.18150e+26 
 123    1.7947091  4.16820e+26 
 124    1.8340081  4.15341e+26 
 125    1.8741676  4.13808e+26 
 126    1.9152066  4.12301e+26 
 127    1.9571441  4.10748e+26 
 128    2.0000000  4.08894e+26 
 129    2.0437943  4.07112e+26 
 130    2.0885476  4.05366e+26 
 131    2.1342808  4.03587e+26 
 132    2.1810155  4.01616e+26 
 133    2.2287735  3.99917e+26 
 134    2.2775773  3.98068e+26 
 135    2.3274497  3.96322e+26 
 136    2.3784142  3.94802e+26 
 137    2.4304947  3.93251e+26 
 138    2.4837156  3.92044e+26 
 139    2.5381019  3.90973e+26 
 140    2.5936791  3.90020e+26 
 141    2.6504733  3.89386e+26 
 142    2.7085111  3.88897e+26 
 143    2.7678198  3.88668e+26 
 144    2.8284271  3.88809e+26 
 145    2.8903616  3.89000e+26 
 146    2.9536523  3.89276e+26 
 147    3.0183289  3.89604e+26 
 148    3.0844217  3.89613e+26 
 149    3.1519617  3.89218e+26 
 150    3.2209807  3.88792e+26 
 151    3.2915110  3.87267e+26 
 152    3.3635857  3.84767e+26 
 153    3.4372386  3.81789e+26 
 154    3.5125043  3.77058e+26 
 155    3.5894182  3.70923e+26 
 156    3.6680162  3.63867e+26 
 157    3.7483353  3.54714e+26 
 158    3.8304131  3.44078e+26 
 159    3.9142882  3.32245e+26 
 160    4.0000000  3.18827e+26 
 161    4.0875886  3.04421e+26 
 162    4.1770951  2.88804e+26 
 163    4.2685616  2.72792e+26 
 164    4.3620309  2.56683e+26 
 165    4.4575470  2.39835e+26 
 166    4.5551545  2.23910e+26 
 167    4.6548994  2.08468e+26 
 168    4.7568285  1.92998e+26 
 169    4.8609894  1.79083e+26 
 170    4.9674312  1.65913e+26 
 171    5.0762038  1.53538e+26 
 172    5.1873582  1.42017e+26 
 173    5.3009466  1.31566e+26 
 174    5.4170222  1.21947e+26 
 175    5.5356395  1.13080e+26 
 176    5.6568542  1.04995e+26 
 177    5.7807232  9.75098e+25 
 178    5.9073046  9.05479e+25 
 179    6.0366577  8.41793e+25 
 180    6.1688433  7.82534e+25 
 181    6.3039234  7.26340e+25 
 182    6.4419613  6.75487e+25 
 183    6.5830219  6.27974e+25 
 184    6.7271713  5.82742e+25 
 185    6.8744772  5.41638e+25 
 186    7.0250086  5.00902e+25 
 187    7.1788363  4.61717e+25 
 188    7.3360323  4.23989e+25 
 189    7.4966705  3.88894e+25 


# K-band (filter: Ks_mosfire.dat)
   0    0.1250000  7.30698e+25 
   1    0.1277371  8.28213e+25 
   2    0.1305342  9.27864e+25 
   3    0.1333926  1.02970e+26 
   4    0.1363135  1.12600e+26 
   5    0.1392983  1.22559e+26 
   6    0.1423486  1.32338e+26 
   7    0.1454656  1.43323e+26 
   8    0.1486509  1.55769e+26 
   9    0.1519059  1.66296e+26 
  10    0.1552322  1.77354e+26 
  11    0.1586314  1.89187e+26 
  12    0.1621049  2.01596e+26 
  13    0.1656546  2.13010e+26 
  14    0.1692819  2.24400e+26 
  15    0.1729887  2.33655e+26 
  16    0.1767767  2.43260e+26 
  17    0.1806476  2.53602e+26 
  18    0.1846033  2.64834e+26 
  19    0.1886456  2.74799e+26 
  20    0.1927764  2.84606e+26 
  21    0.1969976  2.93617e+26 
  22    0.2013113  3.00890e+26 
  23    0.2057194  3.08230e+26 
  24    0.2102241  3.14560e+26 
  25    0.2148274  3.20119e+26 
  26    0.2195315  3.24836e+26 
  27    0.2243386  3.29620e+26 
  28    0.2292510  3.33646e+26 
  29    0.2342710  3.35838e+26 
  30    0.2394008  3.36137e+26 
  31    0.2446430  3.37325e+26 
  32    0.2500000  3.35754e+26 
  33    0.2554743  3.34409e+26 
  34    0.2610684  3.30730e+26 
  35    0.2667851  3.22927e+26 
  36    0.2726269  3.14350e+26 
  37    0.2785967  3.05037e+26 
  38    0.2846972  2.96847e+26 
  39    0.2909312  2.89065e+26 
  40    0.2973018  2.79228e+26 
  41    0.3038118  2.71012e+26 
  42    0.3104645  2.63146e+26 
  43    0.3172627  2.54080e+26 
  44    0.3242099  2.46607e+26 
  45    0.3313092  2.39017e+26 
  46    0.3385639  2.33389e+26 
  47    0.3459775  2.29183e+26 
  48    0.3535534  2.25621e+26 
  49    0.3612952  2.21691e+26 
  50    0.3692065  2.17771e+26 
  51    0.3772911  2.13329e+26 
  52    0.3855527  2.09158e+26 
  53    0.3939952  2.05415e+26 
  54    0.4026226  2.00487e+26 
  55    0.4114389  1.95959e+26 
  56    0.4204482  1.91654e+26 
  57    0.4296548  1.86531e+26 
  58    0.4390630  1.81509e+26 
  59    0.4486773  1.76729e+26 
  60    0.4585020  1.72302e+26 
  61    0.4685419  1.68217e+26 
  62    0.4788016  1.63682e+26 
  63    0.4892860  1.59684e+26 
  64    0.5000000  1.55344e+26 
  65    0.5109486  1.51425e+26 
  66    0.5221369  1.47811e+26 
  67    0.5335702  1.44001e+26 
  68    0.5452539  1.40927e+26 
  69    0.5571934  1.37840e+26 
  70    0.5693943  1.35388e+26 
  71    0.5818624  1.32325e+26 
  72    0.5946036  1.29314e+26 
  73    0.6076237  1.26492e+26 
  74    0.6209289  1.23855e+26 
  75    0.6345255  1.21168e+26 
  76    0.6484198  1.18213e+26 
  77    0.6626183  1.15446e+26 
  78    0.6771278  1.12842e+26 
  79    0.6919549  1.10022e+26 
  80    0.7071068  1.07136e+26 
  81    0.7225904  1.04350e+26 
  82    0.7384131  1.01222e+26 
  83    0.7545822  9.85012e+25 
  84    0.7711054  9.56726e+25 
  85    0.7879904  9.28053e+25 
  86    0.8052452  8.99489e+25 
  87    0.8228777  8.73863e+25 
  88    0.8408964  8.46992e+25 
  89    0.8593096  8.21455e+25 
  90    0.8781261  7.95428e+25 
  91    0.8973545  7.73264e+25 
  92    0.9170040  7.51019e+25 
  93    0.9370838  7.28201e+25 
  94    0.9576033  7.09547e+25 
  95    0.9785721  6.93581e+25 
  96    1.0000000  6.76259e+25 
  97    1.0218971  6.62709e+25 
  98    1.0442738  6.49491e+25 
  99    1.0671404  6.36691e+25 
 100    1.0905077  6.29456e+25 
 101    1.1143867  6.21495e+25 
 102    1.1387886  6.17139e+25 
 103    1.1637249  6.13065e+25 
 104    1.1892071  6.11022e+25 
 105    1.2152474  6.09621e+25 
 106    1.2418578  6.10160e+25 
 107    1.2690510  6.09097e+25 
 108    1.2968396  6.09731e+25 
 109    1.3252366  6.11929e+25 
 110    1.3542555  6.15703e+25 
 111    1.3839099  6.19591e+25 
 112    1.4142136  6.22700e+25 
 113    1.4451808  6.26955e+25 
 114    1.4768261  6.29753e+25 
 115    1.5091644  6.34073e+25 
 116    1.5422108  6.38469e+25 
 117    1.5759808  6.43766e+25 
 118    1.6104903  6.48341e+25 
 119    1.6457555  6.52715e+25 
 120    1.6817928  6.58028e+25 
 121    1.7186193  6.61889e+25 
 122    1.7562522  6.65227e+25 
 123    1.7947091  6.68301e+25 
 124    1.8340081  6.71956e+25 
 125    1.8741676  6.75883e+25 
 126    1.9152066  6.78557e+25 
 127    1.9571441  6.81213e+25 
 128    2.0000000  6.83224e+25 
 129    2.0437943  6.82424e+25 
 130    2.0885476  6.81226e+25 
 131    2.1342808  6.79750e+25 
 132    2.1810155  6.76074e+25 
 133    2.2287735  6.72136e+25 
 134    2.2775773  6.66815e+25 
 135    2.3274497  6.60556e+25 
 136    2.3784142  6.52647e+25 
 137    2.4304947  6.43364e+25 
 138    2.4837156  6.33300e+25 
 139    2.5381019  6.21195e+25 
 140    2.5936791  6.09056e+25 
 141    2.6504733  5.95780e+25 
 142    2.7085111  5.82069e+25 
 143    2.7678198  5.67128e+25 
 144    2.8284271  5.51848e+25 
 145    2.8903616  5.36064e+25 
 146    2.9536523  5.19303e+25 
 147    3.0183289  5.02430e+25 
 148    3.0844217  4.84986e+25 
 149    3.1519617  4.67867e+25 
 150    3.2209807  4.49924e+25 
 151    3.2915110  4.32677e+25 
 152    3.3635857  4.15407e+25 
 153    3.4372386  3.97948e+25 
 154    3.5125043  3.80375e+25 
 155    3.5894182  3.63000e+25 
 156    3.6680162  3.45617e+25 
 157    3.7483353  3.28445e+25 
 158    3.8304131  3.11563e+25 
 159    3.9142882  2.94446e+25 
 160    4.0000000  2.78481e+25 
 161    4.0875886  2.62763e+25 
 162    4.1770951  2.47190e+25 
 163    4.2685616  2.32864e+25 
 164    4.3620309  2.19095e+25 
 165    4.4575470  2.05727e+25 
 166    4.5551545  1.93766e+25 
 167    4.6548994  1.82532e+25 
 168    4.7568285  1.71966e+25 
 169    4.8609894  1.62494e+25 
 170    4.9674312  1.53884e+25 
 171    5.0762038  1.46025e+25 
 172    5.1873582  1.38554e+25 
 173    5.3009466  1.32040e+25 
 174    5.4170222  1.25895e+25 
 175    5.5356395  1.20108e+25 
 176    5.6568542  1.14957e+25 
 177    5.7807232  1.10028e+25 
 178    5.9073046  1.05559e+25 
 179    6.0366577  1.01351e+25 
 180    6.1688433  9.74592e+24 
 181    6.3039234  9.37510e+24 
 182    6.4419613  9.02798e+24 
 183    6.5830219  8.69959e+24 
 184    6.7271713  8.38888e+24 
 185    6.8744772  8.10417e+24 
 186    7.0250086  7.81582e+24 
 187    7.1788363  7.53366e+24 
 188    7.3360323  7.25752e+24 
 189    7.4966705  6.99339e+24 


# S-band (filter: Spitzer_IRAC2.dat)
   0    0.1250000  6.72301e+25 
   1    0.1277371  6.86831e+25 
   2    0.1305342  7.01679e+25 
   3    0.1333926  7.16851e+25 
   4    0.1363135  7.27191e+25 
   5    0.1392983  7.47036e+25 
   6    0.1423486  7.64636e+25 
   7    0.1454656  7.90338e+25 
   8    0.1486509  8.22599e+25 
   9    0.1519059  8.26168e+25 
  10    0.1552322  8.43593e+25 
  11    0.1586314  8.40503e+25 
  12    0.1621049  8.54209e+25 
  13    0.1656546  8.42983e+25 
  14    0.1692819  8.40491e+25 
  15    0.1729887  8.24855e+25 
  16    0.1767767  8.10201e+25 
  17    0.1806476  7.90262e+25 
  18    0.1846033  7.75967e+25 
  19    0.1886456  7.54843e+25 
  20    0.1927764  7.36257e+25 
  21    0.1969976  7.21002e+25 
  22    0.2013113  6.99241e+25 
  23    0.2057194  6.74666e+25 
  24    0.2102241  6.50091e+25 
  25    0.2148274  6.29621e+25 
  26    0.2195315  6.11029e+25 
  27    0.2243386  5.88490e+25 
  28    0.2292510  5.69379e+25 
  29    0.2342710  5.52351e+25 
  30    0.2394008  5.32128e+25 
  31    0.2446430  5.10501e+25 
  32    0.2500000  4.92395e+25 
  33    0.2554743  4.69513e+25 
  34    0.2610684  4.53290e+25 
  35    0.2667851  4.31082e+25 
  36    0.2726269  4.11123e+25 
  37    0.2785967  3.92784e+25 
  38    0.2846972  3.71377e+25 
  39    0.2909312  3.53242e+25 
  40    0.2973018  3.33332e+25 
  41    0.3038118  3.11730e+25 
  42    0.3104645  2.97123e+25 
  43    0.3172627  2.79714e+25 
  44    0.3242099  2.64522e+25 
  45    0.3313092  2.47829e+25 
  46    0.3385639  2.32514e+25 
  47    0.3459775  2.21856e+25 
  48    0.3535534  2.11744e+25 
  49    0.3612952  2.00068e+25 
  50    0.3692065  1.90602e+25 
  51    0.3772911  1.78999e+25 
  52    0.3855527  1.68402e+25 
  53    0.3939952  1.60354e+25 
  54    0.4026226  1.50516e+25 
  55    0.4114389  1.41608e+25 
  56    0.4204482  1.36027e+25 
  57    0.4296548  1.29939e+25 
  58    0.4390630  1.23354e+25 
  59    0.4486773  1.17405e+25 
  60    0.4585020  1.11001e+25 
  61    0.4685419  1.07097e+25 
  62    0.4788016  1.02497e+25 
  63    0.4892860  9.99526e+24 
  64    0.5000000  9.60738e+24 
  65    0.5109486  9.23817e+24 
  66    0.5221369  8.99965e+24 
  67    0.5335702  8.60412e+24 
  68    0.5452539  8.25845e+24 
  69    0.5571934  8.03757e+24 
  70    0.5693943  7.73757e+24 
  71    0.5818624  7.41456e+24 
  72    0.5946036  7.14446e+24 
  73    0.6076237  6.88186e+24 
  74    0.6209289  6.64742e+24 
  75    0.6345255  6.33560e+24 
  76    0.6484198  6.19165e+24 
  77    0.6626183  5.95349e+24 
  78    0.6771278  5.62998e+24 
  79    0.6919549  5.38798e+24 
  80    0.7071068  5.12224e+24 
  81    0.7225904  4.88392e+24 
  82    0.7384131  4.70023e+24 
  83    0.7545822  4.51649e+24 
  84    0.7711054  4.32374e+24 
  85    0.7879904  4.12587e+24 
  86    0.8052452  3.91877e+24 
  87    0.8228777  3.74956e+24 
  88    0.8408964  3.55280e+24 
  89    0.8593096  3.39562e+24 
  90    0.8781261  3.27859e+24 
  91    0.8973545  3.18581e+24 
  92    0.9170040  3.09685e+24 
  93    0.9370838  2.93458e+24 
  94    0.9576033  2.86709e+24 
  95    0.9785721  2.79059e+24 
  96    1.0000000  2.70780e+24 
  97    1.0218971  2.60569e+24 
  98    1.0442738  2.51379e+24 
  99    1.0671404  2.45347e+24 
 100    1.0905077  2.37403e+24 
 101    1.1143867  2.33547e+24 
 102    1.1387886  2.28043e+24 
 103    1.1637249  2.25144e+24 
 104    1.1892071  2.17374e+24 
 105    1.2152474  2.14353e+24 
 106    1.2418578  2.08251e+24 
 107    1.2690510  2.01855e+24 
 108    1.2968396  1.98588e+24 
 109    1.3252366  1.93768e+24 
 110    1.3542555  1.91101e+24 
 111    1.3839099  1.85641e+24 
 112    1.4142136  1.82291e+24 
 113    1.4451808  1.76833e+24 
 114    1.4768261  1.71016e+24 
 115    1.5091644  1.67177e+24 
 116    1.5422108  1.65532e+24 
 117    1.5759808  1.63242e+24 
 118    1.6104903  1.60120e+24 
 119    1.6457555  1.57305e+24 
 120    1.6817928  1.55346e+24 
 121    1.7186193  1.55046e+24 
 122    1.7562522  1.53533e+24 
 123    1.7947091  1.53429e+24 
 124    1.8340081  1.52757e+24 
 125    1.8741676  1.51790e+24 
 126    1.9152066  1.51757e+24 
 127    1.9571441  1.49651e+24 
 128    2.0000000  1.48981e+24 
 129    2.0437943  1.48373e+24 
 130    2.0885476  1.47659e+24 
 131    2.1342808  1.47229e+24 
 132    2.1810155  1.47337e+24 
 133    2.2287735  1.46775e+24 
 134    2.2775773  1.45200e+24 
 135    2.3274497  1.43442e+24 
 136    2.3784142  1.41775e+24 
 137    2.4304947  1.41665e+24 
 138    2.4837156  1.42684e+24 
 139    2.5381019  1.42718e+24 
 140    2.5936791  1.42507e+24 
 141    2.6504733  1.42821e+24 
 142    2.7085111  1.42816e+24 
 143    2.7678198  1.42661e+24 
 144    2.8284271  1.41564e+24 
 145    2.8903616  1.40702e+24 
 146    2.9536523  1.39930e+24 
 147    3.0183289  1.39236e+24 
 148    3.0844217  1.37793e+24 
 149    3.1519617  1.35663e+24 
 150    3.2209807  1.34112e+24 
 151    3.2915110  1.31767e+24 
 152    3.3635857  1.28274e+24 
 153    3.4372386  1.25532e+24 
 154    3.5125043  1.22194e+24 
 155    3.5894182  1.18485e+24 
 156    3.6680162  1.14999e+24 
 157    3.7483353  1.11164e+24 
 158    3.8304131  1.07618e+24 
 159    3.9142882  1.04300e+24 
 160    4.0000000  1.01516e+24 
 161    4.0875886  9.86971e+23 
 162    4.1770951  9.50189e+23 
 163    4.2685616  9.19192e+23 
 164    4.3620309  8.94895e+23 
 165    4.4575470  8.69476e+23 
 166    4.5551545  8.49168e+23 
 167    4.6548994  8.33787e+23 
 168    4.7568285  8.19359e+23 
 169    4.8609894  8.08292e+23 
 170    4.9674312  8.00335e+23 
 171    5.0762038  7.91196e+23 
 172    5.1873582  7.80900e+23 
 173    5.3009466  7.76991e+23 
 174    5.4170222  7.76392e+23 
 175    5.5356395  7.74175e+23 
 176    5.6568542  7.72085e+23 
 177    5.7807232  7.71377e+23 
 178    5.9073046  7.66334e+23 
 179    6.0366577  7.62197e+23 
 180    6.1688433  7.61743e+23 
 181    6.3039234  7.66852e+23 
 182    6.4419613  7.66469e+23 
 183    6.5830219  7.69602e+23 
 184    6.7271713  7.71595e+23 
 185    6.8744772  7.73993e+23 
 186    7.0250086  7.76274e+23 
 187    7.1788363  7.81264e+23 
 188    7.3360323  7.87391e+23 
 189    7.4966705  7.97519e+23 


