# 1:iteration 2:time bin[s] 3-k:AB magnitude for k-th angular bin
# g-band (filter: g_LSST.dat)
   0    0.1250000 -1.38351e+01 
   1    0.1277371 -1.38380e+01 
   2    0.1305342 -1.38410e+01 
   3    0.1333926 -1.38441e+01 
   4    0.1363135 -1.38443e+01 
   5    0.1392983 -1.38440e+01 
   6    0.1423486 -1.38407e+01 
   7    0.1454656 -1.38366e+01 
   8    0.1486509 -1.38295e+01 
   9    0.1519059 -1.38215e+01 
  10    0.1552322 -1.38101e+01 
  11    0.1586314 -1.37981e+01 
  12    0.1621049 -1.37830e+01 
  13    0.1656546 -1.37674e+01 
  14    0.1692819 -1.37515e+01 
  15    0.1729887 -1.37367e+01 
  16    0.1767767 -1.37225e+01 
  17    0.1806476 -1.37098e+01 
  18    0.1846033 -1.37003e+01 
  19    0.1886456 -1.36976e+01 
  20    0.1927764 -1.37052e+01 
  21    0.1969976 -1.37124e+01 
  22    0.2013113 -1.37334e+01 
  23    0.2057194 -1.37546e+01 
  24    0.2102241 -1.37794e+01 
  25    0.2148274 -1.37811e+01 
  26    0.2195315 -1.37727e+01 
  27    0.2243386 -1.37757e+01 
  28    0.2292510 -1.37738e+01 
  29    0.2342710 -1.37808e+01 
  30    0.2394008 -1.37814e+01 
  31    0.2446430 -1.37973e+01 
  32    0.2500000 -1.38118e+01 
  33    0.2554743 -1.38203e+01 
  34    0.2610684 -1.38401e+01 
  35    0.2667851 -1.38648e+01 
  36    0.2726269 -1.38969e+01 
  37    0.2785967 -1.39538e+01 
  38    0.2846972 -1.40193e+01 
  39    0.2909312 -1.40886e+01 
  40    0.2973018 -1.41591e+01 
  41    0.3038118 -1.42159e+01 
  42    0.3104645 -1.42520e+01 
  43    0.3172627 -1.42890e+01 
  44    0.3242099 -1.43085e+01 
  45    0.3313092 -1.43398e+01 
  46    0.3385639 -1.43649e+01 
  47    0.3459775 -1.44029e+01 
  48    0.3535534 -1.44429e+01 
  49    0.3612952 -1.44710e+01 
  50    0.3692065 -1.45159e+01 
  51    0.3772911 -1.45571e+01 
  52    0.3855527 -1.46083e+01 
  53    0.3939952 -1.46635e+01 
  54    0.4026226 -1.47309e+01 
  55    0.4114389 -1.48119e+01 
  56    0.4204482 -1.48935e+01 
  57    0.4296548 -1.49745e+01 
  58    0.4390630 -1.50557e+01 
  59    0.4486773 -1.51355e+01 
  60    0.4585020 -1.52146e+01 
  61    0.4685419 -1.52928e+01 
  62    0.4788016 -1.53706e+01 
  63    0.4892860 -1.54467e+01 
  64    0.5000000 -1.55205e+01 
  65    0.5109486 -1.55943e+01 
  66    0.5221369 -1.56653e+01 
  67    0.5335702 -1.57349e+01 
  68    0.5452539 -1.58023e+01 
  69    0.5571934 -1.58643e+01 
  70    0.5693943 -1.59214e+01 
  71    0.5818624 -1.59759e+01 
  72    0.5946036 -1.60250e+01 
  73    0.6076237 -1.60721e+01 
  74    0.6209289 -1.61163e+01 
  75    0.6345255 -1.61578e+01 
  76    0.6484198 -1.61958e+01 
  77    0.6626183 -1.62300e+01 
  78    0.6771278 -1.62580e+01 
  79    0.6919549 -1.62824e+01 
  80    0.7071068 -1.63042e+01 
  81    0.7225904 -1.63244e+01 
  82    0.7384131 -1.63394e+01 
  83    0.7545822 -1.63512e+01 
  84    0.7711054 -1.63593e+01 
  85    0.7879904 -1.63626e+01 
  86    0.8052452 -1.63608e+01 
  87    0.8228777 -1.63555e+01 
  88    0.8408964 -1.63461e+01 
  89    0.8593096 -1.63351e+01 
  90    0.8781261 -1.63215e+01 
  91    0.8973545 -1.63071e+01 
  92    0.9170040 -1.62909e+01 
  93    0.9370838 -1.62733e+01 
  94    0.9576033 -1.62573e+01 
  95    0.9785721 -1.62420e+01 
  96    1.0000000 -1.62262e+01 
  97    1.0218971 -1.62123e+01 
  98    1.0442738 -1.61989e+01 
  99    1.0671404 -1.61867e+01 
 100    1.0905077 -1.61752e+01 
 101    1.1143867 -1.61638e+01 
 102    1.1387886 -1.61530e+01 
 103    1.1637249 -1.61430e+01 
 104    1.1892071 -1.61329e+01 
 105    1.2152474 -1.61227e+01 
 106    1.2418578 -1.61121e+01 
 107    1.2690510 -1.61011e+01 
 108    1.2968396 -1.60899e+01 
 109    1.3252366 -1.60783e+01 
 110    1.3542555 -1.60666e+01 
 111    1.3839099 -1.60549e+01 
 112    1.4142136 -1.60429e+01 
 113    1.4451808 -1.60309e+01 
 114    1.4768261 -1.60189e+01 
 115    1.5091644 -1.60065e+01 
 116    1.5422108 -1.59934e+01 
 117    1.5759808 -1.59795e+01 
 118    1.6104903 -1.59651e+01 
 119    1.6457555 -1.59489e+01 
 120    1.6817928 -1.59304e+01 
 121    1.7186193 -1.59110e+01 
 122    1.7562522 -1.58876e+01 
 123    1.7947091 -1.58610e+01 
 124    1.8340081 -1.58311e+01 
 125    1.8741676 -1.57983e+01 
 126    1.9152066 -1.57602e+01 
 127    1.9571441 -1.57181e+01 
 128    2.0000000 -1.56725e+01 
 129    2.0437943 -1.56214e+01 
 130    2.0885476 -1.55665e+01 
 131    2.1342808 -1.55079e+01 
 132    2.1810155 -1.54457e+01 
 133    2.2287735 -1.53797e+01 
 134    2.2775773 -1.53103e+01 
 135    2.3274497 -1.52374e+01 
 136    2.3784142 -1.51625e+01 
 137    2.4304947 -1.50848e+01 
 138    2.4837156 -1.50056e+01 
 139    2.5381019 -1.49256e+01 
 140    2.5936791 -1.48440e+01 
 141    2.6504733 -1.47647e+01 
 142    2.7085111 -1.46858e+01 
 143    2.7678198 -1.46059e+01 
 144    2.8284271 -1.45299e+01 
 145    2.8903616 -1.44555e+01 
 146    2.9536523 -1.43835e+01 
 147    3.0183289 -1.43133e+01 
 148    3.0844217 -1.42479e+01 
 149    3.1519617 -1.41857e+01 
 150    3.2209807 -1.41257e+01 
 151    3.2915110 -1.40691e+01 
 152    3.3635857 -1.40143e+01 
 153    3.4372386 -1.39616e+01 
 154    3.5125043 -1.39114e+01 
 155    3.5894182 -1.38615e+01 
 156    3.6680162 -1.38132e+01 
 157    3.7483353 -1.37656e+01 
 158    3.8304131 -1.37184e+01 
 159    3.9142882 -1.36712e+01 
 160    4.0000000 -1.36239e+01 
 161    4.0875886 -1.35758e+01 
 162    4.1770951 -1.35273e+01 
 163    4.2685616 -1.34784e+01 
 164    4.3620309 -1.34292e+01 
 165    4.4575470 -1.33792e+01 
 166    4.5551545 -1.33291e+01 
 167    4.6548994 -1.32790e+01 
 168    4.7568285 -1.32286e+01 
 169    4.8609894 -1.31790e+01 
 170    4.9674312 -1.31290e+01 
 171    5.0762038 -1.30786e+01 
 172    5.1873582 -1.30278e+01 
 173    5.3009466 -1.29788e+01 
 174    5.4170222 -1.29289e+01 
 175    5.5356395 -1.28783e+01 
 176    5.6568542 -1.28264e+01 
 177    5.7807232 -1.27734e+01 
 178    5.9073046 -1.27209e+01 
 179    6.0366577 -1.26693e+01 
 180    6.1688433 -1.26162e+01 
 181    6.3039234 -1.25621e+01 
 182    6.4419613 -1.25099e+01 
 183    6.5830219 -1.24579e+01 
 184    6.7271713 -1.24053e+01 
 185    6.8744772 -1.23539e+01 
 186    7.0250086 -1.23020e+01 
 187    7.1788363 -1.22501e+01 
 188    7.3360323 -1.21989e+01 
 189    7.4966705 -1.21483e+01 


# r-band (filter: r_LSST.dat)
   0    0.1250000 -1.41570e+01 
   1    0.1277371 -1.41730e+01 
   2    0.1305342 -1.41893e+01 
   3    0.1333926 -1.42060e+01 
   4    0.1363135 -1.42153e+01 
   5    0.1392983 -1.42215e+01 
   6    0.1423486 -1.42269e+01 
   7    0.1454656 -1.42312e+01 
   8    0.1486509 -1.42284e+01 
   9    0.1519059 -1.42313e+01 
  10    0.1552322 -1.42331e+01 
  11    0.1586314 -1.42327e+01 
  12    0.1621049 -1.42351e+01 
  13    0.1656546 -1.42466e+01 
  14    0.1692819 -1.42672e+01 
  15    0.1729887 -1.42904e+01 
  16    0.1767767 -1.43185e+01 
  17    0.1806476 -1.43480e+01 
  18    0.1846033 -1.43824e+01 
  19    0.1886456 -1.44258e+01 
  20    0.1927764 -1.44723e+01 
  21    0.1969976 -1.45231e+01 
  22    0.2013113 -1.45774e+01 
  23    0.2057194 -1.46306e+01 
  24    0.2102241 -1.46831e+01 
  25    0.2148274 -1.46955e+01 
  26    0.2195315 -1.46884e+01 
  27    0.2243386 -1.46905e+01 
  28    0.2292510 -1.46840e+01 
  29    0.2342710 -1.46899e+01 
  30    0.2394008 -1.46839e+01 
  31    0.2446430 -1.46988e+01 
  32    0.2500000 -1.47196e+01 
  33    0.2554743 -1.47278e+01 
  34    0.2610684 -1.47557e+01 
  35    0.2667851 -1.47820e+01 
  36    0.2726269 -1.48163e+01 
  37    0.2785967 -1.48836e+01 
  38    0.2846972 -1.49541e+01 
  39    0.2909312 -1.50213e+01 
  40    0.2973018 -1.50862e+01 
  41    0.3038118 -1.51262e+01 
  42    0.3104645 -1.51449e+01 
  43    0.3172627 -1.51584e+01 
  44    0.3242099 -1.51569e+01 
  45    0.3313092 -1.51682e+01 
  46    0.3385639 -1.51686e+01 
  47    0.3459775 -1.51897e+01 
  48    0.3535534 -1.52098e+01 
  49    0.3612952 -1.52217e+01 
  50    0.3692065 -1.52450e+01 
  51    0.3772911 -1.52670e+01 
  52    0.3855527 -1.53030e+01 
  53    0.3939952 -1.53384e+01 
  54    0.4026226 -1.53840e+01 
  55    0.4114389 -1.54403e+01 
  56    0.4204482 -1.54910e+01 
  57    0.4296548 -1.55354e+01 
  58    0.4390630 -1.55745e+01 
  59    0.4486773 -1.56083e+01 
  60    0.4585020 -1.56392e+01 
  61    0.4685419 -1.56668e+01 
  62    0.4788016 -1.56910e+01 
  63    0.4892860 -1.57138e+01 
  64    0.5000000 -1.57353e+01 
  65    0.5109486 -1.57550e+01 
  66    0.5221369 -1.57733e+01 
  67    0.5335702 -1.57903e+01 
  68    0.5452539 -1.58073e+01 
  69    0.5571934 -1.58234e+01 
  70    0.5693943 -1.58376e+01 
  71    0.5818624 -1.58508e+01 
  72    0.5946036 -1.58636e+01 
  73    0.6076237 -1.58771e+01 
  74    0.6209289 -1.58903e+01 
  75    0.6345255 -1.59040e+01 
  76    0.6484198 -1.59151e+01 
  77    0.6626183 -1.59260e+01 
  78    0.6771278 -1.59343e+01 
  79    0.6919549 -1.59409e+01 
  80    0.7071068 -1.59469e+01 
  81    0.7225904 -1.59517e+01 
  82    0.7384131 -1.59531e+01 
  83    0.7545822 -1.59519e+01 
  84    0.7711054 -1.59481e+01 
  85    0.7879904 -1.59406e+01 
  86    0.8052452 -1.59290e+01 
  87    0.8228777 -1.59154e+01 
  88    0.8408964 -1.58993e+01 
  89    0.8593096 -1.58826e+01 
  90    0.8781261 -1.58634e+01 
  91    0.8973545 -1.58450e+01 
  92    0.9170040 -1.58253e+01 
  93    0.9370838 -1.58051e+01 
  94    0.9576033 -1.57881e+01 
  95    0.9785721 -1.57721e+01 
  96    1.0000000 -1.57566e+01 
  97    1.0218971 -1.57429e+01 
  98    1.0442738 -1.57297e+01 
  99    1.0671404 -1.57177e+01 
 100    1.0905077 -1.57050e+01 
 101    1.1143867 -1.56920e+01 
 102    1.1387886 -1.56793e+01 
 103    1.1637249 -1.56666e+01 
 104    1.1892071 -1.56529e+01 
 105    1.2152474 -1.56387e+01 
 106    1.2418578 -1.56231e+01 
 107    1.2690510 -1.56079e+01 
 108    1.2968396 -1.55921e+01 
 109    1.3252366 -1.55759e+01 
 110    1.3542555 -1.55614e+01 
 111    1.3839099 -1.55478e+01 
 112    1.4142136 -1.55344e+01 
 113    1.4451808 -1.55231e+01 
 114    1.4768261 -1.55128e+01 
 115    1.5091644 -1.55036e+01 
 116    1.5422108 -1.54953e+01 
 117    1.5759808 -1.54869e+01 
 118    1.6104903 -1.54791e+01 
 119    1.6457555 -1.54693e+01 
 120    1.6817928 -1.54581e+01 
 121    1.7186193 -1.54461e+01 
 122    1.7562522 -1.54290e+01 
 123    1.7947091 -1.54083e+01 
 124    1.8340081 -1.53838e+01 
 125    1.8741676 -1.53559e+01 
 126    1.9152066 -1.53211e+01 
 127    1.9571441 -1.52813e+01 
 128    2.0000000 -1.52373e+01 
 129    2.0437943 -1.51875e+01 
 130    2.0885476 -1.51329e+01 
 131    2.1342808 -1.50741e+01 
 132    2.1810155 -1.50118e+01 
 133    2.2287735 -1.49474e+01 
 134    2.2775773 -1.48792e+01 
 135    2.3274497 -1.48114e+01 
 136    2.3784142 -1.47437e+01 
 137    2.4304947 -1.46749e+01 
 138    2.4837156 -1.46096e+01 
 139    2.5381019 -1.45464e+01 
 140    2.5936791 -1.44836e+01 
 141    2.6504733 -1.44262e+01 
 142    2.7085111 -1.43715e+01 
 143    2.7678198 -1.43188e+01 
 144    2.8284271 -1.42707e+01 
 145    2.8903616 -1.42255e+01 
 146    2.9536523 -1.41832e+01 
 147    3.0183289 -1.41435e+01 
 148    3.0844217 -1.41062e+01 
 149    3.1519617 -1.40704e+01 
 150    3.2209807 -1.40363e+01 
 151    3.2915110 -1.40029e+01 
 152    3.3635857 -1.39694e+01 
 153    3.4372386 -1.39361e+01 
 154    3.5125043 -1.39015e+01 
 155    3.5894182 -1.38662e+01 
 156    3.6680162 -1.38302e+01 
 157    3.7483353 -1.37919e+01 
 158    3.8304131 -1.37524e+01 
 159    3.9142882 -1.37113e+01 
 160    4.0000000 -1.36686e+01 
 161    4.0875886 -1.36242e+01 
 162    4.1770951 -1.35781e+01 
 163    4.2685616 -1.35306e+01 
 164    4.3620309 -1.34823e+01 
 165    4.4575470 -1.34331e+01 
 166    4.5551545 -1.33850e+01 
 167    4.6548994 -1.33370e+01 
 168    4.7568285 -1.32880e+01 
 169    4.8609894 -1.32403e+01 
 170    4.9674312 -1.31923e+01 
 171    5.0762038 -1.31440e+01 
 172    5.1873582 -1.30964e+01 
 173    5.3009466 -1.30495e+01 
 174    5.4170222 -1.30025e+01 
 175    5.5356395 -1.29557e+01 
 176    5.6568542 -1.29091e+01 
 177    5.7807232 -1.28628e+01 
 178    5.9073046 -1.28161e+01 
 179    6.0366577 -1.27697e+01 
 180    6.1688433 -1.27235e+01 
 181    6.3039234 -1.26770e+01 
 182    6.4419613 -1.26317e+01 
 183    6.5830219 -1.25869e+01 
 184    6.7271713 -1.25418e+01 
 185    6.8744772 -1.24976e+01 
 186    7.0250086 -1.24526e+01 
 187    7.1788363 -1.24076e+01 
 188    7.3360323 -1.23624e+01 
 189    7.4966705 -1.23177e+01 


# i-band (filter: i_LSST.dat)
   0    0.1250000 -1.38719e+01 
   1    0.1277371 -1.38953e+01 
   2    0.1305342 -1.39192e+01 
   3    0.1333926 -1.39436e+01 
   4    0.1363135 -1.39537e+01 
   5    0.1392983 -1.39629e+01 
   6    0.1423486 -1.39634e+01 
   7    0.1454656 -1.39703e+01 
   8    0.1486509 -1.39640e+01 
   9    0.1519059 -1.39622e+01 
  10    0.1552322 -1.39560e+01 
  11    0.1586314 -1.39440e+01 
  12    0.1621049 -1.39362e+01 
  13    0.1656546 -1.39276e+01 
  14    0.1692819 -1.39312e+01 
  15    0.1729887 -1.39359e+01 
  16    0.1767767 -1.39391e+01 
  17    0.1806476 -1.39450e+01 
  18    0.1846033 -1.39521e+01 
  19    0.1886456 -1.39586e+01 
  20    0.1927764 -1.39677e+01 
  21    0.1969976 -1.39777e+01 
  22    0.2013113 -1.39912e+01 
  23    0.2057194 -1.40096e+01 
  24    0.2102241 -1.40277e+01 
  25    0.2148274 -1.40446e+01 
  26    0.2195315 -1.40421e+01 
  27    0.2243386 -1.40368e+01 
  28    0.2292510 -1.40120e+01 
  29    0.2342710 -1.39949e+01 
  30    0.2394008 -1.39776e+01 
  31    0.2446430 -1.39677e+01 
  32    0.2500000 -1.39648e+01 
  33    0.2554743 -1.39547e+01 
  34    0.2610684 -1.39618e+01 
  35    0.2667851 -1.39686e+01 
  36    0.2726269 -1.39771e+01 
  37    0.2785967 -1.40002e+01 
  38    0.2846972 -1.40339e+01 
  39    0.2909312 -1.40861e+01 
  40    0.2973018 -1.41469e+01 
  41    0.3038118 -1.42082e+01 
  42    0.3104645 -1.42686e+01 
  43    0.3172627 -1.43294e+01 
  44    0.3242099 -1.43752e+01 
  45    0.3313092 -1.44081e+01 
  46    0.3385639 -1.44408e+01 
  47    0.3459775 -1.44679e+01 
  48    0.3535534 -1.45024e+01 
  49    0.3612952 -1.45309e+01 
  50    0.3692065 -1.45663e+01 
  51    0.3772911 -1.46023e+01 
  52    0.3855527 -1.46309e+01 
  53    0.3939952 -1.46658e+01 
  54    0.4026226 -1.46984e+01 
  55    0.4114389 -1.47404e+01 
  56    0.4204482 -1.47836e+01 
  57    0.4296548 -1.48331e+01 
  58    0.4390630 -1.48887e+01 
  59    0.4486773 -1.49416e+01 
  60    0.4585020 -1.49927e+01 
  61    0.4685419 -1.50393e+01 
  62    0.4788016 -1.50858e+01 
  63    0.4892860 -1.51266e+01 
  64    0.5000000 -1.51639e+01 
  65    0.5109486 -1.52000e+01 
  66    0.5221369 -1.52305e+01 
  67    0.5335702 -1.52574e+01 
  68    0.5452539 -1.52820e+01 
  69    0.5571934 -1.53027e+01 
  70    0.5693943 -1.53212e+01 
  71    0.5818624 -1.53348e+01 
  72    0.5946036 -1.53433e+01 
  73    0.6076237 -1.53453e+01 
  74    0.6209289 -1.53448e+01 
  75    0.6345255 -1.53349e+01 
  76    0.6484198 -1.53224e+01 
  77    0.6626183 -1.53072e+01 
  78    0.6771278 -1.52839e+01 
  79    0.6919549 -1.52538e+01 
  80    0.7071068 -1.52187e+01 
  81    0.7225904 -1.51772e+01 
  82    0.7384131 -1.51270e+01 
  83    0.7545822 -1.50705e+01 
  84    0.7711054 -1.50103e+01 
  85    0.7879904 -1.49458e+01 
  86    0.8052452 -1.48775e+01 
  87    0.8228777 -1.48068e+01 
  88    0.8408964 -1.47394e+01 
  89    0.8593096 -1.46726e+01 
  90    0.8781261 -1.46043e+01 
  91    0.8973545 -1.45458e+01 
  92    0.9170040 -1.44938e+01 
  93    0.9370838 -1.44443e+01 
  94    0.9576033 -1.44079e+01 
  95    0.9785721 -1.43783e+01 
  96    1.0000000 -1.43543e+01 
  97    1.0218971 -1.43371e+01 
  98    1.0442738 -1.43247e+01 
  99    1.0671404 -1.43176e+01 
 100    1.0905077 -1.43114e+01 
 101    1.1143867 -1.43077e+01 
 102    1.1387886 -1.43073e+01 
 103    1.1637249 -1.43076e+01 
 104    1.1892071 -1.43067e+01 
 105    1.2152474 -1.43047e+01 
 106    1.2418578 -1.43013e+01 
 107    1.2690510 -1.42961e+01 
 108    1.2968396 -1.42898e+01 
 109    1.3252366 -1.42836e+01 
 110    1.3542555 -1.42759e+01 
 111    1.3839099 -1.42672e+01 
 112    1.4142136 -1.42579e+01 
 113    1.4451808 -1.42469e+01 
 114    1.4768261 -1.42333e+01 
 115    1.5091644 -1.42191e+01 
 116    1.5422108 -1.42022e+01 
 117    1.5759808 -1.41826e+01 
 118    1.6104903 -1.41612e+01 
 119    1.6457555 -1.41339e+01 
 120    1.6817928 -1.41021e+01 
 121    1.7186193 -1.40679e+01 
 122    1.7562522 -1.40256e+01 
 123    1.7947091 -1.39772e+01 
 124    1.8340081 -1.39231e+01 
 125    1.8741676 -1.38638e+01 
 126    1.9152066 -1.37961e+01 
 127    1.9571441 -1.37211e+01 
 128    2.0000000 -1.36403e+01 
 129    2.0437943 -1.35526e+01 
 130    2.0885476 -1.34600e+01 
 131    2.1342808 -1.33626e+01 
 132    2.1810155 -1.32649e+01 
 133    2.2287735 -1.31672e+01 
 134    2.2775773 -1.30665e+01 
 135    2.3274497 -1.29738e+01 
 136    2.3784142 -1.28859e+01 
 137    2.4304947 -1.27999e+01 
 138    2.4837156 -1.27274e+01 
 139    2.5381019 -1.26642e+01 
 140    2.5936791 -1.26072e+01 
 141    2.6504733 -1.25658e+01 
 142    2.7085111 -1.25349e+01 
 143    2.7678198 -1.25118e+01 
 144    2.8284271 -1.25006e+01 
 145    2.8903616 -1.24976e+01 
 146    2.9536523 -1.25001e+01 
 147    3.0183289 -1.25107e+01 
 148    3.0844217 -1.25243e+01 
 149    3.1519617 -1.25407e+01 
 150    3.2209807 -1.25610e+01 
 151    3.2915110 -1.25793e+01 
 152    3.3635857 -1.25955e+01 
 153    3.4372386 -1.26120e+01 
 154    3.5125043 -1.26226e+01 
 155    3.5894182 -1.26294e+01 
 156    3.6680162 -1.26338e+01 
 157    3.7483353 -1.26310e+01 
 158    3.8304131 -1.26248e+01 
 159    3.9142882 -1.26148e+01 
 160    4.0000000 -1.25995e+01 
 161    4.0875886 -1.25809e+01 
 162    4.1770951 -1.25584e+01 
 163    4.2685616 -1.25345e+01 
 164    4.3620309 -1.25091e+01 
 165    4.4575470 -1.24816e+01 
 166    4.5551545 -1.24547e+01 
 167    4.6548994 -1.24275e+01 
 168    4.7568285 -1.23991e+01 
 169    4.8609894 -1.23717e+01 
 170    4.9674312 -1.23446e+01 
 171    5.0762038 -1.23176e+01 
 172    5.1873582 -1.22913e+01 
 173    5.3009466 -1.22653e+01 
 174    5.4170222 -1.22395e+01 
 175    5.5356395 -1.22133e+01 
 176    5.6568542 -1.21864e+01 
 177    5.7807232 -1.21583e+01 
 178    5.9073046 -1.21295e+01 
 179    6.0366577 -1.20993e+01 
 180    6.1688433 -1.20677e+01 
 181    6.3039234 -1.20350e+01 
 182    6.4419613 -1.20005e+01 
 183    6.5830219 -1.19650e+01 
 184    6.7271713 -1.19284e+01 
 185    6.8744772 -1.18917e+01 
 186    7.0250086 -1.18528e+01 
 187    7.1788363 -1.18126e+01 
 188    7.3360323 -1.17715e+01 
 189    7.4966705 -1.17298e+01 


# z-band (filter: z_LSST.dat)
   0    0.1250000 -1.37287e+01 
   1    0.1277371 -1.37441e+01 
   2    0.1305342 -1.37598e+01 
   3    0.1333926 -1.37758e+01 
   4    0.1363135 -1.37820e+01 
   5    0.1392983 -1.37840e+01 
   6    0.1423486 -1.37838e+01 
   7    0.1454656 -1.37855e+01 
   8    0.1486509 -1.37777e+01 
   9    0.1519059 -1.37667e+01 
  10    0.1552322 -1.37582e+01 
  11    0.1586314 -1.37391e+01 
  12    0.1621049 -1.37190e+01 
  13    0.1656546 -1.36956e+01 
  14    0.1692819 -1.36793e+01 
  15    0.1729887 -1.36644e+01 
  16    0.1767767 -1.36413e+01 
  17    0.1806476 -1.36222e+01 
  18    0.1846033 -1.35967e+01 
  19    0.1886456 -1.35690e+01 
  20    0.1927764 -1.35416e+01 
  21    0.1969976 -1.35140e+01 
  22    0.2013113 -1.34823e+01 
  23    0.2057194 -1.34585e+01 
  24    0.2102241 -1.34351e+01 
  25    0.2148274 -1.34135e+01 
  26    0.2195315 -1.33857e+01 
  27    0.2243386 -1.33580e+01 
  28    0.2292510 -1.33232e+01 
  29    0.2342710 -1.32813e+01 
  30    0.2394008 -1.32450e+01 
  31    0.2446430 -1.32046e+01 
  32    0.2500000 -1.31696e+01 
  33    0.2554743 -1.31279e+01 
  34    0.2610684 -1.31013e+01 
  35    0.2667851 -1.30704e+01 
  36    0.2726269 -1.30457e+01 
  37    0.2785967 -1.30220e+01 
  38    0.2846972 -1.30164e+01 
  39    0.2909312 -1.30239e+01 
  40    0.2973018 -1.30396e+01 
  41    0.3038118 -1.30667e+01 
  42    0.3104645 -1.31040e+01 
  43    0.3172627 -1.31483e+01 
  44    0.3242099 -1.31932e+01 
  45    0.3313092 -1.32360e+01 
  46    0.3385639 -1.32881e+01 
  47    0.3459775 -1.33345e+01 
  48    0.3535534 -1.33915e+01 
  49    0.3612952 -1.34484e+01 
  50    0.3692065 -1.35124e+01 
  51    0.3772911 -1.35797e+01 
  52    0.3855527 -1.36465e+01 
  53    0.3939952 -1.37243e+01 
  54    0.4026226 -1.38029e+01 
  55    0.4114389 -1.38882e+01 
  56    0.4204482 -1.39788e+01 
  57    0.4296548 -1.40778e+01 
  58    0.4390630 -1.41846e+01 
  59    0.4486773 -1.42974e+01 
  60    0.4585020 -1.44047e+01 
  61    0.4685419 -1.45112e+01 
  62    0.4788016 -1.46170e+01 
  63    0.4892860 -1.47124e+01 
  64    0.5000000 -1.47999e+01 
  65    0.5109486 -1.48840e+01 
  66    0.5221369 -1.49532e+01 
  67    0.5335702 -1.50154e+01 
  68    0.5452539 -1.50696e+01 
  69    0.5571934 -1.51118e+01 
  70    0.5693943 -1.51443e+01 
  71    0.5818624 -1.51665e+01 
  72    0.5946036 -1.51778e+01 
  73    0.6076237 -1.51786e+01 
  74    0.6209289 -1.51734e+01 
  75    0.6345255 -1.51574e+01 
  76    0.6484198 -1.51367e+01 
  77    0.6626183 -1.51108e+01 
  78    0.6771278 -1.50755e+01 
  79    0.6919549 -1.50323e+01 
  80    0.7071068 -1.49844e+01 
  81    0.7225904 -1.49303e+01 
  82    0.7384131 -1.48683e+01 
  83    0.7545822 -1.48020e+01 
  84    0.7711054 -1.47322e+01 
  85    0.7879904 -1.46604e+01 
  86    0.8052452 -1.45849e+01 
  87    0.8228777 -1.45075e+01 
  88    0.8408964 -1.44337e+01 
  89    0.8593096 -1.43615e+01 
  90    0.8781261 -1.42892e+01 
  91    0.8973545 -1.42241e+01 
  92    0.9170040 -1.41637e+01 
  93    0.9370838 -1.41054e+01 
  94    0.9576033 -1.40554e+01 
  95    0.9785721 -1.40103e+01 
  96    1.0000000 -1.39693e+01 
  97    1.0218971 -1.39337e+01 
  98    1.0442738 -1.39023e+01 
  99    1.0671404 -1.38726e+01 
 100    1.0905077 -1.38443e+01 
 101    1.1143867 -1.38188e+01 
 102    1.1387886 -1.37944e+01 
 103    1.1637249 -1.37706e+01 
 104    1.1892071 -1.37449e+01 
 105    1.2152474 -1.37201e+01 
 106    1.2418578 -1.36953e+01 
 107    1.2690510 -1.36713e+01 
 108    1.2968396 -1.36471e+01 
 109    1.3252366 -1.36233e+01 
 110    1.3542555 -1.36011e+01 
 111    1.3839099 -1.35806e+01 
 112    1.4142136 -1.35597e+01 
 113    1.4451808 -1.35395e+01 
 114    1.4768261 -1.35203e+01 
 115    1.5091644 -1.35034e+01 
 116    1.5422108 -1.34884e+01 
 117    1.5759808 -1.34754e+01 
 118    1.6104903 -1.34617e+01 
 119    1.6457555 -1.34491e+01 
 120    1.6817928 -1.34360e+01 
 121    1.7186193 -1.34226e+01 
 122    1.7562522 -1.34067e+01 
 123    1.7947091 -1.33888e+01 
 124    1.8340081 -1.33685e+01 
 125    1.8741676 -1.33481e+01 
 126    1.9152066 -1.33224e+01 
 127    1.9571441 -1.32938e+01 
 128    2.0000000 -1.32625e+01 
 129    2.0437943 -1.32261e+01 
 130    2.0885476 -1.31866e+01 
 131    2.1342808 -1.31439e+01 
 132    2.1810155 -1.30972e+01 
 133    2.2287735 -1.30490e+01 
 134    2.2775773 -1.29976e+01 
 135    2.3274497 -1.29449e+01 
 136    2.3784142 -1.28900e+01 
 137    2.4304947 -1.28335e+01 
 138    2.4837156 -1.27764e+01 
 139    2.5381019 -1.27180e+01 
 140    2.5936791 -1.26581e+01 
 141    2.6504733 -1.25975e+01 
 142    2.7085111 -1.25386e+01 
 143    2.7678198 -1.24789e+01 
 144    2.8284271 -1.24226e+01 
 145    2.8903616 -1.23703e+01 
 146    2.9536523 -1.23212e+01 
 147    3.0183289 -1.22732e+01 
 148    3.0844217 -1.22310e+01 
 149    3.1519617 -1.21934e+01 
 150    3.2209807 -1.21600e+01 
 151    3.2915110 -1.21340e+01 
 152    3.3635857 -1.21141e+01 
 153    3.4372386 -1.20986e+01 
 154    3.5125043 -1.20885e+01 
 155    3.5894182 -1.20837e+01 
 156    3.6680162 -1.20829e+01 
 157    3.7483353 -1.20848e+01 
 158    3.8304131 -1.20893e+01 
 159    3.9142882 -1.20964e+01 
 160    4.0000000 -1.21034e+01 
 161    4.0875886 -1.21088e+01 
 162    4.1770951 -1.21140e+01 
 163    4.2685616 -1.21140e+01 
 164    4.3620309 -1.21092e+01 
 165    4.4575470 -1.21030e+01 
 166    4.5551545 -1.20890e+01 
 167    4.6548994 -1.20708e+01 
 168    4.7568285 -1.20492e+01 
 169    4.8609894 -1.20224e+01 
 170    4.9674312 -1.19914e+01 
 171    5.0762038 -1.19569e+01 
 172    5.1873582 -1.19185e+01 
 173    5.3009466 -1.18785e+01 
 174    5.4170222 -1.18370e+01 
 175    5.5356395 -1.17932e+01 
 176    5.6568542 -1.17505e+01 
 177    5.7807232 -1.17068e+01 
 178    5.9073046 -1.16619e+01 
 179    6.0366577 -1.16160e+01 
 180    6.1688433 -1.15687e+01 
 181    6.3039234 -1.15213e+01 
 182    6.4419613 -1.14717e+01 
 183    6.5830219 -1.14212e+01 
 184    6.7271713 -1.13691e+01 
 185    6.8744772 -1.13155e+01 
 186    7.0250086 -1.12607e+01 
 187    7.1788363 -1.12039e+01 
 188    7.3360323 -1.11451e+01 
 189    7.4966705 -1.10845e+01 


# y-band (filter: y_LSST.dat)
   0    0.1250000 -1.40085e+01 
   1    0.1277371 -1.40568e+01 
   2    0.1305342 -1.41062e+01 
   3    0.1333926 -1.41566e+01 
   4    0.1363135 -1.41684e+01 
   5    0.1392983 -1.41813e+01 
   6    0.1423486 -1.41936e+01 
   7    0.1454656 -1.42041e+01 
   8    0.1486509 -1.42026e+01 
   9    0.1519059 -1.42087e+01 
  10    0.1552322 -1.42131e+01 
  11    0.1586314 -1.42076e+01 
  12    0.1621049 -1.42085e+01 
  13    0.1656546 -1.42075e+01 
  14    0.1692819 -1.42229e+01 
  15    0.1729887 -1.42571e+01 
  16    0.1767767 -1.42950e+01 
  17    0.1806476 -1.43317e+01 
  18    0.1846033 -1.43713e+01 
  19    0.1886456 -1.44099e+01 
  20    0.1927764 -1.44491e+01 
  21    0.1969976 -1.44907e+01 
  22    0.2013113 -1.45337e+01 
  23    0.2057194 -1.45780e+01 
  24    0.2102241 -1.46233e+01 
  25    0.2148274 -1.46684e+01 
  26    0.2195315 -1.46983e+01 
  27    0.2243386 -1.47211e+01 
  28    0.2292510 -1.47097e+01 
  29    0.2342710 -1.46982e+01 
  30    0.2394008 -1.46866e+01 
  31    0.2446430 -1.46686e+01 
  32    0.2500000 -1.46553e+01 
  33    0.2554743 -1.46258e+01 
  34    0.2610684 -1.46048e+01 
  35    0.2667851 -1.45832e+01 
  36    0.2726269 -1.45629e+01 
  37    0.2785967 -1.45440e+01 
  38    0.2846972 -1.45345e+01 
  39    0.2909312 -1.45429e+01 
  40    0.2973018 -1.45625e+01 
  41    0.3038118 -1.45895e+01 
  42    0.3104645 -1.46177e+01 
  43    0.3172627 -1.46508e+01 
  44    0.3242099 -1.46725e+01 
  45    0.3313092 -1.46918e+01 
  46    0.3385639 -1.47124e+01 
  47    0.3459775 -1.47281e+01 
  48    0.3535534 -1.47476e+01 
  49    0.3612952 -1.47627e+01 
  50    0.3692065 -1.47870e+01 
  51    0.3772911 -1.48116e+01 
  52    0.3855527 -1.48315e+01 
  53    0.3939952 -1.48588e+01 
  54    0.4026226 -1.48863e+01 
  55    0.4114389 -1.49167e+01 
  56    0.4204482 -1.49524e+01 
  57    0.4296548 -1.49921e+01 
  58    0.4390630 -1.50403e+01 
  59    0.4486773 -1.50858e+01 
  60    0.4585020 -1.51283e+01 
  61    0.4685419 -1.51675e+01 
  62    0.4788016 -1.52054e+01 
  63    0.4892860 -1.52369e+01 
  64    0.5000000 -1.52622e+01 
  65    0.5109486 -1.52830e+01 
  66    0.5221369 -1.52947e+01 
  67    0.5335702 -1.53028e+01 
  68    0.5452539 -1.53058e+01 
  69    0.5571934 -1.53005e+01 
  70    0.5693943 -1.52885e+01 
  71    0.5818624 -1.52713e+01 
  72    0.5946036 -1.52468e+01 
  73    0.6076237 -1.52160e+01 
  74    0.6209289 -1.51823e+01 
  75    0.6345255 -1.51424e+01 
  76    0.6484198 -1.51001e+01 
  77    0.6626183 -1.50538e+01 
  78    0.6771278 -1.50026e+01 
  79    0.6919549 -1.49466e+01 
  80    0.7071068 -1.48882e+01 
  81    0.7225904 -1.48264e+01 
  82    0.7384131 -1.47632e+01 
  83    0.7545822 -1.46982e+01 
  84    0.7711054 -1.46326e+01 
  85    0.7879904 -1.45707e+01 
  86    0.8052452 -1.45095e+01 
  87    0.8228777 -1.44464e+01 
  88    0.8408964 -1.43917e+01 
  89    0.8593096 -1.43402e+01 
  90    0.8781261 -1.42903e+01 
  91    0.8973545 -1.42481e+01 
  92    0.9170040 -1.42104e+01 
  93    0.9370838 -1.41768e+01 
  94    0.9576033 -1.41503e+01 
  95    0.9785721 -1.41288e+01 
  96    1.0000000 -1.41112e+01 
  97    1.0218971 -1.40980e+01 
  98    1.0442738 -1.40874e+01 
  99    1.0671404 -1.40807e+01 
 100    1.0905077 -1.40747e+01 
 101    1.1143867 -1.40707e+01 
 102    1.1387886 -1.40700e+01 
 103    1.1637249 -1.40705e+01 
 104    1.1892071 -1.40696e+01 
 105    1.2152474 -1.40693e+01 
 106    1.2418578 -1.40689e+01 
 107    1.2690510 -1.40668e+01 
 108    1.2968396 -1.40639e+01 
 109    1.3252366 -1.40610e+01 
 110    1.3542555 -1.40566e+01 
 111    1.3839099 -1.40512e+01 
 112    1.4142136 -1.40450e+01 
 113    1.4451808 -1.40377e+01 
 114    1.4768261 -1.40300e+01 
 115    1.5091644 -1.40214e+01 
 116    1.5422108 -1.40138e+01 
 117    1.5759808 -1.40055e+01 
 118    1.6104903 -1.39974e+01 
 119    1.6457555 -1.39903e+01 
 120    1.6817928 -1.39838e+01 
 121    1.7186193 -1.39777e+01 
 122    1.7562522 -1.39724e+01 
 123    1.7947091 -1.39681e+01 
 124    1.8340081 -1.39637e+01 
 125    1.8741676 -1.39600e+01 
 126    1.9152066 -1.39551e+01 
 127    1.9571441 -1.39495e+01 
 128    2.0000000 -1.39442e+01 
 129    2.0437943 -1.39372e+01 
 130    2.0885476 -1.39298e+01 
 131    2.1342808 -1.39211e+01 
 132    2.1810155 -1.39111e+01 
 133    2.2287735 -1.38992e+01 
 134    2.2775773 -1.38856e+01 
 135    2.3274497 -1.38707e+01 
 136    2.3784142 -1.38535e+01 
 137    2.4304947 -1.38355e+01 
 138    2.4837156 -1.38155e+01 
 139    2.5381019 -1.37928e+01 
 140    2.5936791 -1.37682e+01 
 141    2.6504733 -1.37392e+01 
 142    2.7085111 -1.37070e+01 
 143    2.7678198 -1.36722e+01 
 144    2.8284271 -1.36319e+01 
 145    2.8903616 -1.35900e+01 
 146    2.9536523 -1.35458e+01 
 147    3.0183289 -1.34977e+01 
 148    3.0844217 -1.34480e+01 
 149    3.1519617 -1.33960e+01 
 150    3.2209807 -1.33422e+01 
 151    3.2915110 -1.32882e+01 
 152    3.3635857 -1.32334e+01 
 153    3.4372386 -1.31784e+01 
 154    3.5125043 -1.31240e+01 
 155    3.5894182 -1.30704e+01 
 156    3.6680162 -1.30172e+01 
 157    3.7483353 -1.29651e+01 
 158    3.8304131 -1.29129e+01 
 159    3.9142882 -1.28612e+01 
 160    4.0000000 -1.28099e+01 
 161    4.0875886 -1.27580e+01 
 162    4.1770951 -1.27056e+01 
 163    4.2685616 -1.26520e+01 
 164    4.3620309 -1.25975e+01 
 165    4.4575470 -1.25422e+01 
 166    4.5551545 -1.24840e+01 
 167    4.6548994 -1.24238e+01 
 168    4.7568285 -1.23617e+01 
 169    4.8609894 -1.22976e+01 
 170    4.9674312 -1.22331e+01 
 171    5.0762038 -1.21683e+01 
 172    5.1873582 -1.21013e+01 
 173    5.3009466 -1.20362e+01 
 174    5.4170222 -1.19700e+01 
 175    5.5356395 -1.19037e+01 
 176    5.6568542 -1.18373e+01 
 177    5.7807232 -1.17714e+01 
 178    5.9073046 -1.17064e+01 
 179    6.0366577 -1.16417e+01 
 180    6.1688433 -1.15789e+01 
 181    6.3039234 -1.15165e+01 
 182    6.4419613 -1.14548e+01 
 183    6.5830219 -1.13948e+01 
 184    6.7271713 -1.13351e+01 
 185    6.8744772 -1.12769e+01 
 186    7.0250086 -1.12183e+01 
 187    7.1788363 -1.11588e+01 
 188    7.3360323 -1.11002e+01 
 189    7.4966705 -1.10435e+01 


# J-band (filter: J_2MASS.dat)
   0    0.1250000 -1.40433e+01 
   1    0.1277371 -1.41080e+01 
   2    0.1305342 -1.41740e+01 
   3    0.1333926 -1.42416e+01 
   4    0.1363135 -1.42638e+01 
   5    0.1392983 -1.42918e+01 
   6    0.1423486 -1.43119e+01 
   7    0.1454656 -1.43414e+01 
   8    0.1486509 -1.43526e+01 
   9    0.1519059 -1.43806e+01 
  10    0.1552322 -1.44080e+01 
  11    0.1586314 -1.44254e+01 
  12    0.1621049 -1.44503e+01 
  13    0.1656546 -1.44739e+01 
  14    0.1692819 -1.45095e+01 
  15    0.1729887 -1.45737e+01 
  16    0.1767767 -1.46385e+01 
  17    0.1806476 -1.47031e+01 
  18    0.1846033 -1.47702e+01 
  19    0.1886456 -1.48348e+01 
  20    0.1927764 -1.48964e+01 
  21    0.1969976 -1.49556e+01 
  22    0.2013113 -1.50149e+01 
  23    0.2057194 -1.50702e+01 
  24    0.2102241 -1.51238e+01 
  25    0.2148274 -1.51688e+01 
  26    0.2195315 -1.52047e+01 
  27    0.2243386 -1.52290e+01 
  28    0.2292510 -1.52306e+01 
  29    0.2342710 -1.52343e+01 
  30    0.2394008 -1.52330e+01 
  31    0.2446430 -1.52351e+01 
  32    0.2500000 -1.52403e+01 
  33    0.2554743 -1.52363e+01 
  34    0.2610684 -1.52377e+01 
  35    0.2667851 -1.52390e+01 
  36    0.2726269 -1.52361e+01 
  37    0.2785967 -1.52395e+01 
  38    0.2846972 -1.52411e+01 
  39    0.2909312 -1.52576e+01 
  40    0.2973018 -1.52751e+01 
  41    0.3038118 -1.52907e+01 
  42    0.3104645 -1.53029e+01 
  43    0.3172627 -1.53116e+01 
  44    0.3242099 -1.53102e+01 
  45    0.3313092 -1.53040e+01 
  46    0.3385639 -1.52964e+01 
  47    0.3459775 -1.52835e+01 
  48    0.3535534 -1.52724e+01 
  49    0.3612952 -1.52587e+01 
  50    0.3692065 -1.52474e+01 
  51    0.3772911 -1.52336e+01 
  52    0.3855527 -1.52186e+01 
  53    0.3939952 -1.52031e+01 
  54    0.4026226 -1.51875e+01 
  55    0.4114389 -1.51746e+01 
  56    0.4204482 -1.51609e+01 
  57    0.4296548 -1.51506e+01 
  58    0.4390630 -1.51394e+01 
  59    0.4486773 -1.51296e+01 
  60    0.4585020 -1.51176e+01 
  61    0.4685419 -1.51047e+01 
  62    0.4788016 -1.50908e+01 
  63    0.4892860 -1.50766e+01 
  64    0.5000000 -1.50616e+01 
  65    0.5109486 -1.50460e+01 
  66    0.5221369 -1.50288e+01 
  67    0.5335702 -1.50110e+01 
  68    0.5452539 -1.49937e+01 
  69    0.5571934 -1.49754e+01 
  70    0.5693943 -1.49548e+01 
  71    0.5818624 -1.49322e+01 
  72    0.5946036 -1.49070e+01 
  73    0.6076237 -1.48785e+01 
  74    0.6209289 -1.48489e+01 
  75    0.6345255 -1.48149e+01 
  76    0.6484198 -1.47798e+01 
  77    0.6626183 -1.47425e+01 
  78    0.6771278 -1.47008e+01 
  79    0.6919549 -1.46543e+01 
  80    0.7071068 -1.46054e+01 
  81    0.7225904 -1.45536e+01 
  82    0.7384131 -1.44994e+01 
  83    0.7545822 -1.44434e+01 
  84    0.7711054 -1.43863e+01 
  85    0.7879904 -1.43305e+01 
  86    0.8052452 -1.42742e+01 
  87    0.8228777 -1.42161e+01 
  88    0.8408964 -1.41625e+01 
  89    0.8593096 -1.41106e+01 
  90    0.8781261 -1.40595e+01 
  91    0.8973545 -1.40136e+01 
  92    0.9170040 -1.39713e+01 
  93    0.9370838 -1.39322e+01 
  94    0.9576033 -1.39005e+01 
  95    0.9785721 -1.38733e+01 
  96    1.0000000 -1.38476e+01 
  97    1.0218971 -1.38271e+01 
  98    1.0442738 -1.38112e+01 
  99    1.0671404 -1.37978e+01 
 100    1.0905077 -1.37879e+01 
 101    1.1143867 -1.37807e+01 
 102    1.1387886 -1.37772e+01 
 103    1.1637249 -1.37753e+01 
 104    1.1892071 -1.37762e+01 
 105    1.2152474 -1.37793e+01 
 106    1.2418578 -1.37827e+01 
 107    1.2690510 -1.37885e+01 
 108    1.2968396 -1.37966e+01 
 109    1.3252366 -1.38059e+01 
 110    1.3542555 -1.38167e+01 
 111    1.3839099 -1.38291e+01 
 112    1.4142136 -1.38427e+01 
 113    1.4451808 -1.38575e+01 
 114    1.4768261 -1.38732e+01 
 115    1.5091644 -1.38902e+01 
 116    1.5422108 -1.39071e+01 
 117    1.5759808 -1.39233e+01 
 118    1.6104903 -1.39406e+01 
 119    1.6457555 -1.39564e+01 
 120    1.6817928 -1.39718e+01 
 121    1.7186193 -1.39869e+01 
 122    1.7562522 -1.40015e+01 
 123    1.7947091 -1.40138e+01 
 124    1.8340081 -1.40255e+01 
 125    1.8741676 -1.40359e+01 
 126    1.9152066 -1.40445e+01 
 127    1.9571441 -1.40525e+01 
 128    2.0000000 -1.40595e+01 
 129    2.0437943 -1.40659e+01 
 130    2.0885476 -1.40720e+01 
 131    2.1342808 -1.40774e+01 
 132    2.1810155 -1.40828e+01 
 133    2.2287735 -1.40872e+01 
 134    2.2775773 -1.40916e+01 
 135    2.3274497 -1.40966e+01 
 136    2.3784142 -1.41016e+01 
 137    2.4304947 -1.41070e+01 
 138    2.4837156 -1.41135e+01 
 139    2.5381019 -1.41203e+01 
 140    2.5936791 -1.41274e+01 
 141    2.6504733 -1.41354e+01 
 142    2.7085111 -1.41437e+01 
 143    2.7678198 -1.41523e+01 
 144    2.8284271 -1.41609e+01 
 145    2.8903616 -1.41688e+01 
 146    2.9536523 -1.41757e+01 
 147    3.0183289 -1.41826e+01 
 148    3.0844217 -1.41869e+01 
 149    3.1519617 -1.41889e+01 
 150    3.2209807 -1.41896e+01 
 151    3.2915110 -1.41862e+01 
 152    3.3635857 -1.41803e+01 
 153    3.4372386 -1.41716e+01 
 154    3.5125043 -1.41590e+01 
 155    3.5894182 -1.41434e+01 
 156    3.6680162 -1.41252e+01 
 157    3.7483353 -1.41042e+01 
 158    3.8304131 -1.40811e+01 
 159    3.9142882 -1.40552e+01 
 160    4.0000000 -1.40279e+01 
 161    4.0875886 -1.39994e+01 
 162    4.1770951 -1.39696e+01 
 163    4.2685616 -1.39392e+01 
 164    4.3620309 -1.39078e+01 
 165    4.4575470 -1.38759e+01 
 166    4.5551545 -1.38441e+01 
 167    4.6548994 -1.38117e+01 
 168    4.7568285 -1.37784e+01 
 169    4.8609894 -1.37445e+01 
 170    4.9674312 -1.37094e+01 
 171    5.0762038 -1.36735e+01 
 172    5.1873582 -1.36372e+01 
 173    5.3009466 -1.35996e+01 
 174    5.4170222 -1.35608e+01 
 175    5.5356395 -1.35216e+01 
 176    5.6568542 -1.34823e+01 
 177    5.7807232 -1.34438e+01 
 178    5.9073046 -1.34040e+01 
 179    6.0366577 -1.33660e+01 
 180    6.1688433 -1.33283e+01 
 181    6.3039234 -1.32905e+01 
 182    6.4419613 -1.32543e+01 
 183    6.5830219 -1.32180e+01 
 184    6.7271713 -1.31819e+01 
 185    6.8744772 -1.31454e+01 
 186    7.0250086 -1.31089e+01 
 187    7.1788363 -1.30728e+01 
 188    7.3360323 -1.30362e+01 
 189    7.4966705 -1.29986e+01 


# H-band (filter: H_2MASS.dat)
   0    0.1250000 -1.50394e+01 
   1    0.1277371 -1.50693e+01 
   2    0.1305342 -1.51000e+01 
   3    0.1333926 -1.51313e+01 
   4    0.1363135 -1.51282e+01 
   5    0.1392983 -1.51296e+01 
   6    0.1423486 -1.51246e+01 
   7    0.1454656 -1.51254e+01 
   8    0.1486509 -1.51118e+01 
   9    0.1519059 -1.51048e+01 
  10    0.1552322 -1.50937e+01 
  11    0.1586314 -1.50768e+01 
  12    0.1621049 -1.50649e+01 
  13    0.1656546 -1.50499e+01 
  14    0.1692819 -1.50428e+01 
  15    0.1729887 -1.50614e+01 
  16    0.1767767 -1.50723e+01 
  17    0.1806476 -1.50800e+01 
  18    0.1846033 -1.50897e+01 
  19    0.1886456 -1.50922e+01 
  20    0.1927764 -1.50923e+01 
  21    0.1969976 -1.50903e+01 
  22    0.2013113 -1.50915e+01 
  23    0.2057194 -1.50849e+01 
  24    0.2102241 -1.50774e+01 
  25    0.2148274 -1.50674e+01 
  26    0.2195315 -1.50453e+01 
  27    0.2243386 -1.50196e+01 
  28    0.2292510 -1.49862e+01 
  29    0.2342710 -1.49533e+01 
  30    0.2394008 -1.49182e+01 
  31    0.2446430 -1.48886e+01 
  32    0.2500000 -1.48583e+01 
  33    0.2554743 -1.48225e+01 
  34    0.2610684 -1.47895e+01 
  35    0.2667851 -1.47566e+01 
  36    0.2726269 -1.47188e+01 
  37    0.2785967 -1.46893e+01 
  38    0.2846972 -1.46620e+01 
  39    0.2909312 -1.46361e+01 
  40    0.2973018 -1.46109e+01 
  41    0.3038118 -1.45896e+01 
  42    0.3104645 -1.45630e+01 
  43    0.3172627 -1.45325e+01 
  44    0.3242099 -1.45020e+01 
  45    0.3313092 -1.44740e+01 
  46    0.3385639 -1.44419e+01 
  47    0.3459775 -1.44131e+01 
  48    0.3535534 -1.43850e+01 
  49    0.3612952 -1.43551e+01 
  50    0.3692065 -1.43298e+01 
  51    0.3772911 -1.43057e+01 
  52    0.3855527 -1.42818e+01 
  53    0.3939952 -1.42573e+01 
  54    0.4026226 -1.42343e+01 
  55    0.4114389 -1.42132e+01 
  56    0.4204482 -1.41909e+01 
  57    0.4296548 -1.41699e+01 
  58    0.4390630 -1.41501e+01 
  59    0.4486773 -1.41313e+01 
  60    0.4585020 -1.41139e+01 
  61    0.4685419 -1.40939e+01 
  62    0.4788016 -1.40734e+01 
  63    0.4892860 -1.40572e+01 
  64    0.5000000 -1.40411e+01 
  65    0.5109486 -1.40230e+01 
  66    0.5221369 -1.40065e+01 
  67    0.5335702 -1.39925e+01 
  68    0.5452539 -1.39802e+01 
  69    0.5571934 -1.39681e+01 
  70    0.5693943 -1.39557e+01 
  71    0.5818624 -1.39437e+01 
  72    0.5946036 -1.39329e+01 
  73    0.6076237 -1.39215e+01 
  74    0.6209289 -1.39127e+01 
  75    0.6345255 -1.39031e+01 
  76    0.6484198 -1.38963e+01 
  77    0.6626183 -1.38903e+01 
  78    0.6771278 -1.38854e+01 
  79    0.6919549 -1.38806e+01 
  80    0.7071068 -1.38750e+01 
  81    0.7225904 -1.38716e+01 
  82    0.7384131 -1.38680e+01 
  83    0.7545822 -1.38614e+01 
  84    0.7711054 -1.38549e+01 
  85    0.7879904 -1.38447e+01 
  86    0.8052452 -1.38309e+01 
  87    0.8228777 -1.38157e+01 
  88    0.8408964 -1.37955e+01 
  89    0.8593096 -1.37719e+01 
  90    0.8781261 -1.37452e+01 
  91    0.8973545 -1.37161e+01 
  92    0.9170040 -1.36837e+01 
  93    0.9370838 -1.36468e+01 
  94    0.9576033 -1.36063e+01 
  95    0.9785721 -1.35647e+01 
  96    1.0000000 -1.35206e+01 
  97    1.0218971 -1.34763e+01 
  98    1.0442738 -1.34308e+01 
  99    1.0671404 -1.33838e+01 
 100    1.0905077 -1.33367e+01 
 101    1.1143867 -1.32894e+01 
 102    1.1387886 -1.32425e+01 
 103    1.1637249 -1.31956e+01 
 104    1.1892071 -1.31506e+01 
 105    1.2152474 -1.31092e+01 
 106    1.2418578 -1.30679e+01 
 107    1.2690510 -1.30318e+01 
 108    1.2968396 -1.29986e+01 
 109    1.3252366 -1.29676e+01 
 110    1.3542555 -1.29422e+01 
 111    1.3839099 -1.29194e+01 
 112    1.4142136 -1.28994e+01 
 113    1.4451808 -1.28838e+01 
 114    1.4768261 -1.28719e+01 
 115    1.5091644 -1.28622e+01 
 116    1.5422108 -1.28555e+01 
 117    1.5759808 -1.28506e+01 
 118    1.6104903 -1.28453e+01 
 119    1.6457555 -1.28406e+01 
 120    1.6817928 -1.28375e+01 
 121    1.7186193 -1.28334e+01 
 122    1.7562522 -1.28265e+01 
 123    1.7947091 -1.28187e+01 
 124    1.8340081 -1.28102e+01 
 125    1.8741676 -1.28005e+01 
 126    1.9152066 -1.27880e+01 
 127    1.9571441 -1.27743e+01 
 128    2.0000000 -1.27585e+01 
 129    2.0437943 -1.27419e+01 
 130    2.0885476 -1.27250e+01 
 131    2.1342808 -1.27057e+01 
 132    2.1810155 -1.26866e+01 
 133    2.2287735 -1.26679e+01 
 134    2.2775773 -1.26495e+01 
 135    2.3274497 -1.26342e+01 
 136    2.3784142 -1.26209e+01 
 137    2.4304947 -1.26079e+01 
 138    2.4837156 -1.26006e+01 
 139    2.5381019 -1.25967e+01 
 140    2.5936791 -1.25948e+01 
 141    2.6504733 -1.25994e+01 
 142    2.7085111 -1.26101e+01 
 143    2.7678198 -1.26240e+01 
 144    2.8284271 -1.26432e+01 
 145    2.8903616 -1.26674e+01 
 146    2.9536523 -1.26953e+01 
 147    3.0183289 -1.27268e+01 
 148    3.0844217 -1.27603e+01 
 149    3.1519617 -1.27975e+01 
 150    3.2209807 -1.28369e+01 
 151    3.2915110 -1.28768e+01 
 152    3.3635857 -1.29184e+01 
 153    3.4372386 -1.29599e+01 
 154    3.5125043 -1.30008e+01 
 155    3.5894182 -1.30417e+01 
 156    3.6680162 -1.30820e+01 
 157    3.7483353 -1.31189e+01 
 158    3.8304131 -1.31545e+01 
 159    3.9142882 -1.31886e+01 
 160    4.0000000 -1.32173e+01 
 161    4.0875886 -1.32410e+01 
 162    4.1770951 -1.32629e+01 
 163    4.2685616 -1.32757e+01 
 164    4.3620309 -1.32823e+01 
 165    4.4575470 -1.32850e+01 
 166    4.5551545 -1.32777e+01 
 167    4.6548994 -1.32647e+01 
 168    4.7568285 -1.32468e+01 
 169    4.8609894 -1.32219e+01 
 170    4.9674312 -1.31920e+01 
 171    5.0762038 -1.31575e+01 
 172    5.1873582 -1.31179e+01 
 173    5.3009466 -1.30758e+01 
 174    5.4170222 -1.30312e+01 
 175    5.5356395 -1.29834e+01 
 176    5.6568542 -1.29341e+01 
 177    5.7807232 -1.28832e+01 
 178    5.9073046 -1.28311e+01 
 179    6.0366577 -1.27763e+01 
 180    6.1688433 -1.27195e+01 
 181    6.3039234 -1.26618e+01 
 182    6.4419613 -1.26000e+01 
 183    6.5830219 -1.25355e+01 
 184    6.7271713 -1.24694e+01 
 185    6.8744772 -1.24014e+01 
 186    7.0250086 -1.23317e+01 
 187    7.1788363 -1.22592e+01 
 188    7.3360323 -1.21840e+01 
 189    7.4966705 -1.21059e+01 


# K-band (filter: Ks_mosfire.dat)
   0    0.1250000 -1.46762e+01 
   1    0.1277371 -1.47000e+01 
   2    0.1305342 -1.47243e+01 
   3    0.1333926 -1.47491e+01 
   4    0.1363135 -1.47456e+01 
   5    0.1392983 -1.47444e+01 
   6    0.1423486 -1.47404e+01 
   7    0.1454656 -1.47401e+01 
   8    0.1486509 -1.47267e+01 
   9    0.1519059 -1.47215e+01 
  10    0.1552322 -1.47120e+01 
  11    0.1586314 -1.46951e+01 
  12    0.1621049 -1.46717e+01 
  13    0.1656546 -1.46518e+01 
  14    0.1692819 -1.46400e+01 
  15    0.1729887 -1.46352e+01 
  16    0.1767767 -1.46327e+01 
  17    0.1806476 -1.46248e+01 
  18    0.1846033 -1.46146e+01 
  19    0.1886456 -1.45995e+01 
  20    0.1927764 -1.45895e+01 
  21    0.1969976 -1.45715e+01 
  22    0.2013113 -1.45536e+01 
  23    0.2057194 -1.45311e+01 
  24    0.2102241 -1.45138e+01 
  25    0.2148274 -1.44885e+01 
  26    0.2195315 -1.44630e+01 
  27    0.2243386 -1.44312e+01 
  28    0.2292510 -1.43865e+01 
  29    0.2342710 -1.43448e+01 
  30    0.2394008 -1.43041e+01 
  31    0.2446430 -1.42722e+01 
  32    0.2500000 -1.42286e+01 
  33    0.2554743 -1.41863e+01 
  34    0.2610684 -1.41438e+01 
  35    0.2667851 -1.41028e+01 
  36    0.2726269 -1.40547e+01 
  37    0.2785967 -1.40095e+01 
  38    0.2846972 -1.39644e+01 
  39    0.2909312 -1.39287e+01 
  40    0.2973018 -1.38863e+01 
  41    0.3038118 -1.38432e+01 
  42    0.3104645 -1.37985e+01 
  43    0.3172627 -1.37531e+01 
  44    0.3242099 -1.37102e+01 
  45    0.3313092 -1.36609e+01 
  46    0.3385639 -1.36152e+01 
  47    0.3459775 -1.35702e+01 
  48    0.3535534 -1.35259e+01 
  49    0.3612952 -1.34835e+01 
  50    0.3692065 -1.34405e+01 
  51    0.3772911 -1.33945e+01 
  52    0.3855527 -1.33513e+01 
  53    0.3939952 -1.33140e+01 
  54    0.4026226 -1.32752e+01 
  55    0.4114389 -1.32387e+01 
  56    0.4204482 -1.32047e+01 
  57    0.4296548 -1.31717e+01 
  58    0.4390630 -1.31344e+01 
  59    0.4486773 -1.31018e+01 
  60    0.4585020 -1.30660e+01 
  61    0.4685419 -1.30293e+01 
  62    0.4788016 -1.29956e+01 
  63    0.4892860 -1.29629e+01 
  64    0.5000000 -1.29312e+01 
  65    0.5109486 -1.28942e+01 
  66    0.5221369 -1.28584e+01 
  67    0.5335702 -1.28219e+01 
  68    0.5452539 -1.27886e+01 
  69    0.5571934 -1.27509e+01 
  70    0.5693943 -1.27182e+01 
  71    0.5818624 -1.26809e+01 
  72    0.5946036 -1.26368e+01 
  73    0.6076237 -1.25980e+01 
  74    0.6209289 -1.25581e+01 
  75    0.6345255 -1.25131e+01 
  76    0.6484198 -1.24701e+01 
  77    0.6626183 -1.24288e+01 
  78    0.6771278 -1.23852e+01 
  79    0.6919549 -1.23444e+01 
  80    0.7071068 -1.23077e+01 
  81    0.7225904 -1.22697e+01 
  82    0.7384131 -1.22317e+01 
  83    0.7545822 -1.21985e+01 
  84    0.7711054 -1.21684e+01 
  85    0.7879904 -1.21384e+01 
  86    0.8052452 -1.21127e+01 
  87    0.8228777 -1.20891e+01 
  88    0.8408964 -1.20752e+01 
  89    0.8593096 -1.20640e+01 
  90    0.8781261 -1.20535e+01 
  91    0.8973545 -1.20416e+01 
  92    0.9170040 -1.20311e+01 
  93    0.9370838 -1.20283e+01 
  94    0.9576033 -1.20267e+01 
  95    0.9785721 -1.20261e+01 
  96    1.0000000 -1.20289e+01 
  97    1.0218971 -1.20307e+01 
  98    1.0442738 -1.20336e+01 
  99    1.0671404 -1.20357e+01 
 100    1.0905077 -1.20352e+01 
 101    1.1143867 -1.20323e+01 
 102    1.1387886 -1.20266e+01 
 103    1.1637249 -1.20265e+01 
 104    1.1892071 -1.20235e+01 
 105    1.2152474 -1.20136e+01 
 106    1.2418578 -1.20041e+01 
 107    1.2690510 -1.19884e+01 
 108    1.2968396 -1.19753e+01 
 109    1.3252366 -1.19582e+01 
 110    1.3542555 -1.19383e+01 
 111    1.3839099 -1.19156e+01 
 112    1.4142136 -1.18946e+01 
 113    1.4451808 -1.18716e+01 
 114    1.4768261 -1.18472e+01 
 115    1.5091644 -1.18187e+01 
 116    1.5422108 -1.17901e+01 
 117    1.5759808 -1.17663e+01 
 118    1.6104903 -1.17371e+01 
 119    1.6457555 -1.17153e+01 
 120    1.6817928 -1.16913e+01 
 121    1.7186193 -1.16673e+01 
 122    1.7562522 -1.16476e+01 
 123    1.7947091 -1.16309e+01 
 124    1.8340081 -1.16119e+01 
 125    1.8741676 -1.15969e+01 
 126    1.9152066 -1.15792e+01 
 127    1.9571441 -1.15649e+01 
 128    2.0000000 -1.15492e+01 
 129    2.0437943 -1.15328e+01 
 130    2.0885476 -1.15184e+01 
 131    2.1342808 -1.15009e+01 
 132    2.1810155 -1.14836e+01 
 133    2.2287735 -1.14663e+01 
 134    2.2775773 -1.14484e+01 
 135    2.3274497 -1.14295e+01 
 136    2.3784142 -1.14099e+01 
 137    2.4304947 -1.13886e+01 
 138    2.4837156 -1.13678e+01 
 139    2.5381019 -1.13486e+01 
 140    2.5936791 -1.13295e+01 
 141    2.6504733 -1.13118e+01 
 142    2.7085111 -1.12937e+01 
 143    2.7678198 -1.12750e+01 
 144    2.8284271 -1.12549e+01 
 145    2.8903616 -1.12358e+01 
 146    2.9536523 -1.12197e+01 
 147    3.0183289 -1.12033e+01 
 148    3.0844217 -1.11912e+01 
 149    3.1519617 -1.11830e+01 
 150    3.2209807 -1.11747e+01 
 151    3.2915110 -1.11693e+01 
 152    3.3635857 -1.11681e+01 
 153    3.4372386 -1.11678e+01 
 154    3.5125043 -1.11723e+01 
 155    3.5894182 -1.11809e+01 
 156    3.6680162 -1.11919e+01 
 157    3.7483353 -1.12003e+01 
 158    3.8304131 -1.12049e+01 
 159    3.9142882 -1.12111e+01 
 160    4.0000000 -1.12057e+01 
 161    4.0875886 -1.11951e+01 
 162    4.1770951 -1.11830e+01 
 163    4.2685616 -1.11612e+01 
 164    4.3620309 -1.11348e+01 
 165    4.4575470 -1.11020e+01 
 166    4.5551545 -1.10636e+01 
 167    4.6548994 -1.10219e+01 
 168    4.7568285 -1.09731e+01 
 169    4.8609894 -1.09221e+01 
 170    4.9674312 -1.08689e+01 
 171    5.0762038 -1.08128e+01 
 172    5.1873582 -1.07554e+01 
 173    5.3009466 -1.06963e+01 
 174    5.4170222 -1.06379e+01 
 175    5.5356395 -1.05796e+01 
 176    5.6568542 -1.05229e+01 
 177    5.7807232 -1.04665e+01 
 178    5.9073046 -1.04096e+01 
 179    6.0366577 -1.03538e+01 
 180    6.1688433 -1.02983e+01 
 181    6.3039234 -1.02432e+01 
 182    6.4419613 -1.01899e+01 
 183    6.5830219 -1.01393e+01 
 184    6.7271713 -1.00897e+01 
 185    6.8744772 -1.00462e+01 
 186    7.0250086 -9.99856e+00 
 187    7.1788363 -9.95114e+00 
 188    7.3360323 -9.90420e+00 
 189    7.4966705 -9.85919e+00 


# S-band (filter: Spitzer_IRAC2.dat)
   0    0.1250000 -1.28855e+01 
   1    0.1277371 -1.28732e+01 
   2    0.1305342 -1.28606e+01 
   3    0.1333926 -1.28478e+01 
   4    0.1363135 -1.28214e+01 
   5    0.1392983 -1.27978e+01 
   6    0.1423486 -1.27881e+01 
   7    0.1454656 -1.27609e+01 
   8    0.1486509 -1.27380e+01 
   9    0.1519059 -1.27219e+01 
  10    0.1552322 -1.26773e+01 
  11    0.1586314 -1.26389e+01 
  12    0.1621049 -1.25817e+01 
  13    0.1656546 -1.25429e+01 
  14    0.1692819 -1.25099e+01 
  15    0.1729887 -1.24802e+01 
  16    0.1767767 -1.24291e+01 
  17    0.1806476 -1.23885e+01 
  18    0.1846033 -1.23350e+01 
  19    0.1886456 -1.22831e+01 
  20    0.1927764 -1.21967e+01 
  21    0.1969976 -1.21395e+01 
  22    0.2013113 -1.20902e+01 
  23    0.2057194 -1.20492e+01 
  24    0.2102241 -1.19941e+01 
  25    0.2148274 -1.19517e+01 
  26    0.2195315 -1.18660e+01 
  27    0.2243386 -1.17974e+01 
  28    0.2292510 -1.17495e+01 
  29    0.2342710 -1.17047e+01 
  30    0.2394008 -1.16385e+01 
  31    0.2446430 -1.15931e+01 
  32    0.2500000 -1.15690e+01 
  33    0.2554743 -1.15133e+01 
  34    0.2610684 -1.14532e+01 
  35    0.2667851 -1.13818e+01 
  36    0.2726269 -1.12963e+01 
  37    0.2785967 -1.12272e+01 
  38    0.2846972 -1.11757e+01 
  39    0.2909312 -1.11070e+01 
  40    0.2973018 -1.10237e+01 
  41    0.3038118 -1.09322e+01 
  42    0.3104645 -1.08622e+01 
  43    0.3172627 -1.07844e+01 
  44    0.3242099 -1.07258e+01 
  45    0.3313092 -1.06529e+01 
  46    0.3385639 -1.05905e+01 
  47    0.3459775 -1.05251e+01 
  48    0.3535534 -1.04756e+01 
  49    0.3612952 -1.04189e+01 
  50    0.3692065 -1.03637e+01 
  51    0.3772911 -1.03138e+01 
  52    0.3855527 -1.02579e+01 
  53    0.3939952 -1.02264e+01 
  54    0.4026226 -1.01645e+01 
  55    0.4114389 -1.00824e+01 
  56    0.4204482 -1.00185e+01 
  57    0.4296548 -9.94960e+00 
  58    0.4390630 -9.88008e+00 
  59    0.4486773 -9.80219e+00 
  60    0.4585020 -9.77077e+00 
  61    0.4685419 -9.70112e+00 
  62    0.4788016 -9.62595e+00 
  63    0.4892860 -9.49639e+00 
  64    0.5000000 -9.40277e+00 
  65    0.5109486 -9.32168e+00 
  66    0.5221369 -9.22367e+00 
  67    0.5335702 -9.07832e+00 
  68    0.5452539 -8.98440e+00 
  69    0.5571934 -8.86962e+00 
  70    0.5693943 -8.78718e+00 
  71    0.5818624 -8.67672e+00 
  72    0.5946036 -8.55658e+00 
  73    0.6076237 -8.44671e+00 
  74    0.6209289 -8.33572e+00 
  75    0.6345255 -8.24856e+00 
  76    0.6484198 -8.17627e+00 
  77    0.6626183 -8.09014e+00 
  78    0.6771278 -7.92942e+00 
  79    0.6919549 -7.90865e+00 
  80    0.7071068 -7.82752e+00 
  81    0.7225904 -7.74167e+00 
  82    0.7384131 -7.65671e+00 
  83    0.7545822 -7.61441e+00 
  84    0.7711054 -7.56856e+00 
  85    0.7879904 -7.53473e+00 
  86    0.8052452 -7.48532e+00 
  87    0.8228777 -7.44000e+00 
  88    0.8408964 -7.37401e+00 
  89    0.8593096 -7.34053e+00 
  90    0.8781261 -7.37077e+00 
  91    0.8973545 -7.31544e+00 
  92    0.9170040 -7.27953e+00 
  93    0.9370838 -7.26553e+00 
  94    0.9576033 -7.24466e+00 
  95    0.9785721 -7.20949e+00 
  96    1.0000000 -7.19029e+00 
  97    1.0218971 -7.12001e+00 
  98    1.0442738 -7.09500e+00 
  99    1.0671404 -7.06850e+00 
 100    1.0905077 -7.05968e+00 
 101    1.1143867 -6.99926e+00 
 102    1.1387886 -6.96453e+00 
 103    1.1637249 -6.94593e+00 
 104    1.1892071 -6.90329e+00 
 105    1.2152474 -6.89673e+00 
 106    1.2418578 -6.89646e+00 
 107    1.2690510 -6.87994e+00 
 108    1.2968396 -6.86600e+00 
 109    1.3252366 -6.90896e+00 
 110    1.3542555 -6.91417e+00 
 111    1.3839099 -6.87139e+00 
 112    1.4142136 -6.85950e+00 
 113    1.4451808 -6.88203e+00 
 114    1.4768261 -6.86514e+00 
 115    1.5091644 -6.84546e+00 
 116    1.5422108 -6.87527e+00 
 117    1.5759808 -6.86073e+00 
 118    1.6104903 -6.84188e+00 
 119    1.6457555 -6.86791e+00 
 120    1.6817928 -6.86751e+00 
 121    1.7186193 -6.85925e+00 
 122    1.7562522 -6.87636e+00 
 123    1.7947091 -6.89566e+00 
 124    1.8340081 -6.89833e+00 
 125    1.8741676 -6.90505e+00 
 126    1.9152066 -6.91418e+00 
 127    1.9571441 -6.90967e+00 
 128    2.0000000 -6.90902e+00 
 129    2.0437943 -6.91201e+00 
 130    2.0885476 -6.91906e+00 
 131    2.1342808 -6.90084e+00 
 132    2.1810155 -6.90620e+00 
 133    2.2287735 -6.91298e+00 
 134    2.2775773 -6.92196e+00 
 135    2.3274497 -6.95715e+00 
 136    2.3784142 -6.97231e+00 
 137    2.4304947 -6.99214e+00 
 138    2.4837156 -6.99738e+00 
 139    2.5381019 -7.00857e+00 
 140    2.5936791 -7.03909e+00 
 141    2.6504733 -7.04623e+00 
 142    2.7085111 -7.07847e+00 
 143    2.7678198 -7.09611e+00 
 144    2.8284271 -7.11995e+00 
 145    2.8903616 -7.13270e+00 
 146    2.9536523 -7.13942e+00 
 147    3.0183289 -7.14194e+00 
 148    3.0844217 -7.14989e+00 
 149    3.1519617 -7.17599e+00 
 150    3.2209807 -7.19416e+00 
 151    3.2915110 -7.21855e+00 
 152    3.3635857 -7.23671e+00 
 153    3.4372386 -7.24502e+00 
 154    3.5125043 -7.23562e+00 
 155    3.5894182 -7.23838e+00 
 156    3.6680162 -7.22403e+00 
 157    3.7483353 -7.22492e+00 
 158    3.8304131 -7.22156e+00 
 159    3.9142882 -7.21914e+00 
 160    4.0000000 -7.21526e+00 
 161    4.0875886 -7.19674e+00 
 162    4.1770951 -7.18004e+00 
 163    4.2685616 -7.14495e+00 
 164    4.3620309 -7.11368e+00 
 165    4.4575470 -7.09436e+00 
 166    4.5551545 -7.08665e+00 
 167    4.6548994 -7.06431e+00 
 168    4.7568285 -7.04717e+00 
 169    4.8609894 -7.02733e+00 
 170    4.9674312 -6.99493e+00 
 171    5.0762038 -6.96595e+00 
 172    5.1873582 -6.93632e+00 
 173    5.3009466 -6.91882e+00 
 174    5.4170222 -6.89584e+00 
 175    5.5356395 -6.87054e+00 
 176    5.6568542 -6.84244e+00 
 177    5.7807232 -6.80290e+00 
 178    5.9073046 -6.76431e+00 
 179    6.0366577 -6.74243e+00 
 180    6.1688433 -6.70565e+00 
 181    6.3039234 -6.67370e+00 
 182    6.4419613 -6.64054e+00 
 183    6.5830219 -6.62677e+00 
 184    6.7271713 -6.60020e+00 
 185    6.8744772 -6.56403e+00 
 186    7.0250086 -6.53548e+00 
 187    7.1788363 -6.51319e+00 
 188    7.3360323 -6.49190e+00 
 189    7.4966705 -6.47006e+00 


