# 1:iteration 2:time bin[s] 3-k:AB magnitude for k-th angular bin
# g-band (filter: g_LSST.dat)
   0    0.1250000 -1.48292e+01 
   1    0.1277371 -1.48342e+01 
   2    0.1305342 -1.48393e+01 
   3    0.1333926 -1.48446e+01 
   4    0.1363135 -1.48478e+01 
   5    0.1392983 -1.48500e+01 
   6    0.1423486 -1.48504e+01 
   7    0.1454656 -1.48494e+01 
   8    0.1486509 -1.48477e+01 
   9    0.1519059 -1.48443e+01 
  10    0.1552322 -1.48394e+01 
  11    0.1586314 -1.48338e+01 
  12    0.1621049 -1.48264e+01 
  13    0.1656546 -1.48179e+01 
  14    0.1692819 -1.48084e+01 
  15    0.1729887 -1.47985e+01 
  16    0.1767767 -1.47866e+01 
  17    0.1806476 -1.47747e+01 
  18    0.1846033 -1.47605e+01 
  19    0.1886456 -1.47443e+01 
  20    0.1927764 -1.47259e+01 
  21    0.1969976 -1.47059e+01 
  22    0.2013113 -1.46832e+01 
  23    0.2057194 -1.46576e+01 
  24    0.2102241 -1.46300e+01 
  25    0.2148274 -1.45995e+01 
  26    0.2195315 -1.45652e+01 
  27    0.2243386 -1.45286e+01 
  28    0.2292510 -1.44876e+01 
  29    0.2342710 -1.44422e+01 
  30    0.2394008 -1.43944e+01 
  31    0.2446430 -1.43429e+01 
  32    0.2500000 -1.42892e+01 
  33    0.2554743 -1.42326e+01 
  34    0.2610684 -1.41741e+01 
  35    0.2667851 -1.41181e+01 
  36    0.2726269 -1.40628e+01 
  37    0.2785967 -1.40071e+01 
  38    0.2846972 -1.39594e+01 
  39    0.2909312 -1.39195e+01 
  40    0.2973018 -1.38855e+01 
  41    0.3038118 -1.38721e+01 
  42    0.3104645 -1.38711e+01 
  43    0.3172627 -1.38807e+01 
  44    0.3242099 -1.39118e+01 
  45    0.3313092 -1.39566e+01 
  46    0.3385639 -1.40151e+01 
  47    0.3459775 -1.40913e+01 
  48    0.3535534 -1.41747e+01 
  49    0.3612952 -1.42686e+01 
  50    0.3692065 -1.43530e+01 
  51    0.3772911 -1.44073e+01 
  52    0.3855527 -1.44572e+01 
  53    0.3939952 -1.44648e+01 
  54    0.4026226 -1.44817e+01 
  55    0.4114389 -1.44912e+01 
  56    0.4204482 -1.45035e+01 
  57    0.4296548 -1.45174e+01 
  58    0.4390630 -1.45299e+01 
  59    0.4486773 -1.45243e+01 
  60    0.4585020 -1.45359e+01 
  61    0.4685419 -1.45448e+01 
  62    0.4788016 -1.45709e+01 
  63    0.4892860 -1.46123e+01 
  64    0.5000000 -1.46783e+01 
  65    0.5109486 -1.47536e+01 
  66    0.5221369 -1.48310e+01 
  67    0.5335702 -1.49100e+01 
  68    0.5452539 -1.49936e+01 
  69    0.5571934 -1.50746e+01 
  70    0.5693943 -1.51525e+01 
  71    0.5818624 -1.52283e+01 
  72    0.5946036 -1.52898e+01 
  73    0.6076237 -1.53470e+01 
  74    0.6209289 -1.54013e+01 
  75    0.6345255 -1.54448e+01 
  76    0.6484198 -1.54873e+01 
  77    0.6626183 -1.55251e+01 
  78    0.6771278 -1.55694e+01 
  79    0.6919549 -1.56141e+01 
  80    0.7071068 -1.56602e+01 
  81    0.7225904 -1.57051e+01 
  82    0.7384131 -1.57571e+01 
  83    0.7545822 -1.58139e+01 
  84    0.7711054 -1.58792e+01 
  85    0.7879904 -1.59474e+01 
  86    0.8052452 -1.60211e+01 
  87    0.8228777 -1.61011e+01 
  88    0.8408964 -1.61821e+01 
  89    0.8593096 -1.62618e+01 
  90    0.8781261 -1.63422e+01 
  91    0.8973545 -1.64186e+01 
  92    0.9170040 -1.64912e+01 
  93    0.9370838 -1.65624e+01 
  94    0.9576033 -1.66247e+01 
  95    0.9785721 -1.66824e+01 
  96    1.0000000 -1.67375e+01 
  97    1.0218971 -1.67872e+01 
  98    1.0442738 -1.68343e+01 
  99    1.0671404 -1.68756e+01 
 100    1.0905077 -1.69104e+01 
 101    1.1143867 -1.69398e+01 
 102    1.1387886 -1.69654e+01 
 103    1.1637249 -1.69871e+01 
 104    1.1892071 -1.70025e+01 
 105    1.2152474 -1.70148e+01 
 106    1.2418578 -1.70247e+01 
 107    1.2690510 -1.70297e+01 
 108    1.2968396 -1.70315e+01 
 109    1.3252366 -1.70287e+01 
 110    1.3542555 -1.70220e+01 
 111    1.3839099 -1.70147e+01 
 112    1.4142136 -1.70057e+01 
 113    1.4451808 -1.69975e+01 
 114    1.4768261 -1.69885e+01 
 115    1.5091644 -1.69787e+01 
 116    1.5422108 -1.69700e+01 
 117    1.5759808 -1.69611e+01 
 118    1.6104903 -1.69528e+01 
 119    1.6457555 -1.69447e+01 
 120    1.6817928 -1.69371e+01 
 121    1.7186193 -1.69302e+01 
 122    1.7562522 -1.69235e+01 
 123    1.7947091 -1.69162e+01 
 124    1.8340081 -1.69083e+01 
 125    1.8741676 -1.68996e+01 
 126    1.9152066 -1.68895e+01 
 127    1.9571441 -1.68785e+01 
 128    2.0000000 -1.68670e+01 
 129    2.0437943 -1.68541e+01 
 130    2.0885476 -1.68404e+01 
 131    2.1342808 -1.68256e+01 
 132    2.1810155 -1.68091e+01 
 133    2.2287735 -1.67908e+01 
 134    2.2775773 -1.67709e+01 
 135    2.3274497 -1.67480e+01 
 136    2.3784142 -1.67225e+01 
 137    2.4304947 -1.66953e+01 
 138    2.4837156 -1.66634e+01 
 139    2.5381019 -1.66273e+01 
 140    2.5936791 -1.65883e+01 
 141    2.6504733 -1.65426e+01 
 142    2.7085111 -1.64920e+01 
 143    2.7678198 -1.64378e+01 
 144    2.8284271 -1.63771e+01 
 145    2.8903616 -1.63114e+01 
 146    2.9536523 -1.62407e+01 
 147    3.0183289 -1.61649e+01 
 148    3.0844217 -1.60840e+01 
 149    3.1519617 -1.59984e+01 
 150    3.2209807 -1.59083e+01 
 151    3.2915110 -1.58144e+01 
 152    3.3635857 -1.57186e+01 
 153    3.4372386 -1.56196e+01 
 154    3.5125043 -1.55220e+01 
 155    3.5894182 -1.54246e+01 
 156    3.6680162 -1.53254e+01 
 157    3.7483353 -1.52302e+01 
 158    3.8304131 -1.51366e+01 
 159    3.9142882 -1.50434e+01 
 160    4.0000000 -1.49564e+01 
 161    4.0875886 -1.48723e+01 
 162    4.1770951 -1.47910e+01 
 163    4.2685616 -1.47161e+01 
 164    4.3620309 -1.46458e+01 
 165    4.4575470 -1.45781e+01 
 166    4.5551545 -1.45172e+01 
 167    4.6548994 -1.44594e+01 
 168    4.7568285 -1.44039e+01 
 169    4.8609894 -1.43537e+01 
 170    4.9674312 -1.43051e+01 
 171    5.0762038 -1.42592e+01 
 172    5.1873582 -1.42151e+01 
 173    5.3009466 -1.41720e+01 
 174    5.4170222 -1.41293e+01 
 175    5.5356395 -1.40873e+01 
 176    5.6568542 -1.40443e+01 
 177    5.7807232 -1.40010e+01 
 178    5.9073046 -1.39572e+01 
 179    6.0366577 -1.39131e+01 
 180    6.1688433 -1.38691e+01 
 181    6.3039234 -1.38237e+01 
 182    6.4419613 -1.37798e+01 
 183    6.5830219 -1.37355e+01 
 184    6.7271713 -1.36907e+01 
 185    6.8744772 -1.36463e+01 
 186    7.0250086 -1.36009e+01 
 187    7.1788363 -1.35560e+01 
 188    7.3360323 -1.35110e+01 
 189    7.4966705 -1.34662e+01 


# r-band (filter: r_LSST.dat)
   0    0.1250000 -1.48540e+01 
   1    0.1277371 -1.48710e+01 
   2    0.1305342 -1.48883e+01 
   3    0.1333926 -1.49061e+01 
   4    0.1363135 -1.49229e+01 
   5    0.1392983 -1.49383e+01 
   6    0.1423486 -1.49531e+01 
   7    0.1454656 -1.49690e+01 
   8    0.1486509 -1.49848e+01 
   9    0.1519059 -1.50008e+01 
  10    0.1552322 -1.50184e+01 
  11    0.1586314 -1.50348e+01 
  12    0.1621049 -1.50485e+01 
  13    0.1656546 -1.50601e+01 
  14    0.1692819 -1.50710e+01 
  15    0.1729887 -1.50798e+01 
  16    0.1767767 -1.50800e+01 
  17    0.1806476 -1.50807e+01 
  18    0.1846033 -1.50784e+01 
  19    0.1886456 -1.50750e+01 
  20    0.1927764 -1.50708e+01 
  21    0.1969976 -1.50631e+01 
  22    0.2013113 -1.50558e+01 
  23    0.2057194 -1.50475e+01 
  24    0.2102241 -1.50384e+01 
  25    0.2148274 -1.50291e+01 
  26    0.2195315 -1.50190e+01 
  27    0.2243386 -1.50129e+01 
  28    0.2292510 -1.50069e+01 
  29    0.2342710 -1.50015e+01 
  30    0.2394008 -1.49966e+01 
  31    0.2446430 -1.49910e+01 
  32    0.2500000 -1.49861e+01 
  33    0.2554743 -1.49810e+01 
  34    0.2610684 -1.49791e+01 
  35    0.2667851 -1.49801e+01 
  36    0.2726269 -1.49836e+01 
  37    0.2785967 -1.49888e+01 
  38    0.2846972 -1.50027e+01 
  39    0.2909312 -1.50211e+01 
  40    0.2973018 -1.50446e+01 
  41    0.3038118 -1.50781e+01 
  42    0.3104645 -1.51191e+01 
  43    0.3172627 -1.51678e+01 
  44    0.3242099 -1.52223e+01 
  45    0.3313092 -1.52817e+01 
  46    0.3385639 -1.53482e+01 
  47    0.3459775 -1.54171e+01 
  48    0.3535534 -1.54899e+01 
  49    0.3612952 -1.55640e+01 
  50    0.3692065 -1.56196e+01 
  51    0.3772911 -1.56449e+01 
  52    0.3855527 -1.56610e+01 
  53    0.3939952 -1.56419e+01 
  54    0.4026226 -1.56324e+01 
  55    0.4114389 -1.56153e+01 
  56    0.4204482 -1.56127e+01 
  57    0.4296548 -1.56204e+01 
  58    0.4390630 -1.56297e+01 
  59    0.4486773 -1.56269e+01 
  60    0.4585020 -1.56422e+01 
  61    0.4685419 -1.56564e+01 
  62    0.4788016 -1.56955e+01 
  63    0.4892860 -1.57419e+01 
  64    0.5000000 -1.58095e+01 
  65    0.5109486 -1.58856e+01 
  66    0.5221369 -1.59557e+01 
  67    0.5335702 -1.60235e+01 
  68    0.5452539 -1.60872e+01 
  69    0.5571934 -1.61394e+01 
  70    0.5693943 -1.61838e+01 
  71    0.5818624 -1.62197e+01 
  72    0.5946036 -1.62397e+01 
  73    0.6076237 -1.62566e+01 
  74    0.6209289 -1.62680e+01 
  75    0.6345255 -1.62752e+01 
  76    0.6484198 -1.62824e+01 
  77    0.6626183 -1.62838e+01 
  78    0.6771278 -1.62917e+01 
  79    0.6919549 -1.62998e+01 
  80    0.7071068 -1.63083e+01 
  81    0.7225904 -1.63203e+01 
  82    0.7384131 -1.63358e+01 
  83    0.7545822 -1.63582e+01 
  84    0.7711054 -1.63856e+01 
  85    0.7879904 -1.64138e+01 
  86    0.8052452 -1.64447e+01 
  87    0.8228777 -1.64779e+01 
  88    0.8408964 -1.65115e+01 
  89    0.8593096 -1.65444e+01 
  90    0.8781261 -1.65772e+01 
  91    0.8973545 -1.66069e+01 
  92    0.9170040 -1.66343e+01 
  93    0.9370838 -1.66602e+01 
  94    0.9576033 -1.66803e+01 
  95    0.9785721 -1.66971e+01 
  96    1.0000000 -1.67128e+01 
  97    1.0218971 -1.67259e+01 
  98    1.0442738 -1.67379e+01 
  99    1.0671404 -1.67462e+01 
 100    1.0905077 -1.67505e+01 
 101    1.1143867 -1.67511e+01 
 102    1.1387886 -1.67500e+01 
 103    1.1637249 -1.67473e+01 
 104    1.1892071 -1.67408e+01 
 105    1.2152474 -1.67324e+01 
 106    1.2418578 -1.67234e+01 
 107    1.2690510 -1.67121e+01 
 108    1.2968396 -1.66994e+01 
 109    1.3252366 -1.66840e+01 
 110    1.3542555 -1.66682e+01 
 111    1.3839099 -1.66531e+01 
 112    1.4142136 -1.66377e+01 
 113    1.4451808 -1.66252e+01 
 114    1.4768261 -1.66130e+01 
 115    1.5091644 -1.66011e+01 
 116    1.5422108 -1.65907e+01 
 117    1.5759808 -1.65803e+01 
 118    1.6104903 -1.65712e+01 
 119    1.6457555 -1.65611e+01 
 120    1.6817928 -1.65516e+01 
 121    1.7186193 -1.65422e+01 
 122    1.7562522 -1.65324e+01 
 123    1.7947091 -1.65223e+01 
 124    1.8340081 -1.65116e+01 
 125    1.8741676 -1.64996e+01 
 126    1.9152066 -1.64877e+01 
 127    1.9571441 -1.64762e+01 
 128    2.0000000 -1.64645e+01 
 129    2.0437943 -1.64548e+01 
 130    2.0885476 -1.64460e+01 
 131    2.1342808 -1.64378e+01 
 132    2.1810155 -1.64310e+01 
 133    2.2287735 -1.64248e+01 
 134    2.2775773 -1.64192e+01 
 135    2.3274497 -1.64131e+01 
 136    2.3784142 -1.64063e+01 
 137    2.4304947 -1.63999e+01 
 138    2.4837156 -1.63901e+01 
 139    2.5381019 -1.63775e+01 
 140    2.5936791 -1.63635e+01 
 141    2.6504733 -1.63431e+01 
 142    2.7085111 -1.63182e+01 
 143    2.7678198 -1.62900e+01 
 144    2.8284271 -1.62539e+01 
 145    2.8903616 -1.62127e+01 
 146    2.9536523 -1.61663e+01 
 147    3.0183289 -1.61149e+01 
 148    3.0844217 -1.60577e+01 
 149    3.1519617 -1.59961e+01 
 150    3.2209807 -1.59298e+01 
 151    3.2915110 -1.58602e+01 
 152    3.3635857 -1.57880e+01 
 153    3.4372386 -1.57128e+01 
 154    3.5125043 -1.56371e+01 
 155    3.5894182 -1.55611e+01 
 156    3.6680162 -1.54838e+01 
 157    3.7483353 -1.54091e+01 
 158    3.8304131 -1.53355e+01 
 159    3.9142882 -1.52621e+01 
 160    4.0000000 -1.51927e+01 
 161    4.0875886 -1.51253e+01 
 162    4.1770951 -1.50591e+01 
 163    4.2685616 -1.49968e+01 
 164    4.3620309 -1.49371e+01 
 165    4.4575470 -1.48793e+01 
 166    4.5551545 -1.48251e+01 
 167    4.6548994 -1.47728e+01 
 168    4.7568285 -1.47218e+01 
 169    4.8609894 -1.46722e+01 
 170    4.9674312 -1.46234e+01 
 171    5.0762038 -1.45752e+01 
 172    5.1873582 -1.45279e+01 
 173    5.3009466 -1.44801e+01 
 174    5.4170222 -1.44320e+01 
 175    5.5356395 -1.43840e+01 
 176    5.6568542 -1.43354e+01 
 177    5.7807232 -1.42864e+01 
 178    5.9073046 -1.42365e+01 
 179    6.0366577 -1.41872e+01 
 180    6.1688433 -1.41383e+01 
 181    6.3039234 -1.40888e+01 
 182    6.4419613 -1.40409e+01 
 183    6.5830219 -1.39934e+01 
 184    6.7271713 -1.39460e+01 
 185    6.8744772 -1.38999e+01 
 186    7.0250086 -1.38532e+01 
 187    7.1788363 -1.38066e+01 
 188    7.3360323 -1.37604e+01 
 189    7.4966705 -1.37151e+01 


# i-band (filter: i_LSST.dat)
   0    0.1250000 -1.44577e+01 
   1    0.1277371 -1.44911e+01 
   2    0.1305342 -1.45253e+01 
   3    0.1333926 -1.45602e+01 
   4    0.1363135 -1.45928e+01 
   5    0.1392983 -1.46262e+01 
   6    0.1423486 -1.46552e+01 
   7    0.1454656 -1.46840e+01 
   8    0.1486509 -1.47109e+01 
   9    0.1519059 -1.47381e+01 
  10    0.1552322 -1.47631e+01 
  11    0.1586314 -1.47878e+01 
  12    0.1621049 -1.48081e+01 
  13    0.1656546 -1.48290e+01 
  14    0.1692819 -1.48464e+01 
  15    0.1729887 -1.48602e+01 
  16    0.1767767 -1.48621e+01 
  17    0.1806476 -1.48566e+01 
  18    0.1846033 -1.48497e+01 
  19    0.1886456 -1.48374e+01 
  20    0.1927764 -1.48258e+01 
  21    0.1969976 -1.48080e+01 
  22    0.2013113 -1.47928e+01 
  23    0.2057194 -1.47738e+01 
  24    0.2102241 -1.47513e+01 
  25    0.2148274 -1.47288e+01 
  26    0.2195315 -1.47052e+01 
  27    0.2243386 -1.46834e+01 
  28    0.2292510 -1.46610e+01 
  29    0.2342710 -1.46410e+01 
  30    0.2394008 -1.46221e+01 
  31    0.2446430 -1.46012e+01 
  32    0.2500000 -1.45791e+01 
  33    0.2554743 -1.45563e+01 
  34    0.2610684 -1.45346e+01 
  35    0.2667851 -1.45149e+01 
  36    0.2726269 -1.44959e+01 
  37    0.2785967 -1.44782e+01 
  38    0.2846972 -1.44655e+01 
  39    0.2909312 -1.44562e+01 
  40    0.2973018 -1.44527e+01 
  41    0.3038118 -1.44525e+01 
  42    0.3104645 -1.44581e+01 
  43    0.3172627 -1.44680e+01 
  44    0.3242099 -1.44860e+01 
  45    0.3313092 -1.45105e+01 
  46    0.3385639 -1.45395e+01 
  47    0.3459775 -1.45756e+01 
  48    0.3535534 -1.46139e+01 
  49    0.3612952 -1.46569e+01 
  50    0.3692065 -1.47017e+01 
  51    0.3772911 -1.47439e+01 
  52    0.3855527 -1.47806e+01 
  53    0.3939952 -1.47957e+01 
  54    0.4026226 -1.47915e+01 
  55    0.4114389 -1.47933e+01 
  56    0.4204482 -1.47921e+01 
  57    0.4296548 -1.47997e+01 
  58    0.4390630 -1.48103e+01 
  59    0.4486773 -1.48115e+01 
  60    0.4585020 -1.48310e+01 
  61    0.4685419 -1.48463e+01 
  62    0.4788016 -1.48651e+01 
  63    0.4892860 -1.48920e+01 
  64    0.5000000 -1.49270e+01 
  65    0.5109486 -1.49850e+01 
  66    0.5221369 -1.50521e+01 
  67    0.5335702 -1.51192e+01 
  68    0.5452539 -1.51875e+01 
  69    0.5571934 -1.52527e+01 
  70    0.5693943 -1.53171e+01 
  71    0.5818624 -1.53806e+01 
  72    0.5946036 -1.54381e+01 
  73    0.6076237 -1.54943e+01 
  74    0.6209289 -1.55478e+01 
  75    0.6345255 -1.55933e+01 
  76    0.6484198 -1.56363e+01 
  77    0.6626183 -1.56758e+01 
  78    0.6771278 -1.57114e+01 
  79    0.6919549 -1.57449e+01 
  80    0.7071068 -1.57748e+01 
  81    0.7225904 -1.58026e+01 
  82    0.7384131 -1.58303e+01 
  83    0.7545822 -1.58561e+01 
  84    0.7711054 -1.58812e+01 
  85    0.7879904 -1.59051e+01 
  86    0.8052452 -1.59290e+01 
  87    0.8228777 -1.59528e+01 
  88    0.8408964 -1.59751e+01 
  89    0.8593096 -1.59941e+01 
  90    0.8781261 -1.60113e+01 
  91    0.8973545 -1.60237e+01 
  92    0.9170040 -1.60350e+01 
  93    0.9370838 -1.60436e+01 
  94    0.9576033 -1.60488e+01 
  95    0.9785721 -1.60498e+01 
  96    1.0000000 -1.60460e+01 
  97    1.0218971 -1.60348e+01 
  98    1.0442738 -1.60162e+01 
  99    1.0671404 -1.59953e+01 
 100    1.0905077 -1.59656e+01 
 101    1.1143867 -1.59279e+01 
 102    1.1387886 -1.58853e+01 
 103    1.1637249 -1.58376e+01 
 104    1.1892071 -1.57824e+01 
 105    1.2152474 -1.57198e+01 
 106    1.2418578 -1.56525e+01 
 107    1.2690510 -1.55851e+01 
 108    1.2968396 -1.55170e+01 
 109    1.3252366 -1.54461e+01 
 110    1.3542555 -1.53834e+01 
 111    1.3839099 -1.53261e+01 
 112    1.4142136 -1.52699e+01 
 113    1.4451808 -1.52278e+01 
 114    1.4768261 -1.51924e+01 
 115    1.5091644 -1.51609e+01 
 116    1.5422108 -1.51378e+01 
 117    1.5759808 -1.51208e+01 
 118    1.6104903 -1.51103e+01 
 119    1.6457555 -1.51021e+01 
 120    1.6817928 -1.50984e+01 
 121    1.7186193 -1.50982e+01 
 122    1.7562522 -1.50984e+01 
 123    1.7947091 -1.50981e+01 
 124    1.8340081 -1.50969e+01 
 125    1.8741676 -1.50947e+01 
 126    1.9152066 -1.50903e+01 
 127    1.9571441 -1.50850e+01 
 128    2.0000000 -1.50788e+01 
 129    2.0437943 -1.50702e+01 
 130    2.0885476 -1.50604e+01 
 131    2.1342808 -1.50491e+01 
 132    2.1810155 -1.50352e+01 
 133    2.2287735 -1.50187e+01 
 134    2.2775773 -1.50003e+01 
 135    2.3274497 -1.49775e+01 
 136    2.3784142 -1.49514e+01 
 137    2.4304947 -1.49229e+01 
 138    2.4837156 -1.48882e+01 
 139    2.5381019 -1.48494e+01 
 140    2.5936791 -1.48077e+01 
 141    2.6504733 -1.47598e+01 
 142    2.7085111 -1.47068e+01 
 143    2.7678198 -1.46496e+01 
 144    2.8284271 -1.45864e+01 
 145    2.8903616 -1.45184e+01 
 146    2.9536523 -1.44477e+01 
 147    3.0183289 -1.43736e+01 
 148    3.0844217 -1.42989e+01 
 149    3.1519617 -1.42248e+01 
 150    3.2209807 -1.41492e+01 
 151    3.2915110 -1.40791e+01 
 152    3.3635857 -1.40126e+01 
 153    3.4372386 -1.39479e+01 
 154    3.5125043 -1.38936e+01 
 155    3.5894182 -1.38456e+01 
 156    3.6680162 -1.38023e+01 
 157    3.7483353 -1.37696e+01 
 158    3.8304131 -1.37427e+01 
 159    3.9142882 -1.37218e+01 
 160    4.0000000 -1.37070e+01 
 161    4.0875886 -1.36961e+01 
 162    4.1770951 -1.36897e+01 
 163    4.2685616 -1.36843e+01 
 164    4.3620309 -1.36806e+01 
 165    4.4575470 -1.36781e+01 
 166    4.5551545 -1.36725e+01 
 167    4.6548994 -1.36653e+01 
 168    4.7568285 -1.36574e+01 
 169    4.8609894 -1.36454e+01 
 170    4.9674312 -1.36302e+01 
 171    5.0762038 -1.36129e+01 
 172    5.1873582 -1.35929e+01 
 173    5.3009466 -1.35708e+01 
 174    5.4170222 -1.35472e+01 
 175    5.5356395 -1.35209e+01 
 176    5.6568542 -1.34938e+01 
 177    5.7807232 -1.34655e+01 
 178    5.9073046 -1.34366e+01 
 179    6.0366577 -1.34070e+01 
 180    6.1688433 -1.33770e+01 
 181    6.3039234 -1.33471e+01 
 182    6.4419613 -1.33172e+01 
 183    6.5830219 -1.32877e+01 
 184    6.7271713 -1.32576e+01 
 185    6.8744772 -1.32276e+01 
 186    7.0250086 -1.31973e+01 
 187    7.1788363 -1.31666e+01 
 188    7.3360323 -1.31354e+01 
 189    7.4966705 -1.31044e+01 


# z-band (filter: z_LSST.dat)
   0    0.1250000 -1.43101e+01 
   1    0.1277371 -1.43543e+01 
   2    0.1305342 -1.43994e+01 
   3    0.1333926 -1.44455e+01 
   4    0.1363135 -1.44826e+01 
   5    0.1392983 -1.45278e+01 
   6    0.1423486 -1.45607e+01 
   7    0.1454656 -1.45964e+01 
   8    0.1486509 -1.46264e+01 
   9    0.1519059 -1.46572e+01 
  10    0.1552322 -1.46804e+01 
  11    0.1586314 -1.47053e+01 
  12    0.1621049 -1.47180e+01 
  13    0.1656546 -1.47339e+01 
  14    0.1692819 -1.47421e+01 
  15    0.1729887 -1.47471e+01 
  16    0.1767767 -1.47434e+01 
  17    0.1806476 -1.47281e+01 
  18    0.1846033 -1.47127e+01 
  19    0.1886456 -1.46910e+01 
  20    0.1927764 -1.46699e+01 
  21    0.1969976 -1.46428e+01 
  22    0.2013113 -1.46151e+01 
  23    0.2057194 -1.45841e+01 
  24    0.2102241 -1.45471e+01 
  25    0.2148274 -1.45061e+01 
  26    0.2195315 -1.44604e+01 
  27    0.2243386 -1.44138e+01 
  28    0.2292510 -1.43652e+01 
  29    0.2342710 -1.43150e+01 
  30    0.2394008 -1.42620e+01 
  31    0.2446430 -1.42053e+01 
  32    0.2500000 -1.41444e+01 
  33    0.2554743 -1.40822e+01 
  34    0.2610684 -1.40181e+01 
  35    0.2667851 -1.39564e+01 
  36    0.2726269 -1.38951e+01 
  37    0.2785967 -1.38351e+01 
  38    0.2846972 -1.37767e+01 
  39    0.2909312 -1.37228e+01 
  40    0.2973018 -1.36709e+01 
  41    0.3038118 -1.36290e+01 
  42    0.3104645 -1.35873e+01 
  43    0.3172627 -1.35478e+01 
  44    0.3242099 -1.35175e+01 
  45    0.3313092 -1.34885e+01 
  46    0.3385639 -1.34665e+01 
  47    0.3459775 -1.34507e+01 
  48    0.3535534 -1.34375e+01 
  49    0.3612952 -1.34257e+01 
  50    0.3692065 -1.34230e+01 
  51    0.3772911 -1.34281e+01 
  52    0.3855527 -1.34332e+01 
  53    0.3939952 -1.34433e+01 
  54    0.4026226 -1.34550e+01 
  55    0.4114389 -1.34701e+01 
  56    0.4204482 -1.34843e+01 
  57    0.4296548 -1.35036e+01 
  58    0.4390630 -1.35144e+01 
  59    0.4486773 -1.35322e+01 
  60    0.4585020 -1.35482e+01 
  61    0.4685419 -1.35713e+01 
  62    0.4788016 -1.35866e+01 
  63    0.4892860 -1.36127e+01 
  64    0.5000000 -1.36400e+01 
  65    0.5109486 -1.36681e+01 
  66    0.5221369 -1.37098e+01 
  67    0.5335702 -1.37553e+01 
  68    0.5452539 -1.38082e+01 
  69    0.5571934 -1.38671e+01 
  70    0.5693943 -1.39367e+01 
  71    0.5818624 -1.40118e+01 
  72    0.5946036 -1.40941e+01 
  73    0.6076237 -1.41773e+01 
  74    0.6209289 -1.42666e+01 
  75    0.6345255 -1.43528e+01 
  76    0.6484198 -1.44420e+01 
  77    0.6626183 -1.45355e+01 
  78    0.6771278 -1.46258e+01 
  79    0.6919549 -1.47181e+01 
  80    0.7071068 -1.48104e+01 
  81    0.7225904 -1.49030e+01 
  82    0.7384131 -1.49947e+01 
  83    0.7545822 -1.50829e+01 
  84    0.7711054 -1.51732e+01 
  85    0.7879904 -1.52612e+01 
  86    0.8052452 -1.53446e+01 
  87    0.8228777 -1.54296e+01 
  88    0.8408964 -1.55069e+01 
  89    0.8593096 -1.55772e+01 
  90    0.8781261 -1.56459e+01 
  91    0.8973545 -1.57028e+01 
  92    0.9170040 -1.57509e+01 
  93    0.9370838 -1.57938e+01 
  94    0.9576033 -1.58276e+01 
  95    0.9785721 -1.58529e+01 
  96    1.0000000 -1.58689e+01 
  97    1.0218971 -1.58708e+01 
  98    1.0442738 -1.58663e+01 
  99    1.0671404 -1.58546e+01 
 100    1.0905077 -1.58332e+01 
 101    1.1143867 -1.58022e+01 
 102    1.1387886 -1.57649e+01 
 103    1.1637249 -1.57212e+01 
 104    1.1892071 -1.56716e+01 
 105    1.2152474 -1.56148e+01 
 106    1.2418578 -1.55529e+01 
 107    1.2690510 -1.54900e+01 
 108    1.2968396 -1.54264e+01 
 109    1.3252366 -1.53608e+01 
 110    1.3542555 -1.53005e+01 
 111    1.3839099 -1.52428e+01 
 112    1.4142136 -1.51863e+01 
 113    1.4451808 -1.51399e+01 
 114    1.4768261 -1.50964e+01 
 115    1.5091644 -1.50556e+01 
 116    1.5422108 -1.50207e+01 
 117    1.5759808 -1.49899e+01 
 118    1.6104903 -1.49632e+01 
 119    1.6457555 -1.49391e+01 
 120    1.6817928 -1.49188e+01 
 121    1.7186193 -1.48996e+01 
 122    1.7562522 -1.48808e+01 
 123    1.7947091 -1.48638e+01 
 124    1.8340081 -1.48475e+01 
 125    1.8741676 -1.48302e+01 
 126    1.9152066 -1.48145e+01 
 127    1.9571441 -1.48010e+01 
 128    2.0000000 -1.47858e+01 
 129    2.0437943 -1.47710e+01 
 130    2.0885476 -1.47559e+01 
 131    2.1342808 -1.47407e+01 
 132    2.1810155 -1.47242e+01 
 133    2.2287735 -1.47068e+01 
 134    2.2775773 -1.46891e+01 
 135    2.3274497 -1.46699e+01 
 136    2.3784142 -1.46486e+01 
 137    2.4304947 -1.46261e+01 
 138    2.4837156 -1.46015e+01 
 139    2.5381019 -1.45729e+01 
 140    2.5936791 -1.45435e+01 
 141    2.6504733 -1.45107e+01 
 142    2.7085111 -1.44747e+01 
 143    2.7678198 -1.44373e+01 
 144    2.8284271 -1.43947e+01 
 145    2.8903616 -1.43486e+01 
 146    2.9536523 -1.42993e+01 
 147    3.0183289 -1.42469e+01 
 148    3.0844217 -1.41900e+01 
 149    3.1519617 -1.41317e+01 
 150    3.2209807 -1.40704e+01 
 151    3.2915110 -1.40075e+01 
 152    3.3635857 -1.39422e+01 
 153    3.4372386 -1.38747e+01 
 154    3.5125043 -1.38071e+01 
 155    3.5894182 -1.37408e+01 
 156    3.6680162 -1.36734e+01 
 157    3.7483353 -1.36100e+01 
 158    3.8304131 -1.35500e+01 
 159    3.9142882 -1.34922e+01 
 160    4.0000000 -1.34440e+01 
 161    4.0875886 -1.34005e+01 
 162    4.1770951 -1.33596e+01 
 163    4.2685616 -1.33277e+01 
 164    4.3620309 -1.33026e+01 
 165    4.4575470 -1.32826e+01 
 166    4.5551545 -1.32698e+01 
 167    4.6548994 -1.32613e+01 
 168    4.7568285 -1.32584e+01 
 169    4.8609894 -1.32585e+01 
 170    4.9674312 -1.32622e+01 
 171    5.0762038 -1.32650e+01 
 172    5.1873582 -1.32690e+01 
 173    5.3009466 -1.32689e+01 
 174    5.4170222 -1.32666e+01 
 175    5.5356395 -1.32629e+01 
 176    5.6568542 -1.32501e+01 
 177    5.7807232 -1.32333e+01 
 178    5.9073046 -1.32130e+01 
 179    6.0366577 -1.31851e+01 
 180    6.1688433 -1.31535e+01 
 181    6.3039234 -1.31160e+01 
 182    6.4419613 -1.30737e+01 
 183    6.5830219 -1.30289e+01 
 184    6.7271713 -1.29798e+01 
 185    6.8744772 -1.29299e+01 
 186    7.0250086 -1.28770e+01 
 187    7.1788363 -1.28222e+01 
 188    7.3360323 -1.27665e+01 
 189    7.4966705 -1.27100e+01 


# y-band (filter: y_LSST.dat)
   0    0.1250000 -1.41391e+01 
   1    0.1277371 -1.41926e+01 
   2    0.1305342 -1.42472e+01 
   3    0.1333926 -1.43031e+01 
   4    0.1363135 -1.43639e+01 
   5    0.1392983 -1.44224e+01 
   6    0.1423486 -1.44715e+01 
   7    0.1454656 -1.45253e+01 
   8    0.1486509 -1.45756e+01 
   9    0.1519059 -1.46251e+01 
  10    0.1552322 -1.46681e+01 
  11    0.1586314 -1.47208e+01 
  12    0.1621049 -1.47734e+01 
  13    0.1656546 -1.48196e+01 
  14    0.1692819 -1.48633e+01 
  15    0.1729887 -1.49063e+01 
  16    0.1767767 -1.49320e+01 
  17    0.1806476 -1.49418e+01 
  18    0.1846033 -1.49478e+01 
  19    0.1886456 -1.49307e+01 
  20    0.1927764 -1.49201e+01 
  21    0.1969976 -1.48986e+01 
  22    0.2013113 -1.48836e+01 
  23    0.2057194 -1.48652e+01 
  24    0.2102241 -1.48354e+01 
  25    0.2148274 -1.48180e+01 
  26    0.2195315 -1.47952e+01 
  27    0.2243386 -1.47714e+01 
  28    0.2292510 -1.47490e+01 
  29    0.2342710 -1.47320e+01 
  30    0.2394008 -1.47280e+01 
  31    0.2446430 -1.47190e+01 
  32    0.2500000 -1.47074e+01 
  33    0.2554743 -1.46953e+01 
  34    0.2610684 -1.46824e+01 
  35    0.2667851 -1.46656e+01 
  36    0.2726269 -1.46468e+01 
  37    0.2785967 -1.46274e+01 
  38    0.2846972 -1.46064e+01 
  39    0.2909312 -1.45908e+01 
  40    0.2973018 -1.45752e+01 
  41    0.3038118 -1.45647e+01 
  42    0.3104645 -1.45594e+01 
  43    0.3172627 -1.45567e+01 
  44    0.3242099 -1.45603e+01 
  45    0.3313092 -1.45698e+01 
  46    0.3385639 -1.45841e+01 
  47    0.3459775 -1.46123e+01 
  48    0.3535534 -1.46492e+01 
  49    0.3612952 -1.46905e+01 
  50    0.3692065 -1.47446e+01 
  51    0.3772911 -1.47955e+01 
  52    0.3855527 -1.48485e+01 
  53    0.3939952 -1.48774e+01 
  54    0.4026226 -1.48824e+01 
  55    0.4114389 -1.48952e+01 
  56    0.4204482 -1.48851e+01 
  57    0.4296548 -1.48772e+01 
  58    0.4390630 -1.48712e+01 
  59    0.4486773 -1.48504e+01 
  60    0.4585020 -1.48393e+01 
  61    0.4685419 -1.48263e+01 
  62    0.4788016 -1.47990e+01 
  63    0.4892860 -1.47879e+01 
  64    0.5000000 -1.47837e+01 
  65    0.5109486 -1.47984e+01 
  66    0.5221369 -1.48285e+01 
  67    0.5335702 -1.48722e+01 
  68    0.5452539 -1.49209e+01 
  69    0.5571934 -1.49800e+01 
  70    0.5693943 -1.50423e+01 
  71    0.5818624 -1.51073e+01 
  72    0.5946036 -1.51739e+01 
  73    0.6076237 -1.52415e+01 
  74    0.6209289 -1.53127e+01 
  75    0.6345255 -1.53777e+01 
  76    0.6484198 -1.54402e+01 
  77    0.6626183 -1.55022e+01 
  78    0.6771278 -1.55614e+01 
  79    0.6919549 -1.56168e+01 
  80    0.7071068 -1.56729e+01 
  81    0.7225904 -1.57224e+01 
  82    0.7384131 -1.57705e+01 
  83    0.7545822 -1.58171e+01 
  84    0.7711054 -1.58620e+01 
  85    0.7879904 -1.59016e+01 
  86    0.8052452 -1.59387e+01 
  87    0.8228777 -1.59740e+01 
  88    0.8408964 -1.60025e+01 
  89    0.8593096 -1.60275e+01 
  90    0.8781261 -1.60495e+01 
  91    0.8973545 -1.60649e+01 
  92    0.9170040 -1.60740e+01 
  93    0.9370838 -1.60800e+01 
  94    0.9576033 -1.60788e+01 
  95    0.9785721 -1.60716e+01 
  96    1.0000000 -1.60589e+01 
  97    1.0218971 -1.60377e+01 
  98    1.0442738 -1.60122e+01 
  99    1.0671404 -1.59836e+01 
 100    1.0905077 -1.59493e+01 
 101    1.1143867 -1.59096e+01 
 102    1.1387886 -1.58678e+01 
 103    1.1637249 -1.58214e+01 
 104    1.1892071 -1.57739e+01 
 105    1.2152474 -1.57234e+01 
 106    1.2418578 -1.56720e+01 
 107    1.2690510 -1.56228e+01 
 108    1.2968396 -1.55755e+01 
 109    1.3252366 -1.55272e+01 
 110    1.3542555 -1.54838e+01 
 111    1.3839099 -1.54417e+01 
 112    1.4142136 -1.54031e+01 
 113    1.4451808 -1.53710e+01 
 114    1.4768261 -1.53420e+01 
 115    1.5091644 -1.53153e+01 
 116    1.5422108 -1.52952e+01 
 117    1.5759808 -1.52784e+01 
 118    1.6104903 -1.52641e+01 
 119    1.6457555 -1.52538e+01 
 120    1.6817928 -1.52461e+01 
 121    1.7186193 -1.52412e+01 
 122    1.7562522 -1.52374e+01 
 123    1.7947091 -1.52353e+01 
 124    1.8340081 -1.52335e+01 
 125    1.8741676 -1.52329e+01 
 126    1.9152066 -1.52319e+01 
 127    1.9571441 -1.52316e+01 
 128    2.0000000 -1.52309e+01 
 129    2.0437943 -1.52308e+01 
 130    2.0885476 -1.52305e+01 
 131    2.1342808 -1.52299e+01 
 132    2.1810155 -1.52290e+01 
 133    2.2287735 -1.52284e+01 
 134    2.2775773 -1.52273e+01 
 135    2.3274497 -1.52261e+01 
 136    2.3784142 -1.52247e+01 
 137    2.4304947 -1.52231e+01 
 138    2.4837156 -1.52215e+01 
 139    2.5381019 -1.52186e+01 
 140    2.5936791 -1.52157e+01 
 141    2.6504733 -1.52116e+01 
 142    2.7085111 -1.52060e+01 
 143    2.7678198 -1.51997e+01 
 144    2.8284271 -1.51908e+01 
 145    2.8903616 -1.51784e+01 
 146    2.9536523 -1.51635e+01 
 147    3.0183289 -1.51471e+01 
 148    3.0844217 -1.51269e+01 
 149    3.1519617 -1.51045e+01 
 150    3.2209807 -1.50791e+01 
 151    3.2915110 -1.50506e+01 
 152    3.3635857 -1.50182e+01 
 153    3.4372386 -1.49829e+01 
 154    3.5125043 -1.49432e+01 
 155    3.5894182 -1.48999e+01 
 156    3.6680162 -1.48538e+01 
 157    3.7483353 -1.48034e+01 
 158    3.8304131 -1.47510e+01 
 159    3.9142882 -1.46952e+01 
 160    4.0000000 -1.46368e+01 
 161    4.0875886 -1.45762e+01 
 162    4.1770951 -1.45137e+01 
 163    4.2685616 -1.44516e+01 
 164    4.3620309 -1.43899e+01 
 165    4.4575470 -1.43260e+01 
 166    4.5551545 -1.42656e+01 
 167    4.6548994 -1.42062e+01 
 168    4.7568285 -1.41473e+01 
 169    4.8609894 -1.40911e+01 
 170    4.9674312 -1.40364e+01 
 171    5.0762038 -1.39825e+01 
 172    5.1873582 -1.39301e+01 
 173    5.3009466 -1.38770e+01 
 174    5.4170222 -1.38234e+01 
 175    5.5356395 -1.37700e+01 
 176    5.6568542 -1.37137e+01 
 177    5.7807232 -1.36555e+01 
 178    5.9073046 -1.35965e+01 
 179    6.0366577 -1.35339e+01 
 180    6.1688433 -1.34685e+01 
 181    6.3039234 -1.34009e+01 
 182    6.4419613 -1.33310e+01 
 183    6.5830219 -1.32591e+01 
 184    6.7271713 -1.31848e+01 
 185    6.8744772 -1.31112e+01 
 186    7.0250086 -1.30348e+01 
 187    7.1788363 -1.29559e+01 
 188    7.3360323 -1.28761e+01 
 189    7.4966705 -1.27955e+01 


# J-band (filter: J_2MASS.dat)
   0    0.1250000 -1.35844e+01 
   1    0.1277371 -1.36541e+01 
   2    0.1305342 -1.37253e+01 
   3    0.1333926 -1.37980e+01 
   4    0.1363135 -1.38765e+01 
   5    0.1392983 -1.39511e+01 
   6    0.1423486 -1.40243e+01 
   7    0.1454656 -1.40946e+01 
   8    0.1486509 -1.41645e+01 
   9    0.1519059 -1.42315e+01 
  10    0.1552322 -1.43041e+01 
  11    0.1586314 -1.43762e+01 
  12    0.1621049 -1.44490e+01 
  13    0.1656546 -1.45230e+01 
  14    0.1692819 -1.45982e+01 
  15    0.1729887 -1.46684e+01 
  16    0.1767767 -1.47286e+01 
  17    0.1806476 -1.47627e+01 
  18    0.1846033 -1.47903e+01 
  19    0.1886456 -1.47881e+01 
  20    0.1927764 -1.47957e+01 
  21    0.1969976 -1.47952e+01 
  22    0.2013113 -1.47983e+01 
  23    0.2057194 -1.48104e+01 
  24    0.2102241 -1.48061e+01 
  25    0.2148274 -1.48161e+01 
  26    0.2195315 -1.48282e+01 
  27    0.2243386 -1.48407e+01 
  28    0.2292510 -1.48592e+01 
  29    0.2342710 -1.48917e+01 
  30    0.2394008 -1.49460e+01 
  31    0.2446430 -1.50052e+01 
  32    0.2500000 -1.50654e+01 
  33    0.2554743 -1.51284e+01 
  34    0.2610684 -1.51904e+01 
  35    0.2667851 -1.52502e+01 
  36    0.2726269 -1.53111e+01 
  37    0.2785967 -1.53733e+01 
  38    0.2846972 -1.54335e+01 
  39    0.2909312 -1.54922e+01 
  40    0.2973018 -1.55515e+01 
  41    0.3038118 -1.56087e+01 
  42    0.3104645 -1.56649e+01 
  43    0.3172627 -1.57209e+01 
  44    0.3242099 -1.57699e+01 
  45    0.3313092 -1.58184e+01 
  46    0.3385639 -1.58669e+01 
  47    0.3459775 -1.59115e+01 
  48    0.3535534 -1.59542e+01 
  49    0.3612952 -1.59944e+01 
  50    0.3692065 -1.60322e+01 
  51    0.3772911 -1.60638e+01 
  52    0.3855527 -1.60935e+01 
  53    0.3939952 -1.61084e+01 
  54    0.4026226 -1.61053e+01 
  55    0.4114389 -1.61008e+01 
  56    0.4204482 -1.60899e+01 
  57    0.4296548 -1.60822e+01 
  58    0.4390630 -1.60752e+01 
  59    0.4486773 -1.60620e+01 
  60    0.4585020 -1.60534e+01 
  61    0.4685419 -1.60452e+01 
  62    0.4788016 -1.60312e+01 
  63    0.4892860 -1.60238e+01 
  64    0.5000000 -1.60159e+01 
  65    0.5109486 -1.60194e+01 
  66    0.5221369 -1.60262e+01 
  67    0.5335702 -1.60361e+01 
  68    0.5452539 -1.60447e+01 
  69    0.5571934 -1.60492e+01 
  70    0.5693943 -1.60538e+01 
  71    0.5818624 -1.60555e+01 
  72    0.5946036 -1.60561e+01 
  73    0.6076237 -1.60530e+01 
  74    0.6209289 -1.60507e+01 
  75    0.6345255 -1.60446e+01 
  76    0.6484198 -1.60371e+01 
  77    0.6626183 -1.60279e+01 
  78    0.6771278 -1.60181e+01 
  79    0.6919549 -1.60078e+01 
  80    0.7071068 -1.59966e+01 
  81    0.7225904 -1.59854e+01 
  82    0.7384131 -1.59740e+01 
  83    0.7545822 -1.59620e+01 
  84    0.7711054 -1.59505e+01 
  85    0.7879904 -1.59386e+01 
  86    0.8052452 -1.59257e+01 
  87    0.8228777 -1.59149e+01 
  88    0.8408964 -1.59029e+01 
  89    0.8593096 -1.58904e+01 
  90    0.8781261 -1.58779e+01 
  91    0.8973545 -1.58659e+01 
  92    0.9170040 -1.58544e+01 
  93    0.9370838 -1.58418e+01 
  94    0.9576033 -1.58289e+01 
  95    0.9785721 -1.58131e+01 
  96    1.0000000 -1.57970e+01 
  97    1.0218971 -1.57781e+01 
  98    1.0442738 -1.57572e+01 
  99    1.0671404 -1.57352e+01 
 100    1.0905077 -1.57108e+01 
 101    1.1143867 -1.56844e+01 
 102    1.1387886 -1.56567e+01 
 103    1.1637249 -1.56263e+01 
 104    1.1892071 -1.55945e+01 
 105    1.2152474 -1.55606e+01 
 106    1.2418578 -1.55259e+01 
 107    1.2690510 -1.54913e+01 
 108    1.2968396 -1.54574e+01 
 109    1.3252366 -1.54224e+01 
 110    1.3542555 -1.53897e+01 
 111    1.3839099 -1.53571e+01 
 112    1.4142136 -1.53256e+01 
 113    1.4451808 -1.52965e+01 
 114    1.4768261 -1.52681e+01 
 115    1.5091644 -1.52400e+01 
 116    1.5422108 -1.52141e+01 
 117    1.5759808 -1.51896e+01 
 118    1.6104903 -1.51658e+01 
 119    1.6457555 -1.51434e+01 
 120    1.6817928 -1.51232e+01 
 121    1.7186193 -1.51047e+01 
 122    1.7562522 -1.50882e+01 
 123    1.7947091 -1.50750e+01 
 124    1.8340081 -1.50630e+01 
 125    1.8741676 -1.50533e+01 
 126    1.9152066 -1.50477e+01 
 127    1.9571441 -1.50453e+01 
 128    2.0000000 -1.50454e+01 
 129    2.0437943 -1.50496e+01 
 130    2.0885476 -1.50567e+01 
 131    2.1342808 -1.50666e+01 
 132    2.1810155 -1.50784e+01 
 133    2.2287735 -1.50918e+01 
 134    2.2775773 -1.51081e+01 
 135    2.3274497 -1.51241e+01 
 136    2.3784142 -1.51422e+01 
 137    2.4304947 -1.51610e+01 
 138    2.4837156 -1.51797e+01 
 139    2.5381019 -1.51981e+01 
 140    2.5936791 -1.52165e+01 
 141    2.6504733 -1.52334e+01 
 142    2.7085111 -1.52497e+01 
 143    2.7678198 -1.52657e+01 
 144    2.8284271 -1.52806e+01 
 145    2.8903616 -1.52944e+01 
 146    2.9536523 -1.53074e+01 
 147    3.0183289 -1.53200e+01 
 148    3.0844217 -1.53320e+01 
 149    3.1519617 -1.53435e+01 
 150    3.2209807 -1.53541e+01 
 151    3.2915110 -1.53642e+01 
 152    3.3635857 -1.53735e+01 
 153    3.4372386 -1.53830e+01 
 154    3.5125043 -1.53913e+01 
 155    3.5894182 -1.53988e+01 
 156    3.6680162 -1.54057e+01 
 157    3.7483353 -1.54104e+01 
 158    3.8304131 -1.54141e+01 
 159    3.9142882 -1.54165e+01 
 160    4.0000000 -1.54155e+01 
 161    4.0875886 -1.54122e+01 
 162    4.1770951 -1.54071e+01 
 163    4.2685616 -1.53981e+01 
 164    4.3620309 -1.53862e+01 
 165    4.4575470 -1.53714e+01 
 166    4.5551545 -1.53527e+01 
 167    4.6548994 -1.53310e+01 
 168    4.7568285 -1.53069e+01 
 169    4.8609894 -1.52799e+01 
 170    4.9674312 -1.52505e+01 
 171    5.0762038 -1.52191e+01 
 172    5.1873582 -1.51853e+01 
 173    5.3009466 -1.51504e+01 
 174    5.4170222 -1.51144e+01 
 175    5.5356395 -1.50772e+01 
 176    5.6568542 -1.50401e+01 
 177    5.7807232 -1.50027e+01 
 178    5.9073046 -1.49648e+01 
 179    6.0366577 -1.49264e+01 
 180    6.1688433 -1.48884e+01 
 181    6.3039234 -1.48500e+01 
 182    6.4419613 -1.48114e+01 
 183    6.5830219 -1.47731e+01 
 184    6.7271713 -1.47345e+01 
 185    6.8744772 -1.46962e+01 
 186    7.0250086 -1.46569e+01 
 187    7.1788363 -1.46171e+01 
 188    7.3360323 -1.45767e+01 
 189    7.4966705 -1.45361e+01 


# H-band (filter: H_2MASS.dat)
   0    0.1250000 -1.41344e+01 
   1    0.1277371 -1.42747e+01 
   2    0.1305342 -1.44181e+01 
   3    0.1333926 -1.45646e+01 
   4    0.1363135 -1.47051e+01 
   5    0.1392983 -1.48310e+01 
   6    0.1423486 -1.49632e+01 
   7    0.1454656 -1.50803e+01 
   8    0.1486509 -1.51952e+01 
   9    0.1519059 -1.53041e+01 
  10    0.1552322 -1.53934e+01 
  11    0.1586314 -1.54848e+01 
  12    0.1621049 -1.55752e+01 
  13    0.1656546 -1.56542e+01 
  14    0.1692819 -1.57274e+01 
  15    0.1729887 -1.57960e+01 
  16    0.1767767 -1.58529e+01 
  17    0.1806476 -1.58915e+01 
  18    0.1846033 -1.59104e+01 
  19    0.1886456 -1.58921e+01 
  20    0.1927764 -1.58739e+01 
  21    0.1969976 -1.58502e+01 
  22    0.2013113 -1.58366e+01 
  23    0.2057194 -1.58204e+01 
  24    0.2102241 -1.57871e+01 
  25    0.2148274 -1.57757e+01 
  26    0.2195315 -1.57596e+01 
  27    0.2243386 -1.57403e+01 
  28    0.2292510 -1.57240e+01 
  29    0.2342710 -1.57155e+01 
  30    0.2394008 -1.57317e+01 
  31    0.2446430 -1.57498e+01 
  32    0.2500000 -1.57750e+01 
  33    0.2554743 -1.57963e+01 
  34    0.2610684 -1.58116e+01 
  35    0.2667851 -1.58258e+01 
  36    0.2726269 -1.58403e+01 
  37    0.2785967 -1.58507e+01 
  38    0.2846972 -1.58607e+01 
  39    0.2909312 -1.58695e+01 
  40    0.2973018 -1.58803e+01 
  41    0.3038118 -1.58805e+01 
  42    0.3104645 -1.58832e+01 
  43    0.3172627 -1.58836e+01 
  44    0.3242099 -1.58788e+01 
  45    0.3313092 -1.58757e+01 
  46    0.3385639 -1.58713e+01 
  47    0.3459775 -1.58678e+01 
  48    0.3535534 -1.58575e+01 
  49    0.3612952 -1.58476e+01 
  50    0.3692065 -1.58343e+01 
  51    0.3772911 -1.58162e+01 
  52    0.3855527 -1.57989e+01 
  53    0.3939952 -1.57781e+01 
  54    0.4026226 -1.57473e+01 
  55    0.4114389 -1.57165e+01 
  56    0.4204482 -1.56819e+01 
  57    0.4296548 -1.56513e+01 
  58    0.4390630 -1.56201e+01 
  59    0.4486773 -1.55831e+01 
  60    0.4585020 -1.55501e+01 
  61    0.4685419 -1.55193e+01 
  62    0.4788016 -1.54867e+01 
  63    0.4892860 -1.54561e+01 
  64    0.5000000 -1.54237e+01 
  65    0.5109486 -1.53983e+01 
  66    0.5221369 -1.53723e+01 
  67    0.5335702 -1.53500e+01 
  68    0.5452539 -1.53280e+01 
  69    0.5571934 -1.53038e+01 
  70    0.5693943 -1.52806e+01 
  71    0.5818624 -1.52571e+01 
  72    0.5946036 -1.52337e+01 
  73    0.6076237 -1.52109e+01 
  74    0.6209289 -1.51870e+01 
  75    0.6345255 -1.51627e+01 
  76    0.6484198 -1.51405e+01 
  77    0.6626183 -1.51168e+01 
  78    0.6771278 -1.50962e+01 
  79    0.6919549 -1.50740e+01 
  80    0.7071068 -1.50523e+01 
  81    0.7225904 -1.50320e+01 
  82    0.7384131 -1.50130e+01 
  83    0.7545822 -1.49944e+01 
  84    0.7711054 -1.49781e+01 
  85    0.7879904 -1.49625e+01 
  86    0.8052452 -1.49482e+01 
  87    0.8228777 -1.49342e+01 
  88    0.8408964 -1.49244e+01 
  89    0.8593096 -1.49144e+01 
  90    0.8781261 -1.49052e+01 
  91    0.8973545 -1.48984e+01 
  92    0.9170040 -1.48960e+01 
  93    0.9370838 -1.48917e+01 
  94    0.9576033 -1.48889e+01 
  95    0.9785721 -1.48883e+01 
  96    1.0000000 -1.48870e+01 
  97    1.0218971 -1.48884e+01 
  98    1.0442738 -1.48912e+01 
  99    1.0671404 -1.48949e+01 
 100    1.0905077 -1.48988e+01 
 101    1.1143867 -1.49035e+01 
 102    1.1387886 -1.49093e+01 
 103    1.1637249 -1.49149e+01 
 104    1.1892071 -1.49193e+01 
 105    1.2152474 -1.49235e+01 
 106    1.2418578 -1.49283e+01 
 107    1.2690510 -1.49292e+01 
 108    1.2968396 -1.49293e+01 
 109    1.3252366 -1.49282e+01 
 110    1.3542555 -1.49241e+01 
 111    1.3839099 -1.49176e+01 
 112    1.4142136 -1.49095e+01 
 113    1.4451808 -1.48977e+01 
 114    1.4768261 -1.48839e+01 
 115    1.5091644 -1.48679e+01 
 116    1.5422108 -1.48489e+01 
 117    1.5759808 -1.48269e+01 
 118    1.6104903 -1.48038e+01 
 119    1.6457555 -1.47783e+01 
 120    1.6817928 -1.47507e+01 
 121    1.7186193 -1.47208e+01 
 122    1.7562522 -1.46884e+01 
 123    1.7947091 -1.46559e+01 
 124    1.8340081 -1.46217e+01 
 125    1.8741676 -1.45866e+01 
 126    1.9152066 -1.45506e+01 
 127    1.9571441 -1.45138e+01 
 128    2.0000000 -1.44769e+01 
 129    2.0437943 -1.44392e+01 
 130    2.0885476 -1.44009e+01 
 131    2.1342808 -1.43634e+01 
 132    2.1810155 -1.43249e+01 
 133    2.2287735 -1.42885e+01 
 134    2.2775773 -1.42513e+01 
 135    2.3274497 -1.42150e+01 
 136    2.3784142 -1.41801e+01 
 137    2.4304947 -1.41455e+01 
 138    2.4837156 -1.41156e+01 
 139    2.5381019 -1.40851e+01 
 140    2.5936791 -1.40554e+01 
 141    2.6504733 -1.40287e+01 
 142    2.7085111 -1.40031e+01 
 143    2.7678198 -1.39802e+01 
 144    2.8284271 -1.39590e+01 
 145    2.8903616 -1.39397e+01 
 146    2.9536523 -1.39213e+01 
 147    3.0183289 -1.39053e+01 
 148    3.0844217 -1.38932e+01 
 149    3.1519617 -1.38825e+01 
 150    3.2209807 -1.38731e+01 
 151    3.2915110 -1.38701e+01 
 152    3.3635857 -1.38692e+01 
 153    3.4372386 -1.38703e+01 
 154    3.5125043 -1.38778e+01 
 155    3.5894182 -1.38882e+01 
 156    3.6680162 -1.39027e+01 
 157    3.7483353 -1.39221e+01 
 158    3.8304131 -1.39467e+01 
 159    3.9142882 -1.39743e+01 
 160    4.0000000 -1.40058e+01 
 161    4.0875886 -1.40406e+01 
 162    4.1770951 -1.40788e+01 
 163    4.2685616 -1.41181e+01 
 164    4.3620309 -1.41591e+01 
 165    4.4575470 -1.42025e+01 
 166    4.5551545 -1.42448e+01 
 167    4.6548994 -1.42860e+01 
 168    4.7568285 -1.43277e+01 
 169    4.8609894 -1.43658e+01 
 170    4.9674312 -1.44002e+01 
 171    5.0762038 -1.44315e+01 
 172    5.1873582 -1.44608e+01 
 173    5.3009466 -1.44820e+01 
 174    5.4170222 -1.44971e+01 
 175    5.5356395 -1.45083e+01 
 176    5.6568542 -1.45094e+01 
 177    5.7807232 -1.45033e+01 
 178    5.9073046 -1.44918e+01 
 179    6.0366577 -1.44702e+01 
 180    6.1688433 -1.44419e+01 
 181    6.3039234 -1.44075e+01 
 182    6.4419613 -1.43661e+01 
 183    6.5830219 -1.43201e+01 
 184    6.7271713 -1.42687e+01 
 185    6.8744772 -1.42150e+01 
 186    7.0250086 -1.41576e+01 
 187    7.1788363 -1.40965e+01 
 188    7.3360323 -1.40331e+01 
 189    7.4966705 -1.39682e+01 


# K-band (filter: Ks_mosfire.dat)
   0    0.1250000 -1.40580e+01 
   1    0.1277371 -1.41892e+01 
   2    0.1305342 -1.43232e+01 
   3    0.1333926 -1.44603e+01 
   4    0.1363135 -1.45904e+01 
   5    0.1392983 -1.47079e+01 
   6    0.1423486 -1.48059e+01 
   7    0.1454656 -1.49182e+01 
   8    0.1486509 -1.50215e+01 
   9    0.1519059 -1.51162e+01 
  10    0.1552322 -1.52085e+01 
  11    0.1586314 -1.52814e+01 
  12    0.1621049 -1.53529e+01 
  13    0.1656546 -1.54217e+01 
  14    0.1692819 -1.54827e+01 
  15    0.1729887 -1.55434e+01 
  16    0.1767767 -1.55970e+01 
  17    0.1806476 -1.56312e+01 
  18    0.1846033 -1.56418e+01 
  19    0.1886456 -1.56324e+01 
  20    0.1927764 -1.56178e+01 
  21    0.1969976 -1.56090e+01 
  22    0.2013113 -1.55987e+01 
  23    0.2057194 -1.55903e+01 
  24    0.2102241 -1.55705e+01 
  25    0.2148274 -1.55540e+01 
  26    0.2195315 -1.55385e+01 
  27    0.2243386 -1.55251e+01 
  28    0.2292510 -1.55089e+01 
  29    0.2342710 -1.54902e+01 
  30    0.2394008 -1.54968e+01 
  31    0.2446430 -1.55010e+01 
  32    0.2500000 -1.55124e+01 
  33    0.2554743 -1.55114e+01 
  34    0.2610684 -1.55139e+01 
  35    0.2667851 -1.55130e+01 
  36    0.2726269 -1.55021e+01 
  37    0.2785967 -1.54972e+01 
  38    0.2846972 -1.54921e+01 
  39    0.2909312 -1.54839e+01 
  40    0.2973018 -1.54729e+01 
  41    0.3038118 -1.54629e+01 
  42    0.3104645 -1.54441e+01 
  43    0.3172627 -1.54303e+01 
  44    0.3242099 -1.54132e+01 
  45    0.3313092 -1.53916e+01 
  46    0.3385639 -1.53721e+01 
  47    0.3459775 -1.53498e+01 
  48    0.3535534 -1.53278e+01 
  49    0.3612952 -1.53035e+01 
  50    0.3692065 -1.52764e+01 
  51    0.3772911 -1.52490e+01 
  52    0.3855527 -1.52175e+01 
  53    0.3939952 -1.51789e+01 
  54    0.4026226 -1.51378e+01 
  55    0.4114389 -1.50918e+01 
  56    0.4204482 -1.50432e+01 
  57    0.4296548 -1.50010e+01 
  58    0.4390630 -1.49545e+01 
  59    0.4486773 -1.49032e+01 
  60    0.4585020 -1.48573e+01 
  61    0.4685419 -1.48127e+01 
  62    0.4788016 -1.47667e+01 
  63    0.4892860 -1.47199e+01 
  64    0.5000000 -1.46742e+01 
  65    0.5109486 -1.46308e+01 
  66    0.5221369 -1.45945e+01 
  67    0.5335702 -1.45539e+01 
  68    0.5452539 -1.45171e+01 
  69    0.5571934 -1.44796e+01 
  70    0.5693943 -1.44446e+01 
  71    0.5818624 -1.44099e+01 
  72    0.5946036 -1.43735e+01 
  73    0.6076237 -1.43340e+01 
  74    0.6209289 -1.42942e+01 
  75    0.6345255 -1.42592e+01 
  76    0.6484198 -1.42221e+01 
  77    0.6626183 -1.41864e+01 
  78    0.6771278 -1.41454e+01 
  79    0.6919549 -1.41076e+01 
  80    0.7071068 -1.40663e+01 
  81    0.7225904 -1.40263e+01 
  82    0.7384131 -1.39816e+01 
  83    0.7545822 -1.39391e+01 
  84    0.7711054 -1.38956e+01 
  85    0.7879904 -1.38541e+01 
  86    0.8052452 -1.38141e+01 
  87    0.8228777 -1.37699e+01 
  88    0.8408964 -1.37299e+01 
  89    0.8593096 -1.36928e+01 
  90    0.8781261 -1.36509e+01 
  91    0.8973545 -1.36148e+01 
  92    0.9170040 -1.35782e+01 
  93    0.9370838 -1.35413e+01 
  94    0.9576033 -1.35043e+01 
  95    0.9785721 -1.34665e+01 
  96    1.0000000 -1.34315e+01 
  97    1.0218971 -1.33919e+01 
  98    1.0442738 -1.33544e+01 
  99    1.0671404 -1.33152e+01 
 100    1.0905077 -1.32802e+01 
 101    1.1143867 -1.32419e+01 
 102    1.1387886 -1.32089e+01 
 103    1.1637249 -1.31737e+01 
 104    1.1892071 -1.31480e+01 
 105    1.2152474 -1.31197e+01 
 106    1.2418578 -1.30987e+01 
 107    1.2690510 -1.30827e+01 
 108    1.2968396 -1.30698e+01 
 109    1.3252366 -1.30594e+01 
 110    1.3542555 -1.30551e+01 
 111    1.3839099 -1.30537e+01 
 112    1.4142136 -1.30547e+01 
 113    1.4451808 -1.30610e+01 
 114    1.4768261 -1.30683e+01 
 115    1.5091644 -1.30769e+01 
 116    1.5422108 -1.30877e+01 
 117    1.5759808 -1.31013e+01 
 118    1.6104903 -1.31153e+01 
 119    1.6457555 -1.31257e+01 
 120    1.6817928 -1.31381e+01 
 121    1.7186193 -1.31517e+01 
 122    1.7562522 -1.31613e+01 
 123    1.7947091 -1.31743e+01 
 124    1.8340081 -1.31825e+01 
 125    1.8741676 -1.31926e+01 
 126    1.9152066 -1.32002e+01 
 127    1.9571441 -1.32072e+01 
 128    2.0000000 -1.32124e+01 
 129    2.0437943 -1.32138e+01 
 130    2.0885476 -1.32137e+01 
 131    2.1342808 -1.32126e+01 
 132    2.1810155 -1.32082e+01 
 133    2.2287735 -1.32030e+01 
 134    2.2775773 -1.31949e+01 
 135    2.3274497 -1.31849e+01 
 136    2.3784142 -1.31744e+01 
 137    2.4304947 -1.31594e+01 
 138    2.4837156 -1.31415e+01 
 139    2.5381019 -1.31209e+01 
 140    2.5936791 -1.30991e+01 
 141    2.6504733 -1.30757e+01 
 142    2.7085111 -1.30504e+01 
 143    2.7678198 -1.30223e+01 
 144    2.8284271 -1.29896e+01 
 145    2.8903616 -1.29551e+01 
 146    2.9536523 -1.29180e+01 
 147    3.0183289 -1.28783e+01 
 148    3.0844217 -1.28360e+01 
 149    3.1519617 -1.27932e+01 
 150    3.2209807 -1.27520e+01 
 151    3.2915110 -1.27133e+01 
 152    3.3635857 -1.26753e+01 
 153    3.4372386 -1.26368e+01 
 154    3.5125043 -1.26009e+01 
 155    3.5894182 -1.25681e+01 
 156    3.6680162 -1.25368e+01 
 157    3.7483353 -1.25106e+01 
 158    3.8304131 -1.24863e+01 
 159    3.9142882 -1.24658e+01 
 160    4.0000000 -1.24507e+01 
 161    4.0875886 -1.24391e+01 
 162    4.1770951 -1.24270e+01 
 163    4.2685616 -1.24212e+01 
 164    4.3620309 -1.24181e+01 
 165    4.4575470 -1.24172e+01 
 166    4.5551545 -1.24234e+01 
 167    4.6548994 -1.24300e+01 
 168    4.7568285 -1.24390e+01 
 169    4.8609894 -1.24444e+01 
 170    4.9674312 -1.24460e+01 
 171    5.0762038 -1.24447e+01 
 172    5.1873582 -1.24408e+01 
 173    5.3009466 -1.24257e+01 
 174    5.4170222 -1.24067e+01 
 175    5.5356395 -1.23820e+01 
 176    5.6568542 -1.23511e+01 
 177    5.7807232 -1.23156e+01 
 178    5.9073046 -1.22720e+01 
 179    6.0366577 -1.22242e+01 
 180    6.1688433 -1.21716e+01 
 181    6.3039234 -1.21156e+01 
 182    6.4419613 -1.20567e+01 
 183    6.5830219 -1.19955e+01 
 184    6.7271713 -1.19339e+01 
 185    6.8744772 -1.18732e+01 
 186    7.0250086 -1.18108e+01 
 187    7.1788363 -1.17462e+01 
 188    7.3360323 -1.16798e+01 
 189    7.4966705 -1.16122e+01 


# S-band (filter: Spitzer_IRAC2.dat)
   0    0.1250000 -1.41452e+01 
   1    0.1277371 -1.41879e+01 
   2    0.1305342 -1.42315e+01 
   3    0.1333926 -1.42761e+01 
   4    0.1363135 -1.43132e+01 
   5    0.1392983 -1.43459e+01 
   6    0.1423486 -1.43991e+01 
   7    0.1454656 -1.44359e+01 
   8    0.1486509 -1.44567e+01 
   9    0.1519059 -1.44734e+01 
  10    0.1552322 -1.44905e+01 
  11    0.1586314 -1.44899e+01 
  12    0.1621049 -1.45040e+01 
  13    0.1656546 -1.44977e+01 
  14    0.1692819 -1.45118e+01 
  15    0.1729887 -1.45070e+01 
  16    0.1767767 -1.44776e+01 
  17    0.1806476 -1.44478e+01 
  18    0.1846033 -1.44145e+01 
  19    0.1886456 -1.43840e+01 
  20    0.1927764 -1.43547e+01 
  21    0.1969976 -1.43179e+01 
  22    0.2013113 -1.42624e+01 
  23    0.2057194 -1.42246e+01 
  24    0.2102241 -1.41788e+01 
  25    0.2148274 -1.41198e+01 
  26    0.2195315 -1.40746e+01 
  27    0.2243386 -1.40192e+01 
  28    0.2292510 -1.39901e+01 
  29    0.2342710 -1.39600e+01 
  30    0.2394008 -1.39076e+01 
  31    0.2446430 -1.38676e+01 
  32    0.2500000 -1.38210e+01 
  33    0.2554743 -1.37689e+01 
  34    0.2610684 -1.37298e+01 
  35    0.2667851 -1.36764e+01 
  36    0.2726269 -1.36210e+01 
  37    0.2785967 -1.35657e+01 
  38    0.2846972 -1.35127e+01 
  39    0.2909312 -1.34554e+01 
  40    0.2973018 -1.33932e+01 
  41    0.3038118 -1.33169e+01 
  42    0.3104645 -1.32539e+01 
  43    0.3172627 -1.31936e+01 
  44    0.3242099 -1.31263e+01 
  45    0.3313092 -1.30478e+01 
  46    0.3385639 -1.29844e+01 
  47    0.3459775 -1.29195e+01 
  48    0.3535534 -1.28564e+01 
  49    0.3612952 -1.27979e+01 
  50    0.3692065 -1.27223e+01 
  51    0.3772911 -1.26674e+01 
  52    0.3855527 -1.26066e+01 
  53    0.3939952 -1.25292e+01 
  54    0.4026226 -1.24605e+01 
  55    0.4114389 -1.23872e+01 
  56    0.4204482 -1.23109e+01 
  57    0.4296548 -1.22470e+01 
  58    0.4390630 -1.21903e+01 
  59    0.4486773 -1.21188e+01 
  60    0.4585020 -1.20677e+01 
  61    0.4685419 -1.19976e+01 
  62    0.4788016 -1.19391e+01 
  63    0.4892860 -1.18683e+01 
  64    0.5000000 -1.18145e+01 
  65    0.5109486 -1.17515e+01 
  66    0.5221369 -1.16874e+01 
  67    0.5335702 -1.16093e+01 
  68    0.5452539 -1.15396e+01 
  69    0.5571934 -1.14910e+01 
  70    0.5693943 -1.14403e+01 
  71    0.5818624 -1.13777e+01 
  72    0.5946036 -1.12954e+01 
  73    0.6076237 -1.12400e+01 
  74    0.6209289 -1.11701e+01 
  75    0.6345255 -1.11160e+01 
  76    0.6484198 -1.10249e+01 
  77    0.6626183 -1.09469e+01 
  78    0.6771278 -1.08926e+01 
  79    0.6919549 -1.08524e+01 
  80    0.7071068 -1.07796e+01 
  81    0.7225904 -1.07126e+01 
  82    0.7384131 -1.06555e+01 
  83    0.7545822 -1.05835e+01 
  84    0.7711054 -1.05165e+01 
  85    0.7879904 -1.04296e+01 
  86    0.8052452 -1.03639e+01 
  87    0.8228777 -1.02868e+01 
  88    0.8408964 -1.02148e+01 
  89    0.8593096 -1.01563e+01 
  90    0.8781261 -1.00542e+01 
  91    0.8973545 -9.98679e+00 
  92    0.9170040 -9.91271e+00 
  93    0.9370838 -9.81499e+00 
  94    0.9576033 -9.74627e+00 
  95    0.9785721 -9.66724e+00 
  96    1.0000000 -9.59111e+00 
  97    1.0218971 -9.52323e+00 
  98    1.0442738 -9.43338e+00 
  99    1.0671404 -9.35999e+00 
 100    1.0905077 -9.29099e+00 
 101    1.1143867 -9.22648e+00 
 102    1.1387886 -9.15236e+00 
 103    1.1637249 -9.08560e+00 
 104    1.1892071 -9.03364e+00 
 105    1.2152474 -8.96825e+00 
 106    1.2418578 -8.91738e+00 
 107    1.2690510 -8.86780e+00 
 108    1.2968396 -8.79010e+00 
 109    1.3252366 -8.75122e+00 
 110    1.3542555 -8.73328e+00 
 111    1.3839099 -8.68581e+00 
 112    1.4142136 -8.66406e+00 
 113    1.4451808 -8.62530e+00 
 114    1.4768261 -8.59447e+00 
 115    1.5091644 -8.55314e+00 
 116    1.5422108 -8.51755e+00 
 117    1.5759808 -8.49083e+00 
 118    1.6104903 -8.42351e+00 
 119    1.6457555 -8.39115e+00 
 120    1.6817928 -8.37104e+00 
 121    1.7186193 -8.33387e+00 
 122    1.7562522 -8.31060e+00 
 123    1.7947091 -8.29048e+00 
 124    1.8340081 -8.25205e+00 
 125    1.8741676 -8.21907e+00 
 126    1.9152066 -8.18134e+00 
 127    1.9571441 -8.17986e+00 
 128    2.0000000 -8.14685e+00 
 129    2.0437943 -8.12719e+00 
 130    2.0885476 -8.12732e+00 
 131    2.1342808 -8.11593e+00 
 132    2.1810155 -8.11967e+00 
 133    2.2287735 -8.10007e+00 
 134    2.2775773 -8.10583e+00 
 135    2.3274497 -8.12253e+00 
 136    2.3784142 -8.12828e+00 
 137    2.4304947 -8.13578e+00 
 138    2.4837156 -8.15231e+00 
 139    2.5381019 -8.14768e+00 
 140    2.5936791 -8.16267e+00 
 141    2.6504733 -8.17684e+00 
 142    2.7085111 -8.19164e+00 
 143    2.7678198 -8.20992e+00 
 144    2.8284271 -8.20732e+00 
 145    2.8903616 -8.21930e+00 
 146    2.9536523 -8.21407e+00 
 147    3.0183289 -8.19755e+00 
 148    3.0844217 -8.19461e+00 
 149    3.1519617 -8.19790e+00 
 150    3.2209807 -8.20739e+00 
 151    3.2915110 -8.22376e+00 
 152    3.3635857 -8.23260e+00 
 153    3.4372386 -8.23891e+00 
 154    3.5125043 -8.26792e+00 
 155    3.5894182 -8.28130e+00 
 156    3.6680162 -8.30471e+00 
 157    3.7483353 -8.31518e+00 
 158    3.8304131 -8.33323e+00 
 159    3.9142882 -8.34876e+00 
 160    4.0000000 -8.37455e+00 
 161    4.0875886 -8.38771e+00 
 162    4.1770951 -8.40578e+00 
 163    4.2685616 -8.41968e+00 
 164    4.3620309 -8.42772e+00 
 165    4.4575470 -8.43409e+00 
 166    4.5551545 -8.42821e+00 
 167    4.6548994 -8.42095e+00 
 168    4.7568285 -8.41817e+00 
 169    4.8609894 -8.41745e+00 
 170    4.9674312 -8.41596e+00 
 171    5.0762038 -8.42288e+00 
 172    5.1873582 -8.41247e+00 
 173    5.3009466 -8.40205e+00 
 174    5.4170222 -8.37204e+00 
 175    5.5356395 -8.35192e+00 
 176    5.6568542 -8.33775e+00 
 177    5.7807232 -8.31356e+00 
 178    5.9073046 -8.29443e+00 
 179    6.0366577 -8.27588e+00 
 180    6.1688433 -8.26112e+00 
 181    6.3039234 -8.23330e+00 
 182    6.4419613 -8.20109e+00 
 183    6.5830219 -8.17465e+00 
 184    6.7271713 -8.15921e+00 
 185    6.8744772 -8.14611e+00 
 186    7.0250086 -8.12862e+00 
 187    7.1788363 -8.11130e+00 
 188    7.3360323 -8.09422e+00 
 189    7.4966705 -8.07651e+00 


