# 1:iteration 2:time bin[s] 3-k:equiv. isotropic luminosity in k-th angular bin [erg/s]
# bolometric luminosity going in angular bin
   0    0.1250000  4.19530e+41 
   1    0.1277371  4.23916e+41 
   2    0.1305342  4.28397e+41 
   3    0.1333926  4.32977e+41 
   4    0.1363135  4.37283e+41 
   5    0.1392983  4.41425e+41 
   6    0.1423486  4.44975e+41 
   7    0.1454656  4.47884e+41 
   8    0.1486509  4.50876e+41 
   9    0.1519059  4.53273e+41 
  10    0.1552322  4.55116e+41 
  11    0.1586314  4.56721e+41 
  12    0.1621049  4.57520e+41 
  13    0.1656546  4.57462e+41 
  14    0.1692819  4.57090e+41 
  15    0.1729887  4.56246e+41 
  16    0.1767767  4.54625e+41 
  17    0.1806476  4.52719e+41 
  18    0.1846033  4.50413e+41 
  19    0.1886456  4.47945e+41 
  20    0.1927764  4.44876e+41 
  21    0.1969976  4.41468e+41 
  22    0.2013113  4.38081e+41 
  23    0.2057194  4.34449e+41 
  24    0.2102241  4.30763e+41 
  25    0.2148274  4.27043e+41 
  26    0.2195315  4.23198e+41 
  27    0.2243386  4.19379e+41 
  28    0.2292510  4.15481e+41 
  29    0.2342710  4.11352e+41 
  30    0.2394008  4.07119e+41 
  31    0.2446430  4.02622e+41 
  32    0.2500000  3.97893e+41 
  33    0.2554743  3.93044e+41 
  34    0.2610684  3.87718e+41 
  35    0.2667851  3.82066e+41 
  36    0.2726269  3.76141e+41 
  37    0.2785967  3.69909e+41 
  38    0.2846972  3.63239e+41 
  39    0.2909312  3.56250e+41 
  40    0.2973018  3.48978e+41 
  41    0.3038118  3.41386e+41 
  42    0.3104645  3.33678e+41 
  43    0.3172627  3.25731e+41 
  44    0.3242099  3.17868e+41 
  45    0.3313092  3.10068e+41 
  46    0.3385639  3.02156e+41 
  47    0.3459775  2.94597e+41 
  48    0.3535534  2.87173e+41 
  49    0.3612952  2.79863e+41 
  50    0.3692065  2.72972e+41 
  51    0.3772911  2.66235e+41 
  52    0.3855527  2.59665e+41 
  53    0.3939952  2.53455e+41 
  54    0.4026226  2.47409e+41 
  55    0.4114389  2.41506e+41 
  56    0.4204482  2.35817e+41 
  57    0.4296548  2.30211e+41 
  58    0.4390630  2.24763e+41 
  59    0.4486773  2.19361e+41 
  60    0.4585020  2.14164e+41 
  61    0.4685419  2.09012e+41 
  62    0.4788016  2.03948e+41 
  63    0.4892860  1.99071e+41 
  64    0.5000000  1.94326e+41 
  65    0.5109486  1.89642e+41 
  66    0.5221369  1.85226e+41 
  67    0.5335702  1.80964e+41 
  68    0.5452539  1.76794e+41 
  69    0.5571934  1.72929e+41 
  70    0.5693943  1.69198e+41 
  71    0.5818624  1.65602e+41 
  72    0.5946036  1.62236e+41 
  73    0.6076237  1.59074e+41 
  74    0.6209289  1.56062e+41 
  75    0.6345255  1.53291e+41 
  76    0.6484198  1.50734e+41 
  77    0.6626183  1.48280e+41 
  78    0.6771278  1.46119e+41 
  79    0.6919549  1.44151e+41 
  80    0.7071068  1.42371e+41 
  81    0.7225904  1.40731e+41 
  82    0.7384131  1.39377e+41 
  83    0.7545822  1.38223e+41 
  84    0.7711054  1.37219e+41 
  85    0.7879904  1.36450e+41 
  86    0.8052452  1.35894e+41 
  87    0.8228777  1.35484e+41 
  88    0.8408964  1.35257e+41 
  89    0.8593096  1.35096e+41 
  90    0.8781261  1.35136e+41 
  91    0.8973545  1.35118e+41 
  92    0.9170040  1.35124e+41 
  93    0.9370838  1.35259e+41 
  94    0.9576033  1.35265e+41 
  95    0.9785721  1.35148e+41 
  96    1.0000000  1.35046e+41 
  97    1.0218971  1.34761e+41 
  98    1.0442738  1.34471e+41 
  99    1.0671404  1.34082e+41 
 100    1.0905077  1.33452e+41 
 101    1.1143867  1.32527e+41 
 102    1.1387886  1.31483e+41 
 103    1.1637249  1.30484e+41 
 104    1.1892071  1.29601e+41 
 105    1.2152474  1.28710e+41 
 106    1.2418578  1.27752e+41 
 107    1.2690510  1.26966e+41 
 108    1.2968396  1.26270e+41 
 109    1.3252366  1.25580e+41 
 110    1.3542555  1.25113e+41 
 111    1.3839099  1.24740e+41 
 112    1.4142136  1.24621e+41 
 113    1.4451808  1.24695e+41 
 114    1.4768261  1.24836e+41 
 115    1.5091644  1.25023e+41 
 116    1.5422108  1.25119e+41 
 117    1.5759808  1.25140e+41 
 118    1.6104903  1.25223e+41 
 119    1.6457555  1.25098e+41 
 120    1.6817928  1.24819e+41 
 121    1.7186193  1.24427e+41 
 122    1.7562522  1.23635e+41 
 123    1.7947091  1.22593e+41 
 124    1.8340081  1.21320e+41 
 125    1.8741676  1.19819e+41 
 126    1.9152066  1.18042e+41 
 127    1.9571441  1.16059e+41 
 128    2.0000000  1.13840e+41 
 129    2.0437943  1.11520e+41 
 130    2.0885476  1.09048e+41 
 131    2.1342808  1.06420e+41 
 132    2.1810155  1.03762e+41 
 133    2.2287735  1.01042e+41 
 134    2.2775773  9.82658e+40 
 135    2.3274497  9.55047e+40 
 136    2.3784142  9.27135e+40 
 137    2.4304947  8.99130e+40 
 138    2.4837156  8.71292e+40 
 139    2.5381019  8.43195e+40 
 140    2.5936791  8.14884e+40 
 141    2.6504733  7.86257e+40 
 142    2.7085111  7.57657e+40 
 143    2.7678198  7.28670e+40 
 144    2.8284271  6.99764e+40 
 145    2.8903616  6.70784e+40 
 146    2.9536523  6.41745e+40 
 147    3.0183289  6.12407e+40 
 148    3.0844217  5.83759e+40 
 149    3.1519617  5.55307e+40 
 150    3.2209807  5.26905e+40 
 151    3.2915110  4.99623e+40 
 152    3.3635857  4.73034e+40 
 153    3.4372386  4.46638e+40 
 154    3.5125043  4.21606e+40 
 155    3.5894182  3.97427e+40 
 156    3.6680162  3.73786e+40 
 157    3.7483353  3.51704e+40 
 158    3.8304131  3.30730e+40 
 159    3.9142882  3.10466e+40 
 160    4.0000000  2.91733e+40 
 161    4.0875886  2.74124e+40 
 162    4.1770951  2.57196e+40 
 163    4.2685616  2.41755e+40 
 164    4.3620309  2.27313e+40 
 165    4.4575470  2.13590e+40 
 166    4.5551545  2.01189e+40 
 167    4.6548994  1.89640e+40 
 168    4.7568285  1.78728e+40 
 169    4.8609894  1.68842e+40 
 170    4.9674312  1.59580e+40 
 171    5.0762038  1.51014e+40 
 172    5.1873582  1.43040e+40 
 173    5.3009466  1.35717e+40 
 174    5.4170222  1.28854e+40 
 175    5.5356395  1.22416e+40 
 176    5.6568542  1.16519e+40 
 177    5.7807232  1.11016e+40 
 178    5.9073046  1.05809e+40 
 179    6.0366577  1.01018e+40 
 180    6.1688433  9.65429e+39 
 181    6.3039234  9.23218e+39 
 182    6.4419613  8.84705e+39 
 183    6.5830219  8.48381e+39 
 184    6.7271713  8.13574e+39 
 185    6.8744772  7.81188e+39 
 186    7.0250086  7.49173e+39 
 187    7.1788363  7.17994e+39 
 188    7.3360323  6.87713e+39 
 189    7.4966705  6.59193e+39 


# g-band (filter: g_LSST.dat)
   0    0.1250000  8.90145e+26 
   1    0.1277371  8.98252e+26 
   2    0.1305342  9.06536e+26 
   3    0.1333926  9.15001e+26 
   4    0.1363135  9.22065e+26 
   5    0.1392983  9.28719e+26 
   6    0.1423486  9.33057e+26 
   7    0.1454656  9.36174e+26 
   8    0.1486509  9.38493e+26 
   9    0.1519059  9.38829e+26 
  10    0.1552322  9.37812e+26 
  11    0.1586314  9.36050e+26 
  12    0.1621049  9.32683e+26 
  13    0.1656546  9.28279e+26 
  14    0.1692819  9.22623e+26 
  15    0.1729887  9.16337e+26 
  16    0.1767767  9.08154e+26 
  17    0.1806476  8.99544e+26 
  18    0.1846033  8.89848e+26 
  19    0.1886456  8.79546e+26 
  20    0.1927764  8.68806e+26 
  21    0.1969976  8.56735e+26 
  22    0.2013113  8.44576e+26 
  23    0.2057194  8.31607e+26 
  24    0.2102241  8.18331e+26 
  25    0.2148274  8.04367e+26 
  26    0.2195315  7.89991e+26 
  27    0.2243386  7.75242e+26 
  28    0.2292510  7.60482e+26 
  29    0.2342710  7.44921e+26 
  30    0.2394008  7.29184e+26 
  31    0.2446430  7.13021e+26 
  32    0.2500000  6.95924e+26 
  33    0.2554743  6.78699e+26 
  34    0.2610684  6.60201e+26 
  35    0.2667851  6.41044e+26 
  36    0.2726269  6.20897e+26 
  37    0.2785967  6.00054e+26 
  38    0.2846972  5.78175e+26 
  39    0.2909312  5.55260e+26 
  40    0.2973018  5.31589e+26 
  41    0.3038118  5.06874e+26 
  42    0.3104645  4.81623e+26 
  43    0.3172627  4.55644e+26 
  44    0.3242099  4.29790e+26 
  45    0.3313092  4.04068e+26 
  46    0.3385639  3.78054e+26 
  47    0.3459775  3.53054e+26 
  48    0.3535534  3.28651e+26 
  49    0.3612952  3.04549e+26 
  50    0.3692065  2.81884e+26 
  51    0.3772911  2.60096e+26 
  52    0.3855527  2.38974e+26 
  53    0.3939952  2.19543e+26 
  54    0.4026226  2.01122e+26 
  55    0.4114389  1.83419e+26 
  56    0.4204482  1.67265e+26 
  57    0.4296548  1.51929e+26 
  58    0.4390630  1.37645e+26 
  59    0.4486773  1.24076e+26 
  60    0.4585020  1.11869e+26 
  61    0.4685419  1.00597e+26 
  62    0.4788016  9.00228e+25 
  63    0.4892860  8.06116e+25 
  64    0.5000000  7.19471e+25 
  65    0.5109486  6.39606e+25 
  66    0.5221369  5.68651e+25 
  67    0.5335702  5.03073e+25 
  68    0.5452539  4.44022e+25 
  69    0.5571934  3.91258e+25 
  70    0.5693943  3.43546e+25 
  71    0.5818624  3.00114e+25 
  72    0.5946036  2.62601e+25 
  73    0.6076237  2.28936e+25 
  74    0.6209289  1.97982e+25 
  75    0.6345255  1.72106e+25 
  76    0.6484198  1.49388e+25 
  77    0.6626183  1.29096e+25 
  78    0.6771278  1.12427e+25 
  79    0.6919549  9.80298e+24 
  80    0.7071068  8.61348e+24 
  81    0.7225904  7.65310e+24 
  82    0.7384131  6.83731e+24 
  83    0.7545822  6.15861e+24 
  84    0.7711054  5.58617e+24 
  85    0.7879904  5.08914e+24 
  86    0.8052452  4.67056e+24 
  87    0.8228777  4.30044e+24 
  88    0.8408964  3.97838e+24 
  89    0.8593096  3.70581e+24 
  90    0.8781261  3.46498e+24 
  91    0.8973545  3.27038e+24 
  92    0.9170040  3.08560e+24 
  93    0.9370838  2.93502e+24 
  94    0.9576033  2.81057e+24 
  95    0.9785721  2.70433e+24 
  96    1.0000000  2.60831e+24 
  97    1.0218971  2.52027e+24 
  98    1.0442738  2.44493e+24 
  99    1.0671404  2.37792e+24 
 100    1.0905077  2.32485e+24 
 101    1.1143867  2.27365e+24 
 102    1.1387886  2.22777e+24 
 103    1.1637249  2.18499e+24 
 104    1.1892071  2.15069e+24 
 105    1.2152474  2.10508e+24 
 106    1.2418578  2.06784e+24 
 107    1.2690510  2.02743e+24 
 108    1.2968396  1.98947e+24 
 109    1.3252366  1.95548e+24 
 110    1.3542555  1.91804e+24 
 111    1.3839099  1.88900e+24 
 112    1.4142136  1.84879e+24 
 113    1.4451808  1.80773e+24 
 114    1.4768261  1.77134e+24 
 115    1.5091644  1.72923e+24 
 116    1.5422108  1.68741e+24 
 117    1.5759808  1.64967e+24 
 118    1.6104903  1.61053e+24 
 119    1.6457555  1.56736e+24 
 120    1.6817928  1.52401e+24 
 121    1.7186193  1.47659e+24 
 122    1.7562522  1.42683e+24 
 123    1.7947091  1.37157e+24 
 124    1.8340081  1.32281e+24 
 125    1.8741676  1.26685e+24 
 126    1.9152066  1.20963e+24 
 127    1.9571441  1.14900e+24 
 128    2.0000000  1.08976e+24 
 129    2.0437943  1.02966e+24 
 130    2.0885476  9.67869e+23 
 131    2.1342808  9.07240e+23 
 132    2.1810155  8.47088e+23 
 133    2.2287735  7.91186e+23 
 134    2.2775773  7.32795e+23 
 135    2.3274497  6.79312e+23 
 136    2.3784142  6.26615e+23 
 137    2.4304947  5.76505e+23 
 138    2.4837156  5.29811e+23 
 139    2.5381019  4.86779e+23 
 140    2.5936791  4.45199e+23 
 141    2.6504733  4.08490e+23 
 142    2.7085111  3.74605e+23 
 143    2.7678198  3.42103e+23 
 144    2.8284271  3.13593e+23 
 145    2.8903616  2.85706e+23 
 146    2.9536523  2.60935e+23 
 147    3.0183289  2.38425e+23 
 148    3.0844217  2.18453e+23 
 149    3.1519617  1.99656e+23 
 150    3.2209807  1.82822e+23 
 151    3.2915110  1.67946e+23 
 152    3.3635857  1.54322e+23 
 153    3.4372386  1.40946e+23 
 154    3.5125043  1.29822e+23 
 155    3.5894182  1.19752e+23 
 156    3.6680162  1.10292e+23 
 157    3.7483353  1.02342e+23 
 158    3.8304131  9.54565e+22 
 159    3.9142882  8.93784e+22 
 160    4.0000000  8.41914e+22 
 161    4.0875886  8.01348e+22 
 162    4.1770951  7.64351e+22 
 163    4.2685616  7.43620e+22 
 164    4.3620309  7.22529e+22 
 165    4.4575470  7.09614e+22 
 166    4.5551545  7.04566e+22 
 167    4.6548994  7.08428e+22 
 168    4.7568285  7.18867e+22 
 169    4.8609894  7.37268e+22 
 170    4.9674312  7.63155e+22 
 171    5.0762038  7.94200e+22 
 172    5.1873582  8.35221e+22 
 173    5.3009466  8.90049e+22 
 174    5.4170222  9.52259e+22 
 175    5.5356395  1.02385e+23 
 176    5.6568542  1.10926e+23 
 177    5.7807232  1.21194e+23 
 178    5.9073046  1.31870e+23 
 179    6.0366577  1.43974e+23 
 180    6.1688433  1.57718e+23 
 181    6.3039234  1.72366e+23 
 182    6.4419613  1.88946e+23 
 183    6.5830219  2.07925e+23 
 184    6.7271713  2.27082e+23 
 185    6.8744772  2.47715e+23 
 186    7.0250086  2.69108e+23 
 187    7.1788363  2.91605e+23 
 188    7.3360323  3.15196e+23 
 189    7.4966705  3.40489e+23 


# r-band (filter: r_LSST.dat)
   0    0.1250000  7.71600e+26 
   1    0.1277371  7.87261e+26 
   2    0.1305342  8.03265e+26 
   3    0.1333926  8.19619e+26 
   4    0.1363135  8.35847e+26 
   5    0.1392983  8.51474e+26 
   6    0.1423486  8.66080e+26 
   7    0.1454656  8.79484e+26 
   8    0.1486509  8.92992e+26 
   9    0.1519059  9.05257e+26 
  10    0.1552322  9.17050e+26 
  11    0.1586314  9.28137e+26 
  12    0.1621049  9.37715e+26 
  13    0.1656546  9.46269e+26 
  14    0.1692819  9.53998e+26 
  15    0.1729887  9.61299e+26 
  16    0.1767767  9.66933e+26 
  17    0.1806476  9.71260e+26 
  18    0.1846033  9.75516e+26 
  19    0.1886456  9.78036e+26 
  20    0.1927764  9.79570e+26 
  21    0.1969976  9.80449e+26 
  22    0.2013113  9.80205e+26 
  23    0.2057194  9.78840e+26 
  24    0.2102241  9.76642e+26 
  25    0.2148274  9.73858e+26 
  26    0.2195315  9.70256e+26 
  27    0.2243386  9.65680e+26 
  28    0.2292510  9.60054e+26 
  29    0.2342710  9.54314e+26 
  30    0.2394008  9.47638e+26 
  31    0.2446430  9.40443e+26 
  32    0.2500000  9.32622e+26 
  33    0.2554743  9.24224e+26 
  34    0.2610684  9.15378e+26 
  35    0.2667851  9.06214e+26 
  36    0.2726269  8.96678e+26 
  37    0.2785967  8.86567e+26 
  38    0.2846972  8.75940e+26 
  39    0.2909312  8.65429e+26 
  40    0.2973018  8.54714e+26 
  41    0.3038118  8.42959e+26 
  42    0.3104645  8.31018e+26 
  43    0.3172627  8.19026e+26 
  44    0.3242099  8.06352e+26 
  45    0.3313092  7.93467e+26 
  46    0.3385639  7.80105e+26 
  47    0.3459775  7.66180e+26 
  48    0.3535534  7.51878e+26 
  49    0.3612952  7.37253e+26 
  50    0.3692065  7.22385e+26 
  51    0.3772911  7.06851e+26 
  52    0.3855527  6.90746e+26 
  53    0.3939952  6.74386e+26 
  54    0.4026226  6.57631e+26 
  55    0.4114389  6.40335e+26 
  56    0.4204482  6.22751e+26 
  57    0.4296548  6.04651e+26 
  58    0.4390630  5.86705e+26 
  59    0.4486773  5.68290e+26 
  60    0.4585020  5.50235e+26 
  61    0.4685419  5.31876e+26 
  62    0.4788016  5.13592e+26 
  63    0.4892860  4.95755e+26 
  64    0.5000000  4.78466e+26 
  65    0.5109486  4.61334e+26 
  66    0.5221369  4.45392e+26 
  67    0.5335702  4.30160e+26 
  68    0.5452539  4.15402e+26 
  69    0.5571934  4.02150e+26 
  70    0.5693943  3.89555e+26 
  71    0.5818624  3.77442e+26 
  72    0.5946036  3.66362e+26 
  73    0.6076237  3.56269e+26 
  74    0.6209289  3.47080e+26 
  75    0.6345255  3.38947e+26 
  76    0.6484198  3.31678e+26 
  77    0.6626183  3.25001e+26 
  78    0.6771278  3.19523e+26 
  79    0.6919549  3.14945e+26 
  80    0.7071068  3.11039e+26 
  81    0.7225904  3.08004e+26 
  82    0.7384131  3.06082e+26 
  83    0.7545822  3.05067e+26 
  84    0.7711054  3.04781e+26 
  85    0.7879904  3.05528e+26 
  86    0.8052452  3.07043e+26 
  87    0.8228777  3.09264e+26 
  88    0.8408964  3.12120e+26 
  89    0.8593096  3.15400e+26 
  90    0.8781261  3.19434e+26 
  91    0.8973545  3.22699e+26 
  92    0.9170040  3.26681e+26 
  93    0.9370838  3.31350e+26 
  94    0.9576033  3.36041e+26 
  95    0.9785721  3.39540e+26 
  96    1.0000000  3.42848e+26 
  97    1.0218971  3.44744e+26 
  98    1.0442738  3.46571e+26 
  99    1.0671404  3.48371e+26 
 100    1.0905077  3.48573e+26 
 101    1.1143867  3.46955e+26 
 102    1.1387886  3.44501e+26 
 103    1.1637249  3.41717e+26 
 104    1.1892071  3.38576e+26 
 105    1.2152474  3.34808e+26 
 106    1.2418578  3.30347e+26 
 107    1.2690510  3.26003e+26 
 108    1.2968396  3.21574e+26 
 109    1.3252366  3.16869e+26 
 110    1.3542555  3.12572e+26 
 111    1.3839099  3.07976e+26 
 112    1.4142136  3.04206e+26 
 113    1.4451808  3.00732e+26 
 114    1.4768261  2.97389e+26 
 115    1.5091644  2.93937e+26 
 116    1.5422108  2.89630e+26 
 117    1.5759808  2.84317e+26 
 118    1.6104903  2.79152e+26 
 119    1.6457555  2.72751e+26 
 120    1.6817928  2.65615e+26 
 121    1.7186193  2.57566e+26 
 122    1.7562522  2.47912e+26 
 123    1.7947091  2.37156e+26 
 124    1.8340081  2.25635e+26 
 125    1.8741676  2.13042e+26 
 126    1.9152066  1.99996e+26 
 127    1.9571441  1.86719e+26 
 128    2.0000000  1.72723e+26 
 129    2.0437943  1.59386e+26 
 130    2.0885476  1.46255e+26 
 131    2.1342808  1.33034e+26 
 132    2.1810155  1.20997e+26 
 133    2.2287735  1.09697e+26 
 134    2.2775773  9.88902e+25 
 135    2.3274497  8.93356e+25 
 136    2.3784142  8.05892e+25 
 137    2.4304947  7.26195e+25 
 138    2.4837156  6.56718e+25 
 139    2.5381019  5.93764e+25 
 140    2.5936791  5.36994e+25 
 141    2.6504733  4.87572e+25 
 142    2.7085111  4.43470e+25 
 143    2.7678198  4.03521e+25 
 144    2.8284271  3.68916e+25 
 145    2.8903616  3.37707e+25 
 146    2.9536523  3.09666e+25 
 147    3.0183289  2.84490e+25 
 148    3.0844217  2.62043e+25 
 149    3.1519617  2.41674e+25 
 150    3.2209807  2.23352e+25 
 151    3.2915110  2.07135e+25 
 152    3.3635857  1.92402e+25 
 153    3.4372386  1.78893e+25 
 154    3.5125043  1.66853e+25 
 155    3.5894182  1.55890e+25 
 156    3.6680162  1.45816e+25 
 157    3.7483353  1.36812e+25 
 158    3.8304131  1.28770e+25 
 159    3.9142882  1.21345e+25 
 160    4.0000000  1.14790e+25 
 161    4.0875886  1.08834e+25 
 162    4.1770951  1.03373e+25 
 163    4.2685616  9.84529e+24 
 164    4.3620309  9.40415e+24 
 165    4.4575470  8.99530e+24 
 166    4.5551545  8.63481e+24 
 167    4.6548994  8.31240e+24 
 168    4.7568285  8.01549e+24 
 169    4.8609894  7.76155e+24 
 170    4.9674312  7.52373e+24 
 171    5.0762038  7.31047e+24 
 172    5.1873582  7.12551e+24 
 173    5.3009466  6.96175e+24 
 174    5.4170222  6.81335e+24 
 175    5.5356395  6.67779e+24 
 176    5.6568542  6.55946e+24 
 177    5.7807232  6.46364e+24 
 178    5.9073046  6.37305e+24 
 179    6.0366577  6.29375e+24 
 180    6.1688433  6.22265e+24 
 181    6.3039234  6.15739e+24 
 182    6.4419613  6.10080e+24 
 183    6.5830219  6.04670e+24 
 184    6.7271713  5.99227e+24 
 185    6.8744772  5.93525e+24 
 186    7.0250086  5.88580e+24 
 187    7.1788363  5.83766e+24 
 188    7.3360323  5.78611e+24 
 189    7.4966705  5.73389e+24 


# i-band (filter: i_LSST.dat)
   0    0.1250000  4.70389e+26 
   1    0.1277371  4.79805e+26 
   2    0.1305342  4.89427e+26 
   3    0.1333926  4.99259e+26 
   4    0.1363135  5.09183e+26 
   5    0.1392983  5.19477e+26 
   6    0.1423486  5.29862e+26 
   7    0.1454656  5.39361e+26 
   8    0.1486509  5.49640e+26 
   9    0.1519059  5.59625e+26 
  10    0.1552322  5.68539e+26 
  11    0.1586314  5.77837e+26 
  12    0.1621049  5.86178e+26 
  13    0.1656546  5.94609e+26 
  14    0.1692819  6.03017e+26 
  15    0.1729887  6.10817e+26 
  16    0.1767767  6.18408e+26 
  17    0.1806476  6.25364e+26 
  18    0.1846033  6.32572e+26 
  19    0.1886456  6.39864e+26 
  20    0.1927764  6.45613e+26 
  21    0.1969976  6.51922e+26 
  22    0.2013113  6.57914e+26 
  23    0.2057194  6.63760e+26 
  24    0.2102241  6.69345e+26 
  25    0.2148274  6.74145e+26 
  26    0.2195315  6.78291e+26 
  27    0.2243386  6.82257e+26 
  28    0.2292510  6.84745e+26 
  29    0.2342710  6.86182e+26 
  30    0.2394008  6.86849e+26 
  31    0.2446430  6.85778e+26 
  32    0.2500000  6.83513e+26 
  33    0.2554743  6.80204e+26 
  34    0.2610684  6.75209e+26 
  35    0.2667851  6.68251e+26 
  36    0.2726269  6.59633e+26 
  37    0.2785967  6.49912e+26 
  38    0.2846972  6.38312e+26 
  39    0.2909312  6.25541e+26 
  40    0.2973018  6.11412e+26 
  41    0.3038118  5.96679e+26 
  42    0.3104645  5.81316e+26 
  43    0.3172627  5.64826e+26 
  44    0.3242099  5.48832e+26 
  45    0.3313092  5.32551e+26 
  46    0.3385639  5.16271e+26 
  47    0.3459775  5.01113e+26 
  48    0.3535534  4.86806e+26 
  49    0.3612952  4.72729e+26 
  50    0.3692065  4.60088e+26 
  51    0.3772911  4.48350e+26 
  52    0.3855527  4.37204e+26 
  53    0.3939952  4.27288e+26 
  54    0.4026226  4.18031e+26 
  55    0.4114389  4.09748e+26 
  56    0.4204482  4.02253e+26 
  57    0.4296548  3.95334e+26 
  58    0.4390630  3.89004e+26 
  59    0.4486773  3.83152e+26 
  60    0.4585020  3.77649e+26 
  61    0.4685419  3.72527e+26 
  62    0.4788016  3.67650e+26 
  63    0.4892860  3.63225e+26 
  64    0.5000000  3.59132e+26 
  65    0.5109486  3.55226e+26 
  66    0.5221369  3.51814e+26 
  67    0.5335702  3.48563e+26 
  68    0.5452539  3.45625e+26 
  69    0.5571934  3.43399e+26 
  70    0.5693943  3.41273e+26 
  71    0.5818624  3.39477e+26 
  72    0.5946036  3.38206e+26 
  73    0.6076237  3.37190e+26 
  74    0.6209289  3.36471e+26 
  75    0.6345255  3.36050e+26 
  76    0.6484198  3.36017e+26 
  77    0.6626183  3.36344e+26 
  78    0.6771278  3.37199e+26 
  79    0.6919549  3.38556e+26 
  80    0.7071068  3.40069e+26 
  81    0.7225904  3.41706e+26 
  82    0.7384131  3.44023e+26 
  83    0.7545822  3.46733e+26 
  84    0.7711054  3.49574e+26 
  85    0.7879904  3.52834e+26 
  86    0.8052452  3.56444e+26 
  87    0.8228777  3.60344e+26 
  88    0.8408964  3.64485e+26 
  89    0.8593096  3.68824e+26 
  90    0.8781261  3.73616e+26 
  91    0.8973545  3.78192e+26 
  92    0.9170040  3.81775e+26 
  93    0.9370838  3.85048e+26 
  94    0.9576033  3.85902e+26 
  95    0.9785721  3.85362e+26 
  96    1.0000000  3.85003e+26 
  97    1.0218971  3.82409e+26 
  98    1.0442738  3.79256e+26 
  99    1.0671404  3.74621e+26 
 100    1.0905077  3.67739e+26 
 101    1.1143867  3.58651e+26 
 102    1.1387886  3.48432e+26 
 103    1.1637249  3.37670e+26 
 104    1.1892071  3.27714e+26 
 105    1.2152474  3.17808e+26 
 106    1.2418578  3.07190e+26 
 107    1.2690510  2.97773e+26 
 108    1.2968396  2.88942e+26 
 109    1.3252366  2.80120e+26 
 110    1.3542555  2.72559e+26 
 111    1.3839099  2.65804e+26 
 112    1.4142136  2.60562e+26 
 113    1.4451808  2.56729e+26 
 114    1.4768261  2.53391e+26 
 115    1.5091644  2.50408e+26 
 116    1.5422108  2.47417e+26 
 117    1.5759808  2.44685e+26 
 118    1.6104903  2.42535e+26 
 119    1.6457555  2.40039e+26 
 120    1.6817928  2.37303e+26 
 121    1.7186193  2.34304e+26 
 122    1.7562522  2.30430e+26 
 123    1.7947091  2.26108e+26 
 124    1.8340081  2.21120e+26 
 125    1.8741676  2.15710e+26 
 126    1.9152066  2.09662e+26 
 127    1.9571441  2.03258e+26 
 128    2.0000000  1.96349e+26 
 129    2.0437943  1.89403e+26 
 130    2.0885476  1.82381e+26 
 131    2.1342808  1.75039e+26 
 132    2.1810155  1.67932e+26 
 133    2.2287735  1.61025e+26 
 134    2.2775773  1.54134e+26 
 135    2.3274497  1.47612e+26 
 136    2.3784142  1.41341e+26 
 137    2.4304947  1.35263e+26 
 138    2.4837156  1.29502e+26 
 139    2.5381019  1.23871e+26 
 140    2.5936791  1.18385e+26 
 141    2.6504733  1.12978e+26 
 142    2.7085111  1.07672e+26 
 143    2.7678198  1.02379e+26 
 144    2.8284271  9.71825e+25 
 145    2.8903616  9.20091e+25 
 146    2.9536523  8.69624e+25 
 147    3.0183289  8.18819e+25 
 148    3.0844217  7.70481e+25 
 149    3.1519617  7.23139e+25 
 150    3.2209807  6.76299e+25 
 151    3.2915110  6.32895e+25 
 152    3.3635857  5.91120e+25 
 153    3.4372386  5.50928e+25 
 154    3.5125043  5.13754e+25 
 155    3.5894182  4.78923e+25 
 156    3.6680162  4.45654e+25 
 157    3.7483353  4.15545e+25 
 158    3.8304131  3.87265e+25 
 159    3.9142882  3.60923e+25 
 160    4.0000000  3.37077e+25 
 161    4.0875886  3.15244e+25 
 162    4.1770951  2.94712e+25 
 163    4.2685616  2.76298e+25 
 164    4.3620309  2.59607e+25 
 165    4.4575470  2.43977e+25 
 166    4.5551545  2.30299e+25 
 167    4.6548994  2.17631e+25 
 168    4.7568285  2.06113e+25 
 169    4.8609894  1.95946e+25 
 170    4.9674312  1.86574e+25 
 171    5.0762038  1.78187e+25 
 172    5.1873582  1.70579e+25 
 173    5.3009466  1.63661e+25 
 174    5.4170222  1.57308e+25 
 175    5.5356395  1.51527e+25 
 176    5.6568542  1.46380e+25 
 177    5.7807232  1.41556e+25 
 178    5.9073046  1.37043e+25 
 179    6.0366577  1.32934e+25 
 180    6.1688433  1.29125e+25 
 181    6.3039234  1.25656e+25 
 182    6.4419613  1.22605e+25 
 183    6.5830219  1.19674e+25 
 184    6.7271713  1.16884e+25 
 185    6.8744772  1.14295e+25 
 186    7.0250086  1.11716e+25 
 187    7.1788363  1.09221e+25 
 188    7.3360323  1.06832e+25 
 189    7.4966705  1.04674e+25 


# z-band (filter: z_LSST.dat)
   0    0.1250000  3.58594e+26 
   1    0.1277371  3.67761e+26 
   2    0.1305342  3.77130e+26 
   3    0.1333926  3.86703e+26 
   4    0.1363135  3.96784e+26 
   5    0.1392983  4.06852e+26 
   6    0.1423486  4.17942e+26 
   7    0.1454656  4.28983e+26 
   8    0.1486509  4.40085e+26 
   9    0.1519059  4.51636e+26 
  10    0.1552322  4.61932e+26 
  11    0.1586314  4.72556e+26 
  12    0.1621049  4.81465e+26 
  13    0.1656546  4.89510e+26 
  14    0.1692819  4.98387e+26 
  15    0.1729887  5.06497e+26 
  16    0.1767767  5.14270e+26 
  17    0.1806476  5.21908e+26 
  18    0.1846033  5.28748e+26 
  19    0.1886456  5.35747e+26 
  20    0.1927764  5.41507e+26 
  21    0.1969976  5.47882e+26 
  22    0.2013113  5.53771e+26 
  23    0.2057194  5.59666e+26 
  24    0.2102241  5.65983e+26 
  25    0.2148274  5.71231e+26 
  26    0.2195315  5.75648e+26 
  27    0.2243386  5.79476e+26 
  28    0.2292510  5.81767e+26 
  29    0.2342710  5.82455e+26 
  30    0.2394008  5.82472e+26 
  31    0.2446430  5.79587e+26 
  32    0.2500000  5.75211e+26 
  33    0.2554743  5.68955e+26 
  34    0.2610684  5.59626e+26 
  35    0.2667851  5.47950e+26 
  36    0.2726269  5.33959e+26 
  37    0.2785967  5.17952e+26 
  38    0.2846972  4.99465e+26 
  39    0.2909312  4.79415e+26 
  40    0.2973018  4.57402e+26 
  41    0.3038118  4.34866e+26 
  42    0.3104645  4.12076e+26 
  43    0.3172627  3.87876e+26 
  44    0.3242099  3.65083e+26 
  45    0.3313092  3.42980e+26 
  46    0.3385639  3.20818e+26 
  47    0.3459775  3.00993e+26 
  48    0.3535534  2.82513e+26 
  49    0.3612952  2.65180e+26 
  50    0.3692065  2.49999e+26 
  51    0.3772911  2.36218e+26 
  52    0.3855527  2.23682e+26 
  53    0.3939952  2.12819e+26 
  54    0.4026226  2.02975e+26 
  55    0.4114389  1.94195e+26 
  56    0.4204482  1.86339e+26 
  57    0.4296548  1.79239e+26 
  58    0.4390630  1.72825e+26 
  59    0.4486773  1.66874e+26 
  60    0.4585020  1.61514e+26 
  61    0.4685419  1.56539e+26 
  62    0.4788016  1.51891e+26 
  63    0.4892860  1.47800e+26 
  64    0.5000000  1.44122e+26 
  65    0.5109486  1.40543e+26 
  66    0.5221369  1.37400e+26 
  67    0.5335702  1.34641e+26 
  68    0.5452539  1.32122e+26 
  69    0.5571934  1.29807e+26 
  70    0.5693943  1.27748e+26 
  71    0.5818624  1.25937e+26 
  72    0.5946036  1.24308e+26 
  73    0.6076237  1.22807e+26 
  74    0.6209289  1.21352e+26 
  75    0.6345255  1.19975e+26 
  76    0.6484198  1.18654e+26 
  77    0.6626183  1.17428e+26 
  78    0.6771278  1.16246e+26 
  79    0.6919549  1.15137e+26 
  80    0.7071068  1.14166e+26 
  81    0.7225904  1.13263e+26 
  82    0.7384131  1.12509e+26 
  83    0.7545822  1.12055e+26 
  84    0.7711054  1.11639e+26 
  85    0.7879904  1.11704e+26 
  86    0.8052452  1.12117e+26 
  87    0.8228777  1.12764e+26 
  88    0.8408964  1.14072e+26 
  89    0.8593096  1.15639e+26 
  90    0.8781261  1.17557e+26 
  91    0.8973545  1.19855e+26 
  92    0.9170040  1.22274e+26 
  93    0.9370838  1.25006e+26 
  94    0.9576033  1.27537e+26 
  95    0.9785721  1.30160e+26 
  96    1.0000000  1.33070e+26 
  97    1.0218971  1.35769e+26 
  98    1.0442738  1.38480e+26 
  99    1.0671404  1.41028e+26 
 100    1.0905077  1.43007e+26 
 101    1.1143867  1.44345e+26 
 102    1.1387886  1.45520e+26 
 103    1.1637249  1.46651e+26 
 104    1.1892071  1.47840e+26 
 105    1.2152474  1.48782e+26 
 106    1.2418578  1.49612e+26 
 107    1.2690510  1.50423e+26 
 108    1.2968396  1.51029e+26 
 109    1.3252366  1.51628e+26 
 110    1.3542555  1.52345e+26 
 111    1.3839099  1.52994e+26 
 112    1.4142136  1.54072e+26 
 113    1.4451808  1.55155e+26 
 114    1.4768261  1.56208e+26 
 115    1.5091644  1.57198e+26 
 116    1.5422108  1.57866e+26 
 117    1.5759808  1.58509e+26 
 118    1.6104903  1.59032e+26 
 119    1.6457555  1.59161e+26 
 120    1.6817928  1.58983e+26 
 121    1.7186193  1.58551e+26 
 122    1.7562522  1.57266e+26 
 123    1.7947091  1.55536e+26 
 124    1.8340081  1.53198e+26 
 125    1.8741676  1.50464e+26 
 126    1.9152066  1.47150e+26 
 127    1.9571441  1.43389e+26 
 128    2.0000000  1.39005e+26 
 129    2.0437943  1.34429e+26 
 130    2.0885476  1.29509e+26 
 131    2.1342808  1.24283e+26 
 132    2.1810155  1.19056e+26 
 133    2.2287735  1.13736e+26 
 134    2.2775773  1.08369e+26 
 135    2.3274497  1.03117e+26 
 136    2.3784142  9.79987e+25 
 137    2.4304947  9.29531e+25 
 138    2.4837156  8.80888e+25 
 139    2.5381019  8.33257e+25 
 140    2.5936791  7.87323e+25 
 141    2.6504733  7.42215e+25 
 142    2.7085111  6.98327e+25 
 143    2.7678198  6.54686e+25 
 144    2.8284271  6.12467e+25 
 145    2.8903616  5.71499e+25 
 146    2.9536523  5.31224e+25 
 147    3.0183289  4.91841e+25 
 148    3.0844217  4.54384e+25 
 149    3.1519617  4.18224e+25 
 150    3.2209807  3.82702e+25 
 151    3.2915110  3.50260e+25 
 152    3.3635857  3.19346e+25 
 153    3.4372386  2.89722e+25 
 154    3.5125043  2.63320e+25 
 155    3.5894182  2.38858e+25 
 156    3.6680162  2.16074e+25 
 157    3.7483353  1.95868e+25 
 158    3.8304131  1.77655e+25 
 159    3.9142882  1.60829e+25 
 160    4.0000000  1.46116e+25 
 161    4.0875886  1.32787e+25 
 162    4.1770951  1.20872e+25 
 163    4.2685616  1.10332e+25 
 164    4.3620309  1.00916e+25 
 165    4.4575470  9.24089e+24 
 166    4.5551545  8.50324e+24 
 167    4.6548994  7.83481e+24 
 168    4.7568285  7.20926e+24 
 169    4.8609894  6.66963e+24 
 170    4.9674312  6.18120e+24 
 171    5.0762038  5.73745e+24 
 172    5.1873582  5.33825e+24 
 173    5.3009466  4.98825e+24 
 174    5.4170222  4.67185e+24 
 175    5.5356395  4.38353e+24 
 176    5.6568542  4.12581e+24 
 177    5.7807232  3.88873e+24 
 178    5.9073046  3.67078e+24 
 179    6.0366577  3.47943e+24 
 180    6.1688433  3.30247e+24 
 181    6.3039234  3.13795e+24 
 182    6.4419613  2.98981e+24 
 183    6.5830219  2.85061e+24 
 184    6.7271713  2.71906e+24 
 185    6.8744772  2.59654e+24 
 186    7.0250086  2.47551e+24 
 187    7.1788363  2.35814e+24 
 188    7.3360323  2.24444e+24 
 189    7.4966705  2.13476e+24 


# y-band (filter: y_LSST.dat)
   0    0.1250000  2.79858e+26 
   1    0.1277371  2.88557e+26 
   2    0.1305342  2.97446e+26 
   3    0.1333926  3.06529e+26 
   4    0.1363135  3.15927e+26 
   5    0.1392983  3.25858e+26 
   6    0.1423486  3.36988e+26 
   7    0.1454656  3.47758e+26 
   8    0.1486509  3.59249e+26 
   9    0.1519059  3.70677e+26 
  10    0.1552322  3.81785e+26 
  11    0.1586314  3.93389e+26 
  12    0.1621049  4.02175e+26 
  13    0.1656546  4.10841e+26 
  14    0.1692819  4.19625e+26 
  15    0.1729887  4.27839e+26 
  16    0.1767767  4.36202e+26 
  17    0.1806476  4.44426e+26 
  18    0.1846033  4.52228e+26 
  19    0.1886456  4.61102e+26 
  20    0.1927764  4.69061e+26 
  21    0.1969976  4.77293e+26 
  22    0.2013113  4.85888e+26 
  23    0.2057194  4.95162e+26 
  24    0.2102241  5.05848e+26 
  25    0.2148274  5.16452e+26 
  26    0.2195315  5.27133e+26 
  27    0.2243386  5.38516e+26 
  28    0.2292510  5.49672e+26 
  29    0.2342710  5.60611e+26 
  30    0.2394008  5.70897e+26 
  31    0.2446430  5.80958e+26 
  32    0.2500000  5.89935e+26 
  33    0.2554743  5.98560e+26 
  34    0.2610684  6.05306e+26 
  35    0.2667851  6.10552e+26 
  36    0.2726269  6.13732e+26 
  37    0.2785967  6.16151e+26 
  38    0.2846972  6.15217e+26 
  39    0.2909312  6.11698e+26 
  40    0.2973018  6.06241e+26 
  41    0.3038118  5.97744e+26 
  42    0.3104645  5.87203e+26 
  43    0.3172627  5.74150e+26 
  44    0.3242099  5.59241e+26 
  45    0.3313092  5.42901e+26 
  46    0.3385639  5.24441e+26 
  47    0.3459775  5.05599e+26 
  48    0.3535534  4.85836e+26 
  49    0.3612952  4.65064e+26 
  50    0.3692065  4.45114e+26 
  51    0.3772911  4.25251e+26 
  52    0.3855527  4.05496e+26 
  53    0.3939952  3.86824e+26 
  54    0.4026226  3.68900e+26 
  55    0.4114389  3.51622e+26 
  56    0.4204482  3.35712e+26 
  57    0.4296548  3.20386e+26 
  58    0.4390630  3.05982e+26 
  59    0.4486773  2.92378e+26 
  60    0.4585020  2.79791e+26 
  61    0.4685419  2.67776e+26 
  62    0.4788016  2.56466e+26 
  63    0.4892860  2.46063e+26 
  64    0.5000000  2.36110e+26 
  65    0.5109486  2.26666e+26 
  66    0.5221369  2.17856e+26 
  67    0.5335702  2.09474e+26 
  68    0.5452539  2.01333e+26 
  69    0.5571934  1.94023e+26 
  70    0.5693943  1.86969e+26 
  71    0.5818624  1.80220e+26 
  72    0.5946036  1.73914e+26 
  73    0.6076237  1.68104e+26 
  74    0.6209289  1.62333e+26 
  75    0.6345255  1.56963e+26 
  76    0.6484198  1.51808e+26 
  77    0.6626183  1.46931e+26 
  78    0.6771278  1.42462e+26 
  79    0.6919549  1.38233e+26 
  80    0.7071068  1.34272e+26 
  81    0.7225904  1.30280e+26 
  82    0.7384131  1.26574e+26 
  83    0.7545822  1.23095e+26 
  84    0.7711054  1.19809e+26 
  85    0.7879904  1.16591e+26 
  86    0.8052452  1.13732e+26 
  87    0.8228777  1.10939e+26 
  88    0.8408964  1.08541e+26 
  89    0.8593096  1.06234e+26 
  90    0.8781261  1.04099e+26 
  91    0.8973545  1.02252e+26 
  92    0.9170040  1.00487e+26 
  93    0.9370838  9.90729e+25 
  94    0.9576033  9.80457e+25 
  95    0.9785721  9.72576e+25 
  96    1.0000000  9.66442e+25 
  97    1.0218971  9.63875e+25 
  98    1.0442738  9.65874e+25 
  99    1.0671404  9.70349e+25 
 100    1.0905077  9.79703e+25 
 101    1.1143867  9.90707e+25 
 102    1.1387886  1.00571e+26 
 103    1.1637249  1.02324e+26 
 104    1.1892071  1.04500e+26 
 105    1.2152474  1.06872e+26 
 106    1.2418578  1.09497e+26 
 107    1.2690510  1.12505e+26 
 108    1.2968396  1.15737e+26 
 109    1.3252366  1.18961e+26 
 110    1.3542555  1.22495e+26 
 111    1.3839099  1.25885e+26 
 112    1.4142136  1.29533e+26 
 113    1.4451808  1.33222e+26 
 114    1.4768261  1.36795e+26 
 115    1.5091644  1.40398e+26 
 116    1.5422108  1.43771e+26 
 117    1.5759808  1.46898e+26 
 118    1.6104903  1.49985e+26 
 119    1.6457555  1.52516e+26 
 120    1.6817928  1.54678e+26 
 121    1.7186193  1.56801e+26 
 122    1.7562522  1.57959e+26 
 123    1.7947091  1.58784e+26 
 124    1.8340081  1.58925e+26 
 125    1.8741676  1.58612e+26 
 126    1.9152066  1.57548e+26 
 127    1.9571441  1.55852e+26 
 128    2.0000000  1.53642e+26 
 129    2.0437943  1.50646e+26 
 130    2.0885476  1.46965e+26 
 131    2.1342808  1.42818e+26 
 132    2.1810155  1.38013e+26 
 133    2.2287735  1.32788e+26 
 134    2.2775773  1.27143e+26 
 135    2.3274497  1.21189e+26 
 136    2.3784142  1.15065e+26 
 137    2.4304947  1.08570e+26 
 138    2.4837156  1.02171e+26 
 139    2.5381019  9.57598e+25 
 140    2.5936791  8.92527e+25 
 141    2.6504733  8.31041e+25 
 142    2.7085111  7.71373e+25 
 143    2.7678198  7.12747e+25 
 144    2.8284271  6.58750e+25 
 145    2.8903616  6.07589e+25 
 146    2.9536523  5.59302e+25 
 147    3.0183289  5.13143e+25 
 148    3.0844217  4.71825e+25 
 149    3.1519617  4.33327e+25 
 150    3.2209807  3.97241e+25 
 151    3.2915110  3.65143e+25 
 152    3.3635857  3.35284e+25 
 153    3.4372386  3.07628e+25 
 154    3.5125043  2.83074e+25 
 155    3.5894182  2.60462e+25 
 156    3.6680162  2.39761e+25 
 157    3.7483353  2.21194e+25 
 158    3.8304131  2.04220e+25 
 159    3.9142882  1.88606e+25 
 160    4.0000000  1.74470e+25 
 161    4.0875886  1.61471e+25 
 162    4.1770951  1.49484e+25 
 163    4.2685616  1.38532e+25 
 164    4.3620309  1.28773e+25 
 165    4.4575470  1.19470e+25 
 166    4.5551545  1.11200e+25 
 167    4.6548994  1.03635e+25 
 168    4.7568285  9.64627e+24 
 169    4.8609894  9.00517e+24 
 170    4.9674312  8.42062e+24 
 171    5.0762038  7.87951e+24 
 172    5.1873582  7.37982e+24 
 173    5.3009466  6.93090e+24 
 174    5.4170222  6.51827e+24 
 175    5.5356395  6.13737e+24 
 176    5.6568542  5.78400e+24 
 177    5.7807232  5.45766e+24 
 178    5.9073046  5.16236e+24 
 179    6.0366577  4.88766e+24 
 180    6.1688433  4.63168e+24 
 181    6.3039234  4.38888e+24 
 182    6.4419613  4.16229e+24 
 183    6.5830219  3.95183e+24 
 184    6.7271713  3.75219e+24 
 185    6.8744772  3.56235e+24 
 186    7.0250086  3.37306e+24 
 187    7.1788363  3.18886e+24 
 188    7.3360323  3.00828e+24 
 189    7.4966705  2.82850e+24 


# J-band (filter: J_2MASS.dat)
   0    0.1250000  1.59430e+26 
   1    0.1277371  1.63975e+26 
   2    0.1305342  1.68620e+26 
   3    0.1333926  1.73367e+26 
   4    0.1363135  1.78681e+26 
   5    0.1392983  1.84221e+26 
   6    0.1423486  1.89474e+26 
   7    0.1454656  1.94941e+26 
   8    0.1486509  2.01336e+26 
   9    0.1519059  2.07720e+26 
  10    0.1552322  2.14152e+26 
  11    0.1586314  2.20933e+26 
  12    0.1621049  2.26415e+26 
  13    0.1656546  2.31270e+26 
  14    0.1692819  2.36385e+26 
  15    0.1729887  2.41628e+26 
  16    0.1767767  2.45425e+26 
  17    0.1806476  2.50050e+26 
  18    0.1846033  2.54396e+26 
  19    0.1886456  2.59214e+26 
  20    0.1927764  2.63759e+26 
  21    0.1969976  2.68079e+26 
  22    0.2013113  2.73521e+26 
  23    0.2057194  2.79614e+26 
  24    0.2102241  2.86242e+26 
  25    0.2148274  2.93846e+26 
  26    0.2195315  3.01962e+26 
  27    0.2243386  3.11229e+26 
  28    0.2292510  3.21898e+26 
  29    0.2342710  3.32698e+26 
  30    0.2394008  3.44309e+26 
  31    0.2446430  3.57071e+26 
  32    0.2500000  3.70227e+26 
  33    0.2554743  3.84299e+26 
  34    0.2610684  3.99003e+26 
  35    0.2667851  4.14497e+26 
  36    0.2726269  4.30795e+26 
  37    0.2785967  4.47834e+26 
  38    0.2846972  4.65070e+26 
  39    0.2909312  4.82794e+26 
  40    0.2973018  5.00904e+26 
  41    0.3038118  5.19068e+26 
  42    0.3104645  5.37219e+26 
  43    0.3172627  5.56039e+26 
  44    0.3242099  5.74597e+26 
  45    0.3313092  5.93120e+26 
  46    0.3385639  6.11678e+26 
  47    0.3459775  6.29645e+26 
  48    0.3535534  6.47075e+26 
  49    0.3612952  6.64441e+26 
  50    0.3692065  6.80469e+26 
  51    0.3772911  6.95410e+26 
  52    0.3855527  7.09744e+26 
  53    0.3939952  7.22154e+26 
  54    0.4026226  7.33144e+26 
  55    0.4114389  7.43176e+26 
  56    0.4204482  7.50433e+26 
  57    0.4296548  7.56320e+26 
  58    0.4390630  7.60242e+26 
  59    0.4486773  7.62321e+26 
  60    0.4585020  7.62506e+26 
  61    0.4685419  7.60951e+26 
  62    0.4788016  7.57954e+26 
  63    0.4892860  7.53262e+26 
  64    0.5000000  7.47401e+26 
  65    0.5109486  7.40271e+26 
  66    0.5221369  7.31910e+26 
  67    0.5335702  7.22599e+26 
  68    0.5452539  7.12111e+26 
  69    0.5571934  7.00761e+26 
  70    0.5693943  6.88937e+26 
  71    0.5818624  6.76702e+26 
  72    0.5946036  6.63930e+26 
  73    0.6076237  6.51262e+26 
  74    0.6209289  6.38214e+26 
  75    0.6345255  6.25213e+26 
  76    0.6484198  6.12416e+26 
  77    0.6626183  5.99295e+26 
  78    0.6771278  5.87138e+26 
  79    0.6919549  5.75336e+26 
  80    0.7071068  5.64303e+26 
  81    0.7225904  5.53550e+26 
  82    0.7384131  5.44032e+26 
  83    0.7545822  5.35658e+26 
  84    0.7711054  5.27574e+26 
  85    0.7879904  5.20573e+26 
  86    0.8052452  5.14390e+26 
  87    0.8228777  5.09008e+26 
  88    0.8408964  5.04883e+26 
  89    0.8593096  5.00964e+26 
  90    0.8781261  4.97881e+26 
  91    0.8973545  4.95261e+26 
  92    0.9170040  4.92924e+26 
  93    0.9370838  4.91467e+26 
  94    0.9576033  4.90280e+26 
  95    0.9785721  4.89605e+26 
  96    1.0000000  4.89484e+26 
  97    1.0218971  4.90262e+26 
  98    1.0442738  4.91525e+26 
  99    1.0671404  4.92609e+26 
 100    1.0905077  4.94279e+26 
 101    1.1143867  4.96443e+26 
 102    1.1387886  4.99122e+26 
 103    1.1637249  5.02665e+26 
 104    1.1892071  5.06860e+26 
 105    1.2152474  5.11440e+26 
 106    1.2418578  5.16485e+26 
 107    1.2690510  5.22146e+26 
 108    1.2968396  5.28279e+26 
 109    1.3252366  5.34654e+26 
 110    1.3542555  5.41643e+26 
 111    1.3839099  5.49213e+26 
 112    1.4142136  5.57107e+26 
 113    1.4451808  5.65361e+26 
 114    1.4768261  5.73526e+26 
 115    1.5091644  5.82019e+26 
 116    1.5422108  5.90399e+26 
 117    1.5759808  5.98842e+26 
 118    1.6104903  6.07316e+26 
 119    1.6457555  6.15337e+26 
 120    1.6817928  6.22849e+26 
 121    1.7186193  6.30276e+26 
 122    1.7562522  6.36419e+26 
 123    1.7947091  6.41510e+26 
 124    1.8340081  6.45523e+26 
 125    1.8741676  6.48939e+26 
 126    1.9152066  6.50593e+26 
 127    1.9571441  6.50594e+26 
 128    2.0000000  6.49546e+26 
 129    2.0437943  6.46681e+26 
 130    2.0885476  6.42207e+26 
 131    2.1342808  6.36338e+26 
 132    2.1810155  6.28866e+26 
 133    2.2287735  6.19906e+26 
 134    2.2775773  6.09808e+26 
 135    2.3274497  5.98558e+26 
 136    2.3784142  5.86412e+26 
 137    2.4304947  5.73315e+26 
 138    2.4837156  5.59690e+26 
 139    2.5381019  5.45621e+26 
 140    2.5936791  5.30803e+26 
 141    2.6504733  5.15798e+26 
 142    2.7085111  5.00728e+26 
 143    2.7678198  4.85390e+26 
 144    2.8284271  4.70204e+26 
 145    2.8903616  4.55178e+26 
 146    2.9536523  4.40219e+26 
 147    3.0183289  4.25145e+26 
 148    3.0844217  4.10449e+26 
 149    3.1519617  3.95776e+26 
 150    3.2209807  3.81267e+26 
 151    3.2915110  3.67058e+26 
 152    3.3635857  3.53100e+26 
 153    3.4372386  3.39178e+26 
 154    3.5125043  3.25602e+26 
 155    3.5894182  3.12270e+26 
 156    3.6680162  2.99024e+26 
 157    3.7483353  2.86280e+26 
 158    3.8304131  2.73947e+26 
 159    3.9142882  2.61749e+26 
 160    4.0000000  2.50174e+26 
 161    4.0875886  2.39044e+26 
 162    4.1770951  2.28087e+26 
 163    4.2685616  2.17793e+26 
 164    4.3620309  2.07894e+26 
 165    4.4575470  1.98312e+26 
 166    4.5551545  1.89336e+26 
 167    4.6548994  1.80779e+26 
 168    4.7568285  1.72451e+26 
 169    4.8609894  1.64629e+26 
 170    4.9674312  1.57140e+26 
 171    5.0762038  1.50030e+26 
 172    5.1873582  1.43206e+26 
 173    5.3009466  1.36763e+26 
 174    5.4170222  1.30610e+26 
 175    5.5356395  1.24685e+26 
 176    5.6568542  1.19090e+26 
 177    5.7807232  1.13747e+26 
 178    5.9073046  1.08626e+26 
 179    6.0366577  1.03843e+26 
 180    6.1688433  9.93256e+25 
 181    6.3039234  9.49533e+25 
 182    6.4419613  9.08693e+25 
 183    6.5830219  8.69362e+25 
 184    6.7271713  8.31454e+25 
 185    6.8744772  7.95796e+25 
 186    7.0250086  7.60194e+25 
 187    7.1788363  7.25400e+25 
 188    7.3360323  6.91387e+25 
 189    7.4966705  6.58507e+25 


# H-band (filter: H_2MASS.dat)
   0    0.1250000  8.41220e+25 
   1    0.1277371  8.64799e+25 
   2    0.1305342  8.88895e+25 
   3    0.1333926  9.13518e+25 
   4    0.1363135  9.39939e+25 
   5    0.1392983  9.74182e+25 
   6    0.1423486  1.00673e+26 
   7    0.1454656  1.04656e+26 
   8    0.1486509  1.09666e+26 
   9    0.1519059  1.15745e+26 
  10    0.1552322  1.20548e+26 
  11    0.1586314  1.26182e+26 
  12    0.1621049  1.30551e+26 
  13    0.1656546  1.33675e+26 
  14    0.1692819  1.36308e+26 
  15    0.1729887  1.38805e+26 
  16    0.1767767  1.40050e+26 
  17    0.1806476  1.41322e+26 
  18    0.1846033  1.41852e+26 
  19    0.1886456  1.42479e+26 
  20    0.1927764  1.41718e+26 
  21    0.1969976  1.41464e+26 
  22    0.2013113  1.42126e+26 
  23    0.2057194  1.41975e+26 
  24    0.2102241  1.42645e+26 
  25    0.2148274  1.43945e+26 
  26    0.2195315  1.46288e+26 
  27    0.2243386  1.49218e+26 
  28    0.2292510  1.53419e+26 
  29    0.2342710  1.58209e+26 
  30    0.2394008  1.63165e+26 
  31    0.2446430  1.69035e+26 
  32    0.2500000  1.75963e+26 
  33    0.2554743  1.82915e+26 
  34    0.2610684  1.90549e+26 
  35    0.2667851  1.98960e+26 
  36    0.2726269  2.08195e+26 
  37    0.2785967  2.17734e+26 
  38    0.2846972  2.28036e+26 
  39    0.2909312  2.38676e+26 
  40    0.2973018  2.49417e+26 
  41    0.3038118  2.60250e+26 
  42    0.3104645  2.72405e+26 
  43    0.3172627  2.84274e+26 
  44    0.3242099  2.96149e+26 
  45    0.3313092  3.08384e+26 
  46    0.3385639  3.20628e+26 
  47    0.3459775  3.32605e+26 
  48    0.3535534  3.43967e+26 
  49    0.3612952  3.55506e+26 
  50    0.3692065  3.66447e+26 
  51    0.3772911  3.76521e+26 
  52    0.3855527  3.86874e+26 
  53    0.3939952  3.96511e+26 
  54    0.4026226  4.05072e+26 
  55    0.4114389  4.13299e+26 
  56    0.4204482  4.20965e+26 
  57    0.4296548  4.27914e+26 
  58    0.4390630  4.33867e+26 
  59    0.4486773  4.39817e+26 
  60    0.4585020  4.45076e+26 
  61    0.4685419  4.49777e+26 
  62    0.4788016  4.54159e+26 
  63    0.4892860  4.57988e+26 
  64    0.5000000  4.61167e+26 
  65    0.5109486  4.63902e+26 
  66    0.5221369  4.66200e+26 
  67    0.5335702  4.68377e+26 
  68    0.5452539  4.69936e+26 
  69    0.5571934  4.71146e+26 
  70    0.5693943  4.71871e+26 
  71    0.5818624  4.72401e+26 
  72    0.5946036  4.72515e+26 
  73    0.6076237  4.71637e+26 
  74    0.6209289  4.70628e+26 
  75    0.6345255  4.69068e+26 
  76    0.6484198  4.67266e+26 
  77    0.6626183  4.65122e+26 
  78    0.6771278  4.62490e+26 
  79    0.6919549  4.59300e+26 
  80    0.7071068  4.55968e+26 
  81    0.7225904  4.52192e+26 
  82    0.7384131  4.48264e+26 
  83    0.7545822  4.43952e+26 
  84    0.7711054  4.39500e+26 
  85    0.7879904  4.35137e+26 
  86    0.8052452  4.30462e+26 
  87    0.8228777  4.25683e+26 
  88    0.8408964  4.20555e+26 
  89    0.8593096  4.14987e+26 
  90    0.8781261  4.09451e+26 
  91    0.8973545  4.03821e+26 
  92    0.9170040  3.98158e+26 
  93    0.9370838  3.92317e+26 
  94    0.9576033  3.86982e+26 
  95    0.9785721  3.81965e+26 
  96    1.0000000  3.76910e+26 
  97    1.0218971  3.72383e+26 
  98    1.0442738  3.68088e+26 
  99    1.0671404  3.63913e+26 
 100    1.0905077  3.60114e+26 
 101    1.1143867  3.57101e+26 
 102    1.1387886  3.54460e+26 
 103    1.1637249  3.52293e+26 
 104    1.1892071  3.50950e+26 
 105    1.2152474  3.49629e+26 
 106    1.2418578  3.48741e+26 
 107    1.2690510  3.48094e+26 
 108    1.2968396  3.47921e+26 
 109    1.3252366  3.47958e+26 
 110    1.3542555  3.48573e+26 
 111    1.3839099  3.49724e+26 
 112    1.4142136  3.51214e+26 
 113    1.4451808  3.53130e+26 
 114    1.4768261  3.55410e+26 
 115    1.5091644  3.57988e+26 
 116    1.5422108  3.60818e+26 
 117    1.5759808  3.64143e+26 
 118    1.6104903  3.67556e+26 
 119    1.6457555  3.71303e+26 
 120    1.6817928  3.74964e+26 
 121    1.7186193  3.78938e+26 
 122    1.7562522  3.82475e+26 
 123    1.7947091  3.86065e+26 
 124    1.8340081  3.89564e+26 
 125    1.8741676  3.92878e+26 
 126    1.9152066  3.95893e+26 
 127    1.9571441  3.98580e+26 
 128    2.0000000  4.00975e+26 
 129    2.0437943  4.02983e+26 
 130    2.0885476  4.04417e+26 
 131    2.1342808  4.05683e+26 
 132    2.1810155  4.06045e+26 
 133    2.2287735  4.05910e+26 
 134    2.2775773  4.05351e+26 
 135    2.3274497  4.03851e+26 
 136    2.3784142  4.01503e+26 
 137    2.4304947  3.98567e+26 
 138    2.4837156  3.94417e+26 
 139    2.5381019  3.88997e+26 
 140    2.5936791  3.82886e+26 
 141    2.6504733  3.74921e+26 
 142    2.7085111  3.65962e+26 
 143    2.7678198  3.56057e+26 
 144    2.8284271  3.44658e+26 
 145    2.8903616  3.32137e+26 
 146    2.9536523  3.18675e+26 
 147    3.0183289  3.04019e+26 
 148    3.0844217  2.88658e+26 
 149    3.1519617  2.72684e+26 
 150    3.2209807  2.55985e+26 
 151    3.2915110  2.39398e+26 
 152    3.3635857  2.22797e+26 
 153    3.4372386  2.05824e+26 
 154    3.5125043  1.89550e+26 
 155    3.5894182  1.73652e+26 
 156    3.6680162  1.57878e+26 
 157    3.7483353  1.43291e+26 
 158    3.8304131  1.29447e+26 
 159    3.9142882  1.16150e+26 
 160    4.0000000  1.04182e+26 
 161    4.0875886  9.31705e+25 
 162    4.1770951  8.27433e+25 
 163    4.2685616  7.36606e+25 
 164    4.3620309  6.54188e+25 
 165    4.4575470  5.78340e+25 
 166    4.5551545  5.13289e+25 
 167    4.6548994  4.55238e+25 
 168    4.7568285  4.03516e+25 
 169    4.8609894  3.59384e+25 
 170    4.9674312  3.20479e+25 
 171    5.0762038  2.86332e+25 
 172    5.1873582  2.56461e+25 
 173    5.3009466  2.30609e+25 
 174    5.4170222  2.07774e+25 
 175    5.5356395  1.87677e+25 
 176    5.6568542  1.70323e+25 
 177    5.7807232  1.55278e+25 
 178    5.9073046  1.41839e+25 
 179    6.0366577  1.30237e+25 
 180    6.1688433  1.19955e+25 
 181    6.3039234  1.10704e+25 
 182    6.4419613  1.02678e+25 
 183    6.5830219  9.55629e+24 
 184    6.7271713  8.91668e+24 
 185    6.8744772  8.34462e+24 
 186    7.0250086  7.79559e+24 
 187    7.1788363  7.27555e+24 
 188    7.3360323  6.78523e+24 
 189    7.4966705  6.34604e+24 


# K-band (filter: Ks_mosfire.dat)
   0    0.1250000  4.10740e+25 
   1    0.1277371  4.29357e+25 
   2    0.1305342  4.48381e+25 
   3    0.1333926  4.67822e+25 
   4    0.1363135  4.94428e+25 
   5    0.1392983  5.20623e+25 
   6    0.1423486  5.41914e+25 
   7    0.1454656  5.62193e+25 
   8    0.1486509  5.82312e+25 
   9    0.1519059  6.11810e+25 
  10    0.1552322  6.36492e+25 
  11    0.1586314  6.62445e+25 
  12    0.1621049  6.87791e+25 
  13    0.1656546  7.01389e+25 
  14    0.1692819  7.13391e+25 
  15    0.1729887  7.27837e+25 
  16    0.1767767  7.22675e+25 
  17    0.1806476  7.22509e+25 
  18    0.1846033  7.23386e+25 
  19    0.1886456  7.33086e+25 
  20    0.1927764  7.35222e+25 
  21    0.1969976  7.27083e+25 
  22    0.2013113  7.25064e+25 
  23    0.2057194  7.22068e+25 
  24    0.2102241  7.27643e+25 
  25    0.2148274  7.32858e+25 
  26    0.2195315  7.44538e+25 
  27    0.2243386  7.55998e+25 
  28    0.2292510  7.74573e+25 
  29    0.2342710  7.93397e+25 
  30    0.2394008  8.16416e+25 
  31    0.2446430  8.32830e+25 
  32    0.2500000  8.58694e+25 
  33    0.2554743  8.93647e+25 
  34    0.2610684  9.24667e+25 
  35    0.2667851  9.62398e+25 
  36    0.2726269  1.00257e+26 
  37    0.2785967  1.04412e+26 
  38    0.2846972  1.08868e+26 
  39    0.2909312  1.14288e+26 
  40    0.2973018  1.20177e+26 
  41    0.3038118  1.25699e+26 
  42    0.3104645  1.31369e+26 
  43    0.3172627  1.38050e+26 
  44    0.3242099  1.44898e+26 
  45    0.3313092  1.51343e+26 
  46    0.3385639  1.58281e+26 
  47    0.3459775  1.64615e+26 
  48    0.3535534  1.71220e+26 
  49    0.3612952  1.78019e+26 
  50    0.3692065  1.84660e+26 
  51    0.3772911  1.90852e+26 
  52    0.3855527  1.97035e+26 
  53    0.3939952  2.03518e+26 
  54    0.4026226  2.09798e+26 
  55    0.4114389  2.15422e+26 
  56    0.4204482  2.20453e+26 
  57    0.4296548  2.25504e+26 
  58    0.4390630  2.29961e+26 
  59    0.4486773  2.34708e+26 
  60    0.4585020  2.38904e+26 
  61    0.4685419  2.41923e+26 
  62    0.4788016  2.44850e+26 
  63    0.4892860  2.47118e+26 
  64    0.5000000  2.48884e+26 
  65    0.5109486  2.49970e+26 
  66    0.5221369  2.50236e+26 
  67    0.5335702  2.50618e+26 
  68    0.5452539  2.50404e+26 
  69    0.5571934  2.50035e+26 
  70    0.5693943  2.49626e+26 
  71    0.5818624  2.48746e+26 
  72    0.5946036  2.47912e+26 
  73    0.6076237  2.47336e+26 
  74    0.6209289  2.46712e+26 
  75    0.6345255  2.46167e+26 
  76    0.6484198  2.45645e+26 
  77    0.6626183  2.45522e+26 
  78    0.6771278  2.45515e+26 
  79    0.6919549  2.45513e+26 
  80    0.7071068  2.45654e+26 
  81    0.7225904  2.45827e+26 
  82    0.7384131  2.45793e+26 
  83    0.7545822  2.45241e+26 
  84    0.7711054  2.44554e+26 
  85    0.7879904  2.43450e+26 
  86    0.8052452  2.42389e+26 
  87    0.8228777  2.40874e+26 
  88    0.8408964  2.38912e+26 
  89    0.8593096  2.36272e+26 
  90    0.8781261  2.33164e+26 
  91    0.8973545  2.29594e+26 
  92    0.9170040  2.25361e+26 
  93    0.9370838  2.20850e+26 
  94    0.9576033  2.15807e+26 
  95    0.9785721  2.10712e+26 
  96    1.0000000  2.05326e+26 
  97    1.0218971  2.00059e+26 
  98    1.0442738  1.94430e+26 
  99    1.0671404  1.88696e+26 
 100    1.0905077  1.82896e+26 
 101    1.1143867  1.77282e+26 
 102    1.1387886  1.71973e+26 
 103    1.1637249  1.66653e+26 
 104    1.1892071  1.61398e+26 
 105    1.2152474  1.56562e+26 
 106    1.2418578  1.51797e+26 
 107    1.2690510  1.47438e+26 
 108    1.2968396  1.43318e+26 
 109    1.3252366  1.39175e+26 
 110    1.3542555  1.35501e+26 
 111    1.3839099  1.32125e+26 
 112    1.4142136  1.28923e+26 
 113    1.4451808  1.26034e+26 
 114    1.4768261  1.23364e+26 
 115    1.5091644  1.20816e+26 
 116    1.5422108  1.18650e+26 
 117    1.5759808  1.16543e+26 
 118    1.6104903  1.14525e+26 
 119    1.6457555  1.12700e+26 
 120    1.6817928  1.10908e+26 
 121    1.7186193  1.09224e+26 
 122    1.7562522  1.07449e+26 
 123    1.7947091  1.05809e+26 
 124    1.8340081  1.04194e+26 
 125    1.8741676  1.02442e+26 
 126    1.9152066  1.00589e+26 
 127    1.9571441  9.86813e+25 
 128    2.0000000  9.67252e+25 
 129    2.0437943  9.47346e+25 
 130    2.0885476  9.26525e+25 
 131    2.1342808  9.03882e+25 
 132    2.1810155  8.80424e+25 
 133    2.2287735  8.56932e+25 
 134    2.2775773  8.31489e+25 
 135    2.3274497  8.04870e+25 
 136    2.3784142  7.77396e+25 
 137    2.4304947  7.49758e+25 
 138    2.4837156  7.20859e+25 
 139    2.5381019  6.92264e+25 
 140    2.5936791  6.62147e+25 
 141    2.6504733  6.31740e+25 
 142    2.7085111  6.01408e+25 
 143    2.7678198  5.70918e+25 
 144    2.8284271  5.41176e+25 
 145    2.8903616  5.11365e+25 
 146    2.9536523  4.82150e+25 
 147    3.0183289  4.53179e+25 
 148    3.0844217  4.25854e+25 
 149    3.1519617  3.99240e+25 
 150    3.2209807  3.73244e+25 
 151    3.2915110  3.48933e+25 
 152    3.3635857  3.26081e+25 
 153    3.4372386  3.03771e+25 
 154    3.5125043  2.83379e+25 
 155    3.5894182  2.64216e+25 
 156    3.6680162  2.45724e+25 
 157    3.7483353  2.29122e+25 
 158    3.8304131  2.14085e+25 
 159    3.9142882  1.99548e+25 
 160    4.0000000  1.86465e+25 
 161    4.0875886  1.74568e+25 
 162    4.1770951  1.63368e+25 
 163    4.2685616  1.53158e+25 
 164    4.3620309  1.43905e+25 
 165    4.4575470  1.35375e+25 
 166    4.5551545  1.27599e+25 
 167    4.6548994  1.20598e+25 
 168    4.7568285  1.13994e+25 
 169    4.8609894  1.08279e+25 
 170    4.9674312  1.02564e+25 
 171    5.0762038  9.75432e+24 
 172    5.1873582  9.27539e+24 
 173    5.3009466  8.85682e+24 
 174    5.4170222  8.44915e+24 
 175    5.5356395  8.08960e+24 
 176    5.6568542  7.75281e+24 
 177    5.7807232  7.44474e+24 
 178    5.9073046  7.15740e+24 
 179    6.0366577  6.88950e+24 
 180    6.1688433  6.63752e+24 
 181    6.3039234  6.40289e+24 
 182    6.4419613  6.19131e+24 
 183    6.5830219  5.98360e+24 
 184    6.7271713  5.78840e+24 
 185    6.8744772  5.60352e+24 
 186    7.0250086  5.42740e+24 
 187    7.1788363  5.24731e+24 
 188    7.3360323  5.07239e+24 
 189    7.4966705  4.90385e+24 


# S-band (filter: Spitzer_IRAC2.dat)
   0    0.1250000  1.43989e+25 
   1    0.1277371  1.51218e+25 
   2    0.1305342  1.58606e+25 
   3    0.1333926  1.66155e+25 
   4    0.1363135  1.73632e+25 
   5    0.1392983  1.85920e+25 
   6    0.1423486  1.98672e+25 
   7    0.1454656  2.15289e+25 
   8    0.1486509  2.30810e+25 
   9    0.1519059  2.49929e+25 
  10    0.1552322  2.58118e+25 
  11    0.1586314  2.77039e+25 
  12    0.1621049  2.91849e+25 
  13    0.1656546  3.08398e+25 
  14    0.1692819  3.15165e+25 
  15    0.1729887  3.21866e+25 
  16    0.1767767  3.23167e+25 
  17    0.1806476  3.32478e+25 
  18    0.1846033  3.32199e+25 
  19    0.1886456  3.31937e+25 
  20    0.1927764  3.32832e+25 
  21    0.1969976  3.33464e+25 
  22    0.2013113  3.37098e+25 
  23    0.2057194  3.32455e+25 
  24    0.2102241  3.29486e+25 
  25    0.2148274  3.18324e+25 
  26    0.2195315  3.16612e+25 
  27    0.2243386  3.17653e+25 
  28    0.2292510  3.21932e+25 
  29    0.2342710  3.13838e+25 
  30    0.2394008  3.08839e+25 
  31    0.2446430  3.01106e+25 
  32    0.2500000  2.96324e+25 
  33    0.2554743  2.89662e+25 
  34    0.2610684  2.83394e+25 
  35    0.2667851  2.76038e+25 
  36    0.2726269  2.75719e+25 
  37    0.2785967  2.72804e+25 
  38    0.2846972  2.66427e+25 
  39    0.2909312  2.54400e+25 
  40    0.2973018  2.49188e+25 
  41    0.3038118  2.40575e+25 
  42    0.3104645  2.36188e+25 
  43    0.3172627  2.28496e+25 
  44    0.3242099  2.21560e+25 
  45    0.3313092  2.11988e+25 
  46    0.3385639  2.08613e+25 
  47    0.3459775  2.01374e+25 
  48    0.3535534  1.95242e+25 
  49    0.3612952  1.87817e+25 
  50    0.3692065  1.83563e+25 
  51    0.3772911  1.78169e+25 
  52    0.3855527  1.72081e+25 
  53    0.3939952  1.70368e+25 
  54    0.4026226  1.67708e+25 
  55    0.4114389  1.64217e+25 
  56    0.4204482  1.60495e+25 
  57    0.4296548  1.57877e+25 
  58    0.4390630  1.54219e+25 
  59    0.4486773  1.52581e+25 
  60    0.4585020  1.49878e+25 
  61    0.4685419  1.47312e+25 
  62    0.4788016  1.46235e+25 
  63    0.4892860  1.44645e+25 
  64    0.5000000  1.42985e+25 
  65    0.5109486  1.41241e+25 
  66    0.5221369  1.40088e+25 
  67    0.5335702  1.40429e+25 
  68    0.5452539  1.41479e+25 
  69    0.5571934  1.43888e+25 
  70    0.5693943  1.46246e+25 
  71    0.5818624  1.47839e+25 
  72    0.5946036  1.50016e+25 
  73    0.6076237  1.53089e+25 
  74    0.6209289  1.56334e+25 
  75    0.6345255  1.60843e+25 
  76    0.6484198  1.65730e+25 
  77    0.6626183  1.71111e+25 
  78    0.6771278  1.77891e+25 
  79    0.6919549  1.82926e+25 
  80    0.7071068  1.87643e+25 
  81    0.7225904  1.92471e+25 
  82    0.7384131  1.96247e+25 
  83    0.7545822  2.00206e+25 
  84    0.7711054  2.04869e+25 
  85    0.7879904  2.08688e+25 
  86    0.8052452  2.11808e+25 
  87    0.8228777  2.13797e+25 
  88    0.8408964  2.14851e+25 
  89    0.8593096  2.15040e+25 
  90    0.8781261  2.14092e+25 
  91    0.8973545  2.12829e+25 
  92    0.9170040  2.10584e+25 
  93    0.9370838  2.07861e+25 
  94    0.9576033  2.04054e+25 
  95    0.9785721  1.99882e+25 
  96    1.0000000  1.94629e+25 
  97    1.0218971  1.88529e+25 
  98    1.0442738  1.82206e+25 
  99    1.0671404  1.75689e+25 
 100    1.0905077  1.68935e+25 
 101    1.1143867  1.61376e+25 
 102    1.1387886  1.55132e+25 
 103    1.1637249  1.48132e+25 
 104    1.1892071  1.41593e+25 
 105    1.2152474  1.35376e+25 
 106    1.2418578  1.29667e+25 
 107    1.2690510  1.24172e+25 
 108    1.2968396  1.18356e+25 
 109    1.3252366  1.13820e+25 
 110    1.3542555  1.09777e+25 
 111    1.3839099  1.05753e+25 
 112    1.4142136  1.02316e+25 
 113    1.4451808  9.98441e+24 
 114    1.4768261  9.67683e+24 
 115    1.5091644  9.41486e+24 
 116    1.5422108  9.17581e+24 
 117    1.5759808  8.89806e+24 
 118    1.6104903  8.69262e+24 
 119    1.6457555  8.51739e+24 
 120    1.6817928  8.40890e+24 
 121    1.7186193  8.25047e+24 
 122    1.7562522  8.12081e+24 
 123    1.7947091  8.03134e+24 
 124    1.8340081  7.93682e+24 
 125    1.8741676  7.83087e+24 
 126    1.9152066  7.75124e+24 
 127    1.9571441  7.64997e+24 
 128    2.0000000  7.57598e+24 
 129    2.0437943  7.53468e+24 
 130    2.0885476  7.47741e+24 
 131    2.1342808  7.42535e+24 
 132    2.1810155  7.32745e+24 
 133    2.2287735  7.26603e+24 
 134    2.2775773  7.17963e+24 
 135    2.3274497  7.07473e+24 
 136    2.3784142  6.95461e+24 
 137    2.4304947  6.84910e+24 
 138    2.4837156  6.72292e+24 
 139    2.5381019  6.61780e+24 
 140    2.5936791  6.49253e+24 
 141    2.6504733  6.34473e+24 
 142    2.7085111  6.16511e+24 
 143    2.7678198  5.99818e+24 
 144    2.8284271  5.85702e+24 
 145    2.8903616  5.69273e+24 
 146    2.9536523  5.51285e+24 
 147    3.0183289  5.32608e+24 
 148    3.0844217  5.14913e+24 
 149    3.1519617  4.99759e+24 
 150    3.2209807  4.82521e+24 
 151    3.2915110  4.66473e+24 
 152    3.3635857  4.51413e+24 
 153    3.4372386  4.36763e+24 
 154    3.5125043  4.25547e+24 
 155    3.5894182  4.13025e+24 
 156    3.6680162  4.01714e+24 
 157    3.7483353  3.91190e+24 
 158    3.8304131  3.84040e+24 
 159    3.9142882  3.76698e+24 
 160    4.0000000  3.70290e+24 
 161    4.0875886  3.63339e+24 
 162    4.1770951  3.58221e+24 
 163    4.2685616  3.53949e+24 
 164    4.3620309  3.49463e+24 
 165    4.4575470  3.45999e+24 
 166    4.5551545  3.41315e+24 
 167    4.6548994  3.37395e+24 
 168    4.7568285  3.34048e+24 
 169    4.8609894  3.30485e+24 
 170    4.9674312  3.26539e+24 
 171    5.0762038  3.23009e+24 
 172    5.1873582  3.19212e+24 
 173    5.3009466  3.15783e+24 
 174    5.4170222  3.11889e+24 
 175    5.5356395  3.08198e+24 
 176    5.6568542  3.04379e+24 
 177    5.7807232  3.00334e+24 
 178    5.9073046  2.96260e+24 
 179    6.0366577  2.91597e+24 
 180    6.1688433  2.87056e+24 
 181    6.3039234  2.82976e+24 
 182    6.4419613  2.79092e+24 
 183    6.5830219  2.74908e+24 
 184    6.7271713  2.70917e+24 
 185    6.8744772  2.66832e+24 
 186    7.0250086  2.62513e+24 
 187    7.1788363  2.58313e+24 
 188    7.3360323  2.54375e+24 
 189    7.4966705  2.50941e+24 


