# 1:iteration 2:time bin[s] 3-k:equiv. isotropic luminosity in k-th angular bin [erg/s]
# bolometric luminosity going in angular bin
   0    0.1250000  2.21489e+41 
   1    0.1277371  2.23069e+41 
   2    0.1305342  2.24682e+41 
   3    0.1333926  2.26331e+41 
   4    0.1363135  2.28814e+41 
   5    0.1392983  2.32899e+41 
   6    0.1423486  2.37690e+41 
   7    0.1454656  2.45145e+41 
   8    0.1486509  2.53147e+41 
   9    0.1519059  2.61166e+41 
  10    0.1552322  2.69741e+41 
  11    0.1586314  2.78456e+41 
  12    0.1621049  2.87149e+41 
  13    0.1656546  2.95884e+41 
  14    0.1692819  3.02505e+41 
  15    0.1729887  3.07327e+41 
  16    0.1767767  3.04331e+41 
  17    0.1806476  3.01366e+41 
  18    0.1846033  2.98572e+41 
  19    0.1886456  2.95661e+41 
  20    0.1927764  2.93908e+41 
  21    0.1969976  2.89092e+41 
  22    0.2013113  2.87136e+41 
  23    0.2057194  2.85541e+41 
  24    0.2102241  2.82949e+41 
  25    0.2148274  2.82162e+41 
  26    0.2195315  2.82688e+41 
  27    0.2243386  2.88023e+41 
  28    0.2292510  2.97164e+41 
  29    0.2342710  3.08066e+41 
  30    0.2394008  3.19287e+41 
  31    0.2446430  3.28068e+41 
  32    0.2500000  3.32358e+41 
  33    0.2554743  3.37373e+41 
  34    0.2610684  3.36096e+41 
  35    0.2667851  3.34137e+41 
  36    0.2726269  3.34235e+41 
  37    0.2785967  3.32699e+41 
  38    0.2846972  3.34865e+41 
  39    0.2909312  3.37843e+41 
  40    0.2973018  3.38412e+41 
  41    0.3038118  3.42969e+41 
  42    0.3104645  3.46162e+41 
  43    0.3172627  3.52273e+41 
  44    0.3242099  3.55189e+41 
  45    0.3313092  3.57371e+41 
  46    0.3385639  3.63629e+41 
  47    0.3459775  3.67853e+41 
  48    0.3535534  3.74578e+41 
  49    0.3612952  3.79751e+41 
  50    0.3692065  3.89474e+41 
  51    0.3772911  4.00419e+41 
  52    0.3855527  4.09281e+41 
  53    0.3939952  4.21852e+41 
  54    0.4026226  4.35094e+41 
  55    0.4114389  4.51503e+41 
  56    0.4204482  4.68416e+41 
  57    0.4296548  4.87717e+41 
  58    0.4390630  5.08469e+41 
  59    0.4486773  5.30507e+41 
  60    0.4585020  5.52639e+41 
  61    0.4685419  5.76001e+41 
  62    0.4788016  5.98782e+41 
  63    0.4892860  6.23701e+41 
  64    0.5000000  6.50599e+41 
  65    0.5109486  6.78227e+41 
  66    0.5221369  7.09985e+41 
  67    0.5335702  7.44446e+41 
  68    0.5452539  7.81399e+41 
  69    0.5571934  8.22382e+41 
  70    0.5693943  8.66144e+41 
  71    0.5818624  9.13329e+41 
  72    0.5946036  9.63980e+41 
  73    0.6076237  1.01756e+42 
  74    0.6209289  1.07450e+42 
  75    0.6345255  1.13691e+42 
  76    0.6484198  1.20321e+42 
  77    0.6626183  1.27228e+42 
  78    0.6771278  1.34611e+42 
  79    0.6919549  1.42291e+42 
  80    0.7071068  1.50189e+42 
  81    0.7225904  1.58454e+42 
  82    0.7384131  1.66771e+42 
  83    0.7545822  1.75159e+42 
  84    0.7711054  1.83798e+42 
  85    0.7879904  1.92008e+42 
  86    0.8052452  2.00027e+42 
  87    0.8228777  2.07942e+42 
  88    0.8408964  2.14957e+42 
  89    0.8593096  2.21193e+42 
  90    0.8781261  2.26914e+42 
  91    0.8973545  2.31073e+42 
  92    0.9170040  2.34304e+42 
  93    0.9370838  2.36834e+42 
  94    0.9576033  2.37377e+42 
  95    0.9785721  2.36751e+42 
  96    1.0000000  2.35066e+42 
  97    1.0218971  2.31852e+42 
  98    1.0442738  2.27601e+42 
  99    1.0671404  2.22276e+42 
 100    1.0905077  2.16106e+42 
 101    1.1143867  2.09428e+42 
 102    1.1387886  2.02444e+42 
 103    1.1637249  1.94858e+42 
 104    1.1892071  1.87549e+42 
 105    1.2152474  1.80379e+42 
 106    1.2418578  1.73172e+42 
 107    1.2690510  1.66641e+42 
 108    1.2968396  1.60524e+42 
 109    1.3252366  1.54764e+42 
 110    1.3542555  1.49550e+42 
 111    1.3839099  1.44754e+42 
 112    1.4142136  1.40325e+42 
 113    1.4451808  1.36249e+42 
 114    1.4768261  1.32472e+42 
 115    1.5091644  1.28922e+42 
 116    1.5422108  1.25559e+42 
 117    1.5759808  1.22331e+42 
 118    1.6104903  1.19183e+42 
 119    1.6457555  1.16179e+42 
 120    1.6817928  1.13238e+42 
 121    1.7186193  1.10313e+42 
 122    1.7562522  1.07491e+42 
 123    1.7947091  1.04725e+42 
 124    1.8340081  1.02016e+42 
 125    1.8741676  9.93229e+41 
 126    1.9152066  9.66621e+41 
 127    1.9571441  9.40131e+41 
 128    2.0000000  9.13744e+41 
 129    2.0437943  8.87101e+41 
 130    2.0885476  8.60185e+41 
 131    2.1342808  8.32771e+41 
 132    2.1810155  8.04258e+41 
 133    2.2287735  7.74727e+41 
 134    2.2775773  7.44356e+41 
 135    2.3274497  7.13060e+41 
 136    2.3784142  6.82035e+41 
 137    2.4304947  6.50242e+41 
 138    2.4837156  6.17922e+41 
 139    2.5381019  5.86062e+41 
 140    2.5936791  5.53274e+41 
 141    2.6504733  5.20904e+41 
 142    2.7085111  4.90138e+41 
 143    2.7678198  4.59331e+41 
 144    2.8284271  4.30672e+41 
 145    2.8903616  4.03406e+41 
 146    2.9536523  3.78230e+41 
 147    3.0183289  3.53805e+41 
 148    3.0844217  3.31683e+41 
 149    3.1519617  3.11097e+41 
 150    3.2209807  2.92459e+41 
 151    3.2915110  2.75784e+41 
 152    3.3635857  2.61336e+41 
 153    3.4372386  2.48057e+41 
 154    3.5125043  2.36242e+41 
 155    3.5894182  2.25763e+41 
 156    3.6680162  2.16468e+41 
 157    3.7483353  2.08185e+41 
 158    3.8304131  2.00482e+41 
 159    3.9142882  1.93566e+41 
 160    4.0000000  1.87176e+41 
 161    4.0875886  1.81236e+41 
 162    4.1770951  1.75535e+41 
 163    4.2685616  1.70105e+41 
 164    4.3620309  1.64894e+41 
 165    4.4575470  1.59727e+41 
 166    4.5551545  1.54665e+41 
 167    4.6548994  1.49651e+41 
 168    4.7568285  1.44762e+41 
 169    4.8609894  1.39957e+41 
 170    4.9674312  1.35262e+41 
 171    5.0762038  1.30566e+41 
 172    5.1873582  1.25822e+41 
 173    5.3009466  1.21202e+41 
 174    5.4170222  1.16780e+41 
 175    5.5356395  1.12301e+41 
 176    5.6568542  1.07996e+41 
 177    5.7807232  1.03813e+41 
 178    5.9073046  9.97337e+40 
 179    6.0366577  9.58795e+40 
 180    6.1688433  9.21093e+40 
 181    6.3039234  8.84533e+40 
 182    6.4419613  8.49839e+40 
 183    6.5830219  8.16084e+40 
 184    6.7271713  7.83809e+40 
 185    6.8744772  7.54236e+40 
 186    7.0250086  7.24160e+40 
 187    7.1788363  6.94223e+40 
 188    7.3360323  6.64812e+40 
 189    7.4966705  6.36506e+40 


# g-band (filter: g_LSST.dat)
   0    0.1250000  1.48586e+26 
   1    0.1277371  1.48974e+26 
   2    0.1305342  1.49371e+26 
   3    0.1333926  1.49777e+26 
   4    0.1363135  1.50059e+26 
   5    0.1392983  1.50278e+26 
   6    0.1423486  1.50787e+26 
   7    0.1454656  1.50924e+26 
   8    0.1486509  1.51594e+26 
   9    0.1519059  1.52053e+26 
  10    0.1552322  1.52505e+26 
  11    0.1586314  1.53407e+26 
  12    0.1621049  1.54843e+26 
  13    0.1656546  1.56052e+26 
  14    0.1692819  1.56029e+26 
  15    0.1729887  1.55764e+26 
  16    0.1767767  1.54219e+26 
  17    0.1806476  1.53473e+26 
  18    0.1846033  1.52778e+26 
  19    0.1886456  1.52230e+26 
  20    0.1927764  1.51759e+26 
  21    0.1969976  1.50761e+26 
  22    0.2013113  1.50540e+26 
  23    0.2057194  1.51542e+26 
  24    0.2102241  1.52409e+26 
  25    0.2148274  1.54824e+26 
  26    0.2195315  1.60372e+26 
  27    0.2243386  1.67784e+26 
  28    0.2292510  1.79432e+26 
  29    0.2342710  1.93609e+26 
  30    0.2394008  2.08612e+26 
  31    0.2446430  2.21115e+26 
  32    0.2500000  2.25851e+26 
  33    0.2554743  2.32264e+26 
  34    0.2610684  2.34904e+26 
  35    0.2667851  2.40369e+26 
  36    0.2726269  2.48819e+26 
  37    0.2785967  2.55043e+26 
  38    0.2846972  2.67072e+26 
  39    0.2909312  2.80458e+26 
  40    0.2973018  2.91546e+26 
  41    0.3038118  3.08299e+26 
  42    0.3104645  3.24244e+26 
  43    0.3172627  3.45738e+26 
  44    0.3242099  3.60989e+26 
  45    0.3313092  3.73784e+26 
  46    0.3385639  3.90828e+26 
  47    0.3459775  4.07488e+26 
  48    0.3535534  4.30429e+26 
  49    0.3612952  4.51063e+26 
  50    0.3692065  4.82035e+26 
  51    0.3772911  5.15143e+26 
  52    0.3855527  5.47572e+26 
  53    0.3939952  5.87175e+26 
  54    0.4026226  6.28094e+26 
  55    0.4114389  6.77364e+26 
  56    0.4204482  7.27695e+26 
  57    0.4296548  7.83332e+26 
  58    0.4390630  8.39730e+26 
  59    0.4486773  8.97835e+26 
  60    0.4585020  9.54562e+26 
  61    0.4685419  1.01608e+27 
  62    0.4788016  1.07715e+27 
  63    0.4892860  1.14461e+27 
  64    0.5000000  1.21523e+27 
  65    0.5109486  1.28674e+27 
  66    0.5221369  1.36612e+27 
  67    0.5335702  1.44772e+27 
  68    0.5452539  1.53477e+27 
  69    0.5571934  1.62462e+27 
  70    0.5693943  1.71406e+27 
  71    0.5818624  1.81059e+27 
  72    0.5946036  1.90439e+27 
  73    0.6076237  1.99767e+27 
  74    0.6209289  2.09249e+27 
  75    0.6345255  2.18783e+27 
  76    0.6484198  2.28362e+27 
  77    0.6626183  2.37867e+27 
  78    0.6771278  2.47289e+27 
  79    0.6919549  2.56420e+27 
  80    0.7071068  2.64893e+27 
  81    0.7225904  2.73427e+27 
  82    0.7384131  2.81097e+27 
  83    0.7545822  2.88131e+27 
  84    0.7711054  2.94992e+27 
  85    0.7879904  3.00450e+27 
  86    0.8052452  3.05178e+27 
  87    0.8228777  3.08970e+27 
  88    0.8408964  3.11332e+27 
  89    0.8593096  3.12442e+27 
  90    0.8781261  3.12480e+27 
  91    0.8973545  3.10842e+27 
  92    0.9170040  3.08270e+27 
  93    0.9370838  3.04759e+27 
  94    0.9576033  2.99629e+27 
  95    0.9785721  2.93569e+27 
  96    1.0000000  2.86558e+27 
  97    1.0218971  2.78677e+27 
  98    1.0442738  2.70145e+27 
  99    1.0671404  2.60873e+27 
 100    1.0905077  2.51523e+27 
 101    1.1143867  2.42237e+27 
 102    1.1387886  2.33135e+27 
 103    1.1637249  2.23839e+27 
 104    1.1892071  2.15430e+27 
 105    1.2152474  2.07606e+27 
 106    1.2418578  2.00239e+27 
 107    1.2690510  1.93958e+27 
 108    1.2968396  1.88469e+27 
 109    1.3252366  1.83678e+27 
 110    1.3542555  1.79779e+27 
 111    1.3839099  1.76513e+27 
 112    1.4142136  1.73835e+27 
 113    1.4451808  1.71632e+27 
 114    1.4768261  1.69888e+27 
 115    1.5091644  1.68552e+27 
 116    1.5422108  1.67502e+27 
 117    1.5759808  1.66684e+27 
 118    1.6104903  1.66008e+27 
 119    1.6457555  1.65539e+27 
 120    1.6817928  1.65102e+27 
 121    1.7186193  1.64691e+27 
 122    1.7562522  1.64315e+27 
 123    1.7947091  1.63950e+27 
 124    1.8340081  1.63563e+27 
 125    1.8741676  1.63192e+27 
 126    1.9152066  1.62627e+27 
 127    1.9571441  1.61950e+27 
 128    2.0000000  1.61171e+27 
 129    2.0437943  1.60142e+27 
 130    2.0885476  1.58896e+27 
 131    2.1342808  1.57450e+27 
 132    2.1810155  1.55607e+27 
 133    2.2287735  1.53452e+27 
 134    2.2775773  1.51041e+27 
 135    2.3274497  1.48123e+27 
 136    2.3784142  1.44829e+27 
 137    2.4304947  1.41266e+27 
 138    2.4837156  1.37234e+27 
 139    2.5381019  1.32874e+27 
 140    2.5936791  1.28213e+27 
 141    2.6504733  1.23300e+27 
 142    2.7085111  1.18265e+27 
 143    2.7678198  1.12995e+27 
 144    2.8284271  1.07873e+27 
 145    2.8903616  1.02813e+27 
 146    2.9536523  9.78952e+26 
 147    3.0183289  9.30026e+26 
 148    3.0844217  8.85672e+26 
 149    3.1519617  8.43917e+26 
 150    3.2209807  8.04639e+26 
 151    3.2915110  7.70156e+26 
 152    3.3635857  7.38924e+26 
 153    3.4372386  7.10589e+26 
 154    3.5125043  6.85843e+26 
 155    3.5894182  6.63092e+26 
 156    3.6680162  6.42631e+26 
 157    3.7483353  6.23359e+26 
 158    3.8304131  6.05118e+26 
 159    3.9142882  5.88362e+26 
 160    4.0000000  5.71606e+26 
 161    4.0875886  5.55079e+26 
 162    4.1770951  5.38440e+26 
 163    4.2685616  5.21610e+26 
 164    4.3620309  5.04763e+26 
 165    4.4575470  4.87231e+26 
 166    4.5551545  4.69449e+26 
 167    4.6548994  4.51388e+26 
 168    4.7568285  4.33131e+26 
 169    4.8609894  4.14889e+26 
 170    4.9674312  3.96744e+26 
 171    5.0762038  3.78463e+26 
 172    5.1873582  3.59951e+26 
 173    5.3009466  3.41923e+26 
 174    5.4170222  3.24480e+26 
 175    5.5356395  3.06922e+26 
 176    5.6568542  2.90312e+26 
 177    5.7807232  2.74223e+26 
 178    5.9073046  2.58574e+26 
 179    6.0366577  2.44065e+26 
 180    6.1688433  2.30171e+26 
 181    6.3039234  2.16880e+26 
 182    6.4419613  2.04609e+26 
 183    6.5830219  1.92932e+26 
 184    6.7271713  1.82030e+26 
 185    6.8744772  1.72378e+26 
 186    7.0250086  1.62715e+26 
 187    7.1788363  1.53252e+26 
 188    7.3360323  1.44143e+26 
 189    7.4966705  1.35659e+26 


# r-band (filter: r_LSST.dat)
   0    0.1250000  1.87373e+26 
   1    0.1277371  1.91375e+26 
   2    0.1305342  1.95463e+26 
   3    0.1333926  1.99642e+26 
   4    0.1363135  2.03992e+26 
   5    0.1392983  2.09352e+26 
   6    0.1423486  2.16159e+26 
   7    0.1454656  2.23619e+26 
   8    0.1486509  2.31804e+26 
   9    0.1519059  2.40890e+26 
  10    0.1552322  2.51858e+26 
  11    0.1586314  2.64326e+26 
  12    0.1621049  2.78965e+26 
  13    0.1656546  2.91565e+26 
  14    0.1692819  2.95713e+26 
  15    0.1729887  2.99066e+26 
  16    0.1767767  2.95988e+26 
  17    0.1806476  2.95597e+26 
  18    0.1846033  2.93998e+26 
  19    0.1886456  2.95171e+26 
  20    0.1927764  2.98891e+26 
  21    0.1969976  2.97731e+26 
  22    0.2013113  3.04048e+26 
  23    0.2057194  3.10291e+26 
  24    0.2102241  3.18232e+26 
  25    0.2148274  3.31995e+26 
  26    0.2195315  3.54996e+26 
  27    0.2243386  3.86070e+26 
  28    0.2292510  4.26370e+26 
  29    0.2342710  4.69867e+26 
  30    0.2394008  5.13478e+26 
  31    0.2446430  5.36142e+26 
  32    0.2500000  5.36085e+26 
  33    0.2554743  5.43101e+26 
  34    0.2610684  5.39669e+26 
  35    0.2667851  5.43536e+26 
  36    0.2726269  5.54399e+26 
  37    0.2785967  5.55580e+26 
  38    0.2846972  5.74457e+26 
  39    0.2909312  5.94523e+26 
  40    0.2973018  6.08679e+26 
  41    0.3038118  6.31033e+26 
  42    0.3104645  6.45180e+26 
  43    0.3172627  6.76565e+26 
  44    0.3242099  6.87554e+26 
  45    0.3313092  6.95620e+26 
  46    0.3385639  7.08147e+26 
  47    0.3459775  7.23085e+26 
  48    0.3535534  7.48753e+26 
  49    0.3612952  7.62390e+26 
  50    0.3692065  7.95645e+26 
  51    0.3772911  8.25449e+26 
  52    0.3855527  8.48044e+26 
  53    0.3939952  8.73753e+26 
  54    0.4026226  8.97250e+26 
  55    0.4114389  9.36591e+26 
  56    0.4204482  9.64674e+26 
  57    0.4296548  1.00040e+27 
  58    0.4390630  1.03607e+27 
  59    0.4486773  1.06448e+27 
  60    0.4585020  1.09228e+27 
  61    0.4685419  1.11677e+27 
  62    0.4788016  1.13371e+27 
  63    0.4892860  1.15573e+27 
  64    0.5000000  1.17825e+27 
  65    0.5109486  1.20273e+27 
  66    0.5221369  1.23196e+27 
  67    0.5335702  1.26666e+27 
  68    0.5452539  1.30523e+27 
  69    0.5571934  1.34543e+27 
  70    0.5693943  1.38769e+27 
  71    0.5818624  1.43210e+27 
  72    0.5946036  1.47516e+27 
  73    0.6076237  1.51979e+27 
  74    0.6209289  1.56558e+27 
  75    0.6345255  1.61353e+27 
  76    0.6484198  1.66010e+27 
  77    0.6626183  1.70607e+27 
  78    0.6771278  1.75156e+27 
  79    0.6919549  1.79359e+27 
  80    0.7071068  1.83390e+27 
  81    0.7225904  1.87382e+27 
  82    0.7384131  1.90811e+27 
  83    0.7545822  1.93853e+27 
  84    0.7711054  1.96736e+27 
  85    0.7879904  1.98834e+27 
  86    0.8052452  2.00226e+27 
  87    0.8228777  2.01069e+27 
  88    0.8408964  2.01139e+27 
  89    0.8593096  2.00279e+27 
  90    0.8781261  1.98895e+27 
  91    0.8973545  1.96443e+27 
  92    0.9170040  1.93229e+27 
  93    0.9370838  1.89463e+27 
  94    0.9576033  1.84716e+27 
  95    0.9785721  1.79333e+27 
  96    1.0000000  1.73353e+27 
  97    1.0218971  1.66884e+27 
  98    1.0442738  1.60112e+27 
  99    1.0671404  1.52899e+27 
 100    1.0905077  1.45861e+27 
 101    1.1143867  1.38973e+27 
 102    1.1387886  1.32275e+27 
 103    1.1637249  1.25530e+27 
 104    1.1892071  1.19553e+27 
 105    1.2152474  1.14018e+27 
 106    1.2418578  1.08902e+27 
 107    1.2690510  1.04523e+27 
 108    1.2968396  1.00695e+27 
 109    1.3252366  9.74130e+26 
 110    1.3542555  9.47837e+26 
 111    1.3839099  9.25323e+26 
 112    1.4142136  9.06770e+26 
 113    1.4451808  8.91426e+26 
 114    1.4768261  8.78449e+26 
 115    1.5091644  8.68463e+26 
 116    1.5422108  8.60064e+26 
 117    1.5759808  8.53593e+26 
 118    1.6104903  8.48349e+26 
 119    1.6457555  8.44958e+26 
 120    1.6817928  8.42315e+26 
 121    1.7186193  8.40188e+26 
 122    1.7562522  8.39266e+26 
 123    1.7947091  8.39530e+26 
 124    1.8340081  8.40529e+26 
 125    1.8741676  8.42924e+26 
 126    1.9152066  8.45874e+26 
 127    1.9571441  8.49374e+26 
 128    2.0000000  8.53263e+26 
 129    2.0437943  8.55972e+26 
 130    2.0885476  8.57892e+26 
 131    2.1342808  8.59680e+26 
 132    2.1810155  8.58599e+26 
 133    2.2287735  8.55092e+26 
 134    2.2775773  8.50120e+26 
 135    2.3274497  8.40331e+26 
 136    2.3784142  8.27219e+26 
 137    2.4304947  8.11326e+26 
 138    2.4837156  7.90310e+26 
 139    2.5381019  7.65869e+26 
 140    2.5936791  7.38167e+26 
 141    2.6504733  7.06989e+26 
 142    2.7085111  6.73537e+26 
 143    2.7678198  6.37154e+26 
 144    2.8284271  6.00114e+26 
 145    2.8903616  5.62523e+26 
 146    2.9536523  5.25390e+26 
 147    3.0183289  4.87352e+26 
 148    3.0844217  4.52250e+26 
 149    3.1519617  4.19213e+26 
 150    3.2209807  3.87165e+26 
 151    3.2915110  3.59302e+26 
 152    3.3635857  3.34233e+26 
 153    3.4372386  3.11411e+26 
 154    3.5125043  2.92577e+26 
 155    3.5894182  2.76462e+26 
 156    3.6680162  2.62811e+26 
 157    3.7483353  2.52200e+26 
 158    3.8304131  2.43554e+26 
 159    3.9142882  2.37028e+26 
 160    4.0000000  2.32330e+26 
 161    4.0875886  2.29006e+26 
 162    4.1770951  2.26957e+26 
 163    4.2685616  2.25878e+26 
 164    4.3620309  2.25503e+26 
 165    4.4575470  2.25660e+26 
 166    4.5551545  2.26029e+26 
 167    4.6548994  2.26402e+26 
 168    4.7568285  2.27065e+26 
 169    4.8609894  2.27102e+26 
 170    4.9674312  2.26702e+26 
 171    5.0762038  2.26003e+26 
 172    5.1873582  2.25013e+26 
 173    5.3009466  2.23225e+26 
 174    5.4170222  2.20875e+26 
 175    5.5356395  2.17880e+26 
 176    5.6568542  2.14136e+26 
 177    5.7807232  2.09863e+26 
 178    5.9073046  2.05013e+26 
 179    6.0366577  1.99738e+26 
 180    6.1688433  1.94033e+26 
 181    6.3039234  1.87975e+26 
 182    6.4419613  1.81760e+26 
 183    6.5830219  1.75332e+26 
 184    6.7271713  1.68662e+26 
 185    6.8744772  1.62147e+26 
 186    7.0250086  1.55429e+26 
 187    7.1788363  1.48531e+26 
 188    7.3360323  1.41604e+26 
 189    7.4966705  1.34758e+26 


# i-band (filter: i_LSST.dat)
   0    0.1250000  1.46670e+26 
   1    0.1277371  1.48834e+26 
   2    0.1305342  1.51045e+26 
   3    0.1333926  1.53304e+26 
   4    0.1363135  1.56136e+26 
   5    0.1392983  1.59988e+26 
   6    0.1423486  1.63934e+26 
   7    0.1454656  1.68102e+26 
   8    0.1486509  1.73171e+26 
   9    0.1519059  1.78553e+26 
  10    0.1552322  1.84093e+26 
  11    0.1586314  1.90482e+26 
  12    0.1621049  1.97880e+26 
  13    0.1656546  2.05100e+26 
  14    0.1692819  2.09950e+26 
  15    0.1729887  2.12672e+26 
  16    0.1767767  2.09049e+26 
  17    0.1806476  2.05800e+26 
  18    0.1846033  2.03434e+26 
  19    0.1886456  2.00788e+26 
  20    0.1927764  1.98353e+26 
  21    0.1969976  1.92989e+26 
  22    0.2013113  1.90085e+26 
  23    0.2057194  1.87503e+26 
  24    0.2102241  1.82954e+26 
  25    0.2148274  1.80232e+26 
  26    0.2195315  1.79199e+26 
  27    0.2243386  1.82826e+26 
  28    0.2292510  1.89068e+26 
  29    0.2342710  1.97803e+26 
  30    0.2394008  2.07156e+26 
  31    0.2446430  2.19054e+26 
  32    0.2500000  2.31114e+26 
  33    0.2554743  2.41571e+26 
  34    0.2610684  2.42452e+26 
  35    0.2667851  2.41621e+26 
  36    0.2726269  2.44147e+26 
  37    0.2785967  2.47101e+26 
  38    0.2846972  2.52589e+26 
  39    0.2909312  2.60491e+26 
  40    0.2973018  2.66928e+26 
  41    0.3038118  2.80914e+26 
  42    0.3104645  2.96584e+26 
  43    0.3172627  3.12801e+26 
  44    0.3242099  3.31855e+26 
  45    0.3313092  3.51695e+26 
  46    0.3385639  3.77515e+26 
  47    0.3459775  3.92634e+26 
  48    0.3535534  4.08303e+26 
  49    0.3612952  4.27610e+26 
  50    0.3692065  4.51346e+26 
  51    0.3772911  4.81211e+26 
  52    0.3855527  5.06594e+26 
  53    0.3939952  5.39388e+26 
  54    0.4026226  5.74901e+26 
  55    0.4114389  6.10603e+26 
  56    0.4204482  6.51684e+26 
  57    0.4296548  6.94762e+26 
  58    0.4390630  7.42425e+26 
  59    0.4486773  7.98185e+26 
  60    0.4585020  8.51879e+26 
  61    0.4685419  9.03168e+26 
  62    0.4788016  9.54115e+26 
  63    0.4892860  9.98806e+26 
  64    0.5000000  1.04277e+27 
  65    0.5109486  1.08426e+27 
  66    0.5221369  1.12048e+27 
  67    0.5335702  1.15450e+27 
  68    0.5452539  1.18550e+27 
  69    0.5571934  1.21446e+27 
  70    0.5693943  1.24234e+27 
  71    0.5818624  1.26858e+27 
  72    0.5946036  1.29337e+27 
  73    0.6076237  1.31467e+27 
  74    0.6209289  1.33531e+27 
  75    0.6345255  1.35285e+27 
  76    0.6484198  1.36393e+27 
  77    0.6626183  1.37419e+27 
  78    0.6771278  1.37762e+27 
  79    0.6919549  1.37757e+27 
  80    0.7071068  1.37541e+27 
  81    0.7225904  1.36876e+27 
  82    0.7384131  1.35734e+27 
  83    0.7545822  1.33905e+27 
  84    0.7711054  1.31646e+27 
  85    0.7879904  1.28875e+27 
  86    0.8052452  1.25590e+27 
  87    0.8228777  1.21956e+27 
  88    0.8408964  1.17747e+27 
  89    0.8593096  1.13217e+27 
  90    0.8781261  1.08382e+27 
  91    0.8973545  1.03077e+27 
  92    0.9170040  9.75215e+26 
  93    0.9370838  9.16402e+26 
  94    0.9576033  8.56475e+26 
  95    0.9785721  7.98336e+26 
  96    1.0000000  7.39047e+26 
  97    1.0218971  6.84388e+26 
  98    1.0442738  6.32210e+26 
  99    1.0671404  5.81548e+26 
 100    1.0905077  5.39293e+26 
 101    1.1143867  5.00948e+26 
 102    1.1387886  4.66374e+26 
 103    1.1637249  4.36530e+26 
 104    1.1892071  4.11683e+26 
 105    1.2152474  3.90409e+26 
 106    1.2418578  3.73870e+26 
 107    1.2690510  3.60497e+26 
 108    1.2968396  3.49829e+26 
 109    1.3252366  3.41877e+26 
 110    1.3542555  3.35882e+26 
 111    1.3839099  3.30626e+26 
 112    1.4142136  3.26236e+26 
 113    1.4451808  3.22513e+26 
 114    1.4768261  3.19577e+26 
 115    1.5091644  3.17391e+26 
 116    1.5422108  3.15372e+26 
 117    1.5759808  3.13501e+26 
 118    1.6104903  3.12001e+26 
 119    1.6457555  3.10608e+26 
 120    1.6817928  3.09268e+26 
 121    1.7186193  3.07955e+26 
 122    1.7562522  3.06475e+26 
 123    1.7947091  3.04996e+26 
 124    1.8340081  3.03796e+26 
 125    1.8741676  3.02476e+26 
 126    1.9152066  3.01248e+26 
 127    1.9571441  2.99594e+26 
 128    2.0000000  2.97976e+26 
 129    2.0437943  2.96316e+26 
 130    2.0885476  2.93900e+26 
 131    2.1342808  2.91453e+26 
 132    2.1810155  2.87964e+26 
 133    2.2287735  2.83670e+26 
 134    2.2775773  2.78996e+26 
 135    2.3274497  2.72859e+26 
 136    2.3784142  2.65446e+26 
 137    2.4304947  2.57318e+26 
 138    2.4837156  2.47385e+26 
 139    2.5381019  2.36247e+26 
 140    2.5936791  2.24033e+26 
 141    2.6504733  2.10462e+26 
 142    2.7085111  1.96211e+26 
 143    2.7678198  1.80987e+26 
 144    2.8284271  1.65862e+26 
 145    2.8903616  1.50800e+26 
 146    2.9536523  1.36091e+26 
 147    3.0183289  1.21169e+26 
 148    3.0844217  1.07884e+26 
 149    3.1519617  9.53566e+25 
 150    3.2209807  8.34785e+25 
 151    3.2915110  7.33947e+25 
 152    3.3635857  6.44075e+25 
 153    3.4372386  5.65376e+25 
 154    3.5125043  5.01050e+25 
 155    3.5894182  4.46752e+25 
 156    3.6680162  4.02520e+25 
 157    3.7483353  3.68116e+25 
 158    3.8304131  3.40856e+25 
 159    3.9142882  3.20014e+25 
 160    4.0000000  3.05061e+25 
 161    4.0875886  2.94205e+25 
 162    4.1770951  2.87016e+25 
 163    4.2685616  2.82406e+25 
 164    4.3620309  2.80104e+25 
 165    4.4575470  2.80213e+25 
 166    4.5551545  2.81864e+25 
 167    4.6548994  2.85053e+25 
 168    4.7568285  2.89594e+25 
 169    4.8609894  2.97157e+25 
 170    4.9674312  3.07562e+25 
 171    5.0762038  3.20788e+25 
 172    5.1873582  3.35429e+25 
 173    5.3009466  3.54782e+25 
 174    5.4170222  3.75981e+25 
 175    5.5356395  3.99597e+25 
 176    5.6568542  4.24030e+25 
 177    5.7807232  4.47847e+25 
 178    5.9073046  4.73691e+25 
 179    6.0366577  4.95945e+25 
 180    6.1688433  5.15837e+25 
 181    6.3039234  5.35322e+25 
 182    6.4419613  5.49444e+25 
 183    6.5830219  5.60139e+25 
 184    6.7271713  5.67501e+25 
 185    6.8744772  5.70270e+25 
 186    7.0250086  5.71703e+25 
 187    7.1788363  5.69924e+25 
 188    7.3360323  5.65582e+25 
 189    7.4966705  5.57854e+25 


# z-band (filter: z_LSST.dat)
   0    0.1250000  1.33301e+26 
   1    0.1277371  1.34213e+26 
   2    0.1305342  1.35144e+26 
   3    0.1333926  1.36097e+26 
   4    0.1363135  1.36623e+26 
   5    0.1392983  1.37947e+26 
   6    0.1423486  1.39179e+26 
   7    0.1454656  1.41274e+26 
   8    0.1486509  1.43666e+26 
   9    0.1519059  1.45036e+26 
  10    0.1552322  1.47673e+26 
  11    0.1586314  1.49968e+26 
  12    0.1621049  1.53229e+26 
  13    0.1656546  1.55193e+26 
  14    0.1692819  1.56694e+26 
  15    0.1729887  1.56997e+26 
  16    0.1767767  1.54774e+26 
  17    0.1806476  1.51896e+26 
  18    0.1846033  1.49121e+26 
  19    0.1886456  1.45409e+26 
  20    0.1927764  1.41628e+26 
  21    0.1969976  1.35809e+26 
  22    0.2013113  1.30915e+26 
  23    0.2057194  1.25327e+26 
  24    0.2102241  1.19714e+26 
  25    0.2148274  1.15202e+26 
  26    0.2195315  1.10576e+26 
  27    0.2243386  1.07683e+26 
  28    0.2292510  1.06099e+26 
  29    0.2342710  1.07395e+26 
  30    0.2394008  1.09198e+26 
  31    0.2446430  1.13260e+26 
  32    0.2500000  1.18062e+26 
  33    0.2554743  1.22374e+26 
  34    0.2610684  1.24490e+26 
  35    0.2667851  1.24709e+26 
  36    0.2726269  1.24545e+26 
  37    0.2785967  1.25765e+26 
  38    0.2846972  1.27407e+26 
  39    0.2909312  1.31095e+26 
  40    0.2973018  1.32966e+26 
  41    0.3038118  1.39302e+26 
  42    0.3104645  1.47619e+26 
  43    0.3172627  1.56989e+26 
  44    0.3242099  1.69542e+26 
  45    0.3313092  1.83402e+26 
  46    0.3385639  1.99913e+26 
  47    0.3459775  2.12746e+26 
  48    0.3535534  2.27274e+26 
  49    0.3612952  2.45387e+26 
  50    0.3692065  2.67197e+26 
  51    0.3772911  2.95463e+26 
  52    0.3855527  3.23936e+26 
  53    0.3939952  3.62221e+26 
  54    0.4026226  4.05235e+26 
  55    0.4114389  4.47906e+26 
  56    0.4204482  4.99574e+26 
  57    0.4296548  5.51346e+26 
  58    0.4390630  6.06407e+26 
  59    0.4486773  6.68318e+26 
  60    0.4585020  7.29382e+26 
  61    0.4685419  7.90236e+26 
  62    0.4788016  8.50017e+26 
  63    0.4892860  9.01026e+26 
  64    0.5000000  9.50093e+26 
  65    0.5109486  9.94662e+26 
  66    0.5221369  1.03140e+27 
  67    0.5335702  1.06283e+27 
  68    0.5452539  1.08965e+27 
  69    0.5571934  1.11217e+27 
  70    0.5693943  1.13105e+27 
  71    0.5818624  1.14617e+27 
  72    0.5946036  1.15679e+27 
  73    0.6076237  1.16127e+27 
  74    0.6209289  1.16492e+27 
  75    0.6345255  1.16359e+27 
  76    0.6484198  1.15653e+27 
  77    0.6626183  1.14799e+27 
  78    0.6771278  1.13386e+27 
  79    0.6919549  1.11701e+27 
  80    0.7071068  1.09904e+27 
  81    0.7225904  1.07679e+27 
  82    0.7384131  1.05098e+27 
  83    0.7545822  1.01991e+27 
  84    0.7711054  9.86241e+26 
  85    0.7879904  9.49247e+26 
  86    0.8052452  9.09805e+26 
  87    0.8228777  8.68507e+26 
  88    0.8408964  8.24150e+26 
  89    0.8593096  7.77917e+26 
  90    0.8781261  7.29844e+26 
  91    0.8973545  6.80731e+26 
  92    0.9170040  6.31081e+26 
  93    0.9370838  5.78891e+26 
  94    0.9576033  5.28937e+26 
  95    0.9785721  4.81983e+26 
  96    1.0000000  4.34595e+26 
  97    1.0218971  3.92189e+26 
  98    1.0442738  3.52334e+26 
  99    1.0671404  3.14730e+26 
 100    1.0905077  2.83632e+26 
 101    1.1143867  2.55924e+26 
 102    1.1387886  2.31308e+26 
 103    1.1637249  2.10803e+26 
 104    1.1892071  1.93454e+26 
 105    1.2152474  1.79851e+26 
 106    1.2418578  1.69328e+26 
 107    1.2690510  1.60854e+26 
 108    1.2968396  1.54706e+26 
 109    1.3252366  1.50467e+26 
 110    1.3542555  1.47342e+26 
 111    1.3839099  1.45022e+26 
 112    1.4142136  1.43217e+26 
 113    1.4451808  1.42067e+26 
 114    1.4768261  1.41467e+26 
 115    1.5091644  1.41046e+26 
 116    1.5422108  1.40694e+26 
 117    1.5759808  1.40238e+26 
 118    1.6104903  1.39810e+26 
 119    1.6457555  1.39364e+26 
 120    1.6817928  1.38584e+26 
 121    1.7186193  1.37839e+26 
 122    1.7562522  1.36845e+26 
 123    1.7947091  1.35684e+26 
 124    1.8340081  1.34572e+26 
 125    1.8741676  1.33177e+26 
 126    1.9152066  1.31556e+26 
 127    1.9571441  1.29909e+26 
 128    2.0000000  1.28128e+26 
 129    2.0437943  1.26072e+26 
 130    2.0885476  1.23863e+26 
 131    2.1342808  1.21523e+26 
 132    2.1810155  1.18759e+26 
 133    2.2287735  1.15859e+26 
 134    2.2775773  1.12862e+26 
 135    2.3274497  1.09608e+26 
 136    2.3784142  1.06118e+26 
 137    2.4304947  1.02525e+26 
 138    2.4837156  9.88589e+25 
 139    2.5381019  9.51167e+25 
 140    2.5936791  9.12499e+25 
 141    2.6504733  8.76092e+25 
 142    2.7085111  8.38945e+25 
 143    2.7678198  8.02185e+25 
 144    2.8284271  7.69251e+25 
 145    2.8903616  7.37324e+25 
 146    2.9536523  7.06126e+25 
 147    3.0183289  6.77175e+25 
 148    3.0844217  6.51127e+25 
 149    3.1519617  6.27550e+25 
 150    3.2209807  6.05428e+25 
 151    3.2915110  5.87449e+25 
 152    3.3635857  5.68894e+25 
 153    3.4372386  5.52769e+25 
 154    3.5125043  5.36123e+25 
 155    3.5894182  5.19583e+25 
 156    3.6680162  5.05306e+25 
 157    3.7483353  4.91425e+25 
 158    3.8304131  4.79861e+25 
 159    3.9142882  4.67402e+25 
 160    4.0000000  4.55347e+25 
 161    4.0875886  4.43065e+25 
 162    4.1770951  4.29740e+25 
 163    4.2685616  4.15078e+25 
 164    4.3620309  4.01260e+25 
 165    4.4575470  3.87899e+25 
 166    4.5551545  3.74626e+25 
 167    4.6548994  3.62182e+25 
 168    4.7568285  3.48509e+25 
 169    4.8609894  3.36103e+25 
 170    4.9674312  3.23361e+25 
 171    5.0762038  3.11978e+25 
 172    5.1873582  3.01222e+25 
 173    5.3009466  2.92534e+25 
 174    5.4170222  2.85164e+25 
 175    5.5356395  2.78800e+25 
 176    5.6568542  2.74415e+25 
 177    5.7807232  2.71643e+25 
 178    5.9073046  2.70342e+25 
 179    6.0366577  2.70812e+25 
 180    6.1688433  2.72477e+25 
 181    6.3039234  2.75386e+25 
 182    6.4419613  2.79130e+25 
 183    6.5830219  2.83311e+25 
 184    6.7271713  2.88056e+25 
 185    6.8744772  2.92564e+25 
 186    7.0250086  2.97707e+25 
 187    7.1788363  3.03326e+25 
 188    7.3360323  3.08921e+25 
 189    7.4966705  3.14080e+25 


# y-band (filter: y_LSST.dat)
   0    0.1250000  1.77322e+26 
   1    0.1277371  1.81390e+26 
   2    0.1305342  1.85547e+26 
   3    0.1333926  1.89795e+26 
   4    0.1363135  1.95722e+26 
   5    0.1392983  2.04540e+26 
   6    0.1423486  2.17991e+26 
   7    0.1454656  2.33787e+26 
   8    0.1486509  2.51502e+26 
   9    0.1519059  2.70764e+26 
  10    0.1552322  2.93092e+26 
  11    0.1586314  3.18048e+26 
  12    0.1621049  3.48394e+26 
  13    0.1656546  3.81394e+26 
  14    0.1692819  4.10194e+26 
  15    0.1729887  4.36761e+26 
  16    0.1767767  4.39787e+26 
  17    0.1806476  4.41950e+26 
  18    0.1846033  4.47329e+26 
  19    0.1886456  4.52554e+26 
  20    0.1927764  4.61622e+26 
  21    0.1969976  4.62961e+26 
  22    0.2013113  4.71757e+26 
  23    0.2057194  4.80188e+26 
  24    0.2102241  4.83355e+26 
  25    0.2148274  4.91829e+26 
  26    0.2195315  5.00614e+26 
  27    0.2243386  5.20588e+26 
  28    0.2292510  5.54084e+26 
  29    0.2342710  5.93444e+26 
  30    0.2394008  6.36956e+26 
  31    0.2446430  6.84527e+26 
  32    0.2500000  7.28156e+26 
  33    0.2554743  7.72671e+26 
  34    0.2610684  7.92550e+26 
  35    0.2667851  7.97363e+26 
  36    0.2726269  8.07772e+26 
  37    0.2785967  8.17310e+26 
  38    0.2846972  8.29139e+26 
  39    0.2909312  8.45027e+26 
  40    0.2973018  8.48803e+26 
  41    0.3038118  8.64464e+26 
  42    0.3104645  8.78089e+26 
  43    0.3172627  8.92196e+26 
  44    0.3242099  9.12306e+26 
  45    0.3313092  9.27609e+26 
  46    0.3385639  9.60462e+26 
  47    0.3459775  9.82369e+26 
  48    0.3535534  1.00113e+27 
  49    0.3612952  1.02541e+27 
  50    0.3692065  1.04895e+27 
  51    0.3772911  1.07541e+27 
  52    0.3855527  1.09748e+27 
  53    0.3939952  1.12449e+27 
  54    0.4026226  1.15075e+27 
  55    0.4114389  1.17183e+27 
  56    0.4204482  1.19447e+27 
  57    0.4296548  1.21443e+27 
  58    0.4390630  1.23535e+27 
  59    0.4486773  1.26450e+27 
  60    0.4585020  1.28328e+27 
  61    0.4685419  1.29869e+27 
  62    0.4788016  1.31003e+27 
  63    0.4892860  1.31336e+27 
  64    0.5000000  1.31145e+27 
  65    0.5109486  1.30481e+27 
  66    0.5221369  1.29381e+27 
  67    0.5335702  1.27734e+27 
  68    0.5452539  1.25695e+27 
  69    0.5571934  1.23566e+27 
  70    0.5693943  1.21092e+27 
  71    0.5818624  1.18372e+27 
  72    0.5946036  1.15673e+27 
  73    0.6076237  1.12790e+27 
  74    0.6209289  1.09807e+27 
  75    0.6345255  1.06612e+27 
  76    0.6484198  1.03399e+27 
  77    0.6626183  1.00153e+27 
  78    0.6771278  9.66684e+26 
  79    0.6919549  9.32855e+26 
  80    0.7071068  8.98094e+26 
  81    0.7225904  8.62431e+26 
  82    0.7384131  8.26178e+26 
  83    0.7545822  7.88876e+26 
  84    0.7711054  7.51496e+26 
  85    0.7879904  7.12708e+26 
  86    0.8052452  6.74918e+26 
  87    0.8228777  6.36682e+26 
  88    0.8408964  5.97982e+26 
  89    0.8593096  5.60536e+26 
  90    0.8781261  5.21489e+26 
  91    0.8973545  4.84025e+26 
  92    0.9170040  4.47506e+26 
  93    0.9370838  4.10965e+26 
  94    0.9576033  3.76838e+26 
  95    0.9785721  3.45435e+26 
  96    1.0000000  3.14482e+26 
  97    1.0218971  2.87977e+26 
  98    1.0442738  2.63433e+26 
  99    1.0671404  2.40422e+26 
 100    1.0905077  2.22237e+26 
 101    1.1143867  2.05548e+26 
 102    1.1387886  1.91925e+26 
 103    1.1637249  1.80908e+26 
 104    1.1892071  1.71863e+26 
 105    1.2152474  1.65073e+26 
 106    1.2418578  1.60484e+26 
 107    1.2690510  1.57009e+26 
 108    1.2968396  1.55113e+26 
 109    1.3252366  1.54646e+26 
 110    1.3542555  1.55002e+26 
 111    1.3839099  1.56056e+26 
 112    1.4142136  1.57642e+26 
 113    1.4451808  1.59955e+26 
 114    1.4768261  1.62572e+26 
 115    1.5091644  1.65339e+26 
 116    1.5422108  1.68482e+26 
 117    1.5759808  1.71423e+26 
 118    1.6104903  1.74455e+26 
 119    1.6457555  1.77196e+26 
 120    1.6817928  1.79612e+26 
 121    1.7186193  1.81782e+26 
 122    1.7562522  1.83587e+26 
 123    1.7947091  1.85066e+26 
 124    1.8340081  1.86151e+26 
 125    1.8741676  1.86842e+26 
 126    1.9152066  1.86863e+26 
 127    1.9571441  1.86337e+26 
 128    2.0000000  1.85525e+26 
 129    2.0437943  1.84188e+26 
 130    2.0885476  1.82571e+26 
 131    2.1342808  1.80485e+26 
 132    2.1810155  1.78171e+26 
 133    2.2287735  1.75364e+26 
 134    2.2775773  1.72508e+26 
 135    2.3274497  1.69184e+26 
 136    2.3784142  1.65472e+26 
 137    2.4304947  1.61763e+26 
 138    2.4837156  1.57869e+26 
 139    2.5381019  1.54045e+26 
 140    2.5936791  1.49975e+26 
 141    2.6504733  1.46232e+26 
 142    2.7085111  1.42383e+26 
 143    2.7678198  1.38521e+26 
 144    2.8284271  1.34943e+26 
 145    2.8903616  1.31477e+26 
 146    2.9536523  1.28121e+26 
 147    3.0183289  1.25135e+26 
 148    3.0844217  1.22592e+26 
 149    3.1519617  1.20256e+26 
 150    3.2209807  1.18242e+26 
 151    3.2915110  1.17006e+26 
 152    3.3635857  1.15850e+26 
 153    3.4372386  1.14777e+26 
 154    3.5125043  1.13685e+26 
 155    3.5894182  1.12644e+26 
 156    3.6680162  1.12013e+26 
 157    3.7483353  1.11647e+26 
 158    3.8304131  1.11377e+26 
 159    3.9142882  1.11117e+26 
 160    4.0000000  1.10818e+26 
 161    4.0875886  1.10257e+26 
 162    4.1770951  1.09556e+26 
 163    4.2685616  1.08290e+26 
 164    4.3620309  1.06702e+26 
 165    4.4575470  1.05280e+26 
 166    4.5551545  1.03498e+26 
 167    4.6548994  1.01727e+26 
 168    4.7568285  9.96177e+25 
 169    4.8609894  9.71025e+25 
 170    4.9674312  9.42604e+25 
 171    5.0762038  9.11627e+25 
 172    5.1873582  8.80288e+25 
 173    5.3009466  8.50231e+25 
 174    5.4170222  8.19328e+25 
 175    5.5356395  7.87572e+25 
 176    5.6568542  7.57027e+25 
 177    5.7807232  7.27622e+25 
 178    5.9073046  6.97971e+25 
 179    6.0366577  6.69937e+25 
 180    6.1688433  6.43268e+25 
 181    6.3039234  6.18113e+25 
 182    6.4419613  5.95671e+25 
 183    6.5830219  5.74159e+25 
 184    6.7271713  5.53481e+25 
 185    6.8744772  5.33750e+25 
 186    7.0250086  5.13948e+25 
 187    7.1788363  4.95516e+25 
 188    7.3360323  4.77694e+25 
 189    7.4966705  4.60469e+25 


# J-band (filter: J_2MASS.dat)
   0    0.1250000  2.48179e+26 
   1    0.1277371  2.57110e+26 
   2    0.1305342  2.66237e+26 
   3    0.1333926  2.75563e+26 
   4    0.1363135  2.90013e+26 
   5    0.1392983  3.12101e+26 
   6    0.1423486  3.32162e+26 
   7    0.1454656  3.66304e+26 
   8    0.1486509  4.03551e+26 
   9    0.1519059  4.42532e+26 
  10    0.1552322  4.83891e+26 
  11    0.1586314  5.29145e+26 
  12    0.1621049  5.77691e+26 
  13    0.1656546  6.30229e+26 
  14    0.1692819  6.82112e+26 
  15    0.1729887  7.24235e+26 
  16    0.1767767  7.31137e+26 
  17    0.1806476  7.39700e+26 
  18    0.1846033  7.52934e+26 
  19    0.1886456  7.65112e+26 
  20    0.1927764  7.82105e+26 
  21    0.1969976  7.87827e+26 
  22    0.2013113  8.04910e+26 
  23    0.2057194  8.24161e+26 
  24    0.2102241  8.36294e+26 
  25    0.2148274  8.52839e+26 
  26    0.2195315  8.66701e+26 
  27    0.2243386  9.02330e+26 
  28    0.2292510  9.48441e+26 
  29    0.2342710  9.98231e+26 
  30    0.2394008  1.04687e+27 
  31    0.2446430  1.09337e+27 
  32    0.2500000  1.13583e+27 
  33    0.2554743  1.17566e+27 
  34    0.2610684  1.18891e+27 
  35    0.2667851  1.18644e+27 
  36    0.2726269  1.19019e+27 
  37    0.2785967  1.18999e+27 
  38    0.2846972  1.19464e+27 
  39    0.2909312  1.19866e+27 
  40    0.2973018  1.19267e+27 
  41    0.3038118  1.19386e+27 
  42    0.3104645  1.19165e+27 
  43    0.3172627  1.18928e+27 
  44    0.3242099  1.18189e+27 
  45    0.3313092  1.17405e+27 
  46    0.3385639  1.18011e+27 
  47    0.3459775  1.17621e+27 
  48    0.3535534  1.17037e+27 
  49    0.3612952  1.16116e+27 
  50    0.3692065  1.15088e+27 
  51    0.3772911  1.14147e+27 
  52    0.3855527  1.12520e+27 
  53    0.3939952  1.11329e+27 
  54    0.4026226  1.09759e+27 
  55    0.4114389  1.08219e+27 
  56    0.4204482  1.06589e+27 
  57    0.4296548  1.04926e+27 
  58    0.4390630  1.03553e+27 
  59    0.4486773  1.02299e+27 
  60    0.4585020  1.00858e+27 
  61    0.4685419  9.93400e+26 
  62    0.4788016  9.75835e+26 
  63    0.4892860  9.56760e+26 
  64    0.5000000  9.36183e+26 
  65    0.5109486  9.13302e+26 
  66    0.5221369  8.90773e+26 
  67    0.5335702  8.66552e+26 
  68    0.5452539  8.43436e+26 
  69    0.5571934  8.20582e+26 
  70    0.5693943  7.96976e+26 
  71    0.5818624  7.74304e+26 
  72    0.5946036  7.51496e+26 
  73    0.6076237  7.27323e+26 
  74    0.6209289  7.03379e+26 
  75    0.6345255  6.77742e+26 
  76    0.6484198  6.52411e+26 
  77    0.6626183  6.27079e+26 
  78    0.6771278  6.01824e+26 
  79    0.6919549  5.76698e+26 
  80    0.7071068  5.50415e+26 
  81    0.7225904  5.23878e+26 
  82    0.7384131  4.97837e+26 
  83    0.7545822  4.71364e+26 
  84    0.7711054  4.44877e+26 
  85    0.7879904  4.19725e+26 
  86    0.8052452  3.95034e+26 
  87    0.8228777  3.70648e+26 
  88    0.8408964  3.47564e+26 
  89    0.8593096  3.24744e+26 
  90    0.8781261  3.02578e+26 
  91    0.8973545  2.81934e+26 
  92    0.9170040  2.61884e+26 
  93    0.9370838  2.42516e+26 
  94    0.9576033  2.24889e+26 
  95    0.9785721  2.08427e+26 
  96    1.0000000  1.93296e+26 
  97    1.0218971  1.79937e+26 
  98    1.0442738  1.67805e+26 
  99    1.0671404  1.56878e+26 
 100    1.0905077  1.47685e+26 
 101    1.1143867  1.39601e+26 
 102    1.1387886  1.32378e+26 
 103    1.1637249  1.26485e+26 
 104    1.1892071  1.21909e+26 
 105    1.2152474  1.17912e+26 
 106    1.2418578  1.14855e+26 
 107    1.2690510  1.12721e+26 
 108    1.2968396  1.10967e+26 
 109    1.3252366  1.09661e+26 
 110    1.3542555  1.08711e+26 
 111    1.3839099  1.08139e+26 
 112    1.4142136  1.07996e+26 
 113    1.4451808  1.08426e+26 
 114    1.4768261  1.08952e+26 
 115    1.5091644  1.09750e+26 
 116    1.5422108  1.10944e+26 
 117    1.5759808  1.12555e+26 
 118    1.6104903  1.14333e+26 
 119    1.6457555  1.16550e+26 
 120    1.6817928  1.19014e+26 
 121    1.7186193  1.21877e+26 
 122    1.7562522  1.25149e+26 
 123    1.7947091  1.28668e+26 
 124    1.8340081  1.32511e+26 
 125    1.8741676  1.36531e+26 
 126    1.9152066  1.40895e+26 
 127    1.9571441  1.45306e+26 
 128    2.0000000  1.49812e+26 
 129    2.0437943  1.54132e+26 
 130    2.0885476  1.58417e+26 
 131    2.1342808  1.62807e+26 
 132    2.1810155  1.66653e+26 
 133    2.2287735  1.70309e+26 
 134    2.2775773  1.73790e+26 
 135    2.3274497  1.76597e+26 
 136    2.3784142  1.78966e+26 
 137    2.4304947  1.81088e+26 
 138    2.4837156  1.82457e+26 
 139    2.5381019  1.83134e+26 
 140    2.5936791  1.83592e+26 
 141    2.6504733  1.83454e+26 
 142    2.7085111  1.82794e+26 
 143    2.7678198  1.81801e+26 
 144    2.8284271  1.80464e+26 
 145    2.8903616  1.78696e+26 
 146    2.9536523  1.76600e+26 
 147    3.0183289  1.74442e+26 
 148    3.0844217  1.72261e+26 
 149    3.1519617  1.69799e+26 
 150    3.2209807  1.67425e+26 
 151    3.2915110  1.65283e+26 
 152    3.3635857  1.63159e+26 
 153    3.4372386  1.61071e+26 
 154    3.5125043  1.59333e+26 
 155    3.5894182  1.57642e+26 
 156    3.6680162  1.56339e+26 
 157    3.7483353  1.55410e+26 
 158    3.8304131  1.54748e+26 
 159    3.9142882  1.54168e+26 
 160    4.0000000  1.54051e+26 
 161    4.0875886  1.54292e+26 
 162    4.1770951  1.54658e+26 
 163    4.2685616  1.55362e+26 
 164    4.3620309  1.56293e+26 
 165    4.4575470  1.57474e+26 
 166    4.5551545  1.58712e+26 
 167    4.6548994  1.60109e+26 
 168    4.7568285  1.61567e+26 
 169    4.8609894  1.62892e+26 
 170    4.9674312  1.64189e+26 
 171    5.0762038  1.65313e+26 
 172    5.1873582  1.66361e+26 
 173    5.3009466  1.67088e+26 
 174    5.4170222  1.67548e+26 
 175    5.5356395  1.67801e+26 
 176    5.6568542  1.67536e+26 
 177    5.7807232  1.66974e+26 
 178    5.9073046  1.66073e+26 
 179    6.0366577  1.64730e+26 
 180    6.1688433  1.63100e+26 
 181    6.3039234  1.61246e+26 
 182    6.4419613  1.58979e+26 
 183    6.5830219  1.56509e+26 
 184    6.7271713  1.53752e+26 
 185    6.8744772  1.50804e+26 
 186    7.0250086  1.47707e+26 
 187    7.1788363  1.44448e+26 
 188    7.3360323  1.41063e+26 
 189    7.4966705  1.37535e+26 


# H-band (filter: H_2MASS.dat)
   0    0.1250000  1.03386e+27 
   1    0.1277371  1.04185e+27 
   2    0.1305342  1.05001e+27 
   3    0.1333926  1.05834e+27 
   4    0.1363135  1.06918e+27 
   5    0.1392983  1.09334e+27 
   6    0.1423486  1.11425e+27 
   7    0.1454656  1.15768e+27 
   8    0.1486509  1.19974e+27 
   9    0.1519059  1.23975e+27 
  10    0.1552322  1.28208e+27 
  11    0.1586314  1.32090e+27 
  12    0.1621049  1.34983e+27 
  13    0.1656546  1.37576e+27 
  14    0.1692819  1.39584e+27 
  15    0.1729887  1.40484e+27 
  16    0.1767767  1.38941e+27 
  17    0.1806476  1.36929e+27 
  18    0.1846033  1.34716e+27 
  19    0.1886456  1.31605e+27 
  20    0.1927764  1.29640e+27 
  21    0.1969976  1.26096e+27 
  22    0.2013113  1.22991e+27 
  23    0.2057194  1.20495e+27 
  24    0.2102241  1.17327e+27 
  25    0.2148274  1.14151e+27 
  26    0.2195315  1.10917e+27 
  27    0.2243386  1.09054e+27 
  28    0.2292510  1.07714e+27 
  29    0.2342710  1.06498e+27 
  30    0.2394008  1.05113e+27 
  31    0.2446430  1.03656e+27 
  32    0.2500000  1.01799e+27 
  33    0.2554743  9.99851e+26 
  34    0.2610684  9.75479e+26 
  35    0.2667851  9.45861e+26 
  36    0.2726269  9.15725e+26 
  37    0.2785967  8.85807e+26 
  38    0.2846972  8.58023e+26 
  39    0.2909312  8.28711e+26 
  40    0.2973018  7.98704e+26 
  41    0.3038118  7.71012e+26 
  42    0.3104645  7.43110e+26 
  43    0.3172627  7.14413e+26 
  44    0.3242099  6.86661e+26 
  45    0.3313092  6.60780e+26 
  46    0.3385639  6.38565e+26 
  47    0.3459775  6.14455e+26 
  48    0.3535534  5.94402e+26 
  49    0.3612952  5.73588e+26 
  50    0.3692065  5.53446e+26 
  51    0.3772911  5.33672e+26 
  52    0.3855527  5.13730e+26 
  53    0.3939952  4.94908e+26 
  54    0.4026226  4.77601e+26 
  55    0.4114389  4.60440e+26 
  56    0.4204482  4.44515e+26 
  57    0.4296548  4.28130e+26 
  58    0.4390630  4.13534e+26 
  59    0.4486773  3.99803e+26 
  60    0.4585020  3.86191e+26 
  61    0.4685419  3.72986e+26 
  62    0.4788016  3.60014e+26 
  63    0.4892860  3.48749e+26 
  64    0.5000000  3.38225e+26 
  65    0.5109486  3.27380e+26 
  66    0.5221369  3.17249e+26 
  67    0.5335702  3.07158e+26 
  68    0.5452539  2.97611e+26 
  69    0.5571934  2.89268e+26 
  70    0.5693943  2.80641e+26 
  71    0.5818624  2.72199e+26 
  72    0.5946036  2.63729e+26 
  73    0.6076237  2.56534e+26 
  74    0.6209289  2.48662e+26 
  75    0.6345255  2.41286e+26 
  76    0.6484198  2.33530e+26 
  77    0.6626183  2.26038e+26 
  78    0.6771278  2.18770e+26 
  79    0.6919549  2.12105e+26 
  80    0.7071068  2.04963e+26 
  81    0.7225904  1.97182e+26 
  82    0.7384131  1.89678e+26 
  83    0.7545822  1.82426e+26 
  84    0.7711054  1.74971e+26 
  85    0.7879904  1.67492e+26 
  86    0.8052452  1.60289e+26 
  87    0.8228777  1.52830e+26 
  88    0.8408964  1.45627e+26 
  89    0.8593096  1.38034e+26 
  90    0.8781261  1.30351e+26 
  91    0.8973545  1.23003e+26 
  92    0.9170040  1.15976e+26 
  93    0.9370838  1.09163e+26 
  94    0.9576033  1.02904e+26 
  95    0.9785721  9.68250e+25 
  96    1.0000000  9.10600e+25 
  97    1.0218971  8.58067e+25 
  98    1.0442738  8.07451e+25 
  99    1.0671404  7.61636e+25 
 100    1.0905077  7.21734e+25 
 101    1.1143867  6.90197e+25 
 102    1.1387886  6.61270e+25 
 103    1.1637249  6.36748e+25 
 104    1.1892071  6.16307e+25 
 105    1.2152474  5.99428e+25 
 106    1.2418578  5.85818e+25 
 107    1.2690510  5.76268e+25 
 108    1.2968396  5.67926e+25 
 109    1.3252366  5.63387e+25 
 110    1.3542555  5.60023e+25 
 111    1.3839099  5.57983e+25 
 112    1.4142136  5.57013e+25 
 113    1.4451808  5.56099e+25 
 114    1.4768261  5.57063e+25 
 115    1.5091644  5.57894e+25 
 116    1.5422108  5.59643e+25 
 117    1.5759808  5.60938e+25 
 118    1.6104903  5.64668e+25 
 119    1.6457555  5.67830e+25 
 120    1.6817928  5.71286e+25 
 121    1.7186193  5.74106e+25 
 122    1.7562522  5.78805e+25 
 123    1.7947091  5.84069e+25 
 124    1.8340081  5.88447e+25 
 125    1.8741676  5.93985e+25 
 126    1.9152066  5.99664e+25 
 127    1.9571441  6.05852e+25 
 128    2.0000000  6.11514e+25 
 129    2.0437943  6.18493e+25 
 130    2.0885476  6.24482e+25 
 131    2.1342808  6.30973e+25 
 132    2.1810155  6.36451e+25 
 133    2.2287735  6.40841e+25 
 134    2.2775773  6.45334e+25 
 135    2.3274497  6.46732e+25 
 136    2.3784142  6.46392e+25 
 137    2.4304947  6.46492e+25 
 138    2.4837156  6.43931e+25 
 139    2.5381019  6.39543e+25 
 140    2.5936791  6.34239e+25 
 141    2.6504733  6.26374e+25 
 142    2.7085111  6.16369e+25 
 143    2.7678198  6.05240e+25 
 144    2.8284271  5.92309e+25 
 145    2.8903616  5.79309e+25 
 146    2.9536523  5.65350e+25 
 147    3.0183289  5.50535e+25 
 148    3.0844217  5.36468e+25 
 149    3.1519617  5.21313e+25 
 150    3.2209807  5.06615e+25 
 151    3.2915110  4.92418e+25 
 152    3.3635857  4.78297e+25 
 153    3.4372386  4.64163e+25 
 154    3.5125043  4.51156e+25 
 155    3.5894182  4.39463e+25 
 156    3.6680162  4.27165e+25 
 157    3.7483353  4.16171e+25 
 158    3.8304131  4.06356e+25 
 159    3.9142882  3.96999e+25 
 160    4.0000000  3.88564e+25 
 161    4.0875886  3.81635e+25 
 162    4.1770951  3.74626e+25 
 163    4.2685616  3.68858e+25 
 164    4.3620309  3.64729e+25 
 165    4.4575470  3.61833e+25 
 166    4.5551545  3.60838e+25 
 167    4.6548994  3.60881e+25 
 168    4.7568285  3.62037e+25 
 169    4.8609894  3.65483e+25 
 170    4.9674312  3.71023e+25 
 171    5.0762038  3.78654e+25 
 172    5.1873582  3.87871e+25 
 173    5.3009466  4.00058e+25 
 174    5.4170222  4.14903e+25 
 175    5.5356395  4.31487e+25 
 176    5.6568542  4.50445e+25 
 177    5.7807232  4.70923e+25 
 178    5.9073046  4.93560e+25 
 179    6.0366577  5.17262e+25 
 180    6.1688433  5.41794e+25 
 181    6.3039234  5.67847e+25 
 182    6.4419613  5.93352e+25 
 183    6.5830219  6.17725e+25 
 184    6.7271713  6.42396e+25 
 185    6.8744772  6.63757e+25 
 186    7.0250086  6.85511e+25 
 187    7.1788363  7.07798e+25 
 188    7.3360323  7.28964e+25 
 189    7.4966705  7.47550e+25 


# K-band (filter: Ks_mosfire.dat)
   0    0.1250000  7.90329e+26 
   1    0.1277371  7.94198e+26 
   2    0.1305342  7.98151e+26 
   3    0.1333926  8.02191e+26 
   4    0.1363135  8.10738e+26 
   5    0.1392983  8.24447e+26 
   6    0.1423486  8.41563e+26 
   7    0.1454656  8.62634e+26 
   8    0.1486509  8.84904e+26 
   9    0.1519059  9.04069e+26 
  10    0.1552322  9.29061e+26 
  11    0.1586314  9.38675e+26 
  12    0.1621049  9.44407e+26 
  13    0.1656546  9.56741e+26 
  14    0.1692819  9.60972e+26 
  15    0.1729887  9.62285e+26 
  16    0.1767767  9.45118e+26 
  17    0.1806476  9.25074e+26 
  18    0.1846033  9.02538e+26 
  19    0.1886456  8.81247e+26 
  20    0.1927764  8.63494e+26 
  21    0.1969976  8.37771e+26 
  22    0.2013113  8.09318e+26 
  23    0.2057194  7.88526e+26 
  24    0.2102241  7.60134e+26 
  25    0.2148274  7.34419e+26 
  26    0.2195315  7.10128e+26 
  27    0.2243386  6.91478e+26 
  28    0.2292510  6.74481e+26 
  29    0.2342710  6.61066e+26 
  30    0.2394008  6.45255e+26 
  31    0.2446430  6.30205e+26 
  32    0.2500000  6.11972e+26 
  33    0.2554743  5.92748e+26 
  34    0.2610684  5.74032e+26 
  35    0.2667851  5.52373e+26 
  36    0.2726269  5.31416e+26 
  37    0.2785967  5.09175e+26 
  38    0.2846972  4.88036e+26 
  39    0.2909312  4.67191e+26 
  40    0.2973018  4.45867e+26 
  41    0.3038118  4.25989e+26 
  42    0.3104645  4.07995e+26 
  43    0.3172627  3.88985e+26 
  44    0.3242099  3.72124e+26 
  45    0.3313092  3.53919e+26 
  46    0.3385639  3.37825e+26 
  47    0.3459775  3.24428e+26 
  48    0.3535534  3.10735e+26 
  49    0.3612952  2.96695e+26 
  50    0.3692065  2.82614e+26 
  51    0.3772911  2.70128e+26 
  52    0.3855527  2.57105e+26 
  53    0.3939952  2.44524e+26 
  54    0.4026226  2.33124e+26 
  55    0.4114389  2.21807e+26 
  56    0.4204482  2.10917e+26 
  57    0.4296548  2.01396e+26 
  58    0.4390630  1.91253e+26 
  59    0.4486773  1.81658e+26 
  60    0.4585020  1.73451e+26 
  61    0.4685419  1.66095e+26 
  62    0.4788016  1.58752e+26 
  63    0.4892860  1.50840e+26 
  64    0.5000000  1.44101e+26 
  65    0.5109486  1.37793e+26 
  66    0.5221369  1.31880e+26 
  67    0.5335702  1.26184e+26 
  68    0.5452539  1.20682e+26 
  69    0.5571934  1.15132e+26 
  70    0.5693943  1.10716e+26 
  71    0.5818624  1.06250e+26 
  72    0.5946036  1.01341e+26 
  73    0.6076237  9.66183e+25 
  74    0.6209289  9.23285e+25 
  75    0.6345255  8.83700e+25 
  76    0.6484198  8.43903e+25 
  77    0.6626183  8.02376e+25 
  78    0.6771278  7.61812e+25 
  79    0.6919549  7.27688e+25 
  80    0.7071068  6.96054e+25 
  81    0.7225904  6.62086e+25 
  82    0.7384131  6.30802e+25 
  83    0.7545822  6.01526e+25 
  84    0.7711054  5.74118e+25 
  85    0.7879904  5.44360e+25 
  86    0.8052452  5.16942e+25 
  87    0.8228777  4.91678e+25 
  88    0.8408964  4.67798e+25 
  89    0.8593096  4.47433e+25 
  90    0.8781261  4.25425e+25 
  91    0.8973545  4.01918e+25 
  92    0.9170040  3.80461e+25 
  93    0.9370838  3.60764e+25 
  94    0.9576033  3.42597e+25 
  95    0.9785721  3.24420e+25 
  96    1.0000000  3.08792e+25 
  97    1.0218971  2.93976e+25 
  98    1.0442738  2.81592e+25 
  99    1.0671404  2.68348e+25 
 100    1.0905077  2.56738e+25 
 101    1.1143867  2.45027e+25 
 102    1.1387886  2.34189e+25 
 103    1.1637249  2.24737e+25 
 104    1.1892071  2.15513e+25 
 105    1.2152474  2.06415e+25 
 106    1.2418578  1.96268e+25 
 107    1.2690510  1.88001e+25 
 108    1.2968396  1.78762e+25 
 109    1.3252366  1.69884e+25 
 110    1.3542555  1.61737e+25 
 111    1.3839099  1.56183e+25 
 112    1.4142136  1.49461e+25 
 113    1.4451808  1.44433e+25 
 114    1.4768261  1.40501e+25 
 115    1.5091644  1.36660e+25 
 116    1.5422108  1.34302e+25 
 117    1.5759808  1.33605e+25 
 118    1.6104903  1.33637e+25 
 119    1.6457555  1.33862e+25 
 120    1.6817928  1.35617e+25 
 121    1.7186193  1.38318e+25 
 122    1.7562522  1.40983e+25 
 123    1.7947091  1.43854e+25 
 124    1.8340081  1.47216e+25 
 125    1.8741676  1.50794e+25 
 126    1.9152066  1.54059e+25 
 127    1.9571441  1.57553e+25 
 128    2.0000000  1.61302e+25 
 129    2.0437943  1.64841e+25 
 130    2.0885476  1.68729e+25 
 131    2.1342808  1.72317e+25 
 132    2.1810155  1.75174e+25 
 133    2.2287735  1.77843e+25 
 134    2.2775773  1.80645e+25 
 135    2.3274497  1.82481e+25 
 136    2.3784142  1.83785e+25 
 137    2.4304947  1.84858e+25 
 138    2.4837156  1.85846e+25 
 139    2.5381019  1.87030e+25 
 140    2.5936791  1.87151e+25 
 141    2.6504733  1.86834e+25 
 142    2.7085111  1.85335e+25 
 143    2.7678198  1.83869e+25 
 144    2.8284271  1.82120e+25 
 145    2.8903616  1.80514e+25 
 146    2.9536523  1.77441e+25 
 147    3.0183289  1.75453e+25 
 148    3.0844217  1.73293e+25 
 149    3.1519617  1.70629e+25 
 150    3.2209807  1.67634e+25 
 151    3.2915110  1.64199e+25 
 152    3.3635857  1.61282e+25 
 153    3.4372386  1.58234e+25 
 154    3.5125043  1.55160e+25 
 155    3.5894182  1.52342e+25 
 156    3.6680162  1.49417e+25 
 157    3.7483353  1.46461e+25 
 158    3.8304131  1.44031e+25 
 159    3.9142882  1.41270e+25 
 160    4.0000000  1.38430e+25 
 161    4.0875886  1.36074e+25 
 162    4.1770951  1.33813e+25 
 163    4.2685616  1.31643e+25 
 164    4.3620309  1.29000e+25 
 165    4.4575470  1.26947e+25 
 166    4.5551545  1.24946e+25 
 167    4.6548994  1.22955e+25 
 168    4.7568285  1.21036e+25 
 169    4.8609894  1.18999e+25 
 170    4.9674312  1.16976e+25 
 171    5.0762038  1.15035e+25 
 172    5.1873582  1.13270e+25 
 173    5.3009466  1.11789e+25 
 174    5.4170222  1.10280e+25 
 175    5.5356395  1.09277e+25 
 176    5.6568542  1.08384e+25 
 177    5.7807232  1.07455e+25 
 178    5.9073046  1.06828e+25 
 179    6.0366577  1.06276e+25 
 180    6.1688433  1.05856e+25 
 181    6.3039234  1.05632e+25 
 182    6.4419613  1.05154e+25 
 183    6.5830219  1.04379e+25 
 184    6.7271713  1.03739e+25 
 185    6.8744772  1.03239e+25 
 186    7.0250086  1.02490e+25 
 187    7.1788363  1.01596e+25 
 188    7.3360323  1.00635e+25 
 189    7.4966705  9.93511e+24 


# S-band (filter: Spitzer_IRAC2.dat)
   0    0.1250000  1.88663e+26 
   1    0.1277371  1.84993e+26 
   2    0.1305342  1.81244e+26 
   3    0.1333926  1.77412e+26 
   4    0.1363135  1.76143e+26 
   5    0.1392983  1.73855e+26 
   6    0.1423486  1.69579e+26 
   7    0.1454656  1.66374e+26 
   8    0.1486509  1.64472e+26 
   9    0.1519059  1.61235e+26 
  10    0.1552322  1.57723e+26 
  11    0.1586314  1.56920e+26 
  12    0.1621049  1.54853e+26 
  13    0.1656546  1.48317e+26 
  14    0.1692819  1.44653e+26 
  15    0.1729887  1.39348e+26 
  16    0.1767767  1.33103e+26 
  17    0.1806476  1.27341e+26 
  18    0.1846033  1.21145e+26 
  19    0.1886456  1.16604e+26 
  20    0.1927764  1.11844e+26 
  21    0.1969976  1.06266e+26 
  22    0.2013113  1.02202e+26 
  23    0.2057194  9.43867e+25 
  24    0.2102241  9.09635e+25 
  25    0.2148274  8.65838e+25 
  26    0.2195315  8.21236e+25 
  27    0.2243386  7.83243e+25 
  28    0.2292510  7.45191e+25 
  29    0.2342710  7.01120e+25 
  30    0.2394008  6.69603e+25 
  31    0.2446430  6.30147e+25 
  32    0.2500000  5.91172e+25 
  33    0.2554743  5.59580e+25 
  34    0.2610684  5.17259e+25 
  35    0.2667851  4.92190e+25 
  36    0.2726269  4.61420e+25 
  37    0.2785967  4.36444e+25 
  38    0.2846972  4.12486e+25 
  39    0.2909312  3.89808e+25 
  40    0.2973018  3.59796e+25 
  41    0.3038118  3.38361e+25 
  42    0.3104645  3.15304e+25 
  43    0.3172627  2.97789e+25 
  44    0.3242099  2.87331e+25 
  45    0.3313092  2.64908e+25 
  46    0.3385639  2.52298e+25 
  47    0.3459775  2.38019e+25 
  48    0.3535534  2.19759e+25 
  49    0.3612952  2.04559e+25 
  50    0.3692065  1.91476e+25 
  51    0.3772911  1.79015e+25 
  52    0.3855527  1.68305e+25 
  53    0.3939952  1.60867e+25 
  54    0.4026226  1.52424e+25 
  55    0.4114389  1.43782e+25 
  56    0.4204482  1.31114e+25 
  57    0.4296548  1.22900e+25 
  58    0.4390630  1.08372e+25 
  59    0.4486773  1.00646e+25 
  60    0.4585020  9.50569e+24 
  61    0.4685419  8.68337e+24 
  62    0.4788016  7.88871e+24 
  63    0.4892860  7.18126e+24 
  64    0.5000000  6.54409e+24 
  65    0.5109486  5.75647e+24 
  66    0.5221369  4.90841e+24 
  67    0.5335702  4.21955e+24 
  68    0.5452539  3.65972e+24 
  69    0.5571934  3.25956e+24 
  70    0.5693943  3.02800e+24 
  71    0.5818624  2.58594e+24 
  72    0.5946036  2.18475e+24 
  73    0.6076237  1.90635e+24 
  74    0.6209289  1.62325e+24 
  75    0.6345255  1.37122e+24 
  76    0.6484198  1.19321e+24 
  77    0.6626183  1.07032e+24 
  78    0.6771278  9.52241e+23 
  79    0.6919549  8.60114e+23 
  80    0.7071068  7.91425e+23 
  81    0.7225904  6.71746e+23 
  82    0.7384131  6.09521e+23 
  83    0.7545822  5.52282e+23 
  84    0.7711054  4.91345e+23 
  85    0.7879904  4.38280e+23 
  86    0.8052452  4.27982e+23 
  87    0.8228777  3.86613e+23 
  88    0.8408964  3.65702e+23 
  89    0.8593096  3.38022e+23 
  90    0.8781261  3.19384e+23 
  91    0.8973545  3.15053e+23 
  92    0.9170040  3.11987e+23 
  93    0.9370838  2.94590e+23 
  94    0.9576033  2.74059e+23 
  95    0.9785721  2.73393e+23 
  96    1.0000000  2.63433e+23 
  97    1.0218971  2.58487e+23 
  98    1.0442738  2.33973e+23 
  99    1.0671404  2.14895e+23 
 100    1.0905077  2.11690e+23 
 101    1.1143867  2.33669e+23 
 102    1.1387886  2.18161e+23 
 103    1.1637249  2.10927e+23 
 104    1.1892071  1.96744e+23 
 105    1.2152474  1.97216e+23 
 106    1.2418578  1.96325e+23 
 107    1.2690510  1.93035e+23 
 108    1.2968396  1.95938e+23 
 109    1.3252366  1.87310e+23 
 110    1.3542555  2.04125e+23 
 111    1.3839099  2.08986e+23 
 112    1.4142136  2.03886e+23 
 113    1.4451808  1.81651e+23 
 114    1.4768261  1.83489e+23 
 115    1.5091644  1.88856e+23 
 116    1.5422108  1.98261e+23 
 117    1.5759808  2.03552e+23 
 118    1.6104903  2.04400e+23 
 119    1.6457555  2.04698e+23 
 120    1.6817928  1.97083e+23 
 121    1.7186193  2.06021e+23 
 122    1.7562522  2.00659e+23 
 123    1.7947091  2.09360e+23 
 124    1.8340081  2.07378e+23 
 125    1.8741676  2.18718e+23 
 126    1.9152066  2.13931e+23 
 127    1.9571441  2.12397e+23 
 128    2.0000000  2.13284e+23 
 129    2.0437943  2.09556e+23 
 130    2.0885476  2.12035e+23 
 131    2.1342808  2.11349e+23 
 132    2.1810155  2.17737e+23 
 133    2.2287735  2.26279e+23 
 134    2.2775773  2.27168e+23 
 135    2.3274497  2.25411e+23 
 136    2.3784142  2.38498e+23 
 137    2.4304947  2.40805e+23 
 138    2.4837156  2.50325e+23 
 139    2.5381019  2.45719e+23 
 140    2.5936791  2.49826e+23 
 141    2.6504733  2.52510e+23 
 142    2.7085111  2.56366e+23 
 143    2.7678198  2.60505e+23 
 144    2.8284271  2.62048e+23 
 145    2.8903616  2.59686e+23 
 146    2.9536523  2.60281e+23 
 147    3.0183289  2.56018e+23 
 148    3.0844217  2.48547e+23 
 149    3.1519617  2.45202e+23 
 150    3.2209807  2.47891e+23 
 151    3.2915110  2.53674e+23 
 152    3.3635857  2.53220e+23 
 153    3.4372386  2.57978e+23 
 154    3.5125043  2.58128e+23 
 155    3.5894182  2.56748e+23 
 156    3.6680162  2.58263e+23 
 157    3.7483353  2.59013e+23 
 158    3.8304131  2.64452e+23 
 159    3.9142882  2.67945e+23 
 160    4.0000000  2.71956e+23 
 161    4.0875886  2.70449e+23 
 162    4.1770951  2.67974e+23 
 163    4.2685616  2.68918e+23 
 164    4.3620309  2.72074e+23 
 165    4.4575470  2.72290e+23 
 166    4.5551545  2.75053e+23 
 167    4.6548994  2.81735e+23 
 168    4.7568285  2.86886e+23 
 169    4.8609894  2.90149e+23 
 170    4.9674312  2.89735e+23 
 171    5.0762038  2.92164e+23 
 172    5.1873582  2.94538e+23 
 173    5.3009466  2.97425e+23 
 174    5.4170222  2.99070e+23 
 175    5.5356395  3.02686e+23 
 176    5.6568542  2.98957e+23 
 177    5.7807232  2.98606e+23 
 178    5.9073046  2.97336e+23 
 179    6.0366577  2.93557e+23 
 180    6.1688433  2.90647e+23 
 181    6.3039234  2.87023e+23 
 182    6.4419613  2.85585e+23 
 183    6.5830219  2.80239e+23 
 184    6.7271713  2.75096e+23 
 185    6.8744772  2.73623e+23 
 186    7.0250086  2.68374e+23 
 187    7.1788363  2.62989e+23 
 188    7.3360323  2.58746e+23 
 189    7.4966705  2.52982e+23 


