# 1:iteration 2:time bin[s] 3-k:equiv. isotropic luminosity in k-th angular bin [erg/s]
# bolometric luminosity going in angular bin
   0    0.1250000  1.45305e+41 
   1    0.1277371  1.48230e+41 
   2    0.1305342  1.51219e+41 
   3    0.1333926  1.54273e+41 
   4    0.1363135  1.54290e+41 
   5    0.1392983  1.54533e+41 
   6    0.1423486  1.54342e+41 
   7    0.1454656  1.54200e+41 
   8    0.1486509  1.52849e+41 
   9    0.1519059  1.52278e+41 
  10    0.1552322  1.51452e+41 
  11    0.1586314  1.49765e+41 
  12    0.1621049  1.48573e+41 
  13    0.1656546  1.47290e+41 
  14    0.1692819  1.47273e+41 
  15    0.1729887  1.48751e+41 
  16    0.1767767  1.50411e+41 
  17    0.1806476  1.52230e+41 
  18    0.1846033  1.54334e+41 
  19    0.1886456  1.56750e+41 
  20    0.1927764  1.59578e+41 
  21    0.1969976  1.62529e+41 
  22    0.2013113  1.66265e+41 
  23    0.2057194  1.69967e+41 
  24    0.2102241  1.73757e+41 
  25    0.2148274  1.75376e+41 
  26    0.2195315  1.75163e+41 
  27    0.2243386  1.74985e+41 
  28    0.2292510  1.72591e+41 
  29    0.2342710  1.71023e+41 
  30    0.2394008  1.68876e+41 
  31    0.2446430  1.67944e+41 
  32    0.2500000  1.67510e+41 
  33    0.2554743  1.65837e+41 
  34    0.2610684  1.65921e+41 
  35    0.2667851  1.66179e+41 
  36    0.2726269  1.67001e+41 
  37    0.2785967  1.70094e+41 
  38    0.2846972  1.74273e+41 
  39    0.2909312  1.79593e+41 
  40    0.2973018  1.85424e+41 
  41    0.3038118  1.89802e+41 
  42    0.3104645  1.92374e+41 
  43    0.3172627  1.94996e+41 
  44    0.3242099  1.95625e+41 
  45    0.3313092  1.96917e+41 
  46    0.3385639  1.97638e+41 
  47    0.3459775  1.99786e+41 
  48    0.3535534  2.02541e+41 
  49    0.3612952  2.04282e+41 
  50    0.3692065  2.08113e+41 
  51    0.3772911  2.12110e+41 
  52    0.3855527  2.17118e+41 
  53    0.3939952  2.23239e+41 
  54    0.4026226  2.30817e+41 
  55    0.4114389  2.40096e+41 
  56    0.4204482  2.50071e+41 
  57    0.4296548  2.60718e+41 
  58    0.4390630  2.72365e+41 
  59    0.4486773  2.84306e+41 
  60    0.4585020  2.97248e+41 
  61    0.4685419  3.10653e+41 
  62    0.4788016  3.24620e+41 
  63    0.4892860  3.39635e+41 
  64    0.5000000  3.55150e+41 
  65    0.5109486  3.71403e+41 
  66    0.5221369  3.88213e+41 
  67    0.5335702  4.05694e+41 
  68    0.5452539  4.23797e+41 
  69    0.5571934  4.41988e+41 
  70    0.5693943  4.59996e+41 
  71    0.5818624  4.78081e+41 
  72    0.5946036  4.96017e+41 
  73    0.6076237  5.14447e+41 
  74    0.6209289  5.33010e+41 
  75    0.6345255  5.51866e+41 
  76    0.6484198  5.70466e+41 
  77    0.6626183  5.88716e+41 
  78    0.6771278  6.05303e+41 
  79    0.6919549  6.20841e+41 
  80    0.7071068  6.35774e+41 
  81    0.7225904  6.50310e+41 
  82    0.7384131  6.62439e+41 
  83    0.7545822  6.72983e+41 
  84    0.7711054  6.82170e+41 
  85    0.7879904  6.88405e+41 
  86    0.8052452  6.91905e+41 
  87    0.8228777  6.93448e+41 
  88    0.8408964  6.92114e+41 
  89    0.8593096  6.89292e+41 
  90    0.8781261  6.84729e+41 
  91    0.8973545  6.78787e+41 
  92    0.9170040  6.71615e+41 
  93    0.9370838  6.63160e+41 
  94    0.9576033  6.55221e+41 
  95    0.9785721  6.47079e+41 
  96    1.0000000  6.38242e+41 
  97    1.0218971  6.29890e+41 
  98    1.0442738  6.21304e+41 
  99    1.0671404  6.13035e+41 
 100    1.0905077  6.04256e+41 
 101    1.1143867  5.95048e+41 
 102    1.1387886  5.85761e+41 
 103    1.1637249  5.76373e+41 
 104    1.1892071  5.65875e+41 
 105    1.2152474  5.54936e+41 
 106    1.2418578  5.42969e+41 
 107    1.2690510  5.29979e+41 
 108    1.2968396  5.16908e+41 
 109    1.3252366  5.03253e+41 
 110    1.3542555  4.89807e+41 
 111    1.3839099  4.76534e+41 
 112    1.4142136  4.63012e+41 
 113    1.4451808  4.50569e+41 
 114    1.4768261  4.38456e+41 
 115    1.5091644  4.26503e+41 
 116    1.5422108  4.15353e+41 
 117    1.5759808  4.04270e+41 
 118    1.6104903  3.93848e+41 
 119    1.6457555  3.83701e+41 
 120    1.6817928  3.73397e+41 
 121    1.7186193  3.63219e+41 
 122    1.7562522  3.52675e+41 
 123    1.7947091  3.41818e+41 
 124    1.8340081  3.30573e+41 
 125    1.8741676  3.18906e+41 
 126    1.9152066  3.06715e+41 
 127    1.9571441  2.94204e+41 
 128    2.0000000  2.81278e+41 
 129    2.0437943  2.68265e+41 
 130    2.0885476  2.55177e+41 
 131    2.1342808  2.41813e+41 
 132    2.1810155  2.28934e+41 
 133    2.2287735  2.16259e+41 
 134    2.2775773  2.03587e+41 
 135    2.3274497  1.91720e+41 
 136    2.3784142  1.80354e+41 
 137    2.4304947  1.69309e+41 
 138    2.4837156  1.59253e+41 
 139    2.5381019  1.49850e+41 
 140    2.5936791  1.40895e+41 
 141    2.6504733  1.32988e+41 
 142    2.7085111  1.25705e+41 
 143    2.7678198  1.18856e+41 
 144    2.8284271  1.12844e+41 
 145    2.8903616  1.07399e+41 
 146    2.9536523  1.02459e+41 
 147    3.0183289  9.80030e+40 
 148    3.0844217  9.40494e+40 
 149    3.1519617  9.04660e+40 
 150    3.2209807  8.72202e+40 
 151    3.2915110  8.42612e+40 
 152    3.3635857  8.14909e+40 
 153    3.4372386  7.89157e+40 
 154    3.5125043  7.64749e+40 
 155    3.5894182  7.41296e+40 
 156    3.6680162  7.18823e+40 
 157    3.7483353  6.96869e+40 
 158    3.8304131  6.75340e+40 
 159    3.9142882  6.53927e+40 
 160    4.0000000  6.32772e+40 
 161    4.0875886  6.11678e+40 
 162    4.1770951  5.90410e+40 
 163    4.2685616  5.69494e+40 
 164    4.3620309  5.48840e+40 
 165    4.4575470  5.28161e+40 
 166    4.5551545  5.08168e+40 
 167    4.6548994  4.88653e+40 
 168    4.7568285  4.69173e+40 
 169    4.8609894  4.50618e+40 
 170    4.9674312  4.32466e+40 
 171    5.0762038  4.14736e+40 
 172    5.1873582  3.97431e+40 
 173    5.3009466  3.81138e+40 
 174    5.4170222  3.65314e+40 
 175    5.5356395  3.49873e+40 
 176    5.6568542  3.35123e+40 
 177    5.7807232  3.20869e+40 
 178    5.9073046  3.07034e+40 
 179    6.0366577  2.94011e+40 
 180    6.1688433  2.81375e+40 
 181    6.3039234  2.69072e+40 
 182    6.4419613  2.57611e+40 
 183    6.5830219  2.46646e+40 
 184    6.7271713  2.35921e+40 
 185    6.8744772  2.25895e+40 
 186    7.0250086  2.15840e+40 
 187    7.1788363  2.05989e+40 
 188    7.3360323  1.96392e+40 
 189    7.4966705  1.87236e+40 


# g-band (filter: g_LSST.dat)
   0    0.1250000  1.48599e+26 
   1    0.1277371  1.49004e+26 
   2    0.1305342  1.49418e+26 
   3    0.1333926  1.49840e+26 
   4    0.1363135  1.49857e+26 
   5    0.1392983  1.49824e+26 
   6    0.1423486  1.49379e+26 
   7    0.1454656  1.48819e+26 
   8    0.1486509  1.47875e+26 
   9    0.1519059  1.46811e+26 
  10    0.1552322  1.45309e+26 
  11    0.1586314  1.43716e+26 
  12    0.1621049  1.41757e+26 
  13    0.1656546  1.39768e+26 
  14    0.1692819  1.37756e+26 
  15    0.1729887  1.35906e+26 
  16    0.1767767  1.34132e+26 
  17    0.1806476  1.32547e+26 
  18    0.1846033  1.31358e+26 
  19    0.1886456  1.30986e+26 
  20    0.1927764  1.31972e+26 
  21    0.1969976  1.32904e+26 
  22    0.2013113  1.35740e+26 
  23    0.2057194  1.38639e+26 
  24    0.2102241  1.41945e+26 
  25    0.2148274  1.42122e+26 
  26    0.2195315  1.41033e+26 
  27    0.2243386  1.41415e+26 
  28    0.2292510  1.41100e+26 
  29    0.2342710  1.41937e+26 
  30    0.2394008  1.41979e+26 
  31    0.2446430  1.44063e+26 
  32    0.2500000  1.46063e+26 
  33    0.2554743  1.47270e+26 
  34    0.2610684  1.50240e+26 
  35    0.2667851  1.54273e+26 
  36    0.2726269  1.59885e+26 
  37    0.2785967  1.68984e+26 
  38    0.2846972  1.80280e+26 
  39    0.2909312  1.92843e+26 
  40    0.2973018  2.05719e+26 
  41    0.3038118  2.16175e+26 
  42    0.3104645  2.22263e+26 
  43    0.3172627  2.29006e+26 
  44    0.3242099  2.32120e+26 
  45    0.3313092  2.38060e+26 
  46    0.3385639  2.43211e+26 
  47    0.3459775  2.51780e+26 
  48    0.3535534  2.61636e+26 
  49    0.3612952  2.68978e+26 
  50    0.3692065  2.81623e+26 
  51    0.3772911  2.94328e+26 
  52    0.3855527  3.09863e+26 
  53    0.3939952  3.28363e+26 
  54    0.4026226  3.50931e+26 
  55    0.4114389  3.77416e+26 
  56    0.4204482  4.06634e+26 
  57    0.4296548  4.37781e+26 
  58    0.4390630  4.71574e+26 
  59    0.4486773  5.06886e+26 
  60    0.4585020  5.45290e+26 
  61    0.4685419  5.85900e+26 
  62    0.4788016  6.28697e+26 
  63    0.4892860  6.74364e+26 
  64    0.5000000  7.21501e+26 
  65    0.5109486  7.70979e+26 
  66    0.5221369  8.22506e+26 
  67    0.5335702  8.75395e+26 
  68    0.5452539  9.29113e+26 
  69    0.5571934  9.81449e+26 
  70    0.5693943  1.03173e+27 
  71    0.5818624  1.08210e+27 
  72    0.5946036  1.12962e+27 
  73    0.6076237  1.17758e+27 
  74    0.6209289  1.22471e+27 
  75    0.6345255  1.27109e+27 
  76    0.6484198  1.31503e+27 
  77    0.6626183  1.35581e+27 
  78    0.6771278  1.38995e+27 
  79    0.6919549  1.42035e+27 
  80    0.7071068  1.44807e+27 
  81    0.7225904  1.47431e+27 
  82    0.7384131  1.49381e+27 
  83    0.7545822  1.50911e+27 
  84    0.7711054  1.51988e+27 
  85    0.7879904  1.52419e+27 
  86    0.8052452  1.52176e+27 
  87    0.8228777  1.51449e+27 
  88    0.8408964  1.50189e+27 
  89    0.8593096  1.48723e+27 
  90    0.8781261  1.46909e+27 
  91    0.8973545  1.45010e+27 
  92    0.9170040  1.42902e+27 
  93    0.9370838  1.40589e+27 
  94    0.9576033  1.38528e+27 
  95    0.9785721  1.36572e+27 
  96    1.0000000  1.34563e+27 
  97    1.0218971  1.32824e+27 
  98    1.0442738  1.31161e+27 
  99    1.0671404  1.29678e+27 
 100    1.0905077  1.28294e+27 
 101    1.1143867  1.26951e+27 
 102    1.1387886  1.25697e+27 
 103    1.1637249  1.24544e+27 
 104    1.1892071  1.23396e+27 
 105    1.2152474  1.22246e+27 
 106    1.2418578  1.21062e+27 
 107    1.2690510  1.19844e+27 
 108    1.2968396  1.18615e+27 
 109    1.3252366  1.17354e+27 
 110    1.3542555  1.16105e+27 
 111    1.3839099  1.14863e+27 
 112    1.4142136  1.13598e+27 
 113    1.4451808  1.12358e+27 
 114    1.4768261  1.11120e+27 
 115    1.5091644  1.09852e+27 
 116    1.5422108  1.08551e+27 
 117    1.5759808  1.07180e+27 
 118    1.6104903  1.05772e+27 
 119    1.6457555  1.04224e+27 
 120    1.6817928  1.02504e+27 
 121    1.7186193  1.00717e+27 
 122    1.7562522  9.86370e+26 
 123    1.7947091  9.63400e+26 
 124    1.8340081  9.38337e+26 
 125    1.8741676  9.11303e+26 
 126    1.9152066  8.81472e+26 
 127    1.9571441  8.49709e+26 
 128    2.0000000  8.15836e+26 
 129    2.0437943  7.80415e+26 
 130    2.0885476  7.43919e+26 
 131    2.1342808  7.05838e+26 
 132    2.1810155  6.68309e+26 
 133    2.2287735  6.30560e+26 
 134    2.2775773  5.92180e+26 
 135    2.3274497  5.55246e+26 
 136    2.3784142  5.19363e+26 
 137    2.4304947  4.83878e+26 
 138    2.4837156  4.50756e+26 
 139    2.5381019  4.19321e+26 
 140    2.5936791  3.88895e+26 
 141    2.6504733  3.61653e+26 
 142    2.7085111  3.36218e+26 
 143    2.7678198  3.11867e+26 
 144    2.8284271  2.90379e+26 
 145    2.8903616  2.70665e+26 
 146    2.9536523  2.52698e+26 
 147    3.0183289  2.36414e+26 
 148    3.0844217  2.22048e+26 
 149    3.1519617  2.09181e+26 
 150    3.2209807  1.97560e+26 
 151    3.2915110  1.87219e+26 
 152    3.3635857  1.77724e+26 
 153    3.4372386  1.69107e+26 
 154    3.5125043  1.61306e+26 
 155    3.5894182  1.53969e+26 
 156    3.6680162  1.47190e+26 
 157    3.7483353  1.40873e+26 
 158    3.8304131  1.34894e+26 
 159    3.9142882  1.29136e+26 
 160    4.0000000  1.23676e+26 
 161    4.0875886  1.18356e+26 
 162    4.1770951  1.13172e+26 
 163    4.2685616  1.08238e+26 
 164    4.3620309  1.03488e+26 
 165    4.4575470  9.88207e+25 
 166    4.5551545  9.43955e+25 
 167    4.6548994  9.01694e+25 
 168    4.7568285  8.60498e+25 
 169    4.8609894  8.22163e+25 
 170    4.9674312  7.85190e+25 
 171    5.0762038  7.49582e+25 
 172    5.1873582  7.15111e+25 
 173    5.3009466  6.83454e+25 
 174    5.4170222  6.52775e+25 
 175    5.5356395  6.22988e+25 
 176    5.6568542  5.94300e+25 
 177    5.7807232  5.66408e+25 
 178    5.9073046  5.39698e+25 
 179    6.0366577  5.14859e+25 
 180    6.1688433  4.90526e+25 
 181    6.3039234  4.66613e+25 
 182    6.4419613  4.44786e+25 
 183    6.5830219  4.23968e+25 
 184    6.7271713  4.03677e+25 
 185    6.8744772  3.84803e+25 
 186    7.0250086  3.66014e+25 
 187    7.1788363  3.47915e+25 
 188    7.3360323  3.30588e+25 
 189    7.4966705  3.14276e+25 


# r-band (filter: r_LSST.dat)
   0    0.1250000  2.00833e+26 
   1    0.1277371  2.03809e+26 
   2    0.1305342  2.06851e+26 
   3    0.1333926  2.09958e+26 
   4    0.1363135  2.11518e+26 
   5    0.1392983  2.12611e+26 
   6    0.1423486  2.13564e+26 
   7    0.1454656  2.14375e+26 
   8    0.1486509  2.13788e+26 
   9    0.1519059  2.14357e+26 
  10    0.1552322  2.14703e+26 
  11    0.1586314  2.14565e+26 
  12    0.1621049  2.15027e+26 
  13    0.1656546  2.17447e+26 
  14    0.1692819  2.21717e+26 
  15    0.1729887  2.26591e+26 
  16    0.1767767  2.32794e+26 
  17    0.1806476  2.39505e+26 
  18    0.1846033  2.47451e+26 
  19    0.1886456  2.58218e+26 
  20    0.1927764  2.70262e+26 
  21    0.1969976  2.83767e+26 
  22    0.2013113  2.99256e+26 
  23    0.2057194  3.14837e+26 
  24    0.2102241  3.30014e+26 
  25    0.2148274  3.32682e+26 
  26    0.2195315  3.30168e+26 
  27    0.2243386  3.30815e+26 
  28    0.2292510  3.28646e+26 
  29    0.2342710  3.30082e+26 
  30    0.2394008  3.28186e+26 
  31    0.2446430  3.32595e+26 
  32    0.2500000  3.39414e+26 
  33    0.2554743  3.42223e+26 
  34    0.2610684  3.52319e+26 
  35    0.2667851  3.62961e+26 
  36    0.2726269  3.77507e+26 
  37    0.2785967  4.02336e+26 
  38    0.2846972  4.29735e+26 
  39    0.2909312  4.55521e+26 
  40    0.2973018  4.81170e+26 
  41    0.3038118  4.95796e+26 
  42    0.3104645  5.01699e+26 
  43    0.3172627  5.06947e+26 
  44    0.3242099  5.05629e+26 
  45    0.3313092  5.10273e+26 
  46    0.3385639  5.10350e+26 
  47    0.3459775  5.20500e+26 
  48    0.3535534  5.30818e+26 
  49    0.3612952  5.37296e+26 
  50    0.3692065  5.50268e+26 
  51    0.3772911  5.63294e+26 
  52    0.3855527  5.83283e+26 
  53    0.3939952  6.04305e+26 
  54    0.4026226  6.30264e+26 
  55    0.4114389  6.61674e+26 
  56    0.4204482  6.90602e+26 
  57    0.4296548  7.17107e+26 
  58    0.4390630  7.41816e+26 
  59    0.4486773  7.64372e+26 
  60    0.4585020  7.85580e+26 
  61    0.4685419  8.05243e+26 
  62    0.4788016  8.22996e+26 
  63    0.4892860  8.40266e+26 
  64    0.5000000  8.56890e+26 
  65    0.5109486  8.72463e+26 
  66    0.5221369  8.87160e+26 
  67    0.5335702  9.00990e+26 
  68    0.5452539  9.15046e+26 
  69    0.5571934  9.28478e+26 
  70    0.5693943  9.40572e+26 
  71    0.5818624  9.51913e+26 
  72    0.5946036  9.63116e+26 
  73    0.6076237  9.75132e+26 
  74    0.6209289  9.86986e+26 
  75    0.6345255  9.99591e+26 
  76    0.6484198  1.00990e+27 
  77    0.6626183  1.02000e+27 
  78    0.6771278  1.02775e+27 
  79    0.6919549  1.03383e+27 
  80    0.7071068  1.03945e+27 
  81    0.7225904  1.04395e+27 
  82    0.7384131  1.04523e+27 
  83    0.7545822  1.04412e+27 
  84    0.7711054  1.04051e+27 
  85    0.7879904  1.03363e+27 
  86    0.8052452  1.02298e+27 
  87    0.8228777  1.01054e+27 
  88    0.8408964  9.96061e+26 
  89    0.8593096  9.81215e+26 
  90    0.8781261  9.64216e+26 
  91    0.8973545  9.48259e+26 
  92    0.9170040  9.31166e+26 
  93    0.9370838  9.13875e+26 
  94    0.9576033  8.99371e+26 
  95    0.9785721  8.85955e+26 
  96    1.0000000  8.73119e+26 
  97    1.0218971  8.61889e+26 
  98    1.0442738  8.51317e+26 
  99    1.0671404  8.41830e+26 
 100    1.0905077  8.32081e+26 
 101    1.1143867  8.22164e+26 
 102    1.1387886  8.12747e+26 
 103    1.1637249  8.03327e+26 
 104    1.1892071  7.93432e+26 
 105    1.2152474  7.83341e+26 
 106    1.2418578  7.72177e+26 
 107    1.2690510  7.61537e+26 
 108    1.2968396  7.50519e+26 
 109    1.3252366  7.39380e+26 
 110    1.3542555  7.29482e+26 
 111    1.3839099  7.20257e+26 
 112    1.4142136  7.11285e+26 
 113    1.4451808  7.03798e+26 
 114    1.4768261  6.97034e+26 
 115    1.5091644  6.91031e+26 
 116    1.5422108  6.85727e+26 
 117    1.5759808  6.80409e+26 
 118    1.6104903  6.75556e+26 
 119    1.6457555  6.69522e+26 
 120    1.6817928  6.62797e+26 
 121    1.7186193  6.55599e+26 
 122    1.7562522  6.45737e+26 
 123    1.7947091  6.34079e+26 
 124    1.8340081  6.20656e+26 
 125    1.8741676  6.05560e+26 
 126    1.9152066  5.87638e+26 
 127    1.9571441  5.67845e+26 
 128    2.0000000  5.46189e+26 
 129    2.0437943  5.23228e+26 
 130    2.0885476  4.99082e+26 
 131    2.1342808  4.73565e+26 
 132    2.1810155  4.48369e+26 
 133    2.2287735  4.23448e+26 
 134    2.2775773  3.97951e+26 
 135    2.3274497  3.74289e+26 
 136    2.3784142  3.51722e+26 
 137    2.4304947  3.29786e+26 
 138    2.4837156  3.10252e+26 
 139    2.5381019  2.92226e+26 
 140    2.5936791  2.75242e+26 
 141    2.6504733  2.60524e+26 
 142    2.7085111  2.47194e+26 
 143    2.7678198  2.35016e+26 
 144    2.8284271  2.24433e+26 
 145    2.8903616  2.14938e+26 
 146    2.9536523  2.06445e+26 
 147    3.0183289  1.98837e+26 
 148    3.0844217  1.91968e+26 
 149    3.1519617  1.85623e+26 
 150    3.2209807  1.79800e+26 
 151    3.2915110  1.74306e+26 
 152    3.3635857  1.68994e+26 
 153    3.4372386  1.63878e+26 
 154    3.5125043  1.58801e+26 
 155    3.5894182  1.53812e+26 
 156    3.6680162  1.48835e+26 
 157    3.7483353  1.43801e+26 
 158    3.8304131  1.38780e+26 
 159    3.9142882  1.33685e+26 
 160    4.0000000  1.28648e+26 
 161    4.0875886  1.23613e+26 
 162    4.1770951  1.18497e+26 
 163    4.2685616  1.13517e+26 
 164    4.3620309  1.08647e+26 
 165    4.4575470  1.03829e+26 
 166    4.5551545  9.93572e+25 
 167    4.6548994  9.50539e+25 
 168    4.7568285  9.08138e+25 
 169    4.8609894  8.69051e+25 
 170    4.9674312  8.31350e+25 
 171    5.0762038  7.95060e+25 
 172    5.1873582  7.60655e+25 
 173    5.3009466  7.28384e+25 
 174    5.4170222  6.97525e+25 
 175    5.5356395  6.67987e+25 
 176    5.6568542  6.40093e+25 
 177    5.7807232  6.13430e+25 
 178    5.9073046  5.87476e+25 
 179    6.0366577  5.62950e+25 
 180    6.1688433  5.39492e+25 
 181    6.3039234  5.16678e+25 
 182    6.4419613  4.95564e+25 
 183    6.5830219  4.75459e+25 
 184    6.7271713  4.55921e+25 
 185    6.8744772  4.37637e+25 
 186    7.0250086  4.19359e+25 
 187    7.1788363  4.01484e+25 
 188    7.3360323  3.84019e+25 
 189    7.4966705  3.67418e+25 


# i-band (filter: i_LSST.dat)
   0    0.1250000  1.54710e+26 
   1    0.1277371  1.58114e+26 
   2    0.1305342  1.61593e+26 
   3    0.1333926  1.65148e+26 
   4    0.1363135  1.66412e+26 
   5    0.1392983  1.67660e+26 
   6    0.1423486  1.67675e+26 
   7    0.1454656  1.68675e+26 
   8    0.1486509  1.67672e+26 
   9    0.1519059  1.67392e+26 
  10    0.1552322  1.66414e+26 
  11    0.1586314  1.64505e+26 
  12    0.1621049  1.63214e+26 
  13    0.1656546  1.61830e+26 
  14    0.1692819  1.62369e+26 
  15    0.1729887  1.63056e+26 
  16    0.1767767  1.63534e+26 
  17    0.1806476  1.64439e+26 
  18    0.1846033  1.65514e+26 
  19    0.1886456  1.66535e+26 
  20    0.1927764  1.67948e+26 
  21    0.1969976  1.69540e+26 
  22    0.2013113  1.71712e+26 
  23    0.2057194  1.74762e+26 
  24    0.2102241  1.77775e+26 
  25    0.2148274  1.80607e+26 
  26    0.2195315  1.80195e+26 
  27    0.2243386  1.79500e+26 
  28    0.2292510  1.75839e+26 
  29    0.2342710  1.73293e+26 
  30    0.2394008  1.70675e+26 
  31    0.2446430  1.69120e+26 
  32    0.2500000  1.68626e+26 
  33    0.2554743  1.66964e+26 
  34    0.2610684  1.68029e+26 
  35    0.2667851  1.69116e+26 
  36    0.2726269  1.70663e+26 
  37    0.2785967  1.74649e+26 
  38    0.2846972  1.80960e+26 
  39    0.2909312  1.90514e+26 
  40    0.2973018  2.01815e+26 
  41    0.3038118  2.13969e+26 
  42    0.3104645  2.26386e+26 
  43    0.3172627  2.38932e+26 
  44    0.3242099  2.48286e+26 
  45    0.3313092  2.54832e+26 
  46    0.3385639  2.61798e+26 
  47    0.3459775  2.67582e+26 
  48    0.3535534  2.75778e+26 
  49    0.3612952  2.82977e+26 
  50    0.3692065  2.92393e+26 
  51    0.3772911  3.02610e+26 
  52    0.3855527  3.11136e+26 
  53    0.3939952  3.22064e+26 
  54    0.4026226  3.32812e+26 
  55    0.4114389  3.46378e+26 
  56    0.4204482  3.61276e+26 
  57    0.4296548  3.78217e+26 
  58    0.4390630  3.97382e+26 
  59    0.4486773  4.16776e+26 
  60    0.4585020  4.36642e+26 
  61    0.4685419  4.55499e+26 
  62    0.4788016  4.74875e+26 
  63    0.4892860  4.92531e+26 
  64    0.5000000  5.09095e+26 
  65    0.5109486  5.25619e+26 
  66    0.5221369  5.39829e+26 
  67    0.5335702  5.52732e+26 
  68    0.5452539  5.64813e+26 
  69    0.5571934  5.75153e+26 
  70    0.5693943  5.84609e+26 
  71    0.5818624  5.91761e+26 
  72    0.5946036  5.96242e+26 
  73    0.6076237  5.97215e+26 
  74    0.6209289  5.96987e+26 
  75    0.6345255  5.91830e+26 
  76    0.6484198  5.85409e+26 
  77    0.6626183  5.77565e+26 
  78    0.6771278  5.66086e+26 
  79    0.6919549  5.51770e+26 
  80    0.7071068  5.35599e+26 
  81    0.7225904  5.16396e+26 
  82    0.7384131  4.94779e+26 
  83    0.7545822  4.71309e+26 
  84    0.7711054  4.46804e+26 
  85    0.7879904  4.22541e+26 
  86    0.8052452  3.98209e+26 
  87    0.8228777  3.73628e+26 
  88    0.8408964  3.51329e+26 
  89    0.8593096  3.29978e+26 
  90    0.8781261  3.09222e+26 
  91    0.8973545  2.92092e+26 
  92    0.9170040  2.77163e+26 
  93    0.9370838  2.63776e+26 
  94    0.9576033  2.53975e+26 
  95    0.9785721  2.46270e+26 
  96    1.0000000  2.40416e+26 
  97    1.0218971  2.36221e+26 
  98    1.0442738  2.33373e+26 
  99    1.0671404  2.31781e+26 
 100    1.0905077  2.30411e+26 
 101    1.1143867  2.29615e+26 
 102    1.1387886  2.29544e+26 
 103    1.1637249  2.29600e+26 
 104    1.1892071  2.29413e+26 
 105    1.2152474  2.28989e+26 
 106    1.2418578  2.28279e+26 
 107    1.2690510  2.27208e+26 
 108    1.2968396  2.25897e+26 
 109    1.3252366  2.24613e+26 
 110    1.3542555  2.23057e+26 
 111    1.3839099  2.21289e+26 
 112    1.4142136  2.19420e+26 
 113    1.4451808  2.17256e+26 
 114    1.4768261  2.14592e+26 
 115    1.5091644  2.11837e+26 
 116    1.5422108  2.08627e+26 
 117    1.5759808  2.05004e+26 
 118    1.6104903  2.01077e+26 
 119    1.6457555  1.96307e+26 
 120    1.6817928  1.90927e+26 
 121    1.7186193  1.85197e+26 
 122    1.7562522  1.78567e+26 
 123    1.7947091  1.71343e+26 
 124    1.8340081  1.63641e+26 
 125    1.8741676  1.55380e+26 
 126    1.9152066  1.46783e+26 
 127    1.9571441  1.37774e+26 
 128    2.0000000  1.28388e+26 
 129    2.0437943  1.19164e+26 
 130    2.0885476  1.10089e+26 
 131    2.1342808  1.00936e+26 
 132    2.1810155  9.26039e+25 
 133    2.2287735  8.47614e+25 
 134    2.2775773  7.71571e+25 
 135    2.3274497  7.06749e+25 
 136    2.3784142  6.48250e+25 
 137    2.4304947  5.95348e+25 
 138    2.4837156  5.52668e+25 
 139    2.5381019  5.17087e+25 
 140    2.5936791  4.87760e+25 
 141    2.6504733  4.66450e+25 
 142    2.7085111  4.51216e+25 
 143    2.7678198  4.40636e+25 
 144    2.8284271  4.35300e+25 
 145    2.8903616  4.33831e+25 
 146    2.9536523  4.34917e+25 
 147    3.0183289  4.39303e+25 
 148    3.0844217  4.45088e+25 
 149    3.1519617  4.52070e+25 
 150    3.2209807  4.60621e+25 
 151    3.2915110  4.68391e+25 
 152    3.3635857  4.75263e+25 
 153    3.4372386  4.82345e+25 
 154    3.5125043  4.86857e+25 
 155    3.5894182  4.89701e+25 
 156    3.6680162  4.91583e+25 
 157    3.7483353  4.90328e+25 
 158    3.8304131  4.87685e+25 
 159    3.9142882  4.83352e+25 
 160    4.0000000  4.76940e+25 
 161    4.0875886  4.69200e+25 
 162    4.1770951  4.59757e+25 
 163    4.2685616  4.50014e+25 
 164    4.3620309  4.39829e+25 
 165    4.4575470  4.28798e+25 
 166    4.5551545  4.18367e+25 
 167    4.6548994  4.07975e+25 
 168    4.7568285  3.97364e+25 
 169    4.8609894  3.87440e+25 
 170    4.9674312  3.77831e+25 
 171    5.0762038  3.68485e+25 
 172    5.1873582  3.59616e+25 
 173    5.3009466  3.51113e+25 
 174    5.4170222  3.42904e+25 
 175    5.5356395  3.34691e+25 
 176    5.6568542  3.26581e+25 
 177    5.7807232  3.18304e+25 
 178    5.9073046  3.10019e+25 
 179    6.0366577  3.01653e+25 
 180    6.1688433  2.93169e+25 
 181    6.3039234  2.84566e+25 
 182    6.4419613  2.75870e+25 
 183    6.5830219  2.67169e+25 
 184    6.7271713  2.58369e+25 
 185    6.8744772  2.49900e+25 
 186    7.0250086  2.40987e+25 
 187    7.1788363  2.31864e+25 
 188    7.3360323  2.22744e+25 
 189    7.4966705  2.13790e+25 


# z-band (filter: z_LSST.dat)
   0    0.1250000  1.35102e+26 
   1    0.1277371  1.37061e+26 
   2    0.1305342  1.39063e+26 
   3    0.1333926  1.41109e+26 
   4    0.1363135  1.41802e+26 
   5    0.1392983  1.42046e+26 
   6    0.1423486  1.41982e+26 
   7    0.1454656  1.42187e+26 
   8    0.1486509  1.41181e+26 
   9    0.1519059  1.39805e+26 
  10    0.1552322  1.38728e+26 
  11    0.1586314  1.36302e+26 
  12    0.1621049  1.33736e+26 
  13    0.1656546  1.30813e+26 
  14    0.1692819  1.28895e+26 
  15    0.1729887  1.27189e+26 
  16    0.1767767  1.24625e+26 
  17    0.1806476  1.22494e+26 
  18    0.1846033  1.19693e+26 
  19    0.1886456  1.16729e+26 
  20    0.1927764  1.13903e+26 
  21    0.1969976  1.11051e+26 
  22    0.2013113  1.07870e+26 
  23    0.2057194  1.05511e+26 
  24    0.2102241  1.03174e+26 
  25    0.2148274  1.01091e+26 
  26    0.2195315  9.85111e+25 
  27    0.2243386  9.60345e+25 
  28    0.2292510  9.31553e+25 
  29    0.2342710  8.97655e+25 
  30    0.2394008  8.69198e+25 
  31    0.2446430  8.38834e+25 
  32    0.2500000  8.13135e+25 
  33    0.2554743  7.82704e+25 
  34    0.2610684  7.63420e+25 
  35    0.2667851  7.41294e+25 
  36    0.2726269  7.22373e+25 
  37    0.2785967  7.05290e+25 
  38    0.2846972  7.00721e+25 
  39    0.2909312  7.06043e+25 
  40    0.2973018  7.17443e+25 
  41    0.3038118  7.37577e+25 
  42    0.3104645  7.66755e+25 
  43    0.3172627  8.00227e+25 
  44    0.3242099  8.36124e+25 
  45    0.3313092  8.69954e+25 
  46    0.3385639  9.11864e+25 
  47    0.3459775  9.49756e+25 
  48    0.3535534  1.00168e+26 
  49    0.3612952  1.05438e+26 
  50    0.3692065  1.12060e+26 
  51    0.3772911  1.19672e+26 
  52    0.3855527  1.27658e+26 
  53    0.3939952  1.38012e+26 
  54    0.4026226  1.49596e+26 
  55    0.4114389  1.62418e+26 
  56    0.4204482  1.77994e+26 
  57    0.4296548  1.96302e+26 
  58    0.4390630  2.17913e+26 
  59    0.4486773  2.41525e+26 
  60    0.4585020  2.67176e+26 
  61    0.4685419  2.94026e+26 
  62    0.4788016  3.22439e+26 
  63    0.4892860  3.50118e+26 
  64    0.5000000  3.76558e+26 
  65    0.5109486  4.03822e+26 
  66    0.5221369  4.26966e+26 
  67    0.5335702  4.48635e+26 
  68    0.5452539  4.69033e+26 
  69    0.5571934  4.85087e+26 
  70    0.5693943  4.98185e+26 
  71    0.5818624  5.07625e+26 
  72    0.5946036  5.12262e+26 
  73    0.6076237  5.12472e+26 
  74    0.6209289  5.10176e+26 
  75    0.6345255  5.03183e+26 
  76    0.6484198  4.94369e+26 
  77    0.6626183  4.83268e+26 
  78    0.6771278  4.69006e+26 
  79    0.6919549  4.52235e+26 
  80    0.7071068  4.34209e+26 
  81    0.7225904  4.13920e+26 
  82    0.7384131  3.92357e+26 
  83    0.7545822  3.70402e+26 
  84    0.7711054  3.48031e+26 
  85    0.7879904  3.26810e+26 
  86    0.8052452  3.05793e+26 
  87    0.8228777  2.84875e+26 
  88    0.8408964  2.66072e+26 
  89    0.8593096  2.48421e+26 
  90    0.8781261  2.31894e+26 
  91    0.8973545  2.17825e+26 
  92    0.9170040  2.05180e+26 
  93    0.9370838  1.93743e+26 
  94    0.9576033  1.84352e+26 
  95    0.9785721  1.76271e+26 
  96    1.0000000  1.69383e+26 
  97    1.0218971  1.63573e+26 
  98    1.0442738  1.58747e+26 
  99    1.0671404  1.54365e+26 
 100    1.0905077  1.50311e+26 
 101    1.1143867  1.46774e+26 
 102    1.1387886  1.43500e+26 
 103    1.1637249  1.40403e+26 
 104    1.1892071  1.37149e+26 
 105    1.2152474  1.34078e+26 
 106    1.2418578  1.31049e+26 
 107    1.2690510  1.28183e+26 
 108    1.2968396  1.25337e+26 
 109    1.3252366  1.22594e+26 
 110    1.3542555  1.20092e+26 
 111    1.3839099  1.17828e+26 
 112    1.4142136  1.15537e+26 
 113    1.4451808  1.13369e+26 
 114    1.4768261  1.11354e+26 
 115    1.5091644  1.09606e+26 
 116    1.5422108  1.08087e+26 
 117    1.5759808  1.06787e+26 
 118    1.6104903  1.05428e+26 
 119    1.6457555  1.04199e+26 
 120    1.6817928  1.02950e+26 
 121    1.7186193  1.01692e+26 
 122    1.7562522  1.00227e+26 
 123    1.7947091  9.86256e+25 
 124    1.8340081  9.68474e+25 
 125    1.8741676  9.50927e+25 
 126    1.9152066  9.29713e+25 
 127    1.9571441  9.06659e+25 
 128    2.0000000  8.81613e+25 
 129    2.0437943  8.53811e+25 
 130    2.0885476  8.24665e+25 
 131    2.1342808  7.93544e+25 
 132    2.1810155  7.61453e+25 
 133    2.2287735  7.29559e+25 
 134    2.2775773  6.96199e+25 
 135    2.3274497  6.64065e+25 
 136    2.3784142  6.32017e+25 
 137    2.4304947  5.99999e+25 
 138    2.4837156  5.69792e+25 
 139    2.5381019  5.40399e+25 
 140    2.5936791  5.11245e+25 
 141    2.6504733  4.83901e+25 
 142    2.7085111  4.58351e+25 
 143    2.7678198  4.33548e+25 
 144    2.8284271  4.11513e+25 
 145    2.8903616  3.91642e+25 
 146    2.9536523  3.73579e+25 
 147    3.0183289  3.56754e+25 
 148    3.0844217  3.42431e+25 
 149    3.1519617  3.29938e+25 
 150    3.2209807  3.19397e+25 
 151    3.2915110  3.11236e+25 
 152    3.3635857  3.05091e+25 
 153    3.4372386  3.00558e+25 
 154    3.5125043  2.97551e+25 
 155    3.5894182  2.96141e+25 
 156    3.6680162  2.95931e+25 
 157    3.7483353  2.96435e+25 
 158    3.8304131  2.97728e+25 
 159    3.9142882  2.99693e+25 
 160    4.0000000  3.01633e+25 
 161    4.0875886  3.03120e+25 
 162    4.1770951  3.04558e+25 
 163    4.2685616  3.04517e+25 
 164    4.3620309  3.03225e+25 
 165    4.4575470  3.01563e+25 
 166    4.5551545  2.97923e+25 
 167    4.6548994  2.93270e+25 
 168    4.7568285  2.87717e+25 
 169    4.8609894  2.81104e+25 
 170    4.9674312  2.73578e+25 
 171    5.0762038  2.65379e+25 
 172    5.1873582  2.56288e+25 
 173    5.3009466  2.47223e+25 
 174    5.4170222  2.38115e+25 
 175    5.5356395  2.28694e+25 
 176    5.6568542  2.19902e+25 
 177    5.7807232  2.11289e+25 
 178    5.9073046  2.02700e+25 
 179    6.0366577  1.94412e+25 
 180    6.1688433  1.86231e+25 
 181    6.3039234  1.78269e+25 
 182    6.4419613  1.70472e+25 
 183    6.5830219  1.62891e+25 
 184    6.7271713  1.55319e+25 
 185    6.8744772  1.48022e+25 
 186    7.0250086  1.40647e+25 
 187    7.1788363  1.33120e+25 
 188    7.3360323  1.25545e+25 
 189    7.4966705  1.18110e+25 


# y-band (filter: y_LSST.dat)
   0    0.1250000  1.77981e+26 
   1    0.1277371  1.86447e+26 
   2    0.1305342  1.95098e+26 
   3    0.1333926  2.03938e+26 
   4    0.1363135  2.05111e+26 
   5    0.1392983  2.07156e+26 
   6    0.1423486  2.08877e+26 
   7    0.1454656  2.10610e+26 
   8    0.1486509  2.10152e+26 
   9    0.1519059  2.11243e+26 
  10    0.1552322  2.12089e+26 
  11    0.1586314  2.10778e+26 
  12    0.1621049  2.10728e+26 
  13    0.1656546  2.10426e+26 
  14    0.1692819  2.13732e+26 
  15    0.1729887  2.20495e+26 
  16    0.1767767  2.28365e+26 
  17    0.1806476  2.36387e+26 
  18    0.1846033  2.45196e+26 
  19    0.1886456  2.54166e+26 
  20    0.1927764  2.63693e+26 
  21    0.1969976  2.73956e+26 
  22    0.2013113  2.85236e+26 
  23    0.2057194  2.97628e+26 
  24    0.2102241  3.10317e+26 
  25    0.2148274  3.23571e+26 
  26    0.2195315  3.32002e+26 
  27    0.2243386  3.38422e+26 
  28    0.2292510  3.34841e+26 
  29    0.2342710  3.31544e+26 
  30    0.2394008  3.28344e+26 
  31    0.2446430  3.23372e+26 
  32    0.2500000  3.19701e+26 
  33    0.2554743  3.11248e+26 
  34    0.2610684  3.05349e+26 
  35    0.2667851  2.98874e+26 
  36    0.2726269  2.92466e+26 
  37    0.2785967  2.86496e+26 
  38    0.2846972  2.83334e+26 
  39    0.2909312  2.85724e+26 
  40    0.2973018  2.91198e+26 
  41    0.3038118  2.99060e+26 
  42    0.3104645  3.07422e+26 
  43    0.3172627  3.17085e+26 
  44    0.3242099  3.23401e+26 
  45    0.3313092  3.28819e+26 
  46    0.3385639  3.34643e+26 
  47    0.3459775  3.39103e+26 
  48    0.3535534  3.44988e+26 
  49    0.3612952  3.49667e+26 
  50    0.3692065  3.57604e+26 
  51    0.3772911  3.65900e+26 
  52    0.3855527  3.72989e+26 
  53    0.3939952  3.83160e+26 
  54    0.4026226  3.93904e+26 
  55    0.4114389  4.05484e+26 
  56    0.4204482  4.19912e+26 
  57    0.4296548  4.36198e+26 
  58    0.4390630  4.55825e+26 
  59    0.4486773  4.75196e+26 
  60    0.4585020  4.93889e+26 
  61    0.4685419  5.11319e+26 
  62    0.4788016  5.28714e+26 
  63    0.4892860  5.43331e+26 
  64    0.5000000  5.55214e+26 
  65    0.5109486  5.65335e+26 
  66    0.5221369  5.70856e+26 
  67    0.5335702  5.74630e+26 
  68    0.5452539  5.76099e+26 
  69    0.5571934  5.73384e+26 
  70    0.5693943  5.67499e+26 
  71    0.5818624  5.58912e+26 
  72    0.5946036  5.47172e+26 
  73    0.6076237  5.32856e+26 
  74    0.6209289  5.17108e+26 
  75    0.6345255  4.99388e+26 
  76    0.6484198  4.81158e+26 
  77    0.6626183  4.61583e+26 
  78    0.6771278  4.41386e+26 
  79    0.6919549  4.20300e+26 
  80    0.7071068  3.99164e+26 
  81    0.7225904  3.77395e+26 
  82    0.7384131  3.56674e+26 
  83    0.7545822  3.36325e+26 
  84    0.7711054  3.16618e+26 
  85    0.7879904  2.99133e+26 
  86    0.8052452  2.82551e+26 
  87    0.8228777  2.66193e+26 
  88    0.8408964  2.52386e+26 
  89    0.8593096  2.39951e+26 
  90    0.8781261  2.28676e+26 
  91    0.8973545  2.19419e+26 
  92    0.9170040  2.11385e+26 
  93    0.9370838  2.04605e+26 
  94    0.9576033  1.99326e+26 
  95    0.9785721  1.95179e+26 
  96    1.0000000  1.91885e+26 
  97    1.0218971  1.89440e+26 
  98    1.0442738  1.87538e+26 
  99    1.0671404  1.86344e+26 
 100    1.0905077  1.85292e+26 
 101    1.1143867  1.84582e+26 
 102    1.1387886  1.84464e+26 
 103    1.1637249  1.84550e+26 
 104    1.1892071  1.84400e+26 
 105    1.2152474  1.84344e+26 
 106    1.2418578  1.84274e+26 
 107    1.2690510  1.83925e+26 
 108    1.2968396  1.83436e+26 
 109    1.3252366  1.82962e+26 
 110    1.3542555  1.82228e+26 
 111    1.3839099  1.81340e+26 
 112    1.4142136  1.80312e+26 
 113    1.4451808  1.79125e+26 
 114    1.4768261  1.77863e+26 
 115    1.5091644  1.76458e+26 
 116    1.5422108  1.75226e+26 
 117    1.5759808  1.73884e+26 
 118    1.6104903  1.72592e+26 
 119    1.6457555  1.71453e+26 
 120    1.6817928  1.70429e+26 
 121    1.7186193  1.69464e+26 
 122    1.7562522  1.68634e+26 
 123    1.7947091  1.67955e+26 
 124    1.8340081  1.67272e+26 
 125    1.8741676  1.66700e+26 
 126    1.9152066  1.65961e+26 
 127    1.9571441  1.65112e+26 
 128    2.0000000  1.64303e+26 
 129    2.0437943  1.63262e+26 
 130    2.0885476  1.62168e+26 
 131    2.1342808  1.60887e+26 
 132    2.1810155  1.59443e+26 
 133    2.2287735  1.57744e+26 
 134    2.2775773  1.55803e+26 
 135    2.3274497  1.53711e+26 
 136    2.3784142  1.51340e+26 
 137    2.4304947  1.48882e+26 
 138    2.4837156  1.46211e+26 
 139    2.5381019  1.43263e+26 
 140    2.5936791  1.40106e+26 
 141    2.6504733  1.36545e+26 
 142    2.7085111  1.32709e+26 
 143    2.7678198  1.28635e+26 
 144    2.8284271  1.24167e+26 
 145    2.8903616  1.19682e+26 
 146    2.9536523  1.15103e+26 
 147    3.0183289  1.10223e+26 
 148    3.0844217  1.05452e+26 
 149    3.1519617  1.00638e+26 
 150    3.2209807  9.57777e+25 
 151    3.2915110  9.11658e+25 
 152    3.3635857  8.66947e+25 
 153    3.4372386  8.23674e+25 
 154    3.5125043  7.83250e+25 
 155    3.5894182  7.45274e+25 
 156    3.6680162  7.09283e+25 
 157    3.7483353  6.75803e+25 
 158    3.8304131  6.43865e+25 
 159    3.9142882  6.13645e+25 
 160    4.0000000  5.85353e+25 
 161    4.0875886  5.58169e+25 
 162    4.1770951  5.31764e+25 
 163    4.2685616  5.06497e+25 
 164    4.3620309  4.82167e+25 
 165    4.4575470  4.58290e+25 
 166    4.5551545  4.35023e+25 
 167    4.6548994  4.12284e+25 
 168    4.7568285  3.89631e+25 
 169    4.8609894  3.67954e+25 
 170    4.9674312  3.47221e+25 
 171    5.0762038  3.27372e+25 
 172    5.1873582  3.07777e+25 
 173    5.3009466  2.89933e+25 
 174    5.4170222  2.72781e+25 
 175    5.5356395  2.56360e+25 
 176    5.6568542  2.41099e+25 
 177    5.7807232  2.26753e+25 
 178    5.9073046  2.13391e+25 
 179    6.0366577  2.01044e+25 
 180    6.1688433  1.89706e+25 
 181    6.3039234  1.78986e+25 
 182    6.4419613  1.69107e+25 
 183    6.5830219  1.59930e+25 
 184    6.7271713  1.51220e+25 
 185    6.8744772  1.43238e+25 
 186    7.0250086  1.35369e+25 
 187    7.1788363  1.27645e+25 
 188    7.3360323  1.20324e+25 
 189    7.4966705  1.13619e+25 


# J-band (filter: J_2MASS.dat)
   0    0.1250000  1.85369e+26 
   1    0.1277371  1.97423e+26 
   2    0.1305342  2.09740e+26 
   3    0.1333926  2.22327e+26 
   4    0.1363135  2.24902e+26 
   5    0.1392983  2.29910e+26 
   6    0.1423486  2.33096e+26 
   7    0.1454656  2.38820e+26 
   8    0.1486509  2.41168e+26 
   9    0.1519059  2.47380e+26 
  10    0.1552322  2.54034e+26 
  11    0.1586314  2.58483e+26 
  12    0.1621049  2.65166e+26 
  13    0.1656546  2.72203e+26 
  14    0.1692819  2.82653e+26 
  15    0.1729887  2.99738e+26 
  16    0.1767767  3.17737e+26 
  17    0.1806476  3.37475e+26 
  18    0.1846033  3.58539e+26 
  19    0.1886456  3.80688e+26 
  20    0.1927764  4.02615e+26 
  21    0.1969976  4.24363e+26 
  22    0.2013113  4.48028e+26 
  23    0.2057194  4.70741e+26 
  24    0.2102241  4.93748e+26 
  25    0.2148274  5.13717e+26 
  26    0.2195315  5.29307e+26 
  27    0.2243386  5.40033e+26 
  28    0.2292510  5.39841e+26 
  29    0.2342710  5.41146e+26 
  30    0.2394008  5.40413e+26 
  31    0.2446430  5.41281e+26 
  32    0.2500000  5.43785e+26 
  33    0.2554743  5.41647e+26 
  34    0.2610684  5.42279e+26 
  35    0.2667851  5.42839e+26 
  36    0.2726269  5.41225e+26 
  37    0.2785967  5.42764e+26 
  38    0.2846972  5.43593e+26 
  39    0.2909312  5.51912e+26 
  40    0.2973018  5.60606e+26 
  41    0.3038118  5.68535e+26 
  42    0.3104645  5.74626e+26 
  43    0.3172627  5.79118e+26 
  44    0.3242099  5.78366e+26 
  45    0.3313092  5.75228e+26 
  46    0.3385639  5.71383e+26 
  47    0.3459775  5.64939e+26 
  48    0.3535534  5.59336e+26 
  49    0.3612952  5.52421e+26 
  50    0.3692065  5.46722e+26 
  51    0.3772911  5.39696e+26 
  52    0.3855527  5.32195e+26 
  53    0.3939952  5.24477e+26 
  54    0.4026226  5.16771e+26 
  55    0.4114389  5.10485e+26 
  56    0.4204482  5.04063e+26 
  57    0.4296548  4.99285e+26 
  58    0.4390630  4.94283e+26 
  59    0.4486773  4.89858e+26 
  60    0.4585020  4.84563e+26 
  61    0.4685419  4.78842e+26 
  62    0.4788016  4.72756e+26 
  63    0.4892860  4.66686e+26 
  64    0.5000000  4.60319e+26 
  65    0.5109486  4.53774e+26 
  66    0.5221369  4.46728e+26 
  67    0.5335702  4.39519e+26 
  68    0.5452539  4.32585e+26 
  69    0.5571934  4.25403e+26 
  70    0.5693943  4.17604e+26 
  71    0.5818624  4.09071e+26 
  72    0.5946036  3.99933e+26 
  73    0.6076237  3.89918e+26 
  74    0.6209289  3.79619e+26 
  75    0.6345255  3.68340e+26 
  76    0.6484198  3.57011e+26 
  77    0.6626183  3.45166e+26 
  78    0.6771278  3.32720e+26 
  79    0.6919549  3.19421e+26 
  80    0.7071068  3.05869e+26 
  81    0.7225904  2.91825e+26 
  82    0.7384131  2.78136e+26 
  83    0.7545822  2.64552e+26 
  84    0.7711054  2.51044e+26 
  85    0.7879904  2.38617e+26 
  86    0.8052452  2.26646e+26 
  87    0.8228777  2.14683e+26 
  88    0.8408964  2.04087e+26 
  89    0.8593096  1.94246e+26 
  90    0.8781261  1.85000e+26 
  91    0.8973545  1.77080e+26 
  92    0.9170040  1.69977e+26 
  93    0.9370838  1.63688e+26 
  94    0.9576033  1.58692e+26 
  95    0.9785721  1.54541e+26 
  96    1.0000000  1.50761e+26 
  97    1.0218971  1.47783e+26 
  98    1.0442738  1.45516e+26 
  99    1.0671404  1.43686e+26 
 100    1.0905077  1.42320e+26 
 101    1.1143867  1.41346e+26 
 102    1.1387886  1.40871e+26 
 103    1.1637249  1.40619e+26 
 104    1.1892071  1.40739e+26 
 105    1.2152474  1.41150e+26 
 106    1.2418578  1.41603e+26 
 107    1.2690510  1.42371e+26 
 108    1.2968396  1.43462e+26 
 109    1.3252366  1.44706e+26 
 110    1.3542555  1.46182e+26 
 111    1.3839099  1.47895e+26 
 112    1.4142136  1.49771e+26 
 113    1.4451808  1.51855e+26 
 114    1.4768261  1.54100e+26 
 115    1.5091644  1.56535e+26 
 116    1.5422108  1.59005e+26 
 117    1.5759808  1.61397e+26 
 118    1.6104903  1.63980e+26 
 119    1.6457555  1.66360e+26 
 120    1.6817928  1.68725e+26 
 121    1.7186193  1.71067e+26 
 122    1.7562522  1.73353e+26 
 123    1.7947091  1.75293e+26 
 124    1.8340081  1.77173e+26 
 125    1.8741676  1.78855e+26 
 126    1.9152066  1.80246e+26 
 127    1.9571441  1.81567e+26 
 128    2.0000000  1.82725e+26 
 129    2.0437943  1.83804e+26 
 130    2.0885476  1.84822e+26 
 131    2.1342808  1.85745e+26 
 132    2.1810155  1.86666e+26 
 133    2.2287735  1.87431e+26 
 134    2.2775773  1.88196e+26 
 135    2.3274497  1.89068e+26 
 136    2.3784142  1.89944e+26 
 137    2.4304947  1.90885e+26 
 138    2.4837156  1.92034e+26 
 139    2.5381019  1.93251e+26 
 140    2.5936791  1.94519e+26 
 141    2.6504733  1.95983e+26 
 142    2.7085111  1.97495e+26 
 143    2.7678198  1.99075e+26 
 144    2.8284271  2.00655e+26 
 145    2.8903616  2.02115e+26 
 146    2.9536523  2.03392e+26 
 147    3.0183289  2.04690e+26 
 148    3.0844217  2.05467e+26 
 149    3.1519617  2.05836e+26 
 150    3.2209807  2.05969e+26 
 151    3.2915110  2.05337e+26 
 152    3.3635857  2.04257e+26 
 153    3.4372386  2.02684e+26 
 154    3.5125043  2.00421e+26 
 155    3.5894182  1.97681e+26 
 156    3.6680162  1.94460e+26 
 157    3.7483353  1.90846e+26 
 158    3.8304131  1.86952e+26 
 159    3.9142882  1.82600e+26 
 160    4.0000000  1.78154e+26 
 161    4.0875886  1.73619e+26 
 162    4.1770951  1.68930e+26 
 163    4.2685616  1.64307e+26 
 164    4.3620309  1.59666e+26 
 165    4.4575470  1.55032e+26 
 166    4.5551545  1.50575e+26 
 167    4.6548994  1.46174e+26 
 168    4.7568285  1.41744e+26 
 169    4.8609894  1.37429e+26 
 170    4.9674312  1.33105e+26 
 171    5.0762038  1.28847e+26 
 172    5.1873582  1.24629e+26 
 173    5.3009466  1.20450e+26 
 174    5.4170222  1.16279e+26 
 175    5.5356395  1.12176e+26 
 176    5.6568542  1.08242e+26 
 177    5.7807232  1.04479e+26 
 178    5.9073046  1.00683e+26 
 179    6.0366577  9.71985e+25 
 180    6.1688433  9.38442e+25 
 181    6.3039234  9.05886e+25 
 182    6.4419613  8.75831e+25 
 183    6.5830219  8.46850e+25 
 184    6.7271713  8.18875e+25 
 185    6.8744772  7.91842e+25 
 186    7.0250086  7.65278e+25 
 187    7.1788363  7.39462e+25 
 188    7.3360323  7.13727e+25 
 189    7.4966705  6.88088e+25 


# H-band (filter: H_2MASS.dat)
   0    0.1250000  4.55217e+26 
   1    0.1277371  4.68445e+26 
   2    0.1305342  4.81963e+26 
   3    0.1333926  4.95778e+26 
   4    0.1363135  4.93781e+26 
   5    0.1392983  4.94264e+26 
   6    0.1423486  4.91843e+26 
   7    0.1454656  4.92045e+26 
   8    0.1486509  4.85826e+26 
   9    0.1519059  4.82650e+26 
  10    0.1552322  4.77283e+26 
  11    0.1586314  4.69175e+26 
  12    0.1621049  4.63273e+26 
  13    0.1656546  4.55934e+26 
  14    0.1692819  4.52646e+26 
  15    0.1729887  4.60302e+26 
  16    0.1767767  4.64733e+26 
  17    0.1806476  4.67988e+26 
  18    0.1846033  4.72050e+26 
  19    0.1886456  4.73066e+26 
  20    0.1927764  4.73074e+26 
  21    0.1969976  4.72250e+26 
  22    0.2013113  4.72742e+26 
  23    0.2057194  4.70040e+26 
  24    0.2102241  4.66844e+26 
  25    0.2148274  4.62670e+26 
  26    0.2195315  4.53903e+26 
  27    0.2243386  4.43775e+26 
  28    0.2292510  4.31349e+26 
  29    0.2342710  4.19092e+26 
  30    0.2394008  4.06148e+26 
  31    0.2446430  3.95367e+26 
  32    0.2500000  3.84570e+26 
  33    0.2554743  3.72051e+26 
  34    0.2610684  3.60437e+26 
  35    0.2667851  3.49482e+26 
  36    0.2726269  3.36982e+26 
  37    0.2785967  3.27535e+26 
  38    0.2846972  3.19099e+26 
  39    0.2909312  3.11588e+26 
  40    0.2973018  3.04572e+26 
  41    0.3038118  2.98656e+26 
  42    0.3104645  2.91527e+26 
  43    0.3172627  2.83575e+26 
  44    0.3242099  2.75834e+26 
  45    0.3313092  2.68854e+26 
  46    0.3385639  2.61084e+26 
  47    0.3459775  2.54315e+26 
  48    0.3535534  2.47898e+26 
  49    0.3612952  2.41021e+26 
  50    0.3692065  2.35294e+26 
  51    0.3772911  2.30010e+26 
  52    0.3855527  2.24914e+26 
  53    0.3939952  2.19695e+26 
  54    0.4026226  2.15004e+26 
  55    0.4114389  2.10891e+26 
  56    0.4204482  2.06628e+26 
  57    0.4296548  2.02637e+26 
  58    0.4390630  1.98999e+26 
  59    0.4486773  1.95590e+26 
  60    0.4585020  1.92500e+26 
  61    0.4685419  1.88973e+26 
  62    0.4788016  1.85429e+26 
  63    0.4892860  1.82613e+26 
  64    0.5000000  1.79875e+26 
  65    0.5109486  1.76864e+26 
  66    0.5221369  1.74170e+26 
  67    0.5335702  1.71922e+26 
  68    0.5452539  1.69980e+26 
  69    0.5571934  1.68066e+26 
  70    0.5693943  1.66153e+26 
  71    0.5818624  1.64324e+26 
  72    0.5946036  1.62676e+26 
  73    0.6076237  1.60993e+26 
  74    0.6209289  1.59683e+26 
  75    0.6345255  1.58248e+26 
  76    0.6484198  1.57234e+26 
  77    0.6626183  1.56373e+26 
  78    0.6771278  1.55658e+26 
  79    0.6919549  1.54959e+26 
  80    0.7071068  1.54154e+26 
  81    0.7225904  1.53672e+26 
  82    0.7384131  1.53158e+26 
  83    0.7545822  1.52242e+26 
  84    0.7711054  1.51344e+26 
  85    0.7879904  1.49974e+26 
  86    0.8052452  1.48161e+26 
  87    0.8228777  1.46160e+26 
  88    0.8408964  1.43573e+26 
  89    0.8593096  1.40627e+26 
  90    0.8781261  1.37324e+26 
  91    0.8973545  1.33849e+26 
  92    0.9170040  1.30065e+26 
  93    0.9370838  1.25782e+26 
  94    0.9576033  1.21321e+26 
  95    0.9785721  1.16890e+26 
  96    1.0000000  1.12276e+26 
  97    1.0218971  1.07876e+26 
  98    1.0442738  1.03518e+26 
  99    1.0671404  9.91232e+25 
 100    1.0905077  9.49463e+25 
 101    1.1143867  9.09307e+25 
 102    1.1387886  8.71102e+25 
 103    1.1637249  8.33559e+25 
 104    1.1892071  7.99205e+25 
 105    1.2152474  7.68578e+25 
 106    1.2418578  7.39219e+25 
 107    1.2690510  7.14175e+25 
 108    1.2968396  6.91729e+25 
 109    1.3252366  6.71474e+25 
 110    1.3542555  6.55106e+25 
 111    1.3839099  6.40857e+25 
 112    1.4142136  6.28659e+25 
 113    1.4451808  6.19313e+25 
 114    1.4768261  6.12335e+25 
 115    1.5091644  6.06699e+25 
 116    1.5422108  6.02831e+25 
 117    1.5759808  6.00063e+25 
 118    1.6104903  5.97129e+25 
 119    1.6457555  5.94559e+25 
 120    1.6817928  5.92838e+25 
 121    1.7186193  5.90637e+25 
 122    1.7562522  5.86951e+25 
 123    1.7947091  5.82833e+25 
 124    1.8340081  5.78372e+25 
 125    1.8741676  5.73291e+25 
 126    1.9152066  5.66911e+25 
 127    1.9571441  5.59950e+25 
 128    2.0000000  5.51952e+25 
 129    2.0437943  5.43643e+25 
 130    2.0885476  5.35450e+25 
 131    2.1342808  5.26037e+25 
 132    2.1810155  5.16854e+25 
 133    2.2287735  5.08026e+25 
 134    2.2775773  4.99450e+25 
 135    2.3274497  4.92341e+25 
 136    2.3784142  4.86185e+25 
 137    2.4304947  4.80276e+25 
 138    2.4837156  4.76903e+25 
 139    2.5381019  4.75068e+25 
 140    2.5936791  4.74190e+25 
 141    2.6504733  4.76265e+25 
 142    2.7085111  4.81222e+25 
 143    2.7678198  4.87711e+25 
 144    2.8284271  4.96900e+25 
 145    2.8903616  5.08750e+25 
 146    2.9536523  5.22654e+25 
 147    3.0183289  5.38428e+25 
 148    3.0844217  5.55944e+25 
 149    3.1519617  5.75938e+25 
 150    3.2209807  5.97305e+25 
 151    3.2915110  6.19973e+25 
 152    3.3635857  6.44250e+25 
 153    3.4372386  6.69198e+25 
 154    3.5125043  6.94905e+25 
 155    3.5894182  7.21434e+25 
 156    3.6680162  7.48326e+25 
 157    3.7483353  7.73763e+25 
 158    3.8304131  7.99028e+25 
 159    3.9142882  8.23797e+25 
 160    4.0000000  8.44963e+25 
 161    4.0875886  8.62620e+25 
 162    4.1770951  8.79352e+25 
 163    4.2685616  8.88924e+25 
 164    4.3620309  8.93728e+25 
 165    4.4575470  8.95791e+25 
 166    4.5551545  8.90076e+25 
 167    4.6548994  8.80196e+25 
 168    4.7568285  8.66501e+25 
 169    4.8609894  8.48167e+25 
 170    4.9674312  8.26465e+25 
 171    5.0762038  8.02086e+25 
 172    5.1873582  7.74087e+25 
 173    5.3009466  7.45669e+25 
 174    5.4170222  7.16421e+25 
 175    5.5356395  6.85819e+25 
 176    5.6568542  6.56016e+25 
 177    5.7807232  6.26421e+25 
 178    5.9073046  5.97236e+25 
 179    6.0366577  5.68514e+25 
 180    6.1688433  5.40213e+25 
 181    6.3039234  5.12454e+25 
 182    6.4419613  4.84986e+25 
 183    6.5830219  4.58045e+25 
 184    6.7271713  4.31477e+25 
 185    6.8744772  4.06155e+25 
 186    7.0250086  3.80470e+25 
 187    7.1788363  3.54368e+25 
 188    7.3360323  3.28285e+25 
 189    7.4966705  3.02750e+25 


# K-band (filter: Ks_mosfire.dat)
   0    0.1250000  3.24604e+26 
   1    0.1277371  3.31933e+26 
   2    0.1305342  3.39423e+26 
   3    0.1333926  3.47077e+26 
   4    0.1363135  3.45754e+26 
   5    0.1392983  3.45376e+26 
   6    0.1423486  3.44035e+26 
   7    0.1454656  3.43907e+26 
   8    0.1486509  3.39621e+26 
   9    0.1519059  3.37994e+26 
  10    0.1552322  3.34971e+26 
  11    0.1586314  3.29267e+26 
  12    0.1621049  3.22023e+26 
  13    0.1656546  3.15625e+26 
  14    0.1692819  3.12029e+26 
  15    0.1729887  3.10714e+26 
  16    0.1767767  3.10073e+26 
  17    0.1806476  3.07890e+26 
  18    0.1846033  3.05063e+26 
  19    0.1886456  3.01047e+26 
  20    0.1927764  2.98274e+26 
  21    0.1969976  2.93333e+26 
  22    0.2013113  2.88544e+26 
  23    0.2057194  2.82785e+26 
  24    0.2102241  2.78304e+26 
  25    0.2148274  2.72060e+26 
  26    0.2195315  2.65819e+26 
  27    0.2243386  2.58521e+26 
  28    0.2292510  2.48841e+26 
  29    0.2342710  2.39973e+26 
  30    0.2394008  2.31359e+26 
  31    0.2446430  2.24767e+26 
  32    0.2500000  2.15896e+26 
  33    0.2554743  2.07517e+26 
  34    0.2610684  1.99504e+26 
  35    0.2667851  1.92131e+26 
  36    0.2726269  1.83688e+26 
  37    0.2785967  1.76062e+26 
  38    0.2846972  1.68570e+26 
  39    0.2909312  1.63237e+26 
  40    0.2973018  1.57129e+26 
  41    0.3038118  1.51289e+26 
  42    0.3104645  1.45160e+26 
  43    0.3172627  1.39189e+26 
  44    0.3242099  1.33834e+26 
  45    0.3313092  1.27966e+26 
  46    0.3385639  1.22657e+26 
  47    0.3459775  1.17658e+26 
  48    0.3535534  1.12996e+26 
  49    0.3612952  1.08584e+26 
  50    0.3692065  1.04267e+26 
  51    0.3772911  9.98906e+25 
  52    0.3855527  9.60052e+25 
  53    0.3939952  9.27363e+25 
  54    0.4026226  8.94138e+25 
  55    0.4114389  8.63735e+25 
  56    0.4204482  8.36226e+25 
  57    0.4296548  8.11189e+25 
  58    0.4390630  7.83942e+25 
  59    0.4486773  7.60362e+25 
  60    0.4585020  7.36119e+25 
  61    0.4685419  7.11564e+25 
  62    0.4788016  6.89651e+25 
  63    0.4892860  6.69444e+25 
  64    0.5000000  6.50555e+25 
  65    0.5109486  6.28771e+25 
  66    0.5221369  6.08681e+25 
  67    0.5335702  5.87982e+25 
  68    0.5452539  5.70082e+25 
  69    0.5571934  5.50744e+25 
  70    0.5693943  5.34465e+25 
  71    0.5818624  5.16224e+25 
  72    0.5946036  4.96672e+25 
  73    0.6076237  4.79535e+25 
  74    0.6209289  4.62141e+25 
  75    0.6345255  4.43915e+25 
  76    0.6484198  4.26881e+25 
  77    0.6626183  4.10915e+25 
  78    0.6771278  3.95039e+25 
  79    0.6919549  3.80202e+25 
  80    0.7071068  3.67044e+25 
  81    0.7225904  3.54065e+25 
  82    0.7384131  3.41401e+25 
  83    0.7545822  3.30785e+25 
  84    0.7711054  3.21650e+25 
  85    0.7879904  3.12629e+25 
  86    0.8052452  3.05010e+25 
  87    0.8228777  2.98372e+25 
  88    0.8408964  2.94359e+25 
  89    0.8593096  2.91174e+25 
  90    0.8781261  2.88260e+25 
  91    0.8973545  2.85061e+25 
  92    0.9170040  2.82211e+25 
  93    0.9370838  2.81449e+25 
  94    0.9576033  2.81012e+25 
  95    0.9785721  2.80851e+25 
  96    1.0000000  2.81579e+25 
  97    1.0218971  2.82031e+25 
  98    1.0442738  2.82786e+25 
  99    1.0671404  2.83318e+25 
 100    1.0905077  2.83170e+25 
 101    1.1143867  2.82437e+25 
 102    1.1387886  2.80987e+25 
 103    1.1637249  2.80948e+25 
 104    1.1892071  2.80194e+25 
 105    1.2152474  2.77707e+25 
 106    1.2418578  2.75346e+25 
 107    1.2690510  2.71538e+25 
 108    1.2968396  2.68334e+25 
 109    1.3252366  2.64203e+25 
 110    1.3542555  2.59510e+25 
 111    1.3839099  2.54267e+25 
 112    1.4142136  2.49447e+25 
 113    1.4451808  2.44294e+25 
 114    1.4768261  2.39017e+25 
 115    1.5091644  2.32828e+25 
 116    1.5422108  2.26820e+25 
 117    1.5759808  2.21828e+25 
 118    1.6104903  2.15967e+25 
 119    1.6457555  2.11666e+25 
 120    1.6817928  2.06919e+25 
 121    1.7186193  2.02338e+25 
 122    1.7562522  1.98598e+25 
 123    1.7947091  1.95499e+25 
 124    1.8340081  1.91980e+25 
 125    1.8741676  1.89300e+25 
 126    1.9152066  1.86236e+25 
 127    1.9571441  1.83819e+25 
 128    2.0000000  1.81180e+25 
 129    2.0437943  1.78456e+25 
 130    2.0885476  1.76176e+25 
 131    2.1342808  1.73341e+25 
 132    2.1810155  1.70640e+25 
 133    2.2287735  1.67968e+25 
 134    2.2775773  1.65220e+25 
 135    2.3274497  1.62372e+25 
 136    2.3784142  1.59468e+25 
 137    2.4304947  1.56374e+25 
 138    2.4837156  1.53458e+25 
 139    2.5381019  1.50751e+25 
 140    2.5936791  1.48102e+25 
 141    2.6504733  1.45675e+25 
 142    2.7085111  1.43274e+25 
 143    2.7678198  1.40808e+25 
 144    2.8284271  1.38248e+25 
 145    2.8903616  1.35831e+25 
 146    2.9536523  1.33795e+25 
 147    3.0183289  1.31771e+25 
 148    3.0844217  1.30269e+25 
 149    3.1519617  1.29269e+25 
 150    3.2209807  1.28256e+25 
 151    3.2915110  1.27588e+25 
 152    3.3635857  1.27433e+25 
 153    3.4372386  1.27394e+25 
 154    3.5125043  1.27934e+25 
 155    3.5894182  1.28998e+25 
 156    3.6680162  1.30337e+25 
 157    3.7483353  1.31349e+25 
 158    3.8304131  1.31888e+25 
 159    3.9142882  1.32630e+25 
 160    4.0000000  1.31986e+25 
 161    4.0875886  1.30780e+25 
 162    4.1770951  1.29423e+25 
 163    4.2685616  1.27063e+25 
 164    4.3620309  1.24265e+25 
 165    4.4575470  1.20745e+25 
 166    4.5551545  1.16868e+25 
 167    4.6548994  1.12666e+25 
 168    4.7568285  1.07767e+25 
 169    4.8609894  1.02976e+25 
 170    4.9674312  9.81322e+24 
 171    5.0762038  9.32619e+24 
 172    5.1873582  8.84805e+24 
 173    5.3009466  8.39103e+24 
 174    5.4170222  7.95479e+24 
 175    5.5356395  7.54033e+24 
 176    5.6568542  7.15681e+24 
 177    5.7807232  6.79231e+24 
 178    5.9073046  6.44180e+24 
 179    6.0366577  6.11380e+24 
 180    6.1688433  5.80479e+24 
 181    6.3039234  5.51281e+24 
 182    6.4419613  5.24416e+24 
 183    6.5830219  5.00046e+24 
 184    6.7271713  4.77380e+24 
 185    6.8744772  4.58262e+24 
 186    7.0250086  4.37891e+24 
 187    7.1788363  4.18098e+24 
 188    7.3360323  3.99038e+24 
 189    7.4966705  3.81557e+24 


# S-band (filter: Spitzer_IRAC2.dat)
   0    0.1250000  6.23537e+25 
   1    0.1277371  6.16826e+25 
   2    0.1305342  6.09968e+25 
   3    0.1333926  6.02960e+25 
   4    0.1363135  5.89351e+25 
   5    0.1392983  5.77446e+25 
   6    0.1423486  5.72470e+25 
   7    0.1454656  5.56916e+25 
   8    0.1486509  5.45668e+25 
   9    0.1519059  5.37744e+25 
  10    0.1552322  5.16074e+25 
  11    0.1586314  4.98744e+25 
  12    0.1621049  4.73596e+25 
  13    0.1656546  4.57864e+25 
  14    0.1692819  4.43056e+25 
  15    0.1729887  4.31203e+25 
  16    0.1767767  4.13514e+25 
  17    0.1806476  3.97429e+25 
  18    0.1846033  3.79392e+25 
  19    0.1886456  3.61419e+25 
  20    0.1927764  3.38060e+25 
  21    0.1969976  3.20191e+25 
  22    0.2013113  3.05456e+25 
  23    0.2057194  2.94368e+25 
  24    0.2102241  2.79814e+25 
  25    0.2148274  2.68936e+25 
  26    0.2195315  2.49305e+25 
  27    0.2243386  2.33810e+25 
  28    0.2292510  2.23715e+25 
  29    0.2342710  2.13093e+25 
  30    0.2394008  2.01472e+25 
  31    0.2446430  1.92649e+25 
  32    0.2500000  1.88320e+25 
  33    0.2554743  1.78600e+25 
  34    0.2610684  1.69179e+25 
  35    0.2667851  1.59024e+25 
  36    0.2726269  1.47681e+25 
  37    0.2785967  1.38911e+25 
  38    0.2846972  1.33079e+25 
  39    0.2909312  1.25611e+25 
  40    0.2973018  1.16768e+25 
  41    0.3038118  1.07323e+25 
  42    0.3104645  1.01748e+25 
  43    0.3172627  9.34566e+24 
  44    0.3242099  8.76930e+24 
  45    0.3313092  8.15932e+24 
  46    0.3385639  7.67714e+24 
  47    0.3459775  7.20713e+24 
  48    0.3535534  6.88717e+24 
  49    0.3612952  6.52819e+24 
  50    0.3692065  6.18070e+24 
  51    0.3772911  5.89793e+24 
  52    0.3855527  5.61773e+24 
  53    0.3939952  5.44448e+24 
  54    0.4026226  5.19510e+24 
  55    0.4114389  4.81979e+24 
  56    0.4204482  4.52956e+24 
  57    0.4296548  4.26849e+24 
  58    0.4390630  4.02013e+24 
  59    0.4486773  3.75556e+24 
  60    0.4585020  3.62410e+24 
  61    0.4685419  3.41797e+24 
  62    0.4788016  3.17645e+24 
  63    0.4892860  2.88769e+24 
  64    0.5000000  2.65658e+24 
  65    0.5109486  2.45453e+24 
  66    0.5221369  2.27060e+24 
  67    0.5335702  2.04913e+24 
  68    0.5452539  1.87665e+24 
  69    0.5571934  1.70955e+24 
  70    0.5693943  1.58603e+24 
  71    0.5818624  1.43148e+24 
  72    0.5946036  1.24947e+24 
  73    0.6076237  1.12228e+24 
  74    0.6209289  1.00565e+24 
  75    0.6345255  9.30432e+23 
  76    0.6484198  8.61392e+23 
  77    0.6626183  7.81740e+23 
  78    0.6771278  7.00090e+23 
  79    0.6919549  6.85224e+23 
  80    0.7071068  6.33479e+23 
  81    0.7225904  5.82584e+23 
  82    0.7384131  5.36282e+23 
  83    0.7545822  5.06462e+23 
  84    0.7711054  4.85869e+23 
  85    0.7879904  4.68625e+23 
  86    0.8052452  4.48603e+23 
  87    0.8228777  4.30019e+23 
  88    0.8408964  4.02882e+23 
  89    0.8593096  3.89136e+23 
  90    0.8781261  3.94664e+23 
  91    0.8973545  3.74281e+23 
  92    0.9170040  3.63724e+23 
  93    0.9370838  3.58235e+23 
  94    0.9576033  3.49935e+23 
  95    0.9785721  3.36588e+23 
  96    1.0000000  3.30416e+23 
  97    1.0218971  3.11744e+23 
  98    1.0442738  3.05636e+23 
  99    1.0671404  2.98804e+23 
 100    1.0905077  2.96001e+23 
 101    1.1143867  2.82221e+23 
 102    1.1387886  2.72502e+23 
 103    1.1637249  2.67724e+23 
 104    1.1892071  2.59124e+23 
 105    1.2152474  2.56207e+23 
 106    1.2418578  2.56166e+23 
 107    1.2690510  2.51551e+23 
 108    1.2968396  2.47925e+23 
 109    1.3252366  2.57687e+23 
 110    1.3542555  2.58376e+23 
 111    1.3839099  2.49723e+23 
 112    1.4142136  2.47035e+23 
 113    1.4451808  2.50828e+23 
 114    1.4768261  2.47182e+23 
 115    1.5091644  2.42540e+23 
 116    1.5422108  2.48256e+23 
 117    1.5759808  2.44456e+23 
 118    1.6104903  2.39914e+23 
 119    1.6457555  2.46379e+23 
 120    1.6817928  2.46391e+23 
 121    1.7186193  2.43692e+23 
 122    1.7562522  2.47817e+23 
 123    1.7947091  2.51663e+23 
 124    1.8340081  2.52028e+23 
 125    1.8741676  2.53494e+23 
 126    1.9152066  2.55215e+23 
 127    1.9571441  2.54357e+23 
 128    2.0000000  2.54125e+23 
 129    2.0437943  2.54736e+23 
 130    2.0885476  2.56299e+23 
 131    2.1342808  2.51512e+23 
 132    2.1810155  2.52659e+23 
 133    2.2287735  2.54260e+23 
 134    2.2775773  2.56403e+23 
 135    2.3274497  2.65644e+23 
 136    2.3784142  2.69365e+23 
 137    2.4304947  2.74269e+23 
 138    2.4837156  2.75352e+23 
 139    2.5381019  2.78121e+23 
 140    2.5936791  2.86316e+23 
 141    2.6504733  2.87935e+23 
 142    2.7085111  2.96882e+23 
 143    2.7678198  3.01478e+23 
 144    2.8284271  3.08216e+23 
 145    2.8903616  3.11659e+23 
 146    2.9536523  3.13867e+23 
 147    3.0183289  3.14445e+23 
 148    3.0844217  3.16697e+23 
 149    3.1519617  3.24364e+23 
 150    3.2209807  3.29577e+23 
 151    3.2915110  3.36696e+23 
 152    3.3635857  3.42190e+23 
 153    3.4372386  3.44681e+23 
 154    3.5125043  3.41810e+23 
 155    3.5894182  3.42512e+23 
 156    3.6680162  3.38130e+23 
 157    3.7483353  3.38390e+23 
 158    3.8304131  3.37273e+23 
 159    3.9142882  3.36470e+23 
 160    4.0000000  3.35307e+23 
 161    4.0875886  3.29803e+23 
 162    4.1770951  3.24752e+23 
 163    4.2685616  3.14837e+23 
 164    4.3620309  3.05776e+23 
 165    4.4575470  3.00431e+23 
 166    4.5551545  2.98101e+23 
 167    4.6548994  2.92250e+23 
 168    4.7568285  2.87658e+23 
 169    4.8609894  2.82291e+23 
 170    4.9674312  2.74179e+23 
 171    5.0762038  2.66970e+23 
 172    5.1873582  2.59568e+23 
 173    5.3009466  2.55187e+23 
 174    5.4170222  2.49925e+23 
 175    5.5356395  2.44418e+23 
 176    5.6568542  2.38556e+23 
 177    5.7807232  2.30218e+23 
 178    5.9073046  2.22247e+23 
 179    6.0366577  2.17697e+23 
 180    6.1688433  2.10594e+23 
 181    6.3039234  2.04239e+23 
 182    6.4419613  1.98355e+23 
 183    6.5830219  1.95661e+23 
 184    6.7271713  1.90788e+23 
 185    6.8744772  1.84337e+23 
 186    7.0250086  1.79376e+23 
 187    7.1788363  1.75646e+23 
 188    7.3360323  1.72137e+23 
 189    7.4966705  1.68602e+23 


