# 1:iteration 2:time bin[s] 3-k:equiv. isotropic luminosity in k-th angular bin [erg/s]
# bolometric luminosity going in angular bin
   0    0.1250000  8.23396e+40 
   1    0.1277371  8.30443e+40 
   2    0.1305342  8.37644e+40 
   3    0.1333926  8.45003e+40 
   4    0.1363135  8.50860e+40 
   5    0.1392983  8.56181e+40 
   6    0.1423486  8.59909e+40 
   7    0.1454656  8.62625e+40 
   8    0.1486509  8.64216e+40 
   9    0.1519059  8.64060e+40 
  10    0.1552322  8.62244e+40 
  11    0.1586314  8.59579e+40 
  12    0.1621049  8.54704e+40 
  13    0.1656546  8.48438e+40 
  14    0.1692819  8.40788e+40 
  15    0.1729887  8.31669e+40 
  16    0.1767767  8.20916e+40 
  17    0.1806476  8.08914e+40 
  18    0.1846033  7.95468e+40 
  19    0.1886456  7.80846e+40 
  20    0.1927764  7.65253e+40 
  21    0.1969976  7.48634e+40 
  22    0.2013113  7.31748e+40 
  23    0.2057194  7.14574e+40 
  24    0.2102241  6.96572e+40 
  25    0.2148274  6.78692e+40 
  26    0.2195315  6.60781e+40 
  27    0.2243386  6.42815e+40 
  28    0.2292510  6.25292e+40 
  29    0.2342710  6.07851e+40 
  30    0.2394008  5.90571e+40 
  31    0.2446430  5.73908e+40 
  32    0.2500000  5.57491e+40 
  33    0.2554743  5.41180e+40 
  34    0.2610684  5.25502e+40 
  35    0.2667851  5.10071e+40 
  36    0.2726269  4.95460e+40 
  37    0.2785967  4.81058e+40 
  38    0.2846972  4.68054e+40 
  39    0.2909312  4.56297e+40 
  40    0.2973018  4.44593e+40 
  41    0.3038118  4.34188e+40 
  42    0.3104645  4.24690e+40 
  43    0.3172627  4.16147e+40 
  44    0.3242099  4.09371e+40 
  45    0.3313092  4.03739e+40 
  46    0.3385639  3.98764e+40 
  47    0.3459775  3.94547e+40 
  48    0.3535534  3.89131e+40 
  49    0.3612952  3.84002e+40 
  50    0.3692065  3.77152e+40 
  51    0.3772911  3.70071e+40 
  52    0.3855527  3.63353e+40 
  53    0.3939952  3.56436e+40 
  54    0.4026226  3.49813e+40 
  55    0.4114389  3.42042e+40 
  56    0.4204482  3.35245e+40 
  57    0.4296548  3.28227e+40 
  58    0.4390630  3.20989e+40 
  59    0.4486773  3.14366e+40 
  60    0.4585020  3.08637e+40 
  61    0.4685419  3.03825e+40 
  62    0.4788016  2.99579e+40 
  63    0.4892860  2.95514e+40 
  64    0.5000000  2.91859e+40 
  65    0.5109486  2.88526e+40 
  66    0.5221369  2.85539e+40 
  67    0.5335702  2.82419e+40 
  68    0.5452539  2.79237e+40 
  69    0.5571934  2.75567e+40 
  70    0.5693943  2.70855e+40 
  71    0.5818624  2.66016e+40 
  72    0.5946036  2.60388e+40 
  73    0.6076237  2.55230e+40 
  74    0.6209289  2.49963e+40 
  75    0.6345255  2.45396e+40 
  76    0.6484198  2.40972e+40 
  77    0.6626183  2.36012e+40 
  78    0.6771278  2.31644e+40 
  79    0.6919549  2.27369e+40 
  80    0.7071068  2.23057e+40 
  81    0.7225904  2.19529e+40 
  82    0.7384131  2.16301e+40 
  83    0.7545822  2.13586e+40 
  84    0.7711054  2.11017e+40 
  85    0.7879904  2.08290e+40 
  86    0.8052452  2.05078e+40 
  87    0.8228777  2.01657e+40 
  88    0.8408964  1.97451e+40 
  89    0.8593096  1.92823e+40 
  90    0.8781261  1.87987e+40 
  91    0.8973545  1.82518e+40 
  92    0.9170040  1.76728e+40 
  93    0.9370838  1.70528e+40 
  94    0.9576033  1.64039e+40 
  95    0.9785721  1.57208e+40 
  96    1.0000000  1.49897e+40 
  97    1.0218971  1.42395e+40 
  98    1.0442738  1.34685e+40 
  99    1.0671404  1.26876e+40 
 100    1.0905077  1.18921e+40 
 101    1.1143867  1.10835e+40 
 102    1.1387886  1.02645e+40 
 103    1.1637249  9.43163e+39 
 104    1.1892071  8.59814e+39 
 105    1.2152474  7.77264e+39 
 106    1.2418578  6.93950e+39 
 107    1.2690510  6.15446e+39 
 108    1.2968396  5.40110e+39 
 109    1.3252366  4.65538e+39 
 110    1.3542555  3.99179e+39 
 111    1.3839099  3.37888e+39 
 112    1.4142136  2.80110e+39 
 113    1.4451808  2.31657e+39 
 114    1.4768261  1.89224e+39 
 115    1.5091644  1.52174e+39 
 116    1.5422108  1.22746e+39 
 117    1.5759808  9.82631e+38 
 118    1.6104903  7.83617e+38 
 119    1.6457555  6.29294e+38 
 120    1.6817928  5.06717e+38 
 121    1.7186193  4.16407e+38 
 122    1.7562522  3.47223e+38 
 123    1.7947091  2.95224e+38 
 124    1.8340081  2.56739e+38 
 125    1.8741676  2.28962e+38 
 126    1.9152066  2.05957e+38 
 127    1.9571441  1.87447e+38 
 128    2.0000000  1.72546e+38 
 129    2.0437943  1.59570e+38 
 130    2.0885476  1.48253e+38 
 131    2.1342808  1.38150e+38 
 132    2.1810155  1.29085e+38 
 133    2.2287735  1.20715e+38 
 134    2.2775773  1.12959e+38 
 135    2.3274497  1.05869e+38 
 136    2.3784142  9.92433e+37 
 137    2.4304947  9.30179e+37 
 138    2.4837156  8.73130e+37 
 139    2.5381019  8.19571e+37 
 140    2.5936791  7.68627e+37 
 141    2.6504733  7.21833e+37 
 142    2.7085111  6.77664e+37 
 143    2.7678198  6.35467e+37 
 144    2.8284271  5.96660e+37 
 145    2.8903616  5.60055e+37 
 146    2.9536523  5.25549e+37 
 147    3.0183289  4.92753e+37 
 148    3.0844217  4.62328e+37 
 149    3.1519617  4.33551e+37 
 150    3.2209807  4.06208e+37 
 151    3.2915110  3.80896e+37 
 152    3.3635857  3.57015e+37 
 153    3.4372386  3.34278e+37 
 154    3.5125043  3.13239e+37 
 155    3.5894182  2.93384e+37 
 156    3.6680162  2.74448e+37 
 157    3.7483353  2.56977e+37 
 158    3.8304131  2.40498e+37 
 159    3.9142882  2.24761e+37 
 160    4.0000000  2.10263e+37 
 161    4.0875886  1.96601e+37 
 162    4.1770951  1.83551e+37 
 163    4.2685616  1.71576e+37 
 164    4.3620309  1.60295e+37 
 165    4.4575470  1.49507e+37 
 166    4.5551545  1.39656e+37 
 167    4.6548994  1.30389e+37 
 168    4.7568285  1.21540e+37 
 169    4.8609894  1.13463e+37 
 170    4.9674312  1.05886e+37 
 171    5.0762038  9.87584e+36 
 172    5.1873582  9.20429e+36 
 173    5.3009466  8.58696e+36 
 174    5.4170222  8.00878e+36 
 175    5.5356395  7.46168e+36 
 176    5.6568542  6.96120e+36 
 177    5.7807232  6.49203e+36 
 178    5.9073046  6.04965e+36 
 179    6.0366577  5.64531e+36 
 180    6.1688433  5.26723e+36 
 181    6.3039234  4.91018e+36 
 182    6.4419613  4.58442e+36 
 183    6.5830219  4.28126e+36 
 184    6.7271713  3.99400e+36 
 185    6.8744772  3.73326e+36 
 186    7.0250086  3.47474e+36 
 187    7.1788363  3.22364e+36 
 188    7.3360323  2.98229e+36 
 189    7.4966705  2.75841e+36 


# g-band (filter: g_LSST.dat)
   0    0.1250000  1.46033e+26 
   1    0.1277371  1.45775e+26 
   2    0.1305342  1.45512e+26 
   3    0.1333926  1.45244e+26 
   4    0.1363135  1.44697e+26 
   5    0.1392983  1.43999e+26 
   6    0.1423486  1.42979e+26 
   7    0.1454656  1.41699e+26 
   8    0.1486509  1.40198e+26 
   9    0.1519059  1.38377e+26 
  10    0.1552322  1.36282e+26 
  11    0.1586314  1.33968e+26 
  12    0.1621049  1.31300e+26 
  13    0.1656546  1.28312e+26 
  14    0.1692819  1.25108e+26 
  15    0.1729887  1.21616e+26 
  16    0.1767767  1.17834e+26 
  17    0.1806476  1.13751e+26 
  18    0.1846033  1.09402e+26 
  19    0.1886456  1.04800e+26 
  20    0.1927764  1.00018e+26 
  21    0.1969976  9.50493e+25 
  22    0.2013113  8.99735e+25 
  23    0.2057194  8.48318e+25 
  24    0.2102241  7.95115e+25 
  25    0.2148274  7.43067e+25 
  26    0.2195315  6.91324e+25 
  27    0.2243386  6.39256e+25 
  28    0.2292510  5.89377e+25 
  29    0.2342710  5.40940e+25 
  30    0.2394008  4.93558e+25 
  31    0.2446430  4.49704e+25 
  32    0.2500000  4.07315e+25 
  33    0.2554743  3.66431e+25 
  34    0.2610684  3.29101e+25 
  35    0.2667851  2.94213e+25 
  36    0.2726269  2.61838e+25 
  37    0.2785967  2.31253e+25 
  38    0.2846972  2.03832e+25 
  39    0.2909312  1.78869e+25 
  40    0.2973018  1.56185e+25 
  41    0.3038118  1.36593e+25 
  42    0.3104645  1.18711e+25 
  43    0.3172627  1.02656e+25 
  44    0.3242099  8.91403e+24 
  45    0.3313092  7.71853e+24 
  46    0.3385639  6.67209e+24 
  47    0.3459775  5.77727e+24 
  48    0.3535534  5.00700e+24 
  49    0.3612952  4.35711e+24 
  50    0.3692065  3.81095e+24 
  51    0.3772911  3.34940e+24 
  52    0.3855527  2.92086e+24 
  53    0.3939952  2.56808e+24 
  54    0.4026226  2.27364e+24 
  55    0.4114389  2.01605e+24 
  56    0.4204482  1.79879e+24 
  57    0.4296548  1.61153e+24 
  58    0.4390630  1.45576e+24 
  59    0.4486773  1.32699e+24 
  60    0.4585020  1.21798e+24 
  61    0.4685419  1.12824e+24 
  62    0.4788016  1.05316e+24 
  63    0.4892860  9.87928e+23 
  64    0.5000000  9.37825e+23 
  65    0.5109486  8.91841e+23 
  66    0.5221369  8.50108e+23 
  67    0.5335702  8.19437e+23 
  68    0.5452539  7.95266e+23 
  69    0.5571934  7.76504e+23 
  70    0.5693943  7.55222e+23 
  71    0.5818624  7.40266e+23 
  72    0.5946036  7.25821e+23 
  73    0.6076237  7.16323e+23 
  74    0.6209289  7.07462e+23 
  75    0.6345255  7.00678e+23 
  76    0.6484198  6.91346e+23 
  77    0.6626183  6.84778e+23 
  78    0.6771278  6.77783e+23 
  79    0.6919549  6.70202e+23 
  80    0.7071068  6.61442e+23 
  81    0.7225904  6.54498e+23 
  82    0.7384131  6.46482e+23 
  83    0.7545822  6.35570e+23 
  84    0.7711054  6.24199e+23 
  85    0.7879904  6.06467e+23 
  86    0.8052452  5.86335e+23 
  87    0.8228777  5.67184e+23 
  88    0.8408964  5.41699e+23 
  89    0.8593096  5.12921e+23 
  90    0.8781261  4.84437e+23 
  91    0.8973545  4.53580e+23 
  92    0.9170040  4.21636e+23 
  93    0.9370838  3.87414e+23 
  94    0.9576033  3.54114e+23 
  95    0.9785721  3.22261e+23 
  96    1.0000000  2.89039e+23 
  97    1.0218971  2.60184e+23 
  98    1.0442738  2.32320e+23 
  99    1.0671404  2.05779e+23 
 100    1.0905077  1.83469e+23 
 101    1.1143867  1.63733e+23 
 102    1.1387886  1.45713e+23 
 103    1.1637249  1.29116e+23 
 104    1.1892071  1.14789e+23 
 105    1.2152474  1.02296e+23 
 106    1.2418578  9.17546e+22 
 107    1.2690510  8.23999e+22 
 108    1.2968396  7.41166e+22 
 109    1.3252366  6.67757e+22 
 110    1.3542555  6.06093e+22 
 111    1.3839099  5.48264e+22 
 112    1.4142136  4.98795e+22 
 113    1.4451808  4.55653e+22 
 114    1.4768261  4.15568e+22 
 115    1.5091644  3.79338e+22 
 116    1.5422108  3.46939e+22 
 117    1.5759808  3.17045e+22 
 118    1.6104903  2.89545e+22 
 119    1.6457555  2.65112e+22 
 120    1.6817928  2.42485e+22 
 121    1.7186193  2.21124e+22 
 122    1.7562522  2.02236e+22 
 123    1.7947091  1.84634e+22 
 124    1.8340081  1.68256e+22 
 125    1.8741676  1.53223e+22 
 126    1.9152066  1.39336e+22 
 127    1.9571441  1.26565e+22 
 128    2.0000000  1.14512e+22 
 129    2.0437943  1.03553e+22 
 130    2.0885476  9.33964e+21 
 131    2.1342808  8.38532e+21 
 132    2.1810155  7.51877e+21 
 133    2.2287735  6.73179e+21 
 134    2.2775773  5.98054e+21 
 135    2.3274497  5.30982e+21 
 136    2.3784142  4.69856e+21 
 137    2.4304947  4.12215e+21 
 138    2.4837156  3.61375e+21 
 139    2.5381019  3.15239e+21 
 140    2.5936791  2.73037e+21 
 141    2.6504733  2.35825e+21 
 142    2.7085111  2.02647e+21 
 143    2.7678198  1.72669e+21 
 144    2.8284271  1.47478e+21 
 145    2.8903616  1.24554e+21 
 146    2.9536523  1.04462e+21 
 147    3.0183289  8.69427e+20 
 148    3.0844217  7.20349e+20 
 149    3.1519617  5.93312e+20 
 150    3.2209807  4.84176e+20 
 151    3.2915110  3.95902e+20 
 152    3.3635857  3.19038e+20 
 153    3.4372386  2.54471e+20 
 154    3.5125043  2.02292e+20 
 155    3.5894182  1.58695e+20 
 156    3.6680162  1.23560e+20 
 157    3.7483353  9.55396e+19 
 158    3.8304131  7.35222e+19 
 159    3.9142882  5.60348e+19 
 160    4.0000000  4.24440e+19 
 161    4.0875886  3.20512e+19 
 162    4.1770951  2.39094e+19 
 163    4.2685616  1.75336e+19 
 164    4.3620309  1.27327e+19 
 165    4.4575470  9.03065e+18 
 166    4.5551545  6.30245e+18 
 167    4.6548994  4.40901e+18 
 168    4.7568285  3.07430e+18 
 169    4.8609894  2.13083e+18 
 170    4.9674312  1.42641e+18 
 171    5.0762038  9.35517e+17 
 172    5.1873582  6.70092e+17 
 173    5.3009466  4.66134e+17 
 174    5.4170222  2.82227e+17 
 175    5.5356395  1.89497e+17 
 176    5.6568542  1.26498e+17 
 177    5.7807232  8.54917e+16 
 178    5.9073046  5.54694e+16 
 179    6.0366577  3.28375e+16 
 180    6.1688433  2.43912e+16 
 181    6.3039234  1.53357e+16 
 182    6.4419613  5.74775e+15 
 183    6.5830219  2.63791e+15 
 184    6.7271713  1.08706e+15 
 185    6.8744772  1.75135e+14 
 186    7.0250086  1.57064e+14 
 187    7.1788363  0.00000e+00 
 188    7.3360323  0.00000e+00 
 189    7.4966705  0.00000e+00 


# r-band (filter: r_LSST.dat)
   0    0.1250000  1.74460e+26 
   1    0.1277371  1.76385e+26 
   2    0.1305342  1.78351e+26 
   3    0.1333926  1.80360e+26 
   4    0.1363135  1.82270e+26 
   5    0.1392983  1.83938e+26 
   6    0.1423486  1.85335e+26 
   7    0.1454656  1.86532e+26 
   8    0.1486509  1.87569e+26 
   9    0.1519059  1.88248e+26 
  10    0.1552322  1.88768e+26 
  11    0.1586314  1.89123e+26 
  12    0.1621049  1.89146e+26 
  13    0.1656546  1.88955e+26 
  14    0.1692819  1.88507e+26 
  15    0.1729887  1.87840e+26 
  16    0.1767767  1.86751e+26 
  17    0.1806476  1.85507e+26 
  18    0.1846033  1.83983e+26 
  19    0.1886456  1.82202e+26 
  20    0.1927764  1.80162e+26 
  21    0.1969976  1.77912e+26 
  22    0.2013113  1.75416e+26 
  23    0.2057194  1.72785e+26 
  24    0.2102241  1.69883e+26 
  25    0.2148274  1.66765e+26 
  26    0.2195315  1.63536e+26 
  27    0.2243386  1.60189e+26 
  28    0.2292510  1.56739e+26 
  29    0.2342710  1.53081e+26 
  30    0.2394008  1.49301e+26 
  31    0.2446430  1.45399e+26 
  32    0.2500000  1.41454e+26 
  33    0.2554743  1.37356e+26 
  34    0.2610684  1.33184e+26 
  35    0.2667851  1.28951e+26 
  36    0.2726269  1.24810e+26 
  37    0.2785967  1.20779e+26 
  38    0.2846972  1.17410e+26 
  39    0.2909312  1.14725e+26 
  40    0.2973018  1.11841e+26 
  41    0.3038118  1.09302e+26 
  42    0.3104645  1.07064e+26 
  43    0.3172627  1.05397e+26 
  44    0.3242099  1.04511e+26 
  45    0.3313092  1.04206e+26 
  46    0.3385639  1.04230e+26 
  47    0.3459775  1.04607e+26 
  48    0.3535534  1.03956e+26 
  49    0.3612952  1.03063e+26 
  50    0.3692065  1.00660e+26 
  51    0.3772911  9.79457e+25 
  52    0.3855527  9.54231e+25 
  53    0.3939952  9.27698e+25 
  54    0.4026226  9.03737e+25 
  55    0.4114389  8.70667e+25 
  56    0.4204482  8.44779e+25 
  57    0.4296548  8.17409e+25 
  58    0.4390630  7.87966e+25 
  59    0.4486773  7.61914e+25 
  60    0.4585020  7.42105e+25 
  61    0.4685419  7.29035e+25 
  62    0.4788016  7.20516e+25 
  63    0.4892860  7.12633e+25 
  64    0.5000000  7.07003e+25 
  65    0.5109486  7.03181e+25 
  66    0.5221369  7.01027e+25 
  67    0.5335702  7.00353e+25 
  68    0.5452539  6.99404e+25 
  69    0.5571934  6.97523e+25 
  70    0.5693943  6.86445e+25 
  71    0.5818624  6.73237e+25 
  72    0.5946036  6.50607e+25 
  73    0.6076237  6.29749e+25 
  74    0.6209289  6.08779e+25 
  75    0.6345255  5.88632e+25 
  76    0.6484198  5.69178e+25 
  77    0.6626183  5.44320e+25 
  78    0.6771278  5.22617e+25 
  79    0.6919549  4.98674e+25 
  80    0.7071068  4.71866e+25 
  81    0.7225904  4.48380e+25 
  82    0.7384131  4.25823e+25 
  83    0.7545822  4.07840e+25 
  84    0.7711054  3.90445e+25 
  85    0.7879904  3.72083e+25 
  86    0.8052452  3.51459e+25 
  87    0.8228777  3.30008e+25 
  88    0.8408964  3.06600e+25 
  89    0.8593096  2.82694e+25 
  90    0.8781261  2.58128e+25 
  91    0.8973545  2.34219e+25 
  92    0.9170040  2.10825e+25 
  93    0.9370838  1.86862e+25 
  94    0.9576033  1.65577e+25 
  95    0.9785721  1.44994e+25 
  96    1.0000000  1.24875e+25 
  97    1.0218971  1.07166e+25 
  98    1.0442738  9.11981e+24 
  99    1.0671404  7.68822e+24 
 100    1.0905077  6.47286e+24 
 101    1.1143867  5.43030e+24 
 102    1.1387886  4.52275e+24 
 103    1.1637249  3.73377e+24 
 104    1.1892071  3.07737e+24 
 105    1.2152474  2.52130e+24 
 106    1.2418578  2.03854e+24 
 107    1.2690510  1.64871e+24 
 108    1.2968396  1.32092e+24 
 109    1.3252366  1.06166e+24 
 110    1.3542555  8.55493e+23 
 111    1.3839099  6.93954e+23 
 112    1.4142136  5.75435e+23 
 113    1.4451808  4.82453e+23 
 114    1.4768261  4.11710e+23 
 115    1.5091644  3.58942e+23 
 116    1.5422108  3.16872e+23 
 117    1.5759808  2.82596e+23 
 118    1.6104903  2.55470e+23 
 119    1.6457555  2.32666e+23 
 120    1.6817928  2.12635e+23 
 121    1.7186193  1.94954e+23 
 122    1.7562522  1.79542e+23 
 123    1.7947091  1.65682e+23 
 124    1.8340081  1.53236e+23 
 125    1.8741676  1.41864e+23 
 126    1.9152066  1.31414e+23 
 127    1.9571441  1.21622e+23 
 128    2.0000000  1.12556e+23 
 129    2.0437943  1.04142e+23 
 130    2.0885476  9.62499e+22 
 131    2.1342808  8.87747e+22 
 132    2.1810155  8.18723e+22 
 133    2.2287735  7.53680e+22 
 134    2.2775773  6.91822e+22 
 135    2.3274497  6.34839e+22 
 136    2.3784142  5.80993e+22 
 137    2.4304947  5.29953e+22 
 138    2.4837156  4.82978e+22 
 139    2.5381019  4.39101e+22 
 140    2.5936791  3.97212e+22 
 141    2.6504733  3.59403e+22 
 142    2.7085111  3.23849e+22 
 143    2.7678198  2.90179e+22 
 144    2.8284271  2.59733e+22 
 145    2.8903616  2.31455e+22 
 146    2.9536523  2.05403e+22 
 147    3.0183289  1.81066e+22 
 148    3.0844217  1.59287e+22 
 149    3.1519617  1.39377e+22 
 150    3.2209807  1.21026e+22 
 151    3.2915110  1.04749e+22 
 152    3.3635857  9.01502e+21 
 153    3.4372386  7.67881e+21 
 154    3.5125043  6.52634e+21 
 155    3.5894182  5.50356e+21 
 156    3.6680162  4.59297e+21 
 157    3.7483353  3.82508e+21 
 158    3.8304131  3.15532e+21 
 159    3.9142882  2.57322e+21 
 160    4.0000000  2.09307e+21 
 161    4.0875886  1.68548e+21 
 162    4.1770951  1.33978e+21 
 163    4.2685616  1.06447e+21 
 164    4.3620309  8.33986e+20 
 165    4.4575470  6.46835e+20 
 166    4.5551545  5.00485e+20 
 167    4.6548994  3.82910e+20 
 168    4.7568285  2.88928e+20 
 169    4.8609894  2.16989e+20 
 170    4.9674312  1.61007e+20 
 171    5.0762038  1.17008e+20 
 172    5.1873582  8.57207e+19 
 173    5.3009466  6.15358e+19 
 174    5.4170222  4.32049e+19 
 175    5.5356395  3.04035e+19 
 176    5.6568542  2.12235e+19 
 177    5.7807232  1.43793e+19 
 178    5.9073046  1.00521e+19 
 179    6.0366577  6.64128e+18 
 180    6.1688433  4.28231e+18 
 181    6.3039234  2.85983e+18 
 182    6.4419613  1.86678e+18 
 183    6.5830219  1.19713e+18 
 184    6.7271713  7.84940e+17 
 185    6.8744772  4.99967e+17 
 186    7.0250086  2.99023e+17 
 187    7.1788363  1.61730e+17 
 188    7.3360323  6.62758e+16 
 189    7.4966705  1.57407e+16 


# i-band (filter: i_LSST.dat)
   0    0.1250000  1.29947e+26 
   1    0.1277371  1.32237e+26 
   2    0.1305342  1.34578e+26 
   3    0.1333926  1.36970e+26 
   4    0.1363135  1.39066e+26 
   5    0.1392983  1.40936e+26 
   6    0.1423486  1.42530e+26 
   7    0.1454656  1.43799e+26 
   8    0.1486509  1.44795e+26 
   9    0.1519059  1.45446e+26 
  10    0.1552322  1.45741e+26 
  11    0.1586314  1.45864e+26 
  12    0.1621049  1.45475e+26 
  13    0.1656546  1.44810e+26 
  14    0.1692819  1.43875e+26 
  15    0.1729887  1.42683e+26 
  16    0.1767767  1.41136e+26 
  17    0.1806476  1.39261e+26 
  18    0.1846033  1.37099e+26 
  19    0.1886456  1.34719e+26 
  20    0.1927764  1.32111e+26 
  21    0.1969976  1.29346e+26 
  22    0.2013113  1.26628e+26 
  23    0.2057194  1.24026e+26 
  24    0.2102241  1.21201e+26 
  25    0.2148274  1.18605e+26 
  26    0.2195315  1.16085e+26 
  27    0.2243386  1.13589e+26 
  28    0.2292510  1.11312e+26 
  29    0.2342710  1.09198e+26 
  30    0.2394008  1.07201e+26 
  31    0.2446430  1.05351e+26 
  32    0.2500000  1.03722e+26 
  33    0.2554743  1.02131e+26 
  34    0.2610684  1.00703e+26 
  35    0.2667851  9.93255e+25 
  36    0.2726269  9.82367e+25 
  37    0.2785967  9.70594e+25 
  38    0.2846972  9.60970e+25 
  39    0.2909312  9.54012e+25 
  40    0.2973018  9.48306e+25 
  41    0.3038118  9.46291e+25 
  42    0.3104645  9.49125e+25 
  43    0.3172627  9.53578e+25 
  44    0.3242099  9.63135e+25 
  45    0.3313092  9.74118e+25 
  46    0.3385639  9.86930e+25 
  47    0.3459775  9.98916e+25 
  48    0.3535534  1.00772e+26 
  49    0.3612952  1.01992e+26 
  50    0.3692065  1.02336e+26 
  51    0.3772911  1.02359e+26 
  52    0.3855527  1.02247e+26 
  53    0.3939952  1.01554e+26 
  54    0.4026226  1.00528e+26 
  55    0.4114389  9.89646e+25 
  56    0.4204482  9.70558e+25 
  57    0.4296548  9.49276e+25 
  58    0.4390630  9.25567e+25 
  59    0.4486773  8.99794e+25 
  60    0.4585020  8.74151e+25 
  61    0.4685419  8.49138e+25 
  62    0.4788016  8.24440e+25 
  63    0.4892860  8.00229e+25 
  64    0.5000000  7.77363e+25 
  65    0.5109486  7.54375e+25 
  66    0.5221369  7.31588e+25 
  67    0.5335702  7.05863e+25 
  68    0.5452539  6.78941e+25 
  69    0.5571934  6.45169e+25 
  70    0.5693943  6.09976e+25 
  71    0.5818624  5.75454e+25 
  72    0.5946036  5.42357e+25 
  73    0.6076237  5.12444e+25 
  74    0.6209289  4.79580e+25 
  75    0.6345255  4.53614e+25 
  76    0.6484198  4.28084e+25 
  77    0.6626183  4.01910e+25 
  78    0.6771278  3.79545e+25 
  79    0.6919549  3.59552e+25 
  80    0.7071068  3.43538e+25 
  81    0.7225904  3.33060e+25 
  82    0.7384131  3.24263e+25 
  83    0.7545822  3.17314e+25 
  84    0.7711054  3.10537e+25 
  85    0.7879904  3.04278e+25 
  86    0.8052452  2.97490e+25 
  87    0.8228777  2.90474e+25 
  88    0.8408964  2.81727e+25 
  89    0.8593096  2.72396e+25 
  90    0.8781261  2.63192e+25 
  91    0.8973545  2.53077e+25 
  92    0.9170040  2.43144e+25 
  93    0.9370838  2.32419e+25 
  94    0.9576033  2.22457e+25 
  95    0.9785721  2.12389e+25 
  96    1.0000000  2.01482e+25 
  97    1.0218971  1.91150e+25 
  98    1.0442738  1.80726e+25 
  99    1.0671404  1.70986e+25 
 100    1.0905077  1.61089e+25 
 101    1.1143867  1.50891e+25 
 102    1.1387886  1.40454e+25 
 103    1.1637249  1.29895e+25 
 104    1.1892071  1.18434e+25 
 105    1.2152474  1.06909e+25 
 106    1.2418578  9.48507e+24 
 107    1.2690510  8.34443e+24 
 108    1.2968396  7.24980e+24 
 109    1.3252366  6.11089e+24 
 110    1.3542555  5.14085e+24 
 111    1.3839099  4.23635e+24 
 112    1.4142136  3.39114e+24 
 113    1.4451808  2.70964e+24 
 114    1.4768261  2.12589e+24 
 115    1.5091644  1.66643e+24 
 116    1.5422108  1.31191e+24 
 117    1.5759808  1.03986e+24 
 118    1.6104903  8.42785e+23 
 119    1.6457555  6.91056e+23 
 120    1.6817928  5.75488e+23 
 121    1.7186193  4.93045e+23 
 122    1.7562522  4.27932e+23 
 123    1.7947091  3.78420e+23 
 124    1.8340081  3.39960e+23 
 125    1.8741676  3.08540e+23 
 126    1.9152066  2.81702e+23 
 127    1.9571441  2.58401e+23 
 128    2.0000000  2.38085e+23 
 129    2.0437943  2.19705e+23 
 130    2.0885476  2.03243e+23 
 131    2.1342808  1.88221e+23 
 132    2.1810155  1.74558e+23 
 133    2.2287735  1.62049e+23 
 134    2.2775773  1.50207e+23 
 135    2.3274497  1.39369e+23 
 136    2.3784142  1.29125e+23 
 137    2.4304947  1.19400e+23 
 138    2.4837156  1.10379e+23 
 139    2.5381019  1.01842e+23 
 140    2.5936791  9.36677e+22 
 141    2.6504733  8.61286e+22 
 142    2.7085111  7.90142e+22 
 143    2.7678198  7.21862e+22 
 144    2.8284271  6.59434e+22 
 145    2.8903616  6.00424e+22 
 146    2.9536523  5.45351e+22 
 147    3.0183289  4.92666e+22 
 148    3.0844217  4.44432e+22 
 149    3.1519617  3.99407e+22 
 150    3.2209807  3.57007e+22 
 151    3.2915110  3.18577e+22 
 152    3.3635857  2.82959e+22 
 153    3.4372386  2.49516e+22 
 154    3.5125043  2.19473e+22 
 155    3.5894182  1.92075e+22 
 156    3.6680162  1.66609e+22 
 157    3.7483353  1.44183e+22 
 158    3.8304131  1.23900e+22 
 159    3.9142882  1.05270e+22 
 160    4.0000000  8.93326e+21 
 161    4.0875886  7.51943e+21 
 162    4.1770951  6.24791e+21 
 163    4.2685616  5.18049e+21 
 164    4.3620309  4.25180e+21 
 165    4.4575470  3.44183e+21 
 166    4.5551545  2.78726e+21 
 167    4.6548994  2.22489e+21 
 168    4.7568285  1.75311e+21 
 169    4.8609894  1.38222e+21 
 170    4.9674312  1.07506e+21 
 171    5.0762038  8.25374e+20 
 172    5.1873582  6.29026e+20 
 173    5.3009466  4.74726e+20 
 174    5.4170222  3.52950e+20 
 175    5.5356395  2.61625e+20 
 176    5.6568542  1.91275e+20 
 177    5.7807232  1.36913e+20 
 178    5.9073046  9.82385e+19 
 179    6.0366577  6.91733e+19 
 180    6.1688433  4.82114e+19 
 181    6.3039234  3.37562e+19 
 182    6.4419613  2.31025e+19 
 183    6.5830219  1.54709e+19 
 184    6.7271713  1.05491e+19 
 185    6.8744772  7.04064e+18 
 186    7.0250086  4.27446e+18 
 187    7.1788363  2.44738e+18 
 188    7.3360323  1.15737e+18 
 189    7.4966705  4.15948e+17 


# z-band (filter: z_LSST.dat)
   0    0.1250000  1.15751e+26 
   1    0.1277371  1.17348e+26 
   2    0.1305342  1.18979e+26 
   3    0.1333926  1.20647e+26 
   4    0.1363135  1.22219e+26 
   5    0.1392983  1.23599e+26 
   6    0.1423486  1.24618e+26 
   7    0.1454656  1.25239e+26 
   8    0.1486509  1.25714e+26 
   9    0.1519059  1.25740e+26 
  10    0.1552322  1.25263e+26 
  11    0.1586314  1.24647e+26 
  12    0.1621049  1.23099e+26 
  13    0.1656546  1.21131e+26 
  14    0.1692819  1.18663e+26 
  15    0.1729887  1.15695e+26 
  16    0.1767767  1.12213e+26 
  17    0.1806476  1.08392e+26 
  18    0.1846033  1.04155e+26 
  19    0.1886456  9.97738e+25 
  20    0.1927764  9.51892e+25 
  21    0.1969976  9.03240e+25 
  22    0.2013113  8.57378e+25 
  23    0.2057194  8.12953e+25 
  24    0.2102241  7.68701e+25 
  25    0.2148274  7.28459e+25 
  26    0.2195315  6.91186e+25 
  27    0.2243386  6.55411e+25 
  28    0.2292510  6.23657e+25 
  29    0.2342710  5.93988e+25 
  30    0.2394008  5.67008e+25 
  31    0.2446430  5.42778e+25 
  32    0.2500000  5.20943e+25 
  33    0.2554743  5.00316e+25 
  34    0.2610684  4.81862e+25 
  35    0.2667851  4.64313e+25 
  36    0.2726269  4.47634e+25 
  37    0.2785967  4.32186e+25 
  38    0.2846972  4.17621e+25 
  39    0.2909312  4.04356e+25 
  40    0.2973018  3.91012e+25 
  41    0.3038118  3.79235e+25 
  42    0.3104645  3.68002e+25 
  43    0.3172627  3.57692e+25 
  44    0.3242099  3.48527e+25 
  45    0.3313092  3.40900e+25 
  46    0.3385639  3.33797e+25 
  47    0.3459775  3.27890e+25 
  48    0.3535534  3.23704e+25 
  49    0.3612952  3.20449e+25 
  50    0.3692065  3.19320e+25 
  51    0.3772911  3.18615e+25 
  52    0.3855527  3.19453e+25 
  53    0.3939952  3.20879e+25 
  54    0.4026226  3.23910e+25 
  55    0.4114389  3.27685e+25 
  56    0.4204482  3.31828e+25 
  57    0.4296548  3.36101e+25 
  58    0.4390630  3.40181e+25 
  59    0.4486773  3.45233e+25 
  60    0.4585020  3.49592e+25 
  61    0.4685419  3.52830e+25 
  62    0.4788016  3.56317e+25 
  63    0.4892860  3.58357e+25 
  64    0.5000000  3.59830e+25 
  65    0.5109486  3.60726e+25 
  66    0.5221369  3.60172e+25 
  67    0.5335702  3.57297e+25 
  68    0.5452539  3.52999e+25 
  69    0.5571934  3.45407e+25 
  70    0.5693943  3.37128e+25 
  71    0.5818624  3.27888e+25 
  72    0.5946036  3.18430e+25 
  73    0.6076237  3.09717e+25 
  74    0.6209289  2.99437e+25 
  75    0.6345255  2.90611e+25 
  76    0.6484198  2.81138e+25 
  77    0.6626183  2.71276e+25 
  78    0.6771278  2.62214e+25 
  79    0.6919549  2.54013e+25 
  80    0.7071068  2.46845e+25 
  81    0.7225904  2.41047e+25 
  82    0.7384131  2.35663e+25 
  83    0.7545822  2.30599e+25 
  84    0.7711054  2.25455e+25 
  85    0.7879904  2.20370e+25 
  86    0.8052452  2.14785e+25 
  87    0.8228777  2.09133e+25 
  88    0.8408964  2.02356e+25 
  89    0.8593096  1.94596e+25 
  90    0.8781261  1.86915e+25 
  91    0.8973545  1.78187e+25 
  92    0.9170040  1.69437e+25 
  93    0.9370838  1.60094e+25 
  94    0.9576033  1.51057e+25 
  95    0.9785721  1.42145e+25 
  96    1.0000000  1.32516e+25 
  97    1.0218971  1.23761e+25 
  98    1.0442738  1.15054e+25 
  99    1.0671404  1.07015e+25 
 100    1.0905077  9.98640e+24 
 101    1.1143867  9.33560e+24 
 102    1.1387886  8.70416e+24 
 103    1.1637249  8.13017e+24 
 104    1.1892071  7.54577e+24 
 105    1.2152474  6.97380e+24 
 106    1.2418578  6.42056e+24 
 107    1.2690510  5.85929e+24 
 108    1.2968396  5.31163e+24 
 109    1.3252366  4.74956e+24 
 110    1.3542555  4.23590e+24 
 111    1.3839099  3.72741e+24 
 112    1.4142136  3.21472e+24 
 113    1.4451808  2.76123e+24 
 114    1.4768261  2.34582e+24 
 115    1.5091644  1.95788e+24 
 116    1.5422108  1.64019e+24 
 117    1.5759808  1.36667e+24 
 118    1.6104903  1.12894e+24 
 119    1.6457555  9.39187e+23 
 120    1.6817928  7.84551e+23 
 121    1.7186193  6.60914e+23 
 122    1.7562522  5.61619e+23 
 123    1.7947091  4.81982e+23 
 124    1.8340081  4.21040e+23 
 125    1.8741676  3.74678e+23 
 126    1.9152066  3.36103e+23 
 127    1.9571441  3.04230e+23 
 128    2.0000000  2.76806e+23 
 129    2.0437943  2.52950e+23 
 130    2.0885476  2.31714e+23 
 131    2.1342808  2.12688e+23 
 132    2.1810155  1.95981e+23 
 133    2.2287735  1.80958e+23 
 134    2.2775773  1.67086e+23 
 135    2.3274497  1.54808e+23 
 136    2.3784142  1.43365e+23 
 137    2.4304947  1.32717e+23 
 138    2.4837156  1.22890e+23 
 139    2.5381019  1.13706e+23 
 140    2.5936791  1.05018e+23 
 141    2.6504733  9.70099e+22 
 142    2.7085111  8.94390e+22 
 143    2.7678198  8.22119e+22 
 144    2.8284271  7.55402e+22 
 145    2.8903616  6.92779e+22 
 146    2.9536523  6.33606e+22 
 147    3.0183289  5.77111e+22 
 148    3.0844217  5.24763e+22 
 149    3.1519617  4.75583e+22 
 150    3.2209807  4.29281e+22 
 151    3.2915110  3.86693e+22 
 152    3.3635857  3.46793e+22 
 153    3.4372386  3.09263e+22 
 154    3.5125043  2.75096e+22 
 155    3.5894182  2.43469e+22 
 156    3.6680162  2.13654e+22 
 157    3.7483353  1.87103e+22 
 158    3.8304131  1.62908e+22 
 159    3.9142882  1.40329e+22 
 160    4.0000000  1.20734e+22 
 161    4.0875886  1.03031e+22 
 162    4.1770951  8.68714e+21 
 163    4.2685616  7.31552e+21 
 164    4.3620309  6.10691e+21 
 165    4.4575470  5.02673e+21 
 166    4.5551545  4.13577e+21 
 167    4.6548994  3.37074e+21 
 168    4.7568285  2.70492e+21 
 169    4.8609894  2.16961e+21 
 170    4.9674312  1.71921e+21 
 171    5.0762038  1.34796e+21 
 172    5.1873582  1.04891e+21 
 173    5.3009466  8.09756e+20 
 174    5.4170222  6.15493e+20 
 175    5.5356395  4.66571e+20 
 176    5.6568542  3.49633e+20 
 177    5.7807232  2.58764e+20 
 178    5.9073046  1.91388e+20 
 179    6.0366577  1.39576e+20 
 180    6.1688433  9.99402e+19 
 181    6.3039234  7.15018e+19 
 182    6.4419613  5.03879e+19 
 183    6.5830219  3.47574e+19 
 184    6.7271713  2.43409e+19 
 185    6.8744772  1.66977e+19 
 186    7.0250086  1.07862e+19 
 187    7.1788363  6.49945e+18 
 188    7.3360323  3.33667e+18 
 189    7.4966705  1.39293e+18 


# y-band (filter: y_LSST.dat)
   0    0.1250000  1.14644e+26 
   1    0.1277371  1.18191e+26 
   2    0.1305342  1.21815e+26 
   3    0.1333926  1.25518e+26 
   4    0.1363135  1.29104e+26 
   5    0.1392983  1.32632e+26 
   6    0.1423486  1.36014e+26 
   7    0.1454656  1.39246e+26 
   8    0.1486509  1.42481e+26 
   9    0.1519059  1.44914e+26 
  10    0.1552322  1.46902e+26 
  11    0.1586314  1.48723e+26 
  12    0.1621049  1.50036e+26 
  13    0.1656546  1.50975e+26 
  14    0.1692819  1.51434e+26 
  15    0.1729887  1.51329e+26 
  16    0.1767767  1.50727e+26 
  17    0.1806476  1.49785e+26 
  18    0.1846033  1.48335e+26 
  19    0.1886456  1.46277e+26 
  20    0.1927764  1.43680e+26 
  21    0.1969976  1.40949e+26 
  22    0.2013113  1.37628e+26 
  23    0.2057194  1.34017e+26 
  24    0.2102241  1.30016e+26 
  25    0.2148274  1.25687e+26 
  26    0.2195315  1.21151e+26 
  27    0.2243386  1.16341e+26 
  28    0.2292510  1.11663e+26 
  29    0.2342710  1.06811e+26 
  30    0.2394008  1.01925e+26 
  31    0.2446430  9.72351e+25 
  32    0.2500000  9.27032e+25 
  33    0.2554743  8.82639e+25 
  34    0.2610684  8.41796e+25 
  35    0.2667851  8.02453e+25 
  36    0.2726269  7.66002e+25 
  37    0.2785967  7.30784e+25 
  38    0.2846972  6.97872e+25 
  39    0.2909312  6.67222e+25 
  40    0.2973018  6.37487e+25 
  41    0.3038118  6.10788e+25 
  42    0.3104645  5.85509e+25 
  43    0.3172627  5.61893e+25 
  44    0.3242099  5.39624e+25 
  45    0.3313092  5.18136e+25 
  46    0.3385639  4.98013e+25 
  47    0.3459775  4.79301e+25 
  48    0.3535534  4.61536e+25 
  49    0.3612952  4.44751e+25 
  50    0.3692065  4.29589e+25 
  51    0.3772911  4.15215e+25 
  52    0.3855527  4.01592e+25 
  53    0.3939952  3.89258e+25 
  54    0.4026226  3.77213e+25 
  55    0.4114389  3.65660e+25 
  56    0.4204482  3.55545e+25 
  57    0.4296548  3.46488e+25 
  58    0.4390630  3.38468e+25 
  59    0.4486773  3.31137e+25 
  60    0.4585020  3.24905e+25 
  61    0.4685419  3.19665e+25 
  62    0.4788016  3.14985e+25 
  63    0.4892860  3.11928e+25 
  64    0.5000000  3.09676e+25 
  65    0.5109486  3.08183e+25 
  66    0.5221369  3.08019e+25 
  67    0.5335702  3.08371e+25 
  68    0.5452539  3.09848e+25 
  69    0.5571934  3.11857e+25 
  70    0.5693943  3.14357e+25 
  71    0.5818624  3.17212e+25 
  72    0.5946036  3.20768e+25 
  73    0.6076237  3.23940e+25 
  74    0.6209289  3.27613e+25 
  75    0.6345255  3.30564e+25 
  76    0.6484198  3.33567e+25 
  77    0.6626183  3.36429e+25 
  78    0.6771278  3.38568e+25 
  79    0.6919549  3.40088e+25 
  80    0.7071068  3.40546e+25 
  81    0.7225904  3.40565e+25 
  82    0.7384131  3.39265e+25 
  83    0.7545822  3.36814e+25 
  84    0.7711054  3.33626e+25 
  85    0.7879904  3.29299e+25 
  86    0.8052452  3.22799e+25 
  87    0.8228777  3.15517e+25 
  88    0.8408964  3.05166e+25 
  89    0.8593096  2.93029e+25 
  90    0.8781261  2.79665e+25 
  91    0.8973545  2.63867e+25 
  92    0.9170040  2.46561e+25 
  93    0.9370838  2.27931e+25 
  94    0.9576033  2.08280e+25 
  95    0.9785721  1.88310e+25 
  96    1.0000000  1.67227e+25 
  97    1.0218971  1.47279e+25 
  98    1.0442738  1.28282e+25 
  99    1.0671404  1.09085e+25 
 100    1.0905077  9.27454e+24 
 101    1.1143867  7.78192e+24 
 102    1.1387886  6.44132e+24 
 103    1.1637249  5.26741e+24 
 104    1.1892071  4.31149e+24 
 105    1.2152474  3.50503e+24 
 106    1.2418578  2.86263e+24 
 107    1.2690510  2.34804e+24 
 108    1.2968396  1.93255e+24 
 109    1.3252366  1.62898e+24 
 110    1.3542555  1.38221e+24 
 111    1.3839099  1.19109e+24 
 112    1.4142136  1.05069e+24 
 113    1.4451808  9.34173e+23 
 114    1.4768261  8.42540e+23 
 115    1.5091644  7.65194e+23 
 116    1.5422108  6.98109e+23 
 117    1.5759808  6.39515e+23 
 118    1.6104903  5.87692e+23 
 119    1.6457555  5.42368e+23 
 120    1.6817928  5.00172e+23 
 121    1.7186193  4.61114e+23 
 122    1.7562522  4.26804e+23 
 123    1.7947091  3.95224e+23 
 124    1.8340081  3.65046e+23 
 125    1.8741676  3.37447e+23 
 126    1.9152066  3.11713e+23 
 127    1.9571441  2.89136e+23 
 128    2.0000000  2.66794e+23 
 129    2.0437943  2.46687e+23 
 130    2.0885476  2.27860e+23 
 131    2.1342808  2.09807e+23 
 132    2.1810155  1.93937e+23 
 133    2.2287735  1.79021e+23 
 134    2.2775773  1.65091e+23 
 135    2.3274497  1.52192e+23 
 136    2.3784142  1.40527e+23 
 137    2.4304947  1.29779e+23 
 138    2.4837156  1.20152e+23 
 139    2.5381019  1.10954e+23 
 140    2.5936791  1.02297e+23 
 141    2.6504733  9.44083e+22 
 142    2.7085111  8.68989e+22 
 143    2.7678198  7.99111e+22 
 144    2.8284271  7.34370e+22 
 145    2.8903616  6.73988e+22 
 146    2.9536523  6.17001e+22 
 147    3.0183289  5.63692e+22 
 148    3.0844217  5.14419e+22 
 149    3.1519617  4.67921e+22 
 150    3.2209807  4.23528e+22 
 151    3.2915110  3.83217e+22 
 152    3.3635857  3.45282e+22 
 153    3.4372386  3.09419e+22 
 154    3.5125043  2.76933e+22 
 155    3.5894182  2.46858e+22 
 156    3.6680162  2.18190e+22 
 157    3.7483353  1.92370e+22 
 158    3.8304131  1.68695e+22 
 159    3.9142882  1.46462e+22 
 160    4.0000000  1.26920e+22 
 161    4.0875886  1.09204e+22 
 162    4.1770951  9.28776e+21 
 163    4.2685616  7.87623e+21 
 164    4.3620309  6.63719e+21 
 165    4.4575470  5.50986e+21 
 166    4.5551545  4.57232e+21 
 167    4.6548994  3.75430e+21 
 168    4.7568285  3.04490e+21 
 169    4.8609894  2.46905e+21 
 170    4.9674312  1.98298e+21 
 171    5.0762038  1.57351e+21 
 172    5.1873582  1.24089e+21 
 173    5.3009466  9.70940e+20 
 174    5.4170222  7.52850e+20 
 175    5.5356395  5.79705e+20 
 176    5.6568542  4.43262e+20 
 177    5.7807232  3.34437e+20 
 178    5.9073046  2.51615e+20 
 179    6.0366577  1.86832e+20 
 180    6.1688433  1.37777e+20 
 181    6.3039234  1.01755e+20 
 182    6.4419613  7.34721e+19 
 183    6.5830219  5.32435e+19 
 184    6.7271713  3.87150e+19 
 185    6.8744772  2.75836e+19 
 186    7.0250086  1.86701e+19 
 187    7.1788363  1.19083e+19 
 188    7.3360323  6.68437e+18 
 189    7.4966705  3.22735e+18 


# J-band (filter: J_2MASS.dat)
   0    0.1250000  8.18456e+25 
   1    0.1277371  8.49192e+25 
   2    0.1305342  8.80601e+25 
   3    0.1333926  9.12697e+25 
   4    0.1363135  9.41307e+25 
   5    0.1392983  9.72977e+25 
   6    0.1423486  1.00400e+26 
   7    0.1454656  1.03592e+26 
   8    0.1486509  1.06748e+26 
   9    0.1519059  1.10057e+26 
  10    0.1552322  1.13577e+26 
  11    0.1586314  1.16956e+26 
  12    0.1621049  1.20339e+26 
  13    0.1656546  1.23958e+26 
  14    0.1692819  1.27729e+26 
  15    0.1729887  1.31649e+26 
  16    0.1767767  1.35682e+26 
  17    0.1806476  1.39742e+26 
  18    0.1846033  1.43906e+26 
  19    0.1886456  1.48078e+26 
  20    0.1927764  1.52210e+26 
  21    0.1969976  1.56343e+26 
  22    0.2013113  1.60259e+26 
  23    0.2057194  1.64224e+26 
  24    0.2102241  1.67973e+26 
  25    0.2148274  1.71472e+26 
  26    0.2195315  1.74750e+26 
  27    0.2243386  1.77930e+26 
  28    0.2292510  1.80699e+26 
  29    0.2342710  1.83181e+26 
  30    0.2394008  1.85420e+26 
  31    0.2446430  1.87216e+26 
  32    0.2500000  1.88587e+26 
  33    0.2554743  1.89748e+26 
  34    0.2610684  1.90387e+26 
  35    0.2667851  1.90538e+26 
  36    0.2726269  1.90470e+26 
  37    0.2785967  1.90054e+26 
  38    0.2846972  1.89269e+26 
  39    0.2909312  1.88061e+26 
  40    0.2973018  1.86413e+26 
  41    0.3038118  1.84386e+26 
  42    0.3104645  1.81854e+26 
  43    0.3172627  1.79018e+26 
  44    0.3242099  1.75663e+26 
  45    0.3313092  1.72151e+26 
  46    0.3385639  1.68224e+26 
  47    0.3459775  1.64136e+26 
  48    0.3535534  1.59969e+26 
  49    0.3612952  1.55507e+26 
  50    0.3692065  1.51231e+26 
  51    0.3772911  1.46988e+26 
  52    0.3855527  1.42771e+26 
  53    0.3939952  1.38836e+26 
  54    0.4026226  1.35005e+26 
  55    0.4114389  1.31364e+26 
  56    0.4204482  1.28100e+26 
  57    0.4296548  1.25012e+26 
  58    0.4390630  1.22221e+26 
  59    0.4486773  1.19675e+26 
  60    0.4585020  1.17452e+26 
  61    0.4685419  1.15385e+26 
  62    0.4788016  1.13520e+26 
  63    0.4892860  1.11956e+26 
  64    0.5000000  1.10473e+26 
  65    0.5109486  1.09316e+26 
  66    0.5221369  1.08492e+26 
  67    0.5335702  1.07764e+26 
  68    0.5452539  1.07191e+26 
  69    0.5571934  1.06781e+26 
  70    0.5693943  1.06549e+26 
  71    0.5818624  1.06511e+26 
  72    0.5946036  1.06683e+26 
  73    0.6076237  1.07017e+26 
  74    0.6209289  1.07451e+26 
  75    0.6345255  1.08022e+26 
  76    0.6484198  1.08659e+26 
  77    0.6626183  1.09388e+26 
  78    0.6771278  1.10077e+26 
  79    0.6919549  1.10755e+26 
  80    0.7071068  1.11444e+26 
  81    0.7225904  1.12206e+26 
  82    0.7384131  1.13028e+26 
  83    0.7545822  1.13728e+26 
  84    0.7711054  1.14419e+26 
  85    0.7879904  1.15078e+26 
  86    0.8052452  1.15576e+26 
  87    0.8228777  1.15957e+26 
  88    0.8408964  1.15918e+26 
  89    0.8593096  1.15529e+26 
  90    0.8781261  1.15024e+26 
  91    0.8973545  1.13894e+26 
  92    0.9170040  1.12329e+26 
  93    0.9370838  1.10435e+26 
  94    0.9576033  1.07736e+26 
  95    0.9785721  1.04550e+26 
  96    1.0000000  1.00832e+26 
  97    1.0218971  9.64371e+25 
  98    1.0442738  9.15386e+25 
  99    1.0671404  8.62184e+25 
 100    1.0905077  8.04424e+25 
 101    1.1143867  7.43924e+25 
 102    1.1387886  6.81655e+25 
 103    1.1637249  6.16456e+25 
 104    1.1892071  5.52422e+25 
 105    1.2152474  4.89323e+25 
 106    1.2418578  4.25514e+25 
 107    1.2690510  3.67194e+25 
 108    1.2968396  3.12318e+25 
 109    1.3252366  2.59523e+25 
 110    1.3542555  2.14474e+25 
 111    1.3839099  1.74608e+25 
 112    1.4142136  1.38492e+25 
 113    1.4451808  1.09624e+25 
 114    1.4768261  8.51410e+24 
 115    1.5091644  6.50845e+24 
 116    1.5422108  4.97231e+24 
 117    1.5759808  3.76510e+24 
 118    1.6104903  2.90390e+24 
 119    1.6457555  2.25559e+24 
 120    1.6817928  1.78701e+24 
 121    1.7186193  1.48361e+24 
 122    1.7562522  1.25506e+24 
 123    1.7947091  1.08982e+24 
 124    1.8340081  9.67963e+23 
 125    1.8741676  8.76843e+23 
 126    1.9152066  7.99033e+23 
 127    1.9571441  7.32289e+23 
 128    2.0000000  6.73441e+23 
 129    2.0437943  6.19940e+23 
 130    2.0885476  5.71084e+23 
 131    2.1342808  5.26201e+23 
 132    2.1810155  4.85028e+23 
 133    2.2287735  4.46563e+23 
 134    2.2775773  4.10163e+23 
 135    2.3274497  3.76947e+23 
 136    2.3784142  3.46099e+23 
 137    2.4304947  3.16654e+23 
 138    2.4837156  2.89777e+23 
 139    2.5381019  2.64793e+23 
 140    2.5936791  2.41165e+23 
 141    2.6504733  2.19728e+23 
 142    2.7085111  1.99692e+23 
 143    2.7678198  1.80740e+23 
 144    2.8284271  1.63587e+23 
 145    2.8903616  1.47731e+23 
 146    2.9536523  1.33100e+23 
 147    3.0183289  1.19410e+23 
 148    3.0844217  1.07100e+23 
 149    3.1519617  9.57663e+22 
 150    3.2209807  8.53016e+22 
 151    3.2915110  7.59779e+22 
 152    3.3635857  6.75055e+22 
 153    3.4372386  5.97261e+22 
 154    3.5125043  5.29082e+22 
 155    3.5894182  4.67423e+22 
 156    3.6680162  4.11395e+22 
 157    3.7483353  3.62603e+22 
 158    3.8304131  3.18745e+22 
 159    3.9142882  2.79113e+22 
 160    4.0000000  2.44519e+22 
 161    4.0875886  2.13549e+22 
 162    4.1770951  1.85473e+22 
 163    4.2685616  1.61157e+22 
 164    4.3620309  1.39396e+22 
 165    4.4575470  1.19612e+22 
 166    4.5551545  1.02588e+22 
 167    4.6548994  8.75303e+21 
 168    4.7568285  7.38452e+21 
 169    4.8609894  6.23350e+21 
 170    4.9674312  5.22160e+21 
 171    5.0762038  4.34265e+21 
 172    5.1873582  3.58087e+21 
 173    5.3009466  2.94348e+21 
 174    5.4170222  2.39918e+21 
 175    5.5356395  1.94110e+21 
 176    5.6568542  1.56678e+21 
 177    5.7807232  1.25500e+21 
 178    5.9073046  9.97530e+20 
 179    6.0366577  7.90536e+20 
 180    6.1688433  6.23874e+20 
 181    6.3039234  4.89099e+20 
 182    6.4419613  3.81939e+20 
 183    6.5830219  2.96102e+20 
 184    6.7271713  2.30046e+20 
 185    6.8744772  1.78112e+20 
 186    7.0250086  1.31935e+20 
 187    7.1788363  9.46224e+19 
 188    7.3360323  6.36207e+19 
 189    7.4966705  4.08302e+19 


# H-band (filter: H_2MASS.dat)
   0    0.1250000  4.92620e+25 
   1    0.1277371  5.15724e+25 
   2    0.1305342  5.39334e+25 
   3    0.1333926  5.63461e+25 
   4    0.1363135  5.85413e+25 
   5    0.1392983  6.08149e+25 
   6    0.1423486  6.28970e+25 
   7    0.1454656  6.52127e+25 
   8    0.1486509  6.72533e+25 
   9    0.1519059  6.91047e+25 
  10    0.1552322  7.07803e+25 
  11    0.1586314  7.25051e+25 
  12    0.1621049  7.41007e+25 
  13    0.1656546  7.53347e+25 
  14    0.1692819  7.64484e+25 
  15    0.1729887  7.74373e+25 
  16    0.1767767  7.82093e+25 
  17    0.1806476  7.89844e+25 
  18    0.1846033  7.96273e+25 
  19    0.1886456  8.00845e+25 
  20    0.1927764  8.06291e+25 
  21    0.1969976  8.09694e+25 
  22    0.2013113  8.14415e+25 
  23    0.2057194  8.15529e+25 
  24    0.2102241  8.16753e+25 
  25    0.2148274  8.17447e+25 
  26    0.2195315  8.18070e+25 
  27    0.2243386  8.18734e+25 
  28    0.2292510  8.18789e+25 
  29    0.2342710  8.18155e+25 
  30    0.2394008  8.16797e+25 
  31    0.2446430  8.14897e+25 
  32    0.2500000  8.12987e+25 
  33    0.2554743  8.09883e+25 
  34    0.2610684  8.07550e+25 
  35    0.2667851  8.05522e+25 
  36    0.2726269  8.04230e+25 
  37    0.2785967  8.02993e+25 
  38    0.2846972  8.02056e+25 
  39    0.2909312  8.01920e+25 
  40    0.2973018  8.02598e+25 
  41    0.3038118  8.04969e+25 
  42    0.3104645  8.08667e+25 
  43    0.3172627  8.12494e+25 
  44    0.3242099  8.16786e+25 
  45    0.3313092  8.22585e+25 
  46    0.3385639  8.29013e+25 
  47    0.3459775  8.36587e+25 
  48    0.3535534  8.44129e+25 
  49    0.3612952  8.51973e+25 
  50    0.3692065  8.60588e+25 
  51    0.3772911  8.68844e+25 
  52    0.3855527  8.77081e+25 
  53    0.3939952  8.83601e+25 
  54    0.4026226  8.88993e+25 
  55    0.4114389  8.94688e+25 
  56    0.4204482  8.99505e+25 
  57    0.4296548  9.01970e+25 
  58    0.4390630  9.03675e+25 
  59    0.4486773  9.03655e+25 
  60    0.4585020  9.01985e+25 
  61    0.4685419  8.98761e+25 
  62    0.4788016  8.93572e+25 
  63    0.4892860  8.86686e+25 
  64    0.5000000  8.78562e+25 
  65    0.5109486  8.68914e+25 
  66    0.5221369  8.58914e+25 
  67    0.5335702  8.47118e+25 
  68    0.5452539  8.34397e+25 
  69    0.5571934  8.22360e+25 
  70    0.5693943  8.09385e+25 
  71    0.5818624  7.96263e+25 
  72    0.5946036  7.83424e+25 
  73    0.6076237  7.71033e+25 
  74    0.6209289  7.60087e+25 
  75    0.6345255  7.49315e+25 
  76    0.6484198  7.39475e+25 
  77    0.6626183  7.30413e+25 
  78    0.6771278  7.21867e+25 
  79    0.6919549  7.15522e+25 
  80    0.7071068  7.10488e+25 
  81    0.7225904  7.05721e+25 
  82    0.7384131  7.03029e+25 
  83    0.7545822  7.00296e+25 
  84    0.7711054  6.99068e+25 
  85    0.7879904  6.98544e+25 
  86    0.8052452  6.98133e+25 
  87    0.8228777  6.98643e+25 
  88    0.8408964  6.98811e+25 
  89    0.8593096  6.99142e+25 
  90    0.8781261  6.99514e+25 
  91    0.8973545  6.98440e+25 
  92    0.9170040  6.96279e+25 
  93    0.9370838  6.94416e+25 
  94    0.9576033  6.91109e+25 
  95    0.9785721  6.87164e+25 
  96    1.0000000  6.81494e+25 
  97    1.0218971  6.74231e+25 
  98    1.0442738  6.65496e+25 
  99    1.0671404  6.55743e+25 
 100    1.0905077  6.42730e+25 
 101    1.1143867  6.26707e+25 
 102    1.1387886  6.07755e+25 
 103    1.1637249  5.86218e+25 
 104    1.1892071  5.59361e+25 
 105    1.2152474  5.28561e+25 
 106    1.2418578  4.95471e+25 
 107    1.2690510  4.58876e+25 
 108    1.2968396  4.20625e+25 
 109    1.3252366  3.78967e+25 
 110    1.3542555  3.37654e+25 
 111    1.3839099  2.96678e+25 
 112    1.4142136  2.54107e+25 
 113    1.4451808  2.16203e+25 
 114    1.4768261  1.80923e+25 
 115    1.5091644  1.47306e+25 
 116    1.5422108  1.19748e+25 
 117    1.5759808  9.56620e+24 
 118    1.6104903  7.43559e+24 
 119    1.6457555  5.76830e+24 
 120    1.6817928  4.39579e+24 
 121    1.7186193  3.34734e+24 
 122    1.7562522  2.55451e+24 
 123    1.7947091  1.96060e+24 
 124    1.8340081  1.53316e+24 
 125    1.8741676  1.24671e+24 
 126    1.9152066  1.01969e+24 
 127    1.9571441  8.53960e+23 
 128    2.0000000  7.38544e+23 
 129    2.0437943  6.46371e+23 
 130    2.0885476  5.73903e+23 
 131    2.1342808  5.15695e+23 
 132    2.1810155  4.66362e+23 
 133    2.2287735  4.22291e+23 
 134    2.2775773  3.83660e+23 
 135    2.3274497  3.49301e+23 
 136    2.3784142  3.17754e+23 
 137    2.4304947  2.88982e+23 
 138    2.4837156  2.63223e+23 
 139    2.5381019  2.39780e+23 
 140    2.5936791  2.17799e+23 
 141    2.6504733  1.98042e+23 
 142    2.7085111  1.79779e+23 
 143    2.7678198  1.62741e+23 
 144    2.8284271  1.47403e+23 
 145    2.8903616  1.33249e+23 
 146    2.9536523  1.20096e+23 
 147    3.0183289  1.07951e+23 
 148    3.0844217  9.68700e+22 
 149    3.1519617  8.66597e+22 
 150    3.2209807  7.72138e+22 
 151    3.2915110  6.86579e+22 
 152    3.3635857  6.08317e+22 
 153    3.4372386  5.36180e+22 
 154    3.5125043  4.71438e+22 
 155    3.5894182  4.12846e+22 
 156    3.6680162  3.58824e+22 
 157    3.7483353  3.11523e+22 
 158    3.8304131  2.68979e+22 
 159    3.9142882  2.30473e+22 
 160    4.0000000  1.97909e+22 
 161    4.0875886  1.69331e+22 
 162    4.1770951  1.43847e+22 
 163    4.2685616  1.22818e+22 
 164    4.3620309  1.04558e+22 
 165    4.4575470  8.86767e+21 
 166    4.5551545  7.55366e+21 
 167    4.6548994  6.42947e+21 
 168    4.7568285  5.47247e+21 
 169    4.8609894  4.66549e+21 
 170    4.9674312  3.98602e+21 
 171    5.0762038  3.39692e+21 
 172    5.1873582  2.88033e+21 
 173    5.3009466  2.43622e+21 
 174    5.4170222  2.05113e+21 
 175    5.5356395  1.70992e+21 
 176    5.6568542  1.41975e+21 
 177    5.7807232  1.17348e+21 
 178    5.9073046  9.62209e+20 
 179    6.0366577  7.87330e+20 
 180    6.1688433  6.39241e+20 
 181    6.3039234  5.16265e+20 
 182    6.4419613  4.14711e+20 
 183    6.5830219  3.32799e+20 
 184    6.7271713  2.62489e+20 
 185    6.8744772  2.07593e+20 
 186    7.0250086  1.56956e+20 
 187    7.1788363  1.15536e+20 
 188    7.3360323  8.01870e+19 
 189    7.4966705  5.29328e+19 


# K-band (filter: Ks_mosfire.dat)
   0    0.1250000  2.45754e+25 
   1    0.1277371  2.56540e+25 
   2    0.1305342  2.67563e+25 
   3    0.1333926  2.78827e+25 
   4    0.1363135  2.87819e+25 
   5    0.1392983  2.97876e+25 
   6    0.1423486  3.07736e+25 
   7    0.1454656  3.17458e+25 
   8    0.1486509  3.24226e+25 
   9    0.1519059  3.33032e+25 
  10    0.1552322  3.40366e+25 
  11    0.1586314  3.45576e+25 
  12    0.1621049  3.49770e+25 
  13    0.1656546  3.52796e+25 
  14    0.1692819  3.56734e+25 
  15    0.1729887  3.59375e+25 
  16    0.1767767  3.61855e+25 
  17    0.1806476  3.64209e+25 
  18    0.1846033  3.65200e+25 
  19    0.1886456  3.64809e+25 
  20    0.1927764  3.65059e+25 
  21    0.1969976  3.63711e+25 
  22    0.2013113  3.62387e+25 
  23    0.2057194  3.62148e+25 
  24    0.2102241  3.61703e+25 
  25    0.2148274  3.60486e+25 
  26    0.2195315  3.58950e+25 
  27    0.2243386  3.57119e+25 
  28    0.2292510  3.54777e+25 
  29    0.2342710  3.52475e+25 
  30    0.2394008  3.50341e+25 
  31    0.2446430  3.48464e+25 
  32    0.2500000  3.45056e+25 
  33    0.2554743  3.42399e+25 
  34    0.2610684  3.39210e+25 
  35    0.2667851  3.35367e+25 
  36    0.2726269  3.32268e+25 
  37    0.2785967  3.28651e+25 
  38    0.2846972  3.24872e+25 
  39    0.2909312  3.21466e+25 
  40    0.2973018  3.17690e+25 
  41    0.3038118  3.14080e+25 
  42    0.3104645  3.10077e+25 
  43    0.3172627  3.05720e+25 
  44    0.3242099  3.02168e+25 
  45    0.3313092  2.98628e+25 
  46    0.3385639  2.95287e+25 
  47    0.3459775  2.92274e+25 
  48    0.3535534  2.89389e+25 
  49    0.3612952  2.87494e+25 
  50    0.3692065  2.86977e+25 
  51    0.3772911  2.86720e+25 
  52    0.3855527  2.87130e+25 
  53    0.3939952  2.88208e+25 
  54    0.4026226  2.89584e+25 
  55    0.4114389  2.92569e+25 
  56    0.4204482  2.95143e+25 
  57    0.4296548  2.97695e+25 
  58    0.4390630  3.00173e+25 
  59    0.4486773  3.02768e+25 
  60    0.4585020  3.04311e+25 
  61    0.4685419  3.04919e+25 
  62    0.4788016  3.05127e+25 
  63    0.4892860  3.03663e+25 
  64    0.5000000  3.00861e+25 
  65    0.5109486  2.97429e+25 
  66    0.5221369  2.92798e+25 
  67    0.5335702  2.86713e+25 
  68    0.5452539  2.79632e+25 
  69    0.5571934  2.71395e+25 
  70    0.5693943  2.62494e+25 
  71    0.5818624  2.53259e+25 
  72    0.5946036  2.43765e+25 
  73    0.6076237  2.33933e+25 
  74    0.6209289  2.23357e+25 
  75    0.6345255  2.13614e+25 
  76    0.6484198  2.04231e+25 
  77    0.6626183  1.94584e+25 
  78    0.6771278  1.85378e+25 
  79    0.6919549  1.76765e+25 
  80    0.7071068  1.68836e+25 
  81    0.7225904  1.61137e+25 
  82    0.7384131  1.54399e+25 
  83    0.7545822  1.47608e+25 
  84    0.7711054  1.41820e+25 
  85    0.7879904  1.36537e+25 
  86    0.8052452  1.31593e+25 
  87    0.8228777  1.26917e+25 
  88    0.8408964  1.22211e+25 
  89    0.8593096  1.17932e+25 
  90    0.8781261  1.13701e+25 
  91    0.8973545  1.09618e+25 
  92    0.9170040  1.05436e+25 
  93    0.9370838  1.01397e+25 
  94    0.9576033  9.72895e+24 
  95    0.9785721  9.29141e+24 
  96    1.0000000  8.83651e+24 
  97    1.0218971  8.37651e+24 
  98    1.0442738  7.90369e+24 
  99    1.0671404  7.42712e+24 
 100    1.0905077  6.95256e+24 
 101    1.1143867  6.46643e+24 
 102    1.1387886  5.97972e+24 
 103    1.1637249  5.47077e+24 
 104    1.1892071  4.97120e+24 
 105    1.2152474  4.47120e+24 
 106    1.2418578  3.97523e+24 
 107    1.2690510  3.52416e+24 
 108    1.2968396  3.09660e+24 
 109    1.3252366  2.67410e+24 
 110    1.3542555  2.31556e+24 
 111    1.3839099  1.98223e+24 
 112    1.4142136  1.67304e+24 
 113    1.4451808  1.41939e+24 
 114    1.4768261  1.19967e+24 
 115    1.5091644  1.01729e+24 
 116    1.5422108  8.68134e+23 
 117    1.5759808  7.49255e+23 
 118    1.6104903  6.55811e+23 
 119    1.6457555  5.80146e+23 
 120    1.6817928  5.17058e+23 
 121    1.7186193  4.67156e+23 
 122    1.7562522  4.25599e+23 
 123    1.7947091  3.89787e+23 
 124    1.8340081  3.57766e+23 
 125    1.8741676  3.30921e+23 
 126    1.9152066  3.05967e+23 
 127    1.9571441  2.83021e+23 
 128    2.0000000  2.62974e+23 
 129    2.0437943  2.44549e+23 
 130    2.0885476  2.27108e+23 
 131    2.1342808  2.11034e+23 
 132    2.1810155  1.96868e+23 
 133    2.2287735  1.82822e+23 
 134    2.2775773  1.69718e+23 
 135    2.3274497  1.57467e+23 
 136    2.3784142  1.46001e+23 
 137    2.4304947  1.35146e+23 
 138    2.4837156  1.25321e+23 
 139    2.5381019  1.15899e+23 
 140    2.5936791  1.06897e+23 
 141    2.6504733  9.83992e+22 
 142    2.7085111  9.05529e+22 
 143    2.7678198  8.30029e+22 
 144    2.8284271  7.60030e+22 
 145    2.8903616  6.94374e+22 
 146    2.9536523  6.32556e+22 
 147    3.0183289  5.73673e+22 
 148    3.0844217  5.18989e+22 
 149    3.1519617  4.67132e+22 
 150    3.2209807  4.18175e+22 
 151    3.2915110  3.73753e+22 
 152    3.3635857  3.32526e+22 
 153    3.4372386  2.93694e+22 
 154    3.5125043  2.59140e+22 
 155    3.5894182  2.27723e+22 
 156    3.6680162  1.98538e+22 
 157    3.7483353  1.73291e+22 
 158    3.8304131  1.50687e+22 
 159    3.9142882  1.30212e+22 
 160    4.0000000  1.12859e+22 
 161    4.0875886  9.77767e+21 
 162    4.1770951  8.45444e+21 
 163    4.2685616  7.32590e+21 
 164    4.3620309  6.35182e+21 
 165    4.4575470  5.51246e+21 
 166    4.5551545  4.79763e+21 
 167    4.6548994  4.17282e+21 
 168    4.7568285  3.62351e+21 
 169    4.8609894  3.15416e+21 
 170    4.9674312  2.73770e+21 
 171    5.0762038  2.37037e+21 
 172    5.1873582  2.04198e+21 
 173    5.3009466  1.75867e+21 
 174    5.4170222  1.50797e+21 
 175    5.5356395  1.29136e+21 
 176    5.6568542  1.10397e+21 
 177    5.7807232  9.43492e+20 
 178    5.9073046  8.04187e+20 
 179    6.0366577  6.86639e+20 
 180    6.1688433  5.84488e+20 
 181    6.3039234  4.98305e+20 
 182    6.4419613  4.26052e+20 
 183    6.5830219  3.64414e+20 
 184    6.7271713  3.11923e+20 
 185    6.8744772  2.67716e+20 
 186    7.0250086  2.26948e+20 
 187    7.1788363  1.89786e+20 
 188    7.3360323  1.56745e+20 
 189    7.4966705  1.28528e+20 


# S-band (filter: Spitzer_IRAC2.dat)
   0    0.1250000  3.88257e+24 
   1    0.1277371  3.85257e+24 
   2    0.1305342  3.82191e+24 
   3    0.1333926  3.79058e+24 
   4    0.1363135  3.82380e+24 
   5    0.1392983  3.81224e+24 
   6    0.1423486  3.84020e+24 
   7    0.1454656  3.86358e+24 
   8    0.1486509  3.85195e+24 
   9    0.1519059  3.77541e+24 
  10    0.1552322  3.70659e+24 
  11    0.1586314  3.66770e+24 
  12    0.1621049  3.57734e+24 
  13    0.1656546  3.42626e+24 
  14    0.1692819  3.37571e+24 
  15    0.1729887  3.19288e+24 
  16    0.1767767  3.04082e+24 
  17    0.1806476  2.90236e+24 
  18    0.1846033  2.73653e+24 
  19    0.1886456  2.59461e+24 
  20    0.1927764  2.46081e+24 
  21    0.1969976  2.33275e+24 
  22    0.2013113  2.23225e+24 
  23    0.2057194  2.12931e+24 
  24    0.2102241  2.00285e+24 
  25    0.2148274  1.91305e+24 
  26    0.2195315  1.82144e+24 
  27    0.2243386  1.76516e+24 
  28    0.2292510  1.64334e+24 
  29    0.2342710  1.57779e+24 
  30    0.2394008  1.51923e+24 
  31    0.2446430  1.45234e+24 
  32    0.2500000  1.38980e+24 
  33    0.2554743  1.33023e+24 
  34    0.2610684  1.30072e+24 
  35    0.2667851  1.27568e+24 
  36    0.2726269  1.24856e+24 
  37    0.2785967  1.23543e+24 
  38    0.2846972  1.23903e+24 
  39    0.2909312  1.23055e+24 
  40    0.2973018  1.24558e+24 
  41    0.3038118  1.24521e+24 
  42    0.3104645  1.26224e+24 
  43    0.3172627  1.27332e+24 
  44    0.3242099  1.28966e+24 
  45    0.3313092  1.32274e+24 
  46    0.3385639  1.34499e+24 
  47    0.3459775  1.38254e+24 
  48    0.3535534  1.43168e+24 
  49    0.3612952  1.48593e+24 
  50    0.3692065  1.52830e+24 
  51    0.3772911  1.59472e+24 
  52    0.3855527  1.64844e+24 
  53    0.3939952  1.69657e+24 
  54    0.4026226  1.74630e+24 
  55    0.4114389  1.79914e+24 
  56    0.4204482  1.84363e+24 
  57    0.4296548  1.88848e+24 
  58    0.4390630  1.92641e+24 
  59    0.4486773  1.94009e+24 
  60    0.4585020  1.95010e+24 
  61    0.4685419  1.96065e+24 
  62    0.4788016  1.96082e+24 
  63    0.4892860  1.93501e+24 
  64    0.5000000  1.90996e+24 
  65    0.5109486  1.88672e+24 
  66    0.5221369  1.84979e+24 
  67    0.5335702  1.81122e+24 
  68    0.5452539  1.76207e+24 
  69    0.5571934  1.70505e+24 
  70    0.5693943  1.64305e+24 
  71    0.5818624  1.58889e+24 
  72    0.5946036  1.52644e+24 
  73    0.6076237  1.45881e+24 
  74    0.6209289  1.40213e+24 
  75    0.6345255  1.35411e+24 
  76    0.6484198  1.29649e+24 
  77    0.6626183  1.24447e+24 
  78    0.6771278  1.19549e+24 
  79    0.6919549  1.15327e+24 
  80    0.7071068  1.11005e+24 
  81    0.7225904  1.07508e+24 
  82    0.7384131  1.04171e+24 
  83    0.7545822  1.01306e+24 
  84    0.7711054  9.75309e+23 
  85    0.7879904  9.48974e+23 
  86    0.8052452  9.24741e+23 
  87    0.8228777  8.97145e+23 
  88    0.8408964  8.83586e+23 
  89    0.8593096  8.57846e+23 
  90    0.8781261  8.37010e+23 
  91    0.8973545  8.18740e+23 
  92    0.9170040  8.03141e+23 
  93    0.9370838  7.89419e+23 
  94    0.9576033  7.67774e+23 
  95    0.9785721  7.59703e+23 
  96    1.0000000  7.40260e+23 
  97    1.0218971  7.24385e+23 
  98    1.0442738  7.05692e+23 
  99    1.0671404  6.86510e+23 
 100    1.0905077  6.64070e+23 
 101    1.1143867  6.41383e+23 
 102    1.1387886  6.20469e+23 
 103    1.1637249  5.92525e+23 
 104    1.1892071  5.62205e+23 
 105    1.2152474  5.29849e+23 
 106    1.2418578  4.97294e+23 
 107    1.2690510  4.63466e+23 
 108    1.2968396  4.38602e+23 
 109    1.3252366  4.08521e+23 
 110    1.3542555  3.85111e+23 
 111    1.3839099  3.64471e+23 
 112    1.4142136  3.45111e+23 
 113    1.4451808  3.32890e+23 
 114    1.4768261  3.20293e+23 
 115    1.5091644  3.14340e+23 
 116    1.5422108  3.10945e+23 
 117    1.5759808  3.13559e+23 
 118    1.6104903  3.17002e+23 
 119    1.6457555  3.22328e+23 
 120    1.6817928  3.28719e+23 
 121    1.7186193  3.36502e+23 
 122    1.7562522  3.43780e+23 
 123    1.7947091  3.51066e+23 
 124    1.8340081  3.58723e+23 
 125    1.8741676  3.66361e+23 
 126    1.9152066  3.73457e+23 
 127    1.9571441  3.79539e+23 
 128    2.0000000  3.85562e+23 
 129    2.0437943  3.90107e+23 
 130    2.0885476  3.94707e+23 
 131    2.1342808  3.98392e+23 
 132    2.1810155  4.01097e+23 
 133    2.2287735  4.03626e+23 
 134    2.2775773  4.05545e+23 
 135    2.3274497  4.06785e+23 
 136    2.3784142  4.06913e+23 
 137    2.4304947  4.06983e+23 
 138    2.4837156  4.06157e+23 
 139    2.5381019  4.04850e+23 
 140    2.5936791  4.03050e+23 
 141    2.6504733  4.00531e+23 
 142    2.7085111  3.97162e+23 
 143    2.7678198  3.93414e+23 
 144    2.8284271  3.89112e+23 
 145    2.8903616  3.84377e+23 
 146    2.9536523  3.78926e+23 
 147    3.0183289  3.73099e+23 
 148    3.0844217  3.66822e+23 
 149    3.1519617  3.59959e+23 
 150    3.2209807  3.52513e+23 
 151    3.2915110  3.44563e+23 
 152    3.3635857  3.36190e+23 
 153    3.4372386  3.27493e+23 
 154    3.5125043  3.18258e+23 
 155    3.5894182  3.08567e+23 
 156    3.6680162  2.98448e+23 
 157    3.7483353  2.87861e+23 
 158    3.8304131  2.76960e+23 
 159    3.9142882  2.65647e+23 
 160    4.0000000  2.54067e+23 
 161    4.0875886  2.42389e+23 
 162    4.1770951  2.30479e+23 
 163    4.2685616  2.18711e+23 
 164    4.3620309  2.06992e+23 
 165    4.4575470  1.95078e+23 
 166    4.5551545  1.83732e+23 
 167    4.6548994  1.72641e+23 
 168    4.7568285  1.61609e+23 
 169    4.8609894  1.51226e+23 
 170    4.9674312  1.41273e+23 
 171    5.0762038  1.31734e+23 
 172    5.1873582  1.22571e+23 
 173    5.3009466  1.14052e+23 
 174    5.4170222  1.06013e+23 
 175    5.5356395  9.83074e+22 
 176    5.6568542  9.12777e+22 
 177    5.7807232  8.46928e+22 
 178    5.9073046  7.84470e+22 
 179    6.0366577  7.27742e+22 
 180    6.1688433  6.74949e+22 
 181    6.3039234  6.25290e+22 
 182    6.4419613  5.80475e+22 
 183    6.5830219  5.39254e+22 
 184    6.7271713  5.00446e+22 
 185    6.8744772  4.65646e+22 
 186    7.0250086  4.31298e+22 
 187    7.1788363  3.98188e+22 
 188    7.3360323  3.66632e+22 
 189    7.4966705  3.37851e+22 


