# 1:iteration 2:time bin[s] 3-k:AB magnitude for k-th angular bin
# g-band (filter: g_LSST.dat)
   0    0.1250000 -1.38428e+01 
   1    0.1277371 -1.38477e+01 
   2    0.1305342 -1.38527e+01 
   3    0.1333926 -1.38578e+01 
   4    0.1363135 -1.38593e+01 
   5    0.1392983 -1.38611e+01 
   6    0.1423486 -1.38639e+01 
   7    0.1454656 -1.38645e+01 
   8    0.1486509 -1.38630e+01 
   9    0.1519059 -1.38566e+01 
  10    0.1552322 -1.38515e+01 
  11    0.1586314 -1.38439e+01 
  12    0.1621049 -1.38329e+01 
  13    0.1656546 -1.38164e+01 
  14    0.1692819 -1.37987e+01 
  15    0.1729887 -1.37787e+01 
  16    0.1767767 -1.37547e+01 
  17    0.1806476 -1.37297e+01 
  18    0.1846033 -1.36982e+01 
  19    0.1886456 -1.36674e+01 
  20    0.1927764 -1.36316e+01 
  21    0.1969976 -1.35981e+01 
  22    0.2013113 -1.35618e+01 
  23    0.2057194 -1.35275e+01 
  24    0.2102241 -1.34888e+01 
  25    0.2148274 -1.34557e+01 
  26    0.2195315 -1.34171e+01 
  27    0.2243386 -1.33822e+01 
  28    0.2292510 -1.33500e+01 
  29    0.2342710 -1.33134e+01 
  30    0.2394008 -1.32804e+01 
  31    0.2446430 -1.32495e+01 
  32    0.2500000 -1.32229e+01 
  33    0.2554743 -1.31949e+01 
  34    0.2610684 -1.31791e+01 
  35    0.2667851 -1.31589e+01 
  36    0.2726269 -1.31453e+01 
  37    0.2785967 -1.31338e+01 
  38    0.2846972 -1.31333e+01 
  39    0.2909312 -1.31332e+01 
  40    0.2973018 -1.31419e+01 
  41    0.3038118 -1.31587e+01 
  42    0.3104645 -1.31774e+01 
  43    0.3172627 -1.32064e+01 
  44    0.3242099 -1.32506e+01 
  45    0.3313092 -1.32908e+01 
  46    0.3385639 -1.33387e+01 
  47    0.3459775 -1.33878e+01 
  48    0.3535534 -1.34422e+01 
  49    0.3612952 -1.34994e+01 
  50    0.3692065 -1.35584e+01 
  51    0.3772911 -1.36171e+01 
  52    0.3855527 -1.36776e+01 
  53    0.3939952 -1.37383e+01 
  54    0.4026226 -1.38251e+01 
  55    0.4114389 -1.39009e+01 
  56    0.4204482 -1.39796e+01 
  57    0.4296548 -1.40627e+01 
  58    0.4390630 -1.41614e+01 
  59    0.4486773 -1.42620e+01 
  60    0.4585020 -1.43666e+01 
  61    0.4685419 -1.44765e+01 
  62    0.4788016 -1.45961e+01 
  63    0.4892860 -1.47313e+01 
  64    0.5000000 -1.48727e+01 
  65    0.5109486 -1.50114e+01 
  66    0.5221369 -1.51436e+01 
  67    0.5335702 -1.52722e+01 
  68    0.5452539 -1.54066e+01 
  69    0.5571934 -1.55340e+01 
  70    0.5693943 -1.56530e+01 
  71    0.5818624 -1.57783e+01 
  72    0.5946036 -1.58972e+01 
  73    0.6076237 -1.60129e+01 
  74    0.6209289 -1.61179e+01 
  75    0.6345255 -1.62131e+01 
  76    0.6484198 -1.63009e+01 
  77    0.6626183 -1.63886e+01 
  78    0.6771278 -1.64713e+01 
  79    0.6919549 -1.65530e+01 
  80    0.7071068 -1.66301e+01 
  81    0.7225904 -1.67052e+01 
  82    0.7384131 -1.67764e+01 
  83    0.7545822 -1.68423e+01 
  84    0.7711054 -1.69057e+01 
  85    0.7879904 -1.69642e+01 
  86    0.8052452 -1.70220e+01 
  87    0.8228777 -1.70783e+01 
  88    0.8408964 -1.71310e+01 
  89    0.8593096 -1.71816e+01 
  90    0.8781261 -1.72310e+01 
  91    0.8973545 -1.72801e+01 
  92    0.9170040 -1.73306e+01 
  93    0.9370838 -1.73781e+01 
  94    0.9576033 -1.74249e+01 
  95    0.9785721 -1.74700e+01 
  96    1.0000000 -1.75153e+01 
  97    1.0218971 -1.75567e+01 
  98    1.0442738 -1.75963e+01 
  99    1.0671404 -1.76360e+01 
 100    1.0905077 -1.76714e+01 
 101    1.1143867 -1.77044e+01 
 102    1.1387886 -1.77320e+01 
 103    1.1637249 -1.77560e+01 
 104    1.1892071 -1.77736e+01 
 105    1.2152474 -1.77879e+01 
 106    1.2418578 -1.77993e+01 
 107    1.2690510 -1.78066e+01 
 108    1.2968396 -1.78129e+01 
 109    1.3252366 -1.78177e+01 
 110    1.3542555 -1.78282e+01 
 111    1.3839099 -1.78656e+01 
 112    1.4142136 -1.79184e+01 
 113    1.4451808 -1.80017e+01 
 114    1.4768261 -1.80210e+01 
 115    1.5091644 -1.80423e+01 
 116    1.5422108 -1.80206e+01 
 117    1.5759808 -1.79922e+01 
 118    1.6104903 -1.79702e+01 
 119    1.6457555 -1.79268e+01 
 120    1.6817928 -1.79139e+01 
 121    1.7186193 -1.78763e+01 
 122    1.7562522 -1.77876e+01 
 123    1.7947091 -1.76541e+01 
 124    1.8340081 -1.74626e+01 
 125    1.8741676 -1.72780e+01 
 126    1.9152066 -1.71018e+01 
 127    1.9571441 -1.69598e+01 
 128    2.0000000 -1.68048e+01 
 129    2.0437943 -1.66891e+01 
 130    2.0885476 -1.65870e+01 
 131    2.1342808 -1.64657e+01 
 132    2.1810155 -1.63637e+01 
 133    2.2287735 -1.62671e+01 
 134    2.2775773 -1.62240e+01 
 135    2.3274497 -1.61931e+01 
 136    2.3784142 -1.61848e+01 
 137    2.4304947 -1.61980e+01 
 138    2.4837156 -1.62178e+01 
 139    2.5381019 -1.62406e+01 
 140    2.5936791 -1.62659e+01 
 141    2.6504733 -1.62950e+01 
 142    2.7085111 -1.63267e+01 
 143    2.7678198 -1.63604e+01 
 144    2.8284271 -1.63964e+01 
 145    2.8903616 -1.64334e+01 
 146    2.9536523 -1.64703e+01 
 147    3.0183289 -1.65082e+01 
 148    3.0844217 -1.65408e+01 
 149    3.1519617 -1.65683e+01 
 150    3.2209807 -1.65940e+01 
 151    3.2915110 -1.66074e+01 
 152    3.3635857 -1.66113e+01 
 153    3.4372386 -1.66093e+01 
 154    3.5125043 -1.65900e+01 
 155    3.5894182 -1.65574e+01 
 156    3.6680162 -1.65142e+01 
 157    3.7483353 -1.64477e+01 
 158    3.8304131 -1.63609e+01 
 159    3.9142882 -1.62596e+01 
 160    4.0000000 -1.61264e+01 
 161    4.0875886 -1.59705e+01 
 162    4.1770951 -1.57992e+01 
 163    4.2685616 -1.56009e+01 
 164    4.3620309 -1.53889e+01 
 165    4.4575470 -1.51610e+01 
 166    4.5551545 -1.49288e+01 
 167    4.6548994 -1.46942e+01 
 168    4.7568285 -1.44476e+01 
 169    4.8609894 -1.42175e+01 
 170    4.9674312 -1.39915e+01 
 171    5.0762038 -1.37663e+01 
 172    5.1873582 -1.35438e+01 
 173    5.3009466 -1.33132e+01 
 174    5.4170222 -1.30650e+01 
 175    5.5356395 -1.28186e+01 
 176    5.6568542 -1.25278e+01 
 177    5.7807232 -1.22244e+01 
 178    5.9073046 -1.19093e+01 
 179    6.0366577 -1.15740e+01 
 180    6.1688433 -1.12251e+01 
 181    6.3039234 -1.08514e+01 
 182    6.4419613 -1.04742e+01 
 183    6.5830219 -1.00846e+01 
 184    6.7271713 -9.67239e+00 
 185    6.8744772 -9.25606e+00 
 186    7.0250086 -8.84160e+00 
 187    7.1788363 -8.42628e+00 
 188    7.3360323 -8.01246e+00 
 189    7.4966705 -7.60094e+00 


# r-band (filter: r_LSST.dat)
   0    0.1250000 -1.40506e+01 
   1    0.1277371 -1.40723e+01 
   2    0.1305342 -1.40944e+01 
   3    0.1333926 -1.41170e+01 
   4    0.1363135 -1.41358e+01 
   5    0.1392983 -1.41537e+01 
   6    0.1423486 -1.41600e+01 
   7    0.1454656 -1.41641e+01 
   8    0.1486509 -1.41722e+01 
   9    0.1519059 -1.41763e+01 
  10    0.1552322 -1.41798e+01 
  11    0.1586314 -1.41797e+01 
  12    0.1621049 -1.41797e+01 
  13    0.1656546 -1.41769e+01 
  14    0.1692819 -1.41740e+01 
  15    0.1729887 -1.41710e+01 
  16    0.1767767 -1.41646e+01 
  17    0.1806476 -1.41597e+01 
  18    0.1846033 -1.41598e+01 
  19    0.1886456 -1.41588e+01 
  20    0.1927764 -1.41554e+01 
  21    0.1969976 -1.41516e+01 
  22    0.2013113 -1.41491e+01 
  23    0.2057194 -1.41460e+01 
  24    0.2102241 -1.41450e+01 
  25    0.2148274 -1.41519e+01 
  26    0.2195315 -1.41587e+01 
  27    0.2243386 -1.41677e+01 
  28    0.2292510 -1.41755e+01 
  29    0.2342710 -1.41836e+01 
  30    0.2394008 -1.41963e+01 
  31    0.2446430 -1.42048e+01 
  32    0.2500000 -1.42132e+01 
  33    0.2554743 -1.42278e+01 
  34    0.2610684 -1.42443e+01 
  35    0.2667851 -1.42635e+01 
  36    0.2726269 -1.42923e+01 
  37    0.2785967 -1.43282e+01 
  38    0.2846972 -1.43626e+01 
  39    0.2909312 -1.44275e+01 
  40    0.2973018 -1.45055e+01 
  41    0.3038118 -1.46006e+01 
  42    0.3104645 -1.46915e+01 
  43    0.3172627 -1.47976e+01 
  44    0.3242099 -1.49043e+01 
  45    0.3313092 -1.50248e+01 
  46    0.3385639 -1.51678e+01 
  47    0.3459775 -1.53136e+01 
  48    0.3535534 -1.54609e+01 
  49    0.3612952 -1.56019e+01 
  50    0.3692065 -1.57463e+01 
  51    0.3772911 -1.59075e+01 
  52    0.3855527 -1.60833e+01 
  53    0.3939952 -1.62346e+01 
  54    0.4026226 -1.63791e+01 
  55    0.4114389 -1.65250e+01 
  56    0.4204482 -1.66473e+01 
  57    0.4296548 -1.67641e+01 
  58    0.4390630 -1.68875e+01 
  59    0.4486773 -1.70010e+01 
  60    0.4585020 -1.70979e+01 
  61    0.4685419 -1.72014e+01 
  62    0.4788016 -1.72870e+01 
  63    0.4892860 -1.73688e+01 
  64    0.5000000 -1.74321e+01 
  65    0.5109486 -1.75069e+01 
  66    0.5221369 -1.75634e+01 
  67    0.5335702 -1.76235e+01 
  68    0.5452539 -1.76876e+01 
  69    0.5571934 -1.77572e+01 
  70    0.5693943 -1.77843e+01 
  71    0.5818624 -1.78086e+01 
  72    0.5946036 -1.78222e+01 
  73    0.6076237 -1.78464e+01 
  74    0.6209289 -1.78742e+01 
  75    0.6345255 -1.79253e+01 
  76    0.6484198 -1.79596e+01 
  77    0.6626183 -1.80049e+01 
  78    0.6771278 -1.80783e+01 
  79    0.6919549 -1.81473e+01 
  80    0.7071068 -1.82009e+01 
  81    0.7225904 -1.82735e+01 
  82    0.7384131 -1.83408e+01 
  83    0.7545822 -1.84241e+01 
  84    0.7711054 -1.85056e+01 
  85    0.7879904 -1.85774e+01 
  86    0.8052452 -1.86252e+01 
  87    0.8228777 -1.86727e+01 
  88    0.8408964 -1.87180e+01 
  89    0.8593096 -1.87512e+01 
  90    0.8781261 -1.87763e+01 
  91    0.8973545 -1.88000e+01 
  92    0.9170040 -1.88189e+01 
  93    0.9370838 -1.88345e+01 
  94    0.9576033 -1.88471e+01 
  95    0.9785721 -1.88561e+01 
  96    1.0000000 -1.88631e+01 
  97    1.0218971 -1.88651e+01 
  98    1.0442738 -1.88674e+01 
  99    1.0671404 -1.88669e+01 
 100    1.0905077 -1.88630e+01 
 101    1.1143867 -1.88558e+01 
 102    1.1387886 -1.88481e+01 
 103    1.1637249 -1.88361e+01 
 104    1.1892071 -1.88221e+01 
 105    1.2152474 -1.88023e+01 
 106    1.2418578 -1.87809e+01 
 107    1.2690510 -1.87558e+01 
 108    1.2968396 -1.87272e+01 
 109    1.3252366 -1.86969e+01 
 110    1.3542555 -1.86689e+01 
 111    1.3839099 -1.86175e+01 
 112    1.4142136 -1.85275e+01 
 113    1.4451808 -1.83887e+01 
 114    1.4768261 -1.82668e+01 
 115    1.5091644 -1.81423e+01 
 116    1.5422108 -1.80308e+01 
 117    1.5759808 -1.79181e+01 
 118    1.6104903 -1.77825e+01 
 119    1.6457555 -1.76642e+01 
 120    1.6817928 -1.75290e+01 
 121    1.7186193 -1.73709e+01 
 122    1.7562522 -1.71703e+01 
 123    1.7947091 -1.69557e+01 
 124    1.8340081 -1.67695e+01 
 125    1.8741676 -1.65738e+01 
 126    1.9152066 -1.63867e+01 
 127    1.9571441 -1.62142e+01 
 128    2.0000000 -1.60182e+01 
 129    2.0437943 -1.58711e+01 
 130    2.0885476 -1.57311e+01 
 131    2.1342808 -1.55890e+01 
 132    2.1810155 -1.54775e+01 
 133    2.2287735 -1.53913e+01 
 134    2.2775773 -1.53397e+01 
 135    2.3274497 -1.52981e+01 
 136    2.3784142 -1.52822e+01 
 137    2.4304947 -1.52817e+01 
 138    2.4837156 -1.52825e+01 
 139    2.5381019 -1.52845e+01 
 140    2.5936791 -1.52867e+01 
 141    2.6504733 -1.52915e+01 
 142    2.7085111 -1.53010e+01 
 143    2.7678198 -1.53103e+01 
 144    2.8284271 -1.53276e+01 
 145    2.8903616 -1.53484e+01 
 146    2.9536523 -1.53749e+01 
 147    3.0183289 -1.54052e+01 
 148    3.0844217 -1.54429e+01 
 149    3.1519617 -1.54846e+01 
 150    3.2209807 -1.55306e+01 
 151    3.2915110 -1.55772e+01 
 152    3.3635857 -1.56232e+01 
 153    3.4372386 -1.56709e+01 
 154    3.5125043 -1.57093e+01 
 155    3.5894182 -1.57404e+01 
 156    3.6680162 -1.57689e+01 
 157    3.7483353 -1.57796e+01 
 158    3.8304131 -1.57747e+01 
 159    3.9142882 -1.57602e+01 
 160    4.0000000 -1.57134e+01 
 161    4.0875886 -1.56401e+01 
 162    4.1770951 -1.55514e+01 
 163    4.2685616 -1.54218e+01 
 164    4.3620309 -1.52683e+01 
 165    4.4575470 -1.50955e+01 
 166    4.5551545 -1.48967e+01 
 167    4.6548994 -1.46888e+01 
 168    4.7568285 -1.44621e+01 
 169    4.8609894 -1.42455e+01 
 170    4.9674312 -1.40349e+01 
 171    5.0762038 -1.38346e+01 
 172    5.1873582 -1.36369e+01 
 173    5.3009466 -1.34821e+01 
 174    5.4170222 -1.33476e+01 
 175    5.5356395 -1.32291e+01 
 176    5.6568542 -1.31287e+01 
 177    5.7807232 -1.30338e+01 
 178    5.9073046 -1.29601e+01 
 179    6.0366577 -1.28744e+01 
 180    6.1688433 -1.27879e+01 
 181    6.3039234 -1.27086e+01 
 182    6.4419613 -1.26119e+01 
 183    6.5830219 -1.25079e+01 
 184    6.7271713 -1.23854e+01 
 185    6.8744772 -1.22303e+01 
 186    7.0250086 -1.20582e+01 
 187    7.1788363 -1.18810e+01 
 188    7.3360323 -1.16913e+01 
 189    7.4966705 -1.14841e+01 


# i-band (filter: i_LSST.dat)
   0    0.1250000 -1.37962e+01 
   1    0.1277371 -1.38202e+01 
   2    0.1305342 -1.38448e+01 
   3    0.1333926 -1.38699e+01 
   4    0.1363135 -1.38878e+01 
   5    0.1392983 -1.39038e+01 
   6    0.1423486 -1.39197e+01 
   7    0.1454656 -1.39223e+01 
   8    0.1486509 -1.39286e+01 
   9    0.1519059 -1.39291e+01 
  10    0.1552322 -1.39319e+01 
  11    0.1586314 -1.39302e+01 
  12    0.1621049 -1.39257e+01 
  13    0.1656546 -1.39243e+01 
  14    0.1692819 -1.39302e+01 
  15    0.1729887 -1.39326e+01 
  16    0.1767767 -1.39333e+01 
  17    0.1806476 -1.39395e+01 
  18    0.1846033 -1.39466e+01 
  19    0.1886456 -1.39479e+01 
  20    0.1927764 -1.39541e+01 
  21    0.1969976 -1.39652e+01 
  22    0.2013113 -1.39825e+01 
  23    0.2057194 -1.39914e+01 
  24    0.2102241 -1.40053e+01 
  25    0.2148274 -1.40236e+01 
  26    0.2195315 -1.40289e+01 
  27    0.2243386 -1.40382e+01 
  28    0.2292510 -1.40484e+01 
  29    0.2342710 -1.40557e+01 
  30    0.2394008 -1.40669e+01 
  31    0.2446430 -1.40835e+01 
  32    0.2500000 -1.41027e+01 
  33    0.2554743 -1.41156e+01 
  34    0.2610684 -1.41343e+01 
  35    0.2667851 -1.41701e+01 
  36    0.2726269 -1.42054e+01 
  37    0.2785967 -1.42583e+01 
  38    0.2846972 -1.43008e+01 
  39    0.2909312 -1.43343e+01 
  40    0.2973018 -1.43823e+01 
  41    0.3038118 -1.44301e+01 
  42    0.3104645 -1.44869e+01 
  43    0.3172627 -1.45448e+01 
  44    0.3242099 -1.46151e+01 
  45    0.3313092 -1.46918e+01 
  46    0.3385639 -1.47639e+01 
  47    0.3459775 -1.48452e+01 
  48    0.3535534 -1.49291e+01 
  49    0.3612952 -1.50107e+01 
  50    0.3692065 -1.51054e+01 
  51    0.3772911 -1.52175e+01 
  52    0.3855527 -1.53303e+01 
  53    0.3939952 -1.54436e+01 
  54    0.4026226 -1.55512e+01 
  55    0.4114389 -1.56665e+01 
  56    0.4204482 -1.57744e+01 
  57    0.4296548 -1.58837e+01 
  58    0.4390630 -1.59940e+01 
  59    0.4486773 -1.61033e+01 
  60    0.4585020 -1.62055e+01 
  61    0.4685419 -1.63073e+01 
  62    0.4788016 -1.64047e+01 
  63    0.4892860 -1.64948e+01 
  64    0.5000000 -1.65804e+01 
  65    0.5109486 -1.66670e+01 
  66    0.5221369 -1.67486e+01 
  67    0.5335702 -1.68251e+01 
  68    0.5452539 -1.68990e+01 
  69    0.5571934 -1.69668e+01 
  70    0.5693943 -1.70291e+01 
  71    0.5818624 -1.70885e+01 
  72    0.5946036 -1.71445e+01 
  73    0.6076237 -1.71955e+01 
  74    0.6209289 -1.72430e+01 
  75    0.6345255 -1.72850e+01 
  76    0.6484198 -1.73237e+01 
  77    0.6626183 -1.73602e+01 
  78    0.6771278 -1.73903e+01 
  79    0.6919549 -1.74178e+01 
  80    0.7071068 -1.74410e+01 
  81    0.7225904 -1.74620e+01 
  82    0.7384131 -1.74788e+01 
  83    0.7545822 -1.74921e+01 
  84    0.7711054 -1.75025e+01 
  85    0.7879904 -1.75085e+01 
  86    0.8052452 -1.75126e+01 
  87    0.8228777 -1.75136e+01 
  88    0.8408964 -1.75117e+01 
  89    0.8593096 -1.75067e+01 
  90    0.8781261 -1.74998e+01 
  91    0.8973545 -1.74893e+01 
  92    0.9170040 -1.74767e+01 
  93    0.9370838 -1.74619e+01 
  94    0.9576033 -1.74439e+01 
  95    0.9785721 -1.74245e+01 
  96    1.0000000 -1.74030e+01 
  97    1.0218971 -1.73795e+01 
  98    1.0442738 -1.73539e+01 
  99    1.0671404 -1.73266e+01 
 100    1.0905077 -1.72963e+01 
 101    1.1143867 -1.72641e+01 
 102    1.1387886 -1.72302e+01 
 103    1.1637249 -1.71946e+01 
 104    1.1892071 -1.71573e+01 
 105    1.2152474 -1.71184e+01 
 106    1.2418578 -1.70780e+01 
 107    1.2690510 -1.70360e+01 
 108    1.2968396 -1.69937e+01 
 109    1.3252366 -1.69493e+01 
 110    1.3542555 -1.69032e+01 
 111    1.3839099 -1.68530e+01 
 112    1.4142136 -1.67991e+01 
 113    1.4451808 -1.67333e+01 
 114    1.4768261 -1.66583e+01 
 115    1.5091644 -1.65797e+01 
 116    1.5422108 -1.64871e+01 
 117    1.5759808 -1.63863e+01 
 118    1.6104903 -1.62777e+01 
 119    1.6457555 -1.61597e+01 
 120    1.6817928 -1.60340e+01 
 121    1.7186193 -1.58918e+01 
 122    1.7562522 -1.57178e+01 
 123    1.7947091 -1.55341e+01 
 124    1.8340081 -1.53543e+01 
 125    1.8741676 -1.51738e+01 
 126    1.9152066 -1.50194e+01 
 127    1.9571441 -1.48824e+01 
 128    2.0000000 -1.47394e+01 
 129    2.0437943 -1.46341e+01 
 130    2.0885476 -1.45384e+01 
 131    2.1342808 -1.44531e+01 
 132    2.1810155 -1.43859e+01 
 133    2.2287735 -1.43351e+01 
 134    2.2775773 -1.43176e+01 
 135    2.3274497 -1.43062e+01 
 136    2.3784142 -1.43063e+01 
 137    2.4304947 -1.43107e+01 
 138    2.4837156 -1.43121e+01 
 139    2.5381019 -1.43119e+01 
 140    2.5936791 -1.43107e+01 
 141    2.6504733 -1.43074e+01 
 142    2.7085111 -1.43024e+01 
 143    2.7678198 -1.42955e+01 
 144    2.8284271 -1.42860e+01 
 145    2.8903616 -1.42764e+01 
 146    2.9536523 -1.42647e+01 
 147    3.0183289 -1.42522e+01 
 148    3.0844217 -1.42415e+01 
 149    3.1519617 -1.42349e+01 
 150    3.2209807 -1.42279e+01 
 151    3.2915110 -1.42273e+01 
 152    3.3635857 -1.42293e+01 
 153    3.4372386 -1.42324e+01 
 154    3.5125043 -1.42411e+01 
 155    3.5894182 -1.42529e+01 
 156    3.6680162 -1.42694e+01 
 157    3.7483353 -1.42868e+01 
 158    3.8304131 -1.43033e+01 
 159    3.9142882 -1.43203e+01 
 160    4.0000000 -1.43202e+01 
 161    4.0875886 -1.43015e+01 
 162    4.1770951 -1.42760e+01 
 163    4.2685616 -1.42077e+01 
 164    4.3620309 -1.41131e+01 
 165    4.4575470 -1.40031e+01 
 166    4.5551545 -1.38474e+01 
 167    4.6548994 -1.36704e+01 
 168    4.7568285 -1.34701e+01 
 169    4.8609894 -1.32654e+01 
 170    4.9674312 -1.30670e+01 
 171    5.0762038 -1.28815e+01 
 172    5.1873582 -1.26850e+01 
 173    5.3009466 -1.25372e+01 
 174    5.4170222 -1.24088e+01 
 175    5.5356395 -1.22997e+01 
 176    5.6568542 -1.22312e+01 
 177    5.7807232 -1.21807e+01 
 178    5.9073046 -1.21619e+01 
 179    6.0366577 -1.21433e+01 
 180    6.1688433 -1.21300e+01 
 181    6.3039234 -1.21309e+01 
 182    6.4419613 -1.21105e+01 
 183    6.5830219 -1.20774e+01 
 184    6.7271713 -1.20372e+01 
 185    6.8744772 -1.19859e+01 
 186    7.0250086 -1.19320e+01 
 187    7.1788363 -1.18535e+01 
 188    7.3360323 -1.17608e+01 
 189    7.4966705 -1.16546e+01 


# z-band (filter: z_LSST.dat)
   0    0.1250000 -1.38012e+01 
   1    0.1277371 -1.38616e+01 
   2    0.1305342 -1.39234e+01 
   3    0.1333926 -1.39865e+01 
   4    0.1363135 -1.40396e+01 
   5    0.1392983 -1.40782e+01 
   6    0.1423486 -1.40636e+01 
   7    0.1454656 -1.40599e+01 
   8    0.1486509 -1.40537e+01 
   9    0.1519059 -1.40522e+01 
  10    0.1552322 -1.40353e+01 
  11    0.1586314 -1.40018e+01 
  12    0.1621049 -1.39762e+01 
  13    0.1656546 -1.39556e+01 
  14    0.1692819 -1.39131e+01 
  15    0.1729887 -1.38720e+01 
  16    0.1767767 -1.38120e+01 
  17    0.1806476 -1.37768e+01 
  18    0.1846033 -1.37485e+01 
  19    0.1886456 -1.37217e+01 
  20    0.1927764 -1.36840e+01 
  21    0.1969976 -1.36467e+01 
  22    0.2013113 -1.36084e+01 
  23    0.2057194 -1.35720e+01 
  24    0.2102241 -1.35338e+01 
  25    0.2148274 -1.34907e+01 
  26    0.2195315 -1.34620e+01 
  27    0.2243386 -1.34347e+01 
  28    0.2292510 -1.34016e+01 
  29    0.2342710 -1.33669e+01 
  30    0.2394008 -1.33347e+01 
  31    0.2446430 -1.33080e+01 
  32    0.2500000 -1.32910e+01 
  33    0.2554743 -1.32672e+01 
  34    0.2610684 -1.32507e+01 
  35    0.2667851 -1.32432e+01 
  36    0.2726269 -1.32360e+01 
  37    0.2785967 -1.32332e+01 
  38    0.2846972 -1.32421e+01 
  39    0.2909312 -1.32647e+01 
  40    0.2973018 -1.33033e+01 
  41    0.3038118 -1.33631e+01 
  42    0.3104645 -1.34240e+01 
  43    0.3172627 -1.34994e+01 
  44    0.3242099 -1.35938e+01 
  45    0.3313092 -1.37022e+01 
  46    0.3385639 -1.38263e+01 
  47    0.3459775 -1.39572e+01 
  48    0.3535534 -1.40976e+01 
  49    0.3612952 -1.42564e+01 
  50    0.3692065 -1.44267e+01 
  51    0.3772911 -1.45961e+01 
  52    0.3855527 -1.47692e+01 
  53    0.3939952 -1.49399e+01 
  54    0.4026226 -1.51125e+01 
  55    0.4114389 -1.52840e+01 
  56    0.4204482 -1.54410e+01 
  57    0.4296548 -1.55934e+01 
  58    0.4390630 -1.57418e+01 
  59    0.4486773 -1.58874e+01 
  60    0.4585020 -1.60203e+01 
  61    0.4685419 -1.61404e+01 
  62    0.4788016 -1.62519e+01 
  63    0.4892860 -1.63551e+01 
  64    0.5000000 -1.64516e+01 
  65    0.5109486 -1.65410e+01 
  66    0.5221369 -1.66215e+01 
  67    0.5335702 -1.66969e+01 
  68    0.5452539 -1.67682e+01 
  69    0.5571934 -1.68305e+01 
  70    0.5693943 -1.68863e+01 
  71    0.5818624 -1.69386e+01 
  72    0.5946036 -1.69877e+01 
  73    0.6076237 -1.70315e+01 
  74    0.6209289 -1.70719e+01 
  75    0.6345255 -1.71039e+01 
  76    0.6484198 -1.71314e+01 
  77    0.6626183 -1.71572e+01 
  78    0.6771278 -1.71761e+01 
  79    0.6919549 -1.71918e+01 
  80    0.7071068 -1.72036e+01 
  81    0.7225904 -1.72115e+01 
  82    0.7384131 -1.72137e+01 
  83    0.7545822 -1.72133e+01 
  84    0.7711054 -1.72086e+01 
  85    0.7879904 -1.72000e+01 
  86    0.8052452 -1.71887e+01 
  87    0.8228777 -1.71758e+01 
  88    0.8408964 -1.71595e+01 
  89    0.8593096 -1.71406e+01 
  90    0.8781261 -1.71198e+01 
  91    0.8973545 -1.70960e+01 
  92    0.9170040 -1.70690e+01 
  93    0.9370838 -1.70410e+01 
  94    0.9576033 -1.70114e+01 
  95    0.9785721 -1.69788e+01 
  96    1.0000000 -1.69438e+01 
  97    1.0218971 -1.69090e+01 
  98    1.0442738 -1.68717e+01 
  99    1.0671404 -1.68319e+01 
 100    1.0905077 -1.67908e+01 
 101    1.1143867 -1.67463e+01 
 102    1.1387886 -1.67010e+01 
 103    1.1637249 -1.66539e+01 
 104    1.1892071 -1.66063e+01 
 105    1.2152474 -1.65562e+01 
 106    1.2418578 -1.65040e+01 
 107    1.2690510 -1.64512e+01 
 108    1.2968396 -1.63984e+01 
 109    1.3252366 -1.63429e+01 
 110    1.3542555 -1.62875e+01 
 111    1.3839099 -1.62251e+01 
 112    1.4142136 -1.61596e+01 
 113    1.4451808 -1.60809e+01 
 114    1.4768261 -1.59929e+01 
 115    1.5091644 -1.59034e+01 
 116    1.5422108 -1.57999e+01 
 117    1.5759808 -1.56871e+01 
 118    1.6104903 -1.55694e+01 
 119    1.6457555 -1.54442e+01 
 120    1.6817928 -1.53096e+01 
 121    1.7186193 -1.51587e+01 
 122    1.7562522 -1.49761e+01 
 123    1.7947091 -1.47910e+01 
 124    1.8340081 -1.46149e+01 
 125    1.8741676 -1.44385e+01 
 126    1.9152066 -1.42953e+01 
 127    1.9571441 -1.41690e+01 
 128    2.0000000 -1.40397e+01 
 129    2.0437943 -1.39521e+01 
 130    2.0885476 -1.38729e+01 
 131    2.1342808 -1.38086e+01 
 132    2.1810155 -1.37582e+01 
 133    2.2287735 -1.37316e+01 
 134    2.2775773 -1.37362e+01 
 135    2.3274497 -1.37447e+01 
 136    2.3784142 -1.37607e+01 
 137    2.4304947 -1.37818e+01 
 138    2.4837156 -1.37971e+01 
 139    2.5381019 -1.38103e+01 
 140    2.5936791 -1.38207e+01 
 141    2.6504733 -1.38251e+01 
 142    2.7085111 -1.38264e+01 
 143    2.7678198 -1.38245e+01 
 144    2.8284271 -1.38173e+01 
 145    2.8903616 -1.38040e+01 
 146    2.9536523 -1.37861e+01 
 147    3.0183289 -1.37617e+01 
 148    3.0844217 -1.37323e+01 
 149    3.1519617 -1.36980e+01 
 150    3.2209807 -1.36584e+01 
 151    3.2915110 -1.36161e+01 
 152    3.3635857 -1.35716e+01 
 153    3.4372386 -1.35228e+01 
 154    3.5125043 -1.34778e+01 
 155    3.5894182 -1.34329e+01 
 156    3.6680162 -1.33872e+01 
 157    3.7483353 -1.33428e+01 
 158    3.8304131 -1.32910e+01 
 159    3.9142882 -1.32391e+01 
 160    4.0000000 -1.31701e+01 
 161    4.0875886 -1.30879e+01 
 162    4.1770951 -1.30023e+01 
 163    4.2685616 -1.28830e+01 
 164    4.3620309 -1.27472e+01 
 165    4.4575470 -1.25992e+01 
 166    4.5551545 -1.24210e+01 
 167    4.6548994 -1.22272e+01 
 168    4.7568285 -1.20126e+01 
 169    4.8609894 -1.17811e+01 
 170    4.9674312 -1.15417e+01 
 171    5.0762038 -1.12935e+01 
 172    5.1873582 -1.10379e+01 
 173    5.3009466 -1.07912e+01 
 174    5.4170222 -1.05621e+01 
 175    5.5356395 -1.03494e+01 
 176    5.6568542 -1.02244e+01 
 177    5.7807232 -1.01722e+01 
 178    5.9073046 -1.01422e+01 
 179    6.0366577 -1.02080e+01 
 180    6.1688433 -1.02843e+01 
 181    6.3039234 -1.04044e+01 
 182    6.4419613 -1.05193e+01 
 183    6.5830219 -1.06366e+01 
 184    6.7271713 -1.08060e+01 
 185    6.8744772 -1.09297e+01 
 186    7.0250086 -1.10930e+01 
 187    7.1788363 -1.12522e+01 
 188    7.3360323 -1.13706e+01 
 189    7.4966705 -1.14129e+01 


# y-band (filter: y_LSST.dat)
   0    0.1250000 -1.46848e+01 
   1    0.1277371 -1.47988e+01 
   2    0.1305342 -1.49152e+01 
   3    0.1333926 -1.50341e+01 
   4    0.1363135 -1.51252e+01 
   5    0.1392983 -1.51777e+01 
   6    0.1423486 -1.51217e+01 
   7    0.1454656 -1.50551e+01 
   8    0.1486509 -1.49990e+01 
   9    0.1519059 -1.49285e+01 
  10    0.1552322 -1.48630e+01 
  11    0.1586314 -1.47641e+01 
  12    0.1621049 -1.47028e+01 
  13    0.1656546 -1.46380e+01 
  14    0.1692819 -1.45411e+01 
  15    0.1729887 -1.44595e+01 
  16    0.1767767 -1.43866e+01 
  17    0.1806476 -1.43593e+01 
  18    0.1846033 -1.43799e+01 
  19    0.1886456 -1.44097e+01 
  20    0.1927764 -1.44426e+01 
  21    0.1969976 -1.44868e+01 
  22    0.2013113 -1.45306e+01 
  23    0.2057194 -1.45743e+01 
  24    0.2102241 -1.46236e+01 
  25    0.2148274 -1.46732e+01 
  26    0.2195315 -1.47181e+01 
  27    0.2243386 -1.47624e+01 
  28    0.2292510 -1.48177e+01 
  29    0.2342710 -1.48726e+01 
  30    0.2394008 -1.49311e+01 
  31    0.2446430 -1.49862e+01 
  32    0.2500000 -1.50431e+01 
  33    0.2554743 -1.50980e+01 
  34    0.2610684 -1.51601e+01 
  35    0.2667851 -1.52181e+01 
  36    0.2726269 -1.52773e+01 
  37    0.2785967 -1.53403e+01 
  38    0.2846972 -1.54104e+01 
  39    0.2909312 -1.54810e+01 
  40    0.2973018 -1.55561e+01 
  41    0.3038118 -1.56276e+01 
  42    0.3104645 -1.56971e+01 
  43    0.3172627 -1.57706e+01 
  44    0.3242099 -1.58479e+01 
  45    0.3313092 -1.59239e+01 
  46    0.3385639 -1.59994e+01 
  47    0.3459775 -1.60769e+01 
  48    0.3535534 -1.61509e+01 
  49    0.3612952 -1.62241e+01 
  50    0.3692065 -1.62945e+01 
  51    0.3772911 -1.63598e+01 
  52    0.3855527 -1.64265e+01 
  53    0.3939952 -1.64948e+01 
  54    0.4026226 -1.65575e+01 
  55    0.4114389 -1.66194e+01 
  56    0.4204482 -1.66711e+01 
  57    0.4296548 -1.67224e+01 
  58    0.4390630 -1.67701e+01 
  59    0.4486773 -1.68164e+01 
  60    0.4585020 -1.68593e+01 
  61    0.4685419 -1.69008e+01 
  62    0.4788016 -1.69370e+01 
  63    0.4892860 -1.69741e+01 
  64    0.5000000 -1.70053e+01 
  65    0.5109486 -1.70342e+01 
  66    0.5221369 -1.70582e+01 
  67    0.5335702 -1.70807e+01 
  68    0.5452539 -1.71005e+01 
  69    0.5571934 -1.71153e+01 
  70    0.5693943 -1.71282e+01 
  71    0.5818624 -1.71380e+01 
  72    0.5946036 -1.71433e+01 
  73    0.6076237 -1.71439e+01 
  74    0.6209289 -1.71420e+01 
  75    0.6345255 -1.71346e+01 
  76    0.6484198 -1.71236e+01 
  77    0.6626183 -1.71109e+01 
  78    0.6771278 -1.70953e+01 
  79    0.6919549 -1.70758e+01 
  80    0.7071068 -1.70565e+01 
  81    0.7225904 -1.70331e+01 
  82    0.7384131 -1.70071e+01 
  83    0.7545822 -1.69804e+01 
  84    0.7711054 -1.69504e+01 
  85    0.7879904 -1.69195e+01 
  86    0.8052452 -1.68870e+01 
  87    0.8228777 -1.68544e+01 
  88    0.8408964 -1.68190e+01 
  89    0.8593096 -1.67817e+01 
  90    0.8781261 -1.67430e+01 
  91    0.8973545 -1.67038e+01 
  92    0.9170040 -1.66630e+01 
  93    0.9370838 -1.66213e+01 
  94    0.9576033 -1.65787e+01 
  95    0.9785721 -1.65337e+01 
  96    1.0000000 -1.64886e+01 
  97    1.0218971 -1.64416e+01 
  98    1.0442738 -1.63933e+01 
  99    1.0671404 -1.63433e+01 
 100    1.0905077 -1.62918e+01 
 101    1.1143867 -1.62384e+01 
 102    1.1387886 -1.61855e+01 
 103    1.1637249 -1.61300e+01 
 104    1.1892071 -1.60735e+01 
 105    1.2152474 -1.60152e+01 
 106    1.2418578 -1.59563e+01 
 107    1.2690510 -1.58989e+01 
 108    1.2968396 -1.58395e+01 
 109    1.3252366 -1.57804e+01 
 110    1.3542555 -1.57214e+01 
 111    1.3839099 -1.56560e+01 
 112    1.4142136 -1.55878e+01 
 113    1.4451808 -1.55115e+01 
 114    1.4768261 -1.54255e+01 
 115    1.5091644 -1.53390e+01 
 116    1.5422108 -1.52397e+01 
 117    1.5759808 -1.51388e+01 
 118    1.6104903 -1.50307e+01 
 119    1.6457555 -1.49202e+01 
 120    1.6817928 -1.48065e+01 
 121    1.7186193 -1.46787e+01 
 122    1.7562522 -1.45377e+01 
 123    1.7947091 -1.43961e+01 
 124    1.8340081 -1.42632e+01 
 125    1.8741676 -1.41334e+01 
 126    1.9152066 -1.40296e+01 
 127    1.9571441 -1.39455e+01 
 128    2.0000000 -1.38619e+01 
 129    2.0437943 -1.38113e+01 
 130    2.0885476 -1.37760e+01 
 131    2.1342808 -1.37517e+01 
 132    2.1810155 -1.37512e+01 
 133    2.2287735 -1.37659e+01 
 134    2.2775773 -1.38076e+01 
 135    2.3274497 -1.38527e+01 
 136    2.3784142 -1.39073e+01 
 137    2.4304947 -1.39668e+01 
 138    2.4837156 -1.40201e+01 
 139    2.5381019 -1.40687e+01 
 140    2.5936791 -1.41176e+01 
 141    2.6504733 -1.41547e+01 
 142    2.7085111 -1.41867e+01 
 143    2.7678198 -1.42145e+01 
 144    2.8284271 -1.42285e+01 
 145    2.8903616 -1.42339e+01 
 146    2.9536523 -1.42344e+01 
 147    3.0183289 -1.42272e+01 
 148    3.0844217 -1.42085e+01 
 149    3.1519617 -1.41830e+01 
 150    3.2209807 -1.41514e+01 
 151    3.2915110 -1.41098e+01 
 152    3.3635857 -1.40632e+01 
 153    3.4372386 -1.40110e+01 
 154    3.5125043 -1.39542e+01 
 155    3.5894182 -1.39000e+01 
 156    3.6680162 -1.38441e+01 
 157    3.7483353 -1.37983e+01 
 158    3.8304131 -1.37504e+01 
 159    3.9142882 -1.37007e+01 
 160    4.0000000 -1.36530e+01 
 161    4.0875886 -1.36001e+01 
 162    4.1770951 -1.35483e+01 
 163    4.2685616 -1.34734e+01 
 164    4.3620309 -1.33804e+01 
 165    4.4575470 -1.32821e+01 
 166    4.5551545 -1.31435e+01 
 167    4.6548994 -1.29847e+01 
 168    4.7568285 -1.28074e+01 
 169    4.8609894 -1.25965e+01 
 170    4.9674312 -1.23715e+01 
 171    5.0762038 -1.21271e+01 
 172    5.1873582 -1.18539e+01 
 173    5.3009466 -1.15667e+01 
 174    5.4170222 -1.12729e+01 
 175    5.5356395 -1.09680e+01 
 176    5.6568542 -1.06493e+01 
 177    5.7807232 -1.03397e+01 
 178    5.9073046 -1.00293e+01 
 179    6.0366577 -9.73479e+00 
 180    6.1688433 -9.47140e+00 
 181    6.3039234 -9.23327e+00 
 182    6.4419613 -9.13724e+00 
 183    6.5830219 -9.12685e+00 
 184    6.7271713 -9.12770e+00 
 185    6.8744772 -9.21809e+00 
 186    7.0250086 -9.29311e+00 
 187    7.1788363 -9.44523e+00 
 188    7.3360323 -9.67331e+00 
 189    7.4966705 -1.00232e+01 


# J-band (filter: J_2MASS.dat)
   0    0.1250000 -1.53583e+01 
   1    0.1277371 -1.54491e+01 
   2    0.1305342 -1.55418e+01 
   3    0.1333926 -1.56366e+01 
   4    0.1363135 -1.56802e+01 
   5    0.1392983 -1.57079e+01 
   6    0.1423486 -1.56664e+01 
   7    0.1454656 -1.55933e+01 
   8    0.1486509 -1.55143e+01 
   9    0.1519059 -1.54411e+01 
  10    0.1552322 -1.53820e+01 
  11    0.1586314 -1.52862e+01 
  12    0.1621049 -1.52333e+01 
  13    0.1656546 -1.51914e+01 
  14    0.1692819 -1.51522e+01 
  15    0.1729887 -1.51383e+01 
  16    0.1767767 -1.51368e+01 
  17    0.1806476 -1.51539e+01 
  18    0.1846033 -1.52172e+01 
  19    0.1886456 -1.52984e+01 
  20    0.1927764 -1.53820e+01 
  21    0.1969976 -1.54687e+01 
  22    0.2013113 -1.55524e+01 
  23    0.2057194 -1.56309e+01 
  24    0.2102241 -1.57094e+01 
  25    0.2148274 -1.57827e+01 
  26    0.2195315 -1.58611e+01 
  27    0.2243386 -1.59320e+01 
  28    0.2292510 -1.60040e+01 
  29    0.2342710 -1.60746e+01 
  30    0.2394008 -1.61457e+01 
  31    0.2446430 -1.62103e+01 
  32    0.2500000 -1.62713e+01 
  33    0.2554743 -1.63333e+01 
  34    0.2610684 -1.63910e+01 
  35    0.2667851 -1.64460e+01 
  36    0.2726269 -1.64988e+01 
  37    0.2785967 -1.65494e+01 
  38    0.2846972 -1.65958e+01 
  39    0.2909312 -1.66396e+01 
  40    0.2973018 -1.66801e+01 
  41    0.3038118 -1.67190e+01 
  42    0.3104645 -1.67542e+01 
  43    0.3172627 -1.67877e+01 
  44    0.3242099 -1.68173e+01 
  45    0.3313092 -1.68429e+01 
  46    0.3385639 -1.68681e+01 
  47    0.3459775 -1.68895e+01 
  48    0.3535534 -1.69078e+01 
  49    0.3612952 -1.69284e+01 
  50    0.3692065 -1.69417e+01 
  51    0.3772911 -1.69561e+01 
  52    0.3855527 -1.69664e+01 
  53    0.3939952 -1.69739e+01 
  54    0.4026226 -1.69796e+01 
  55    0.4114389 -1.69841e+01 
  56    0.4204482 -1.69849e+01 
  57    0.4296548 -1.69849e+01 
  58    0.4390630 -1.69820e+01 
  59    0.4486773 -1.69773e+01 
  60    0.4585020 -1.69710e+01 
  61    0.4685419 -1.69621e+01 
  62    0.4788016 -1.69527e+01 
  63    0.4892860 -1.69420e+01 
  64    0.5000000 -1.69285e+01 
  65    0.5109486 -1.69139e+01 
  66    0.5221369 -1.68970e+01 
  67    0.5335702 -1.68764e+01 
  68    0.5452539 -1.68566e+01 
  69    0.5571934 -1.68338e+01 
  70    0.5693943 -1.68100e+01 
  71    0.5818624 -1.67838e+01 
  72    0.5946036 -1.67574e+01 
  73    0.6076237 -1.67293e+01 
  74    0.6209289 -1.66979e+01 
  75    0.6345255 -1.66657e+01 
  76    0.6484198 -1.66323e+01 
  77    0.6626183 -1.65976e+01 
  78    0.6771278 -1.65606e+01 
  79    0.6919549 -1.65221e+01 
  80    0.7071068 -1.64848e+01 
  81    0.7225904 -1.64432e+01 
  82    0.7384131 -1.64021e+01 
  83    0.7545822 -1.63618e+01 
  84    0.7711054 -1.63193e+01 
  85    0.7879904 -1.62755e+01 
  86    0.8052452 -1.62309e+01 
  87    0.8228777 -1.61866e+01 
  88    0.8408964 -1.61414e+01 
  89    0.8593096 -1.60955e+01 
  90    0.8781261 -1.60483e+01 
  91    0.8973545 -1.60013e+01 
  92    0.9170040 -1.59527e+01 
  93    0.9370838 -1.59050e+01 
  94    0.9576033 -1.58555e+01 
  95    0.9785721 -1.58059e+01 
  96    1.0000000 -1.57553e+01 
  97    1.0218971 -1.57044e+01 
  98    1.0442738 -1.56536e+01 
  99    1.0671404 -1.56015e+01 
 100    1.0905077 -1.55506e+01 
 101    1.1143867 -1.54968e+01 
 102    1.1387886 -1.54428e+01 
 103    1.1637249 -1.53910e+01 
 104    1.1892071 -1.53372e+01 
 105    1.2152474 -1.52839e+01 
 106    1.2418578 -1.52283e+01 
 107    1.2690510 -1.51717e+01 
 108    1.2968396 -1.51181e+01 
 109    1.3252366 -1.50620e+01 
 110    1.3542555 -1.50039e+01 
 111    1.3839099 -1.49416e+01 
 112    1.4142136 -1.48749e+01 
 113    1.4451808 -1.48019e+01 
 114    1.4768261 -1.47210e+01 
 115    1.5091644 -1.46377e+01 
 116    1.5422108 -1.45473e+01 
 117    1.5759808 -1.44538e+01 
 118    1.6104903 -1.43569e+01 
 119    1.6457555 -1.42621e+01 
 120    1.6817928 -1.41645e+01 
 121    1.7186193 -1.40599e+01 
 122    1.7562522 -1.39537e+01 
 123    1.7947091 -1.38515e+01 
 124    1.8340081 -1.37592e+01 
 125    1.8741676 -1.36692e+01 
 126    1.9152066 -1.35935e+01 
 127    1.9571441 -1.35307e+01 
 128    2.0000000 -1.34717e+01 
 129    2.0437943 -1.34312e+01 
 130    2.0885476 -1.33924e+01 
 131    2.1342808 -1.33641e+01 
 132    2.1810155 -1.33419e+01 
 133    2.2287735 -1.33306e+01 
 134    2.2775773 -1.33290e+01 
 135    2.3274497 -1.33340e+01 
 136    2.3784142 -1.33487e+01 
 137    2.4304947 -1.33682e+01 
 138    2.4837156 -1.33990e+01 
 139    2.5381019 -1.34355e+01 
 140    2.5936791 -1.34741e+01 
 141    2.6504733 -1.35247e+01 
 142    2.7085111 -1.35836e+01 
 143    2.7678198 -1.36479e+01 
 144    2.8284271 -1.37189e+01 
 145    2.8903616 -1.37954e+01 
 146    2.9536523 -1.38712e+01 
 147    3.0183289 -1.39534e+01 
 148    3.0844217 -1.40259e+01 
 149    3.1519617 -1.40933e+01 
 150    3.2209807 -1.41587e+01 
 151    3.2915110 -1.42095e+01 
 152    3.3635857 -1.42515e+01 
 153    3.4372386 -1.42865e+01 
 154    3.5125043 -1.43049e+01 
 155    3.5894182 -1.43120e+01 
 156    3.6680162 -1.43089e+01 
 157    3.7483353 -1.42904e+01 
 158    3.8304131 -1.42640e+01 
 159    3.9142882 -1.42267e+01 
 160    4.0000000 -1.41834e+01 
 161    4.0875886 -1.41363e+01 
 162    4.1770951 -1.40861e+01 
 163    4.2685616 -1.40439e+01 
 164    4.3620309 -1.40078e+01 
 165    4.4575470 -1.39713e+01 
 166    4.5551545 -1.39517e+01 
 167    4.6548994 -1.39366e+01 
 168    4.7568285 -1.39246e+01 
 169    4.8609894 -1.39158e+01 
 170    4.9674312 -1.39002e+01 
 171    5.0762038 -1.38768e+01 
 172    5.1873582 -1.38564e+01 
 173    5.3009466 -1.38063e+01 
 174    5.4170222 -1.37386e+01 
 175    5.5356395 -1.36587e+01 
 176    5.6568542 -1.35455e+01 
 177    5.7807232 -1.34092e+01 
 178    5.9073046 -1.32459e+01 
 179    6.0366577 -1.30532e+01 
 180    6.1688433 -1.28395e+01 
 181    6.3039234 -1.26019e+01 
 182    6.4419613 -1.23393e+01 
 183    6.5830219 -1.20605e+01 
 184    6.7271713 -1.17634e+01 
 185    6.8744772 -1.14475e+01 
 186    7.0250086 -1.11241e+01 
 187    7.1788363 -1.07873e+01 
 188    7.3360323 -1.04378e+01 
 189    7.4966705 -1.00750e+01 


# H-band (filter: H_2MASS.dat)
   0    0.1250000 -1.63392e+01 
   1    0.1277371 -1.64034e+01 
   2    0.1305342 -1.64690e+01 
   3    0.1333926 -1.65360e+01 
   4    0.1363135 -1.65876e+01 
   5    0.1392983 -1.66283e+01 
   6    0.1423486 -1.66306e+01 
   7    0.1454656 -1.65968e+01 
   8    0.1486509 -1.65726e+01 
   9    0.1519059 -1.65362e+01 
  10    0.1552322 -1.65028e+01 
  11    0.1586314 -1.64555e+01 
  12    0.1621049 -1.64272e+01 
  13    0.1656546 -1.63989e+01 
  14    0.1692819 -1.63692e+01 
  15    0.1729887 -1.63469e+01 
  16    0.1767767 -1.63251e+01 
  17    0.1806476 -1.63114e+01 
  18    0.1846033 -1.63272e+01 
  19    0.1886456 -1.63481e+01 
  20    0.1927764 -1.63698e+01 
  21    0.1969976 -1.63896e+01 
  22    0.2013113 -1.64148e+01 
  23    0.2057194 -1.64367e+01 
  24    0.2102241 -1.64535e+01 
  25    0.2148274 -1.64664e+01 
  26    0.2195315 -1.64797e+01 
  27    0.2243386 -1.64867e+01 
  28    0.2292510 -1.64928e+01 
  29    0.2342710 -1.64971e+01 
  30    0.2394008 -1.64994e+01 
  31    0.2446430 -1.64990e+01 
  32    0.2500000 -1.64976e+01 
  33    0.2554743 -1.64936e+01 
  34    0.2610684 -1.64866e+01 
  35    0.2667851 -1.64771e+01 
  36    0.2726269 -1.64629e+01 
  37    0.2785967 -1.64506e+01 
  38    0.2846972 -1.64359e+01 
  39    0.2909312 -1.64241e+01 
  40    0.2973018 -1.64073e+01 
  41    0.3038118 -1.63854e+01 
  42    0.3104645 -1.63649e+01 
  43    0.3172627 -1.63424e+01 
  44    0.3242099 -1.63201e+01 
  45    0.3313092 -1.62974e+01 
  46    0.3385639 -1.62723e+01 
  47    0.3459775 -1.62457e+01 
  48    0.3535534 -1.62178e+01 
  49    0.3612952 -1.61886e+01 
  50    0.3692065 -1.61590e+01 
  51    0.3772911 -1.61280e+01 
  52    0.3855527 -1.60964e+01 
  53    0.3939952 -1.60652e+01 
  54    0.4026226 -1.60328e+01 
  55    0.4114389 -1.59963e+01 
  56    0.4204482 -1.59616e+01 
  57    0.4296548 -1.59243e+01 
  58    0.4390630 -1.58875e+01 
  59    0.4486773 -1.58498e+01 
  60    0.4585020 -1.58106e+01 
  61    0.4685419 -1.57735e+01 
  62    0.4788016 -1.57351e+01 
  63    0.4892860 -1.56928e+01 
  64    0.5000000 -1.56527e+01 
  65    0.5109486 -1.56130e+01 
  66    0.5221369 -1.55711e+01 
  67    0.5335702 -1.55340e+01 
  68    0.5452539 -1.54951e+01 
  69    0.5571934 -1.54527e+01 
  70    0.5693943 -1.54095e+01 
  71    0.5818624 -1.53646e+01 
  72    0.5946036 -1.53233e+01 
  73    0.6076237 -1.52797e+01 
  74    0.6209289 -1.52369e+01 
  75    0.6345255 -1.51982e+01 
  76    0.6484198 -1.51583e+01 
  77    0.6626183 -1.51164e+01 
  78    0.6771278 -1.50717e+01 
  79    0.6919549 -1.50298e+01 
  80    0.7071068 -1.49864e+01 
  81    0.7225904 -1.49459e+01 
  82    0.7384131 -1.49036e+01 
  83    0.7545822 -1.48632e+01 
  84    0.7711054 -1.48205e+01 
  85    0.7879904 -1.47804e+01 
  86    0.8052452 -1.47336e+01 
  87    0.8228777 -1.46866e+01 
  88    0.8408964 -1.46389e+01 
  89    0.8593096 -1.45976e+01 
  90    0.8781261 -1.45516e+01 
  91    0.8973545 -1.45058e+01 
  92    0.9170040 -1.44543e+01 
  93    0.9370838 -1.44071e+01 
  94    0.9576033 -1.43618e+01 
  95    0.9785721 -1.43136e+01 
  96    1.0000000 -1.42614e+01 
  97    1.0218971 -1.42098e+01 
  98    1.0442738 -1.41601e+01 
  99    1.0671404 -1.41103e+01 
 100    1.0905077 -1.40644e+01 
 101    1.1143867 -1.40145e+01 
 102    1.1387886 -1.39653e+01 
 103    1.1637249 -1.39122e+01 
 104    1.1892071 -1.38654e+01 
 105    1.2152474 -1.38121e+01 
 106    1.2418578 -1.37620e+01 
 107    1.2690510 -1.37096e+01 
 108    1.2968396 -1.36572e+01 
 109    1.3252366 -1.36111e+01 
 110    1.3542555 -1.35616e+01 
 111    1.3839099 -1.35083e+01 
 112    1.4142136 -1.34550e+01 
 113    1.4451808 -1.33953e+01 
 114    1.4768261 -1.33382e+01 
 115    1.5091644 -1.32807e+01 
 116    1.5422108 -1.32221e+01 
 117    1.5759808 -1.31644e+01 
 118    1.6104903 -1.31064e+01 
 119    1.6457555 -1.30492e+01 
 120    1.6817928 -1.30000e+01 
 121    1.7186193 -1.29458e+01 
 122    1.7562522 -1.28937e+01 
 123    1.7947091 -1.28446e+01 
 124    1.8340081 -1.27978e+01 
 125    1.8741676 -1.27571e+01 
 126    1.9152066 -1.27206e+01 
 127    1.9571441 -1.26935e+01 
 128    2.0000000 -1.26702e+01 
 129    2.0437943 -1.26554e+01 
 130    2.0885476 -1.26438e+01 
 131    2.1342808 -1.26366e+01 
 132    2.1810155 -1.26367e+01 
 133    2.2287735 -1.26346e+01 
 134    2.2775773 -1.26415e+01 
 135    2.3274497 -1.26527e+01 
 136    2.3784142 -1.26656e+01 
 137    2.4304947 -1.26803e+01 
 138    2.4837156 -1.26997e+01 
 139    2.5381019 -1.27101e+01 
 140    2.5936791 -1.27277e+01 
 141    2.6504733 -1.27416e+01 
 142    2.7085111 -1.27563e+01 
 143    2.7678198 -1.27711e+01 
 144    2.8284271 -1.27784e+01 
 145    2.8903616 -1.27905e+01 
 146    2.9536523 -1.28005e+01 
 147    3.0183289 -1.28087e+01 
 148    3.0844217 -1.28241e+01 
 149    3.1519617 -1.28378e+01 
 150    3.2209807 -1.28491e+01 
 151    3.2915110 -1.28696e+01 
 152    3.3635857 -1.28834e+01 
 153    3.4372386 -1.28982e+01 
 154    3.5125043 -1.29133e+01 
 155    3.5894182 -1.29265e+01 
 156    3.6680162 -1.29416e+01 
 157    3.7483353 -1.29495e+01 
 158    3.8304131 -1.29550e+01 
 159    3.9142882 -1.29596e+01 
 160    4.0000000 -1.29491e+01 
 161    4.0875886 -1.29374e+01 
 162    4.1770951 -1.29174e+01 
 163    4.2685616 -1.28844e+01 
 164    4.3620309 -1.28490e+01 
 165    4.4575470 -1.28070e+01 
 166    4.5551545 -1.27581e+01 
 167    4.6548994 -1.27066e+01 
 168    4.7568285 -1.26490e+01 
 169    4.8609894 -1.25897e+01 
 170    4.9674312 -1.25263e+01 
 171    5.0762038 -1.24594e+01 
 172    5.1873582 -1.23951e+01 
 173    5.3009466 -1.23406e+01 
 174    5.4170222 -1.23090e+01 
 175    5.5356395 -1.22844e+01 
 176    5.6568542 -1.22964e+01 
 177    5.7807232 -1.23234e+01 
 178    5.9073046 -1.23613e+01 
 179    6.0366577 -1.24149e+01 
 180    6.1688433 -1.24659e+01 
 181    6.3039234 -1.25356e+01 
 182    6.4419613 -1.25828e+01 
 183    6.5830219 -1.26208e+01 
 184    6.7271713 -1.26660e+01 
 185    6.8744772 -1.26680e+01 
 186    7.0250086 -1.26701e+01 
 187    7.1788363 -1.26606e+01 
 188    7.3360323 -1.26259e+01 
 189    7.4966705 -1.25481e+01 


# K-band (filter: Ks_mosfire.dat)
   0    0.1250000 -1.60724e+01 
   1    0.1277371 -1.61276e+01 
   2    0.1305342 -1.61840e+01 
   3    0.1333926 -1.62416e+01 
   4    0.1363135 -1.62924e+01 
   5    0.1392983 -1.63209e+01 
   6    0.1423486 -1.63179e+01 
   7    0.1454656 -1.62945e+01 
   8    0.1486509 -1.62779e+01 
   9    0.1519059 -1.62557e+01 
  10    0.1552322 -1.62316e+01 
  11    0.1586314 -1.61966e+01 
  12    0.1621049 -1.61727e+01 
  13    0.1656546 -1.61460e+01 
  14    0.1692819 -1.61194e+01 
  15    0.1729887 -1.60943e+01 
  16    0.1767767 -1.60702e+01 
  17    0.1806476 -1.60523e+01 
  18    0.1846033 -1.60585e+01 
  19    0.1886456 -1.60695e+01 
  20    0.1927764 -1.60701e+01 
  21    0.1969976 -1.60761e+01 
  22    0.2013113 -1.60815e+01 
  23    0.2057194 -1.60851e+01 
  24    0.2102241 -1.60849e+01 
  25    0.2148274 -1.60834e+01 
  26    0.2195315 -1.60741e+01 
  27    0.2243386 -1.60693e+01 
  28    0.2292510 -1.60601e+01 
  29    0.2342710 -1.60499e+01 
  30    0.2394008 -1.60379e+01 
  31    0.2446430 -1.60225e+01 
  32    0.2500000 -1.60055e+01 
  33    0.2554743 -1.59875e+01 
  34    0.2610684 -1.59709e+01 
  35    0.2667851 -1.59498e+01 
  36    0.2726269 -1.59288e+01 
  37    0.2785967 -1.59022e+01 
  38    0.2846972 -1.58844e+01 
  39    0.2909312 -1.58575e+01 
  40    0.2973018 -1.58318e+01 
  41    0.3038118 -1.57991e+01 
  42    0.3104645 -1.57720e+01 
  43    0.3172627 -1.57407e+01 
  44    0.3242099 -1.57141e+01 
  45    0.3313092 -1.56788e+01 
  46    0.3385639 -1.56456e+01 
  47    0.3459775 -1.56128e+01 
  48    0.3535534 -1.55748e+01 
  49    0.3612952 -1.55421e+01 
  50    0.3692065 -1.55012e+01 
  51    0.3772911 -1.54636e+01 
  52    0.3855527 -1.54220e+01 
  53    0.3939952 -1.53851e+01 
  54    0.4026226 -1.53394e+01 
  55    0.4114389 -1.52961e+01 
  56    0.4204482 -1.52441e+01 
  57    0.4296548 -1.51996e+01 
  58    0.4390630 -1.51545e+01 
  59    0.4486773 -1.51072e+01 
  60    0.4585020 -1.50603e+01 
  61    0.4685419 -1.50131e+01 
  62    0.4788016 -1.49618e+01 
  63    0.4892860 -1.49082e+01 
  64    0.5000000 -1.48586e+01 
  65    0.5109486 -1.48117e+01 
  66    0.5221369 -1.47589e+01 
  67    0.5335702 -1.47175e+01 
  68    0.5452539 -1.46661e+01 
  69    0.5571934 -1.46145e+01 
  70    0.5693943 -1.45647e+01 
  71    0.5818624 -1.45156e+01 
  72    0.5946036 -1.44684e+01 
  73    0.6076237 -1.44225e+01 
  74    0.6209289 -1.43771e+01 
  75    0.6345255 -1.43282e+01 
  76    0.6484198 -1.42773e+01 
  77    0.6626183 -1.42250e+01 
  78    0.6771278 -1.41736e+01 
  79    0.6919549 -1.41095e+01 
  80    0.7071068 -1.40594e+01 
  81    0.7225904 -1.40079e+01 
  82    0.7384131 -1.39623e+01 
  83    0.7545822 -1.39082e+01 
  84    0.7711054 -1.38581e+01 
  85    0.7879904 -1.37988e+01 
  86    0.8052452 -1.37418e+01 
  87    0.8228777 -1.36985e+01 
  88    0.8408964 -1.36463e+01 
  89    0.8593096 -1.36013e+01 
  90    0.8781261 -1.35509e+01 
  91    0.8973545 -1.35169e+01 
  92    0.9170040 -1.34654e+01 
  93    0.9370838 -1.34182e+01 
  94    0.9576033 -1.33621e+01 
  95    0.9785721 -1.33115e+01 
  96    1.0000000 -1.32596e+01 
  97    1.0218971 -1.32164e+01 
  98    1.0442738 -1.31664e+01 
  99    1.0671404 -1.31171e+01 
 100    1.0905077 -1.30673e+01 
 101    1.1143867 -1.30130e+01 
 102    1.1387886 -1.29614e+01 
 103    1.1637249 -1.29086e+01 
 104    1.1892071 -1.28583e+01 
 105    1.2152474 -1.27989e+01 
 106    1.2418578 -1.27542e+01 
 107    1.2690510 -1.26964e+01 
 108    1.2968396 -1.26490e+01 
 109    1.3252366 -1.25931e+01 
 110    1.3542555 -1.25467e+01 
 111    1.3839099 -1.24896e+01 
 112    1.4142136 -1.24413e+01 
 113    1.4451808 -1.23764e+01 
 114    1.4768261 -1.22989e+01 
 115    1.5091644 -1.22204e+01 
 116    1.5422108 -1.21537e+01 
 117    1.5759808 -1.20719e+01 
 118    1.6104903 -1.19848e+01 
 119    1.6457555 -1.18996e+01 
 120    1.6817928 -1.18195e+01 
 121    1.7186193 -1.17185e+01 
 122    1.7562522 -1.16168e+01 
 123    1.7947091 -1.15243e+01 
 124    1.8340081 -1.14228e+01 
 125    1.8741676 -1.13403e+01 
 126    1.9152066 -1.12559e+01 
 127    1.9571441 -1.11868e+01 
 128    2.0000000 -1.11036e+01 
 129    2.0437943 -1.10501e+01 
 130    2.0885476 -1.10143e+01 
 131    2.1342808 -1.09697e+01 
 132    2.1810155 -1.09256e+01 
 133    2.2287735 -1.09181e+01 
 134    2.2775773 -1.09160e+01 
 135    2.3274497 -1.09323e+01 
 136    2.3784142 -1.09455e+01 
 137    2.4304947 -1.09733e+01 
 138    2.4837156 -1.10089e+01 
 139    2.5381019 -1.10345e+01 
 140    2.5936791 -1.10816e+01 
 141    2.6504733 -1.11280e+01 
 142    2.7085111 -1.11736e+01 
 143    2.7678198 -1.12348e+01 
 144    2.8284271 -1.12936e+01 
 145    2.8903616 -1.13523e+01 
 146    2.9536523 -1.14006e+01 
 147    3.0183289 -1.14526e+01 
 148    3.0844217 -1.15029e+01 
 149    3.1519617 -1.15432e+01 
 150    3.2209807 -1.15898e+01 
 151    3.2915110 -1.16402e+01 
 152    3.3635857 -1.16718e+01 
 153    3.4372386 -1.16983e+01 
 154    3.5125043 -1.17109e+01 
 155    3.5894182 -1.17198e+01 
 156    3.6680162 -1.17194e+01 
 157    3.7483353 -1.17044e+01 
 158    3.8304131 -1.16783e+01 
 159    3.9142882 -1.16476e+01 
 160    4.0000000 -1.16069e+01 
 161    4.0875886 -1.15601e+01 
 162    4.1770951 -1.15034e+01 
 163    4.2685616 -1.14408e+01 
 164    4.3620309 -1.13744e+01 
 165    4.4575470 -1.13056e+01 
 166    4.5551545 -1.12364e+01 
 167    4.6548994 -1.11709e+01 
 168    4.7568285 -1.11052e+01 
 169    4.8609894 -1.10412e+01 
 170    4.9674312 -1.09740e+01 
 171    5.0762038 -1.09073e+01 
 172    5.1873582 -1.08387e+01 
 173    5.3009466 -1.07694e+01 
 174    5.4170222 -1.06940e+01 
 175    5.5356395 -1.06109e+01 
 176    5.6568542 -1.05205e+01 
 177    5.7807232 -1.04150e+01 
 178    5.9073046 -1.03147e+01 
 179    6.0366577 -1.01995e+01 
 180    6.1688433 -1.00886e+01 
 181    6.3039234 -9.96331e+00 
 182    6.4419613 -9.84485e+00 
 183    6.5830219 -9.70445e+00 
 184    6.7271713 -9.56560e+00 
 185    6.8744772 -9.42783e+00 
 186    7.0250086 -9.30570e+00 
 187    7.1788363 -9.17358e+00 
 188    7.3360323 -9.04076e+00 
 189    7.4966705 -8.90838e+00 


# S-band (filter: Spitzer_IRAC2.dat)
   0    0.1250000 -1.45839e+01 
   1    0.1277371 -1.45815e+01 
   2    0.1305342 -1.45790e+01 
   3    0.1333926 -1.45765e+01 
   4    0.1363135 -1.45917e+01 
   5    0.1392983 -1.45855e+01 
   6    0.1423486 -1.45778e+01 
   7    0.1454656 -1.45421e+01 
   8    0.1486509 -1.45068e+01 
   9    0.1519059 -1.44692e+01 
  10    0.1552322 -1.44469e+01 
  11    0.1586314 -1.44202e+01 
  12    0.1621049 -1.44095e+01 
  13    0.1656546 -1.43888e+01 
  14    0.1692819 -1.43469e+01 
  15    0.1729887 -1.43135e+01 
  16    0.1767767 -1.42503e+01 
  17    0.1806476 -1.42302e+01 
  18    0.1846033 -1.42002e+01 
  19    0.1886456 -1.41847e+01 
  20    0.1927764 -1.41603e+01 
  21    0.1969976 -1.41211e+01 
  22    0.2013113 -1.40751e+01 
  23    0.2057194 -1.40368e+01 
  24    0.2102241 -1.40011e+01 
  25    0.2148274 -1.39501e+01 
  26    0.2195315 -1.39032e+01 
  27    0.2243386 -1.38406e+01 
  28    0.2292510 -1.38009e+01 
  29    0.2342710 -1.37434e+01 
  30    0.2394008 -1.37006e+01 
  31    0.2446430 -1.36399e+01 
  32    0.2500000 -1.35826e+01 
  33    0.2554743 -1.35437e+01 
  34    0.2610684 -1.35182e+01 
  35    0.2667851 -1.34580e+01 
  36    0.2726269 -1.33984e+01 
  37    0.2785967 -1.33313e+01 
  38    0.2846972 -1.32841e+01 
  39    0.2909312 -1.32272e+01 
  40    0.2973018 -1.31538e+01 
  41    0.3038118 -1.31057e+01 
  42    0.3104645 -1.30180e+01 
  43    0.3172627 -1.29541e+01 
  44    0.3242099 -1.28899e+01 
  45    0.3313092 -1.28282e+01 
  46    0.3385639 -1.27654e+01 
  47    0.3459775 -1.27113e+01 
  48    0.3535534 -1.26569e+01 
  49    0.3612952 -1.26190e+01 
  50    0.3692065 -1.25644e+01 
  51    0.3772911 -1.25181e+01 
  52    0.3855527 -1.24736e+01 
  53    0.3939952 -1.24162e+01 
  54    0.4026226 -1.23725e+01 
  55    0.4114389 -1.23041e+01 
  56    0.4204482 -1.22555e+01 
  57    0.4296548 -1.21697e+01 
  58    0.4390630 -1.21072e+01 
  59    0.4486773 -1.20738e+01 
  60    0.4585020 -1.20072e+01 
  61    0.4685419 -1.19540e+01 
  62    0.4788016 -1.18741e+01 
  63    0.4892860 -1.18106e+01 
  64    0.5000000 -1.17593e+01 
  65    0.5109486 -1.17023e+01 
  66    0.5221369 -1.16139e+01 
  67    0.5335702 -1.15861e+01 
  68    0.5452539 -1.14895e+01 
  69    0.5571934 -1.14369e+01 
  70    0.5693943 -1.13585e+01 
  71    0.5818624 -1.12872e+01 
  72    0.5946036 -1.12142e+01 
  73    0.6076237 -1.11350e+01 
  74    0.6209289 -1.10430e+01 
  75    0.6345255 -1.09716e+01 
  76    0.6484198 -1.09172e+01 
  77    0.6626183 -1.08795e+01 
  78    0.6771278 -1.08006e+01 
  79    0.6919549 -1.07416e+01 
  80    0.7071068 -1.06815e+01 
  81    0.7225904 -1.06297e+01 
  82    0.7384131 -1.06064e+01 
  83    0.7545822 -1.05226e+01 
  84    0.7711054 -1.04738e+01 
  85    0.7879904 -1.04088e+01 
  86    0.8052452 -1.03768e+01 
  87    0.8228777 -1.03261e+01 
  88    0.8408964 -1.02637e+01 
  89    0.8593096 -1.01503e+01 
  90    0.8781261 -1.01058e+01 
  91    0.8973545 -1.00167e+01 
  92    0.9170040 -1.00032e+01 
  93    0.9370838 -9.92032e+00 
  94    0.9576033 -9.83807e+00 
  95    0.9785721 -9.76502e+00 
  96    1.0000000 -9.72910e+00 
  97    1.0218971 -9.66539e+00 
  98    1.0442738 -9.50786e+00 
  99    1.0671404 -9.42704e+00 
 100    1.0905077 -9.38455e+00 
 101    1.1143867 -9.37860e+00 
 102    1.1387886 -9.29336e+00 
 103    1.1637249 -9.22410e+00 
 104    1.1892071 -9.14224e+00 
 105    1.2152474 -9.08979e+00 
 106    1.2418578 -9.01046e+00 
 107    1.2690510 -8.94397e+00 
 108    1.2968396 -8.81094e+00 
 109    1.3252366 -8.72958e+00 
 110    1.3542555 -8.74833e+00 
 111    1.3839099 -8.71514e+00 
 112    1.4142136 -8.63062e+00 
 113    1.4451808 -8.42405e+00 
 114    1.4768261 -8.31280e+00 
 115    1.5091644 -8.17108e+00 
 116    1.5422108 -8.07138e+00 
 117    1.5759808 -8.00284e+00 
 118    1.6104903 -7.91912e+00 
 119    1.6457555 -7.73452e+00 
 120    1.6817928 -7.68236e+00 
 121    1.7186193 -7.62566e+00 
 122    1.7562522 -7.48509e+00 
 123    1.7947091 -7.33878e+00 
 124    1.8340081 -7.30744e+00 
 125    1.8741676 -7.26445e+00 
 126    1.9152066 -7.07290e+00 
 127    1.9571441 -6.91363e+00 
 128    2.0000000 -6.85768e+00 
 129    2.0437943 -6.47913e+00 
 130    2.0885476 -6.45269e+00 
 131    2.1342808 -6.41874e+00 
 132    2.1810155 -6.37712e+00 
 133    2.2287735 -6.34164e+00 
 134    2.2775773 -6.31519e+00 
 135    2.3274497 -6.35982e+00 
 136    2.3784142 -6.34785e+00 
 137    2.4304947 -6.42398e+00 
 138    2.4837156 -6.46280e+00 
 139    2.5381019 -6.60339e+00 
 140    2.5936791 -6.68754e+00 
 141    2.6504733 -6.85894e+00 
 142    2.7085111 -6.81251e+00 
 143    2.7678198 -6.80202e+00 
 144    2.8284271 -6.78568e+00 
 145    2.8903616 -6.84347e+00 
 146    2.9536523 -6.79897e+00 
 147    3.0183289 -6.72169e+00 
 148    3.0844217 -6.69227e+00 
 149    3.1519617 -6.72286e+00 
 150    3.2209807 -6.69152e+00 
 151    3.2915110 -6.66014e+00 
 152    3.3635857 -6.63832e+00 
 153    3.4372386 -6.68172e+00 
 154    3.5125043 -6.77027e+00 
 155    3.5894182 -6.83366e+00 
 156    3.6680162 -6.85380e+00 
 157    3.7483353 -6.85994e+00 
 158    3.8304131 -6.88743e+00 
 159    3.9142882 -6.90893e+00 
 160    4.0000000 -6.89517e+00 
 161    4.0875886 -6.89507e+00 
 162    4.1770951 -6.91468e+00 
 163    4.2685616 -6.90613e+00 
 164    4.3620309 -6.93658e+00 
 165    4.4575470 -6.90394e+00 
 166    4.5551545 -6.89600e+00 
 167    4.6548994 -6.86908e+00 
 168    4.7568285 -6.86400e+00 
 169    4.8609894 -6.79618e+00 
 170    4.9674312 -6.78057e+00 
 171    5.0762038 -6.81314e+00 
 172    5.1873582 -6.84728e+00 
 173    5.3009466 -6.84490e+00 
 174    5.4170222 -6.90844e+00 
 175    5.5356395 -6.94978e+00 
 176    5.6568542 -6.95860e+00 
 177    5.7807232 -6.97742e+00 
 178    5.9073046 -7.02072e+00 
 179    6.0366577 -7.05531e+00 
 180    6.1688433 -7.12413e+00 
 181    6.3039234 -7.18011e+00 
 182    6.4419613 -7.21976e+00 
 183    6.5830219 -7.21791e+00 
 184    6.7271713 -7.19647e+00 
 185    6.8744772 -7.19232e+00 
 186    7.0250086 -7.15334e+00 
 187    7.1788363 -7.12276e+00 
 188    7.3360323 -7.09025e+00 
 189    7.4966705 -7.03512e+00 


