# 1:iteration 2:time bin[s] 3-k:AB magnitude for k-th angular bin
# g-band (filter: g_LSST.dat)
   0    0.1250000 -1.48958e+01 
   1    0.1277371 -1.48999e+01 
   2    0.1305342 -1.49040e+01 
   3    0.1333926 -1.49082e+01 
   4    0.1363135 -1.49134e+01 
   5    0.1392983 -1.49238e+01 
   6    0.1423486 -1.49355e+01 
   7    0.1454656 -1.49410e+01 
   8    0.1486509 -1.49545e+01 
   9    0.1519059 -1.49527e+01 
  10    0.1552322 -1.49578e+01 
  11    0.1586314 -1.49658e+01 
  12    0.1621049 -1.49641e+01 
  13    0.1656546 -1.49654e+01 
  14    0.1692819 -1.49804e+01 
  15    0.1729887 -1.49822e+01 
  16    0.1767767 -1.49813e+01 
  17    0.1806476 -1.49842e+01 
  18    0.1846033 -1.49694e+01 
  19    0.1886456 -1.49753e+01 
  20    0.1927764 -1.49615e+01 
  21    0.1969976 -1.49554e+01 
  22    0.2013113 -1.49516e+01 
  23    0.2057194 -1.49615e+01 
  24    0.2102241 -1.49610e+01 
  25    0.2148274 -1.49445e+01 
  26    0.2195315 -1.49281e+01 
  27    0.2243386 -1.49218e+01 
  28    0.2292510 -1.49113e+01 
  29    0.2342710 -1.49038e+01 
  30    0.2394008 -1.48931e+01 
  31    0.2446430 -1.48630e+01 
  32    0.2500000 -1.48745e+01 
  33    0.2554743 -1.48496e+01 
  34    0.2610684 -1.48611e+01 
  35    0.2667851 -1.48470e+01 
  36    0.2726269 -1.48436e+01 
  37    0.2785967 -1.48454e+01 
  38    0.2846972 -1.48293e+01 
  39    0.2909312 -1.48167e+01 
  40    0.2973018 -1.48138e+01 
  41    0.3038118 -1.47777e+01 
  42    0.3104645 -1.47770e+01 
  43    0.3172627 -1.47721e+01 
  44    0.3242099 -1.47559e+01 
  45    0.3313092 -1.47577e+01 
  46    0.3385639 -1.47502e+01 
  47    0.3459775 -1.47648e+01 
  48    0.3535534 -1.47617e+01 
  49    0.3612952 -1.47532e+01 
  50    0.3692065 -1.47480e+01 
  51    0.3772911 -1.47600e+01 
  52    0.3855527 -1.47613e+01 
  53    0.3939952 -1.47786e+01 
  54    0.4026226 -1.47919e+01 
  55    0.4114389 -1.48157e+01 
  56    0.4204482 -1.48429e+01 
  57    0.4296548 -1.48605e+01 
  58    0.4390630 -1.48685e+01 
  59    0.4486773 -1.49007e+01 
  60    0.4585020 -1.49530e+01 
  61    0.4685419 -1.49987e+01 
  62    0.4788016 -1.50498e+01 
  63    0.4892860 -1.51005e+01 
  64    0.5000000 -1.51629e+01 
  65    0.5109486 -1.52332e+01 
  66    0.5221369 -1.52874e+01 
  67    0.5335702 -1.53444e+01 
  68    0.5452539 -1.54077e+01 
  69    0.5571934 -1.54751e+01 
  70    0.5693943 -1.55301e+01 
  71    0.5818624 -1.55875e+01 
  72    0.5946036 -1.56368e+01 
  73    0.6076237 -1.56946e+01 
  74    0.6209289 -1.57511e+01 
  75    0.6345255 -1.57874e+01 
  76    0.6484198 -1.58368e+01 
  77    0.6626183 -1.58743e+01 
  78    0.6771278 -1.59074e+01 
  79    0.6919549 -1.59621e+01 
  80    0.7071068 -1.60332e+01 
  81    0.7225904 -1.60985e+01 
  82    0.7384131 -1.61830e+01 
  83    0.7545822 -1.62797e+01 
  84    0.7711054 -1.63765e+01 
  85    0.7879904 -1.64884e+01 
  86    0.8052452 -1.66097e+01 
  87    0.8228777 -1.67537e+01 
  88    0.8408964 -1.69068e+01 
  89    0.8593096 -1.70720e+01 
  90    0.8781261 -1.72447e+01 
  91    0.8973545 -1.74041e+01 
  92    0.9170040 -1.75560e+01 
  93    0.9370838 -1.77152e+01 
  94    0.9576033 -1.78666e+01 
  95    0.9785721 -1.80097e+01 
  96    1.0000000 -1.81551e+01 
  97    1.0218971 -1.82938e+01 
  98    1.0442738 -1.84228e+01 
  99    1.0671404 -1.85372e+01 
 100    1.0905077 -1.86425e+01 
 101    1.1143867 -1.87500e+01 
 102    1.1387886 -1.88511e+01 
 103    1.1637249 -1.89474e+01 
 104    1.1892071 -1.90435e+01 
 105    1.2152474 -1.91318e+01 
 106    1.2418578 -1.92194e+01 
 107    1.2690510 -1.93026e+01 
 108    1.2968396 -1.93817e+01 
 109    1.3252366 -1.94598e+01 
 110    1.3542555 -1.95369e+01 
 111    1.3839099 -1.96165e+01 
 112    1.4142136 -1.96897e+01 
 113    1.4451808 -1.97600e+01 
 114    1.4768261 -1.98274e+01 
 115    1.5091644 -1.98976e+01 
 116    1.5422108 -1.99648e+01 
 117    1.5759808 -2.00363e+01 
 118    1.6104903 -2.01053e+01 
 119    1.6457555 -2.01735e+01 
 120    1.6817928 -2.02392e+01 
 121    1.7186193 -2.03045e+01 
 122    1.7562522 -2.03598e+01 
 123    1.7947091 -2.04087e+01 
 124    1.8340081 -2.04800e+01 
 125    1.8741676 -2.05446e+01 
 126    1.9152066 -2.05515e+01 
 127    1.9571441 -2.05101e+01 
 128    2.0000000 -2.04853e+01 
 129    2.0437943 -2.04521e+01 
 130    2.0885476 -2.04300e+01 
 131    2.1342808 -2.03922e+01 
 132    2.1810155 -2.03773e+01 
 133    2.2287735 -2.03645e+01 
 134    2.2775773 -2.03382e+01 
 135    2.3274497 -2.03324e+01 
 136    2.3784142 -2.03020e+01 
 137    2.4304947 -2.02946e+01 
 138    2.4837156 -2.03002e+01 
 139    2.5381019 -2.03381e+01 
 140    2.5936791 -2.03727e+01 
 141    2.6504733 -2.04006e+01 
 142    2.7085111 -2.04239e+01 
 143    2.7678198 -2.04440e+01 
 144    2.8284271 -2.04684e+01 
 145    2.8903616 -2.05307e+01 
 146    2.9536523 -2.06318e+01 
 147    3.0183289 -2.07217e+01 
 148    3.0844217 -2.07936e+01 
 149    3.1519617 -2.08024e+01 
 150    3.2209807 -2.08336e+01 
 151    3.2915110 -2.08253e+01 
 152    3.3635857 -2.08244e+01 
 153    3.4372386 -2.08283e+01 
 154    3.5125043 -2.08135e+01 
 155    3.5894182 -2.07762e+01 
 156    3.6680162 -2.07029e+01 
 157    3.7483353 -2.06196e+01 
 158    3.8304131 -2.04808e+01 
 159    3.9142882 -2.03304e+01 
 160    4.0000000 -2.01461e+01 
 161    4.0875886 -1.99517e+01 
 162    4.1770951 -1.97345e+01 
 163    4.2685616 -1.94287e+01 
 164    4.3620309 -1.90816e+01 
 165    4.4575470 -1.87209e+01 
 166    4.5551545 -1.83813e+01 
 167    4.6548994 -1.80876e+01 
 168    4.7568285 -1.77553e+01 
 169    4.8609894 -1.75004e+01 
 170    4.9674312 -1.72612e+01 
 171    5.0762038 -1.70349e+01 
 172    5.1873582 -1.68423e+01 
 173    5.3009466 -1.66862e+01 
 174    5.4170222 -1.65755e+01 
 175    5.5356395 -1.65355e+01 
 176    5.6568542 -1.65254e+01 
 177    5.7807232 -1.65421e+01 
 178    5.9073046 -1.65630e+01 
 179    6.0366577 -1.65970e+01 
 180    6.1688433 -1.66389e+01 
 181    6.3039234 -1.66898e+01 
 182    6.4419613 -1.67509e+01 
 183    6.5830219 -1.68211e+01 
 184    6.7271713 -1.69002e+01 
 185    6.8744772 -1.69859e+01 
 186    7.0250086 -1.70757e+01 
 187    7.1788363 -1.71710e+01 
 188    7.3360323 -1.72712e+01 
 189    7.4966705 -1.73769e+01 


# r-band (filter: r_LSST.dat)
   0    0.1250000 -1.49583e+01 
   1    0.1277371 -1.49747e+01 
   2    0.1305342 -1.49914e+01 
   3    0.1333926 -1.50085e+01 
   4    0.1363135 -1.50175e+01 
   5    0.1392983 -1.50430e+01 
   6    0.1423486 -1.50547e+01 
   7    0.1454656 -1.50752e+01 
   8    0.1486509 -1.50813e+01 
   9    0.1519059 -1.50957e+01 
  10    0.1552322 -1.51224e+01 
  11    0.1586314 -1.51391e+01 
  12    0.1621049 -1.51601e+01 
  13    0.1656546 -1.51586e+01 
  14    0.1692819 -1.51546e+01 
  15    0.1729887 -1.51640e+01 
  16    0.1767767 -1.51903e+01 
  17    0.1806476 -1.51950e+01 
  18    0.1846033 -1.52107e+01 
  19    0.1886456 -1.52147e+01 
  20    0.1927764 -1.52324e+01 
  21    0.1969976 -1.52392e+01 
  22    0.2013113 -1.52389e+01 
  23    0.2057194 -1.52327e+01 
  24    0.2102241 -1.52345e+01 
  25    0.2148274 -1.52582e+01 
  26    0.2195315 -1.52832e+01 
  27    0.2243386 -1.53171e+01 
  28    0.2292510 -1.53333e+01 
  29    0.2342710 -1.53412e+01 
  30    0.2394008 -1.53476e+01 
  31    0.2446430 -1.53346e+01 
  32    0.2500000 -1.53128e+01 
  33    0.2554743 -1.53170e+01 
  34    0.2610684 -1.53270e+01 
  35    0.2667851 -1.53212e+01 
  36    0.2726269 -1.53236e+01 
  37    0.2785967 -1.53176e+01 
  38    0.2846972 -1.53030e+01 
  39    0.2909312 -1.52811e+01 
  40    0.2973018 -1.52664e+01 
  41    0.3038118 -1.52550e+01 
  42    0.3104645 -1.52545e+01 
  43    0.3172627 -1.52628e+01 
  44    0.3242099 -1.52946e+01 
  45    0.3313092 -1.52985e+01 
  46    0.3385639 -1.53251e+01 
  47    0.3459775 -1.53449e+01 
  48    0.3535534 -1.53684e+01 
  49    0.3612952 -1.54141e+01 
  50    0.3692065 -1.55025e+01 
  51    0.3772911 -1.55893e+01 
  52    0.3855527 -1.56876e+01 
  53    0.3939952 -1.57713e+01 
  54    0.4026226 -1.58505e+01 
  55    0.4114389 -1.59352e+01 
  56    0.4204482 -1.59893e+01 
  57    0.4296548 -1.60641e+01 
  58    0.4390630 -1.61344e+01 
  59    0.4486773 -1.62157e+01 
  60    0.4585020 -1.62909e+01 
  61    0.4685419 -1.63722e+01 
  62    0.4788016 -1.64460e+01 
  63    0.4892860 -1.65115e+01 
  64    0.5000000 -1.66288e+01 
  65    0.5109486 -1.67686e+01 
  66    0.5221369 -1.69231e+01 
  67    0.5335702 -1.70698e+01 
  68    0.5452539 -1.72426e+01 
  69    0.5571934 -1.73958e+01 
  70    0.5693943 -1.75768e+01 
  71    0.5818624 -1.77689e+01 
  72    0.5946036 -1.79627e+01 
  73    0.6076237 -1.81390e+01 
  74    0.6209289 -1.83176e+01 
  75    0.6345255 -1.85032e+01 
  76    0.6484198 -1.86860e+01 
  77    0.6626183 -1.88600e+01 
  78    0.6771278 -1.90145e+01 
  79    0.6919549 -1.91614e+01 
  80    0.7071068 -1.93010e+01 
  81    0.7225904 -1.94385e+01 
  82    0.7384131 -1.95552e+01 
  83    0.7545822 -1.96758e+01 
  84    0.7711054 -1.97844e+01 
  85    0.7879904 -1.98796e+01 
  86    0.8052452 -1.99784e+01 
  87    0.8228777 -2.00602e+01 
  88    0.8408964 -2.01342e+01 
  89    0.8593096 -2.02181e+01 
  90    0.8781261 -2.02993e+01 
  91    0.8973545 -2.03678e+01 
  92    0.9170040 -2.04367e+01 
  93    0.9370838 -2.05110e+01 
  94    0.9576033 -2.05986e+01 
  95    0.9785721 -2.06420e+01 
  96    1.0000000 -2.06853e+01 
  97    1.0218971 -2.07093e+01 
  98    1.0442738 -2.07570e+01 
  99    1.0671404 -2.08084e+01 
 100    1.0905077 -2.08843e+01 
 101    1.1143867 -2.09483e+01 
 102    1.1387886 -2.10393e+01 
 103    1.1637249 -2.11315e+01 
 104    1.1892071 -2.12343e+01 
 105    1.2152474 -2.13218e+01 
 106    1.2418578 -2.14305e+01 
 107    1.2690510 -2.15347e+01 
 108    1.2968396 -2.16611e+01 
 109    1.3252366 -2.17863e+01 
 110    1.3542555 -2.19045e+01 
 111    1.3839099 -2.19990e+01 
 112    1.4142136 -2.20923e+01 
 113    1.4451808 -2.21800e+01 
 114    1.4768261 -2.22540e+01 
 115    1.5091644 -2.23232e+01 
 116    1.5422108 -2.23870e+01 
 117    1.5759808 -2.24456e+01 
 118    1.6104903 -2.25009e+01 
 119    1.6457555 -2.25481e+01 
 120    1.6817928 -2.25860e+01 
 121    1.7186193 -2.26179e+01 
 122    1.7562522 -2.26247e+01 
 123    1.7947091 -2.26047e+01 
 124    1.8340081 -2.25320e+01 
 125    1.8741676 -2.24377e+01 
 126    1.9152066 -2.23338e+01 
 127    1.9571441 -2.22689e+01 
 128    2.0000000 -2.21825e+01 
 129    2.0437943 -2.21449e+01 
 130    2.0885476 -2.21106e+01 
 131    2.1342808 -2.20612e+01 
 132    2.1810155 -2.20393e+01 
 133    2.2287735 -2.20135e+01 
 134    2.2775773 -2.20210e+01 
 135    2.3274497 -2.20232e+01 
 136    2.3784142 -2.20576e+01 
 137    2.4304947 -2.21235e+01 
 138    2.4837156 -2.21694e+01 
 139    2.5381019 -2.21952e+01 
 140    2.5936791 -2.22079e+01 
 141    2.6504733 -2.22058e+01 
 142    2.7085111 -2.21886e+01 
 143    2.7678198 -2.21622e+01 
 144    2.8284271 -2.21203e+01 
 145    2.8903616 -2.20346e+01 
 146    2.9536523 -2.18644e+01 
 147    3.0183289 -2.16950e+01 
 148    3.0844217 -2.15059e+01 
 149    3.1519617 -2.13344e+01 
 150    3.2209807 -2.11362e+01 
 151    3.2915110 -2.09700e+01 
 152    3.3635857 -2.08003e+01 
 153    3.4372386 -2.06059e+01 
 154    3.5125043 -2.04375e+01 
 155    3.5894182 -2.02599e+01 
 156    3.6680162 -2.00991e+01 
 157    3.7483353 -1.99313e+01 
 158    3.8304131 -1.98008e+01 
 159    3.9142882 -1.96747e+01 
 160    4.0000000 -1.95021e+01 
 161    4.0875886 -1.92726e+01 
 162    4.1770951 -1.90102e+01 
 163    4.2685616 -1.86226e+01 
 164    4.3620309 -1.82027e+01 
 165    4.4575470 -1.77784e+01 
 166    4.5551545 -1.73852e+01 
 167    4.6548994 -1.70265e+01 
 168    4.7568285 -1.66199e+01 
 169    4.8609894 -1.63093e+01 
 170    4.9674312 -1.60132e+01 
 171    5.0762038 -1.57191e+01 
 172    5.1873582 -1.54711e+01 
 173    5.3009466 -1.52562e+01 
 174    5.4170222 -1.50976e+01 
 175    5.5356395 -1.50171e+01 
 176    5.6568542 -1.49515e+01 
 177    5.7807232 -1.48965e+01 
 178    5.9073046 -1.48383e+01 
 179    6.0366577 -1.47732e+01 
 180    6.1688433 -1.47068e+01 
 181    6.3039234 -1.46389e+01 
 182    6.4419613 -1.45733e+01 
 183    6.5830219 -1.45203e+01 
 184    6.7271713 -1.44685e+01 
 185    6.8744772 -1.44584e+01 
 186    7.0250086 -1.44415e+01 
 187    7.1788363 -1.44174e+01 
 188    7.3360323 -1.44058e+01 
 189    7.4966705 -1.44232e+01 


# i-band (filter: i_LSST.dat)
   0    0.1250000 -1.45074e+01 
   1    0.1277371 -1.45290e+01 
   2    0.1305342 -1.45511e+01 
   3    0.1333926 -1.45736e+01 
   4    0.1363135 -1.45877e+01 
   5    0.1392983 -1.46061e+01 
   6    0.1423486 -1.46212e+01 
   7    0.1454656 -1.46426e+01 
   8    0.1486509 -1.46471e+01 
   9    0.1519059 -1.46771e+01 
  10    0.1552322 -1.46984e+01 
  11    0.1586314 -1.47103e+01 
  12    0.1621049 -1.47170e+01 
  13    0.1656546 -1.47269e+01 
  14    0.1692819 -1.47724e+01 
  15    0.1729887 -1.48075e+01 
  16    0.1767767 -1.48484e+01 
  17    0.1806476 -1.49272e+01 
  18    0.1846033 -1.49913e+01 
  19    0.1886456 -1.50445e+01 
  20    0.1927764 -1.50842e+01 
  21    0.1969976 -1.51356e+01 
  22    0.2013113 -1.51847e+01 
  23    0.2057194 -1.52270e+01 
  24    0.2102241 -1.52899e+01 
  25    0.2148274 -1.53404e+01 
  26    0.2195315 -1.53770e+01 
  27    0.2243386 -1.53939e+01 
  28    0.2292510 -1.54241e+01 
  29    0.2342710 -1.54013e+01 
  30    0.2394008 -1.53831e+01 
  31    0.2446430 -1.53629e+01 
  32    0.2500000 -1.53442e+01 
  33    0.2554743 -1.53250e+01 
  34    0.2610684 -1.53041e+01 
  35    0.2667851 -1.53234e+01 
  36    0.2726269 -1.53165e+01 
  37    0.2785967 -1.53168e+01 
  38    0.2846972 -1.53801e+01 
  39    0.2909312 -1.54865e+01 
  40    0.2973018 -1.56069e+01 
  41    0.3038118 -1.57236e+01 
  42    0.3104645 -1.58583e+01 
  43    0.3172627 -1.60090e+01 
  44    0.3242099 -1.61213e+01 
  45    0.3313092 -1.62282e+01 
  46    0.3385639 -1.63835e+01 
  47    0.3459775 -1.65246e+01 
  48    0.3535534 -1.66512e+01 
  49    0.3612952 -1.67543e+01 
  50    0.3692065 -1.68197e+01 
  51    0.3772911 -1.68200e+01 
  52    0.3855527 -1.68282e+01 
  53    0.3939952 -1.68272e+01 
  54    0.4026226 -1.68205e+01 
  55    0.4114389 -1.68150e+01 
  56    0.4204482 -1.68375e+01 
  57    0.4296548 -1.68621e+01 
  58    0.4390630 -1.68603e+01 
  59    0.4486773 -1.68609e+01 
  60    0.4585020 -1.68800e+01 
  61    0.4685419 -1.69009e+01 
  62    0.4788016 -1.69571e+01 
  63    0.4892860 -1.70132e+01 
  64    0.5000000 -1.70719e+01 
  65    0.5109486 -1.71348e+01 
  66    0.5221369 -1.71923e+01 
  67    0.5335702 -1.72657e+01 
  68    0.5452539 -1.73364e+01 
  69    0.5571934 -1.74217e+01 
  70    0.5693943 -1.75143e+01 
  71    0.5818624 -1.76044e+01 
  72    0.5946036 -1.77045e+01 
  73    0.6076237 -1.78108e+01 
  74    0.6209289 -1.79187e+01 
  75    0.6345255 -1.80310e+01 
  76    0.6484198 -1.81504e+01 
  77    0.6626183 -1.82822e+01 
  78    0.6771278 -1.84203e+01 
  79    0.6919549 -1.85557e+01 
  80    0.7071068 -1.86916e+01 
  81    0.7225904 -1.88284e+01 
  82    0.7384131 -1.89655e+01 
  83    0.7545822 -1.91027e+01 
  84    0.7711054 -1.92381e+01 
  85    0.7879904 -1.93686e+01 
  86    0.8052452 -1.94997e+01 
  87    0.8228777 -1.96295e+01 
  88    0.8408964 -1.97556e+01 
  89    0.8593096 -1.98784e+01 
  90    0.8781261 -1.99966e+01 
  91    0.8973545 -2.01086e+01 
  92    0.9170040 -2.02170e+01 
  93    0.9370838 -2.03235e+01 
  94    0.9576033 -2.04215e+01 
  95    0.9785721 -2.05148e+01 
  96    1.0000000 -2.06059e+01 
  97    1.0218971 -2.06895e+01 
  98    1.0442738 -2.07680e+01 
  99    1.0671404 -2.08437e+01 
 100    1.0905077 -2.09131e+01 
 101    1.1143867 -2.09771e+01 
 102    1.1387886 -2.10382e+01 
 103    1.1637249 -2.10950e+01 
 104    1.1892071 -2.11460e+01 
 105    1.2152474 -2.11922e+01 
 106    1.2418578 -2.12350e+01 
 107    1.2690510 -2.12733e+01 
 108    1.2968396 -2.13071e+01 
 109    1.3252366 -2.13389e+01 
 110    1.3542555 -2.13651e+01 
 111    1.3839099 -2.13886e+01 
 112    1.4142136 -2.14093e+01 
 113    1.4451808 -2.14258e+01 
 114    1.4768261 -2.14382e+01 
 115    1.5091644 -2.14486e+01 
 116    1.5422108 -2.14544e+01 
 117    1.5759808 -2.14534e+01 
 118    1.6104903 -2.14510e+01 
 119    1.6457555 -2.14404e+01 
 120    1.6817928 -2.14258e+01 
 121    1.7186193 -2.14069e+01 
 122    1.7562522 -2.13813e+01 
 123    1.7947091 -2.13500e+01 
 124    1.8340081 -2.13116e+01 
 125    1.8741676 -2.12670e+01 
 126    1.9152066 -2.12097e+01 
 127    1.9571441 -2.11459e+01 
 128    2.0000000 -2.10812e+01 
 129    2.0437943 -2.10185e+01 
 130    2.0885476 -2.09570e+01 
 131    2.1342808 -2.08902e+01 
 132    2.1810155 -2.08285e+01 
 133    2.2287735 -2.07656e+01 
 134    2.2775773 -2.07013e+01 
 135    2.3274497 -2.06372e+01 
 136    2.3784142 -2.05743e+01 
 137    2.4304947 -2.05160e+01 
 138    2.4837156 -2.04584e+01 
 139    2.5381019 -2.04027e+01 
 140    2.5936791 -2.03438e+01 
 141    2.6504733 -2.02833e+01 
 142    2.7085111 -2.02204e+01 
 143    2.7678198 -2.01553e+01 
 144    2.8284271 -2.00880e+01 
 145    2.8903616 -2.00197e+01 
 146    2.9536523 -1.99492e+01 
 147    3.0183289 -1.98775e+01 
 148    3.0844217 -1.98002e+01 
 149    3.1519617 -1.97155e+01 
 150    3.2209807 -1.96266e+01 
 151    3.2915110 -1.95256e+01 
 152    3.3635857 -1.94177e+01 
 153    3.4372386 -1.93057e+01 
 154    3.5125043 -1.91861e+01 
 155    3.5894182 -1.90540e+01 
 156    3.6680162 -1.89083e+01 
 157    3.7483353 -1.87372e+01 
 158    3.8304131 -1.85432e+01 
 159    3.9142882 -1.83293e+01 
 160    4.0000000 -1.80544e+01 
 161    4.0875886 -1.77151e+01 
 162    4.1770951 -1.73509e+01 
 163    4.2685616 -1.69140e+01 
 164    4.3620309 -1.65026e+01 
 165    4.4575470 -1.60688e+01 
 166    4.5551545 -1.57088e+01 
 167    4.6548994 -1.53725e+01 
 168    4.7568285 -1.50153e+01 
 169    4.8609894 -1.47373e+01 
 170    4.9674312 -1.44665e+01 
 171    5.0762038 -1.42279e+01 
 172    5.1873582 -1.40552e+01 
 173    5.3009466 -1.39096e+01 
 174    5.4170222 -1.38201e+01 
 175    5.5356395 -1.37616e+01 
 176    5.6568542 -1.37000e+01 
 177    5.7807232 -1.36422e+01 
 178    5.9073046 -1.35823e+01 
 179    6.0366577 -1.35202e+01 
 180    6.1688433 -1.34497e+01 
 181    6.3039234 -1.33829e+01 
 182    6.4419613 -1.33175e+01 
 183    6.5830219 -1.32425e+01 
 184    6.7271713 -1.31730e+01 
 185    6.8744772 -1.31138e+01 
 186    7.0250086 -1.30484e+01 
 187    7.1788363 -1.29867e+01 
 188    7.3360323 -1.29257e+01 
 189    7.4966705 -1.28672e+01 


# z-band (filter: z_LSST.dat)
   0    0.1250000 -1.41115e+01 
   1    0.1277371 -1.41351e+01 
   2    0.1305342 -1.41592e+01 
   3    0.1333926 -1.41839e+01 
   4    0.1363135 -1.41978e+01 
   5    0.1392983 -1.42309e+01 
   6    0.1423486 -1.42420e+01 
   7    0.1454656 -1.42510e+01 
   8    0.1486509 -1.42650e+01 
   9    0.1519059 -1.42879e+01 
  10    0.1552322 -1.42788e+01 
  11    0.1586314 -1.43167e+01 
  12    0.1621049 -1.43270e+01 
  13    0.1656546 -1.43604e+01 
  14    0.1692819 -1.44296e+01 
  15    0.1729887 -1.44703e+01 
  16    0.1767767 -1.45359e+01 
  17    0.1806476 -1.45797e+01 
  18    0.1846033 -1.46422e+01 
  19    0.1886456 -1.47035e+01 
  20    0.1927764 -1.47861e+01 
  21    0.1969976 -1.48583e+01 
  22    0.2013113 -1.49369e+01 
  23    0.2057194 -1.50211e+01 
  24    0.2102241 -1.51537e+01 
  25    0.2148274 -1.52864e+01 
  26    0.2195315 -1.53867e+01 
  27    0.2243386 -1.55178e+01 
  28    0.2292510 -1.56370e+01 
  29    0.2342710 -1.57229e+01 
  30    0.2394008 -1.57527e+01 
  31    0.2446430 -1.57467e+01 
  32    0.2500000 -1.57553e+01 
  33    0.2554743 -1.57756e+01 
  34    0.2610684 -1.58780e+01 
  35    0.2667851 -1.59887e+01 
  36    0.2726269 -1.60281e+01 
  37    0.2785967 -1.60914e+01 
  38    0.2846972 -1.61280e+01 
  39    0.2909312 -1.60810e+01 
  40    0.2973018 -1.60741e+01 
  41    0.3038118 -1.60195e+01 
  42    0.3104645 -1.60448e+01 
  43    0.3172627 -1.60480e+01 
  44    0.3242099 -1.60813e+01 
  45    0.3313092 -1.60771e+01 
  46    0.3385639 -1.60381e+01 
  47    0.3459775 -1.60248e+01 
  48    0.3535534 -1.60077e+01 
  49    0.3612952 -1.59848e+01 
  50    0.3692065 -1.59986e+01 
  51    0.3772911 -1.60151e+01 
  52    0.3855527 -1.60544e+01 
  53    0.3939952 -1.60742e+01 
  54    0.4026226 -1.60971e+01 
  55    0.4114389 -1.61156e+01 
  56    0.4204482 -1.61702e+01 
  57    0.4296548 -1.62286e+01 
  58    0.4390630 -1.62936e+01 
  59    0.4486773 -1.63502e+01 
  60    0.4585020 -1.64337e+01 
  61    0.4685419 -1.65099e+01 
  62    0.4788016 -1.65928e+01 
  63    0.4892860 -1.67052e+01 
  64    0.5000000 -1.68363e+01 
  65    0.5109486 -1.69770e+01 
  66    0.5221369 -1.71304e+01 
  67    0.5335702 -1.72937e+01 
  68    0.5452539 -1.74509e+01 
  69    0.5571934 -1.76216e+01 
  70    0.5693943 -1.77889e+01 
  71    0.5818624 -1.79567e+01 
  72    0.5946036 -1.81261e+01 
  73    0.6076237 -1.82994e+01 
  74    0.6209289 -1.84788e+01 
  75    0.6345255 -1.86476e+01 
  76    0.6484198 -1.88075e+01 
  77    0.6626183 -1.89709e+01 
  78    0.6771278 -1.91305e+01 
  79    0.6919549 -1.92797e+01 
  80    0.7071068 -1.94247e+01 
  81    0.7225904 -1.95659e+01 
  82    0.7384131 -1.97008e+01 
  83    0.7545822 -1.98316e+01 
  84    0.7711054 -1.99540e+01 
  85    0.7879904 -2.00677e+01 
  86    0.8052452 -2.01788e+01 
  87    0.8228777 -2.02852e+01 
  88    0.8408964 -2.03861e+01 
  89    0.8593096 -2.04805e+01 
  90    0.8781261 -2.05693e+01 
  91    0.8973545 -2.06499e+01 
  92    0.9170040 -2.07260e+01 
  93    0.9370838 -2.07970e+01 
  94    0.9576033 -2.08602e+01 
  95    0.9785721 -2.09184e+01 
  96    1.0000000 -2.09752e+01 
  97    1.0218971 -2.10248e+01 
  98    1.0442738 -2.10687e+01 
  99    1.0671404 -2.11098e+01 
 100    1.0905077 -2.11435e+01 
 101    1.1143867 -2.11745e+01 
 102    1.1387886 -2.11996e+01 
 103    1.1637249 -2.12216e+01 
 104    1.1892071 -2.12394e+01 
 105    1.2152474 -2.12531e+01 
 106    1.2418578 -2.12647e+01 
 107    1.2690510 -2.12726e+01 
 108    1.2968396 -2.12770e+01 
 109    1.3252366 -2.12788e+01 
 110    1.3542555 -2.12774e+01 
 111    1.3839099 -2.12731e+01 
 112    1.4142136 -2.12675e+01 
 113    1.4451808 -2.12593e+01 
 114    1.4768261 -2.12475e+01 
 115    1.5091644 -2.12337e+01 
 116    1.5422108 -2.12163e+01 
 117    1.5759808 -2.11934e+01 
 118    1.6104903 -2.11684e+01 
 119    1.6457555 -2.11352e+01 
 120    1.6817928 -2.10992e+01 
 121    1.7186193 -2.10594e+01 
 122    1.7562522 -2.10132e+01 
 123    1.7947091 -2.09624e+01 
 124    1.8340081 -2.09063e+01 
 125    1.8741676 -2.08442e+01 
 126    1.9152066 -2.07737e+01 
 127    1.9571441 -2.06979e+01 
 128    2.0000000 -2.06219e+01 
 129    2.0437943 -2.05491e+01 
 130    2.0885476 -2.04774e+01 
 131    2.1342808 -2.04006e+01 
 132    2.1810155 -2.03271e+01 
 133    2.2287735 -2.02547e+01 
 134    2.2775773 -2.01818e+01 
 135    2.3274497 -2.01083e+01 
 136    2.3784142 -2.00354e+01 
 137    2.4304947 -1.99671e+01 
 138    2.4837156 -1.98982e+01 
 139    2.5381019 -1.98320e+01 
 140    2.5936791 -1.97619e+01 
 141    2.6504733 -1.96897e+01 
 142    2.7085111 -1.96148e+01 
 143    2.7678198 -1.95394e+01 
 144    2.8284271 -1.94633e+01 
 145    2.8903616 -1.93845e+01 
 146    2.9536523 -1.93051e+01 
 147    3.0183289 -1.92226e+01 
 148    3.0844217 -1.91350e+01 
 149    3.1519617 -1.90407e+01 
 150    3.2209807 -1.89427e+01 
 151    3.2915110 -1.88301e+01 
 152    3.3635857 -1.87142e+01 
 153    3.4372386 -1.85926e+01 
 154    3.5125043 -1.84630e+01 
 155    3.5894182 -1.83209e+01 
 156    3.6680162 -1.81636e+01 
 157    3.7483353 -1.79832e+01 
 158    3.8304131 -1.77825e+01 
 159    3.9142882 -1.75617e+01 
 160    4.0000000 -1.72755e+01 
 161    4.0875886 -1.69218e+01 
 162    4.1770951 -1.65400e+01 
 163    4.2685616 -1.61010e+01 
 164    4.3620309 -1.56608e+01 
 165    4.4575470 -1.51968e+01 
 166    4.5551545 -1.48086e+01 
 167    4.6548994 -1.44337e+01 
 168    4.7568285 -1.40497e+01 
 169    4.8609894 -1.37608e+01 
 170    4.9674312 -1.34901e+01 
 171    5.0762038 -1.32430e+01 
 172    5.1873582 -1.30681e+01 
 173    5.3009466 -1.29403e+01 
 174    5.4170222 -1.28678e+01 
 175    5.5356395 -1.28316e+01 
 176    5.6568542 -1.28017e+01 
 177    5.7807232 -1.27719e+01 
 178    5.9073046 -1.27492e+01 
 179    6.0366577 -1.27257e+01 
 180    6.1688433 -1.26691e+01 
 181    6.3039234 -1.26148e+01 
 182    6.4419613 -1.25493e+01 
 183    6.5830219 -1.24795e+01 
 184    6.7271713 -1.24185e+01 
 185    6.8744772 -1.23335e+01 
 186    7.0250086 -1.22583e+01 
 187    7.1788363 -1.21750e+01 
 188    7.3360323 -1.20897e+01 
 189    7.4966705 -1.20039e+01 


# y-band (filter: y_LSST.dat)
   0    0.1250000 -1.37894e+01 
   1    0.1277371 -1.38615e+01 
   2    0.1305342 -1.39352e+01 
   3    0.1333926 -1.40105e+01 
   4    0.1363135 -1.40639e+01 
   5    0.1392983 -1.41470e+01 
   6    0.1423486 -1.42211e+01 
   7    0.1454656 -1.42926e+01 
   8    0.1486509 -1.43343e+01 
   9    0.1519059 -1.45008e+01 
  10    0.1552322 -1.46124e+01 
  11    0.1586314 -1.47616e+01 
  12    0.1621049 -1.49382e+01 
  13    0.1656546 -1.50579e+01 
  14    0.1692819 -1.51624e+01 
  15    0.1729887 -1.53511e+01 
  16    0.1767767 -1.54738e+01 
  17    0.1806476 -1.55571e+01 
  18    0.1846033 -1.56813e+01 
  19    0.1886456 -1.58224e+01 
  20    0.1927764 -1.59554e+01 
  21    0.1969976 -1.60342e+01 
  22    0.2013113 -1.61286e+01 
  23    0.2057194 -1.62259e+01 
  24    0.2102241 -1.63110e+01 
  25    0.2148274 -1.63994e+01 
  26    0.2195315 -1.64788e+01 
  27    0.2243386 -1.65973e+01 
  28    0.2292510 -1.67931e+01 
  29    0.2342710 -1.68798e+01 
  30    0.2394008 -1.68835e+01 
  31    0.2446430 -1.67450e+01 
  32    0.2500000 -1.66869e+01 
  33    0.2554743 -1.66055e+01 
  34    0.2610684 -1.65762e+01 
  35    0.2667851 -1.65434e+01 
  36    0.2726269 -1.65101e+01 
  37    0.2785967 -1.64558e+01 
  38    0.2846972 -1.64480e+01 
  39    0.2909312 -1.63766e+01 
  40    0.2973018 -1.63468e+01 
  41    0.3038118 -1.63646e+01 
  42    0.3104645 -1.65287e+01 
  43    0.3172627 -1.66803e+01 
  44    0.3242099 -1.68459e+01 
  45    0.3313092 -1.70015e+01 
  46    0.3385639 -1.71823e+01 
  47    0.3459775 -1.73694e+01 
  48    0.3535534 -1.75588e+01 
  49    0.3612952 -1.77445e+01 
  50    0.3692065 -1.79229e+01 
  51    0.3772911 -1.81106e+01 
  52    0.3855527 -1.82999e+01 
  53    0.3939952 -1.84846e+01 
  54    0.4026226 -1.86455e+01 
  55    0.4114389 -1.88101e+01 
  56    0.4204482 -1.89687e+01 
  57    0.4296548 -1.91259e+01 
  58    0.4390630 -1.92680e+01 
  59    0.4486773 -1.94049e+01 
  60    0.4585020 -1.95361e+01 
  61    0.4685419 -1.96605e+01 
  62    0.4788016 -1.97852e+01 
  63    0.4892860 -1.99006e+01 
  64    0.5000000 -2.00047e+01 
  65    0.5109486 -2.01071e+01 
  66    0.5221369 -2.02095e+01 
  67    0.5335702 -2.03043e+01 
  68    0.5452539 -2.03921e+01 
  69    0.5571934 -2.04752e+01 
  70    0.5693943 -2.05550e+01 
  71    0.5818624 -2.06301e+01 
  72    0.5946036 -2.06989e+01 
  73    0.6076237 -2.07669e+01 
  74    0.6209289 -2.08302e+01 
  75    0.6345255 -2.08879e+01 
  76    0.6484198 -2.09434e+01 
  77    0.6626183 -2.09949e+01 
  78    0.6771278 -2.10417e+01 
  79    0.6919549 -2.10826e+01 
  80    0.7071068 -2.11224e+01 
  81    0.7225904 -2.11593e+01 
  82    0.7384131 -2.11932e+01 
  83    0.7545822 -2.12261e+01 
  84    0.7711054 -2.12569e+01 
  85    0.7879904 -2.12841e+01 
  86    0.8052452 -2.13076e+01 
  87    0.8228777 -2.13296e+01 
  88    0.8408964 -2.13467e+01 
  89    0.8593096 -2.13629e+01 
  90    0.8781261 -2.13755e+01 
  91    0.8973545 -2.13854e+01 
  92    0.9170040 -2.13932e+01 
  93    0.9370838 -2.13973e+01 
  94    0.9576033 -2.13983e+01 
  95    0.9785721 -2.13976e+01 
  96    1.0000000 -2.13925e+01 
  97    1.0218971 -2.13869e+01 
  98    1.0442738 -2.13775e+01 
  99    1.0671404 -2.13660e+01 
 100    1.0905077 -2.13542e+01 
 101    1.1143867 -2.13387e+01 
 102    1.1387886 -2.13212e+01 
 103    1.1637249 -2.13023e+01 
 104    1.1892071 -2.12808e+01 
 105    1.2152474 -2.12582e+01 
 106    1.2418578 -2.12335e+01 
 107    1.2690510 -2.12065e+01 
 108    1.2968396 -2.11789e+01 
 109    1.3252366 -2.11489e+01 
 110    1.3542555 -2.11162e+01 
 111    1.3839099 -2.10835e+01 
 112    1.4142136 -2.10487e+01 
 113    1.4451808 -2.10135e+01 
 114    1.4768261 -2.09758e+01 
 115    1.5091644 -2.09385e+01 
 116    1.5422108 -2.08987e+01 
 117    1.5759808 -2.08532e+01 
 118    1.6104903 -2.08068e+01 
 119    1.6457555 -2.07551e+01 
 120    1.6817928 -2.06978e+01 
 121    1.7186193 -2.06393e+01 
 122    1.7562522 -2.05769e+01 
 123    1.7947091 -2.05110e+01 
 124    1.8340081 -2.04402e+01 
 125    1.8741676 -2.03660e+01 
 126    1.9152066 -2.02857e+01 
 127    1.9571441 -2.02011e+01 
 128    2.0000000 -2.01172e+01 
 129    2.0437943 -2.00360e+01 
 130    2.0885476 -1.99556e+01 
 131    2.1342808 -1.98717e+01 
 132    2.1810155 -1.97928e+01 
 133    2.2287735 -1.97123e+01 
 134    2.2775773 -1.96348e+01 
 135    2.3274497 -1.95556e+01 
 136    2.3784142 -1.94762e+01 
 137    2.4304947 -1.94004e+01 
 138    2.4837156 -1.93217e+01 
 139    2.5381019 -1.92440e+01 
 140    2.5936791 -1.91642e+01 
 141    2.6504733 -1.90840e+01 
 142    2.7085111 -1.90021e+01 
 143    2.7678198 -1.89182e+01 
 144    2.8284271 -1.88316e+01 
 145    2.8903616 -1.87441e+01 
 146    2.9536523 -1.86551e+01 
 147    3.0183289 -1.85656e+01 
 148    3.0844217 -1.84711e+01 
 149    3.1519617 -1.83680e+01 
 150    3.2209807 -1.82635e+01 
 151    3.2915110 -1.81474e+01 
 152    3.3635857 -1.80230e+01 
 153    3.4372386 -1.78925e+01 
 154    3.5125043 -1.77570e+01 
 155    3.5894182 -1.76112e+01 
 156    3.6680162 -1.74513e+01 
 157    3.7483353 -1.72627e+01 
 158    3.8304131 -1.70546e+01 
 159    3.9142882 -1.68241e+01 
 160    4.0000000 -1.65307e+01 
 161    4.0875886 -1.61606e+01 
 162    4.1770951 -1.57575e+01 
 163    4.2685616 -1.52656e+01 
 164    4.3620309 -1.47872e+01 
 165    4.4575470 -1.42929e+01 
 166    4.5551545 -1.38038e+01 
 167    4.6548994 -1.33281e+01 
 168    4.7568285 -1.28119e+01 
 169    4.8609894 -1.23927e+01 
 170    4.9674312 -1.19991e+01 
 171    5.0762038 -1.16342e+01 
 172    5.1873582 -1.13104e+01 
 173    5.3009466 -1.10511e+01 
 174    5.4170222 -1.08896e+01 
 175    5.5356395 -1.07556e+01 
 176    5.6568542 -1.06547e+01 
 177    5.7807232 -1.05893e+01 
 178    5.9073046 -1.05362e+01 
 179    6.0366577 -1.04958e+01 
 180    6.1688433 -1.04947e+01 
 181    6.3039234 -1.04667e+01 
 182    6.4419613 -1.04305e+01 
 183    6.5830219 -1.04584e+01 
 184    6.7271713 -1.04829e+01 
 185    6.8744772 -1.04283e+01 
 186    7.0250086 -1.04078e+01 
 187    7.1788363 -1.03951e+01 
 188    7.3360323 -1.03711e+01 
 189    7.4966705 -1.03598e+01 


# J-band (filter: J_2MASS.dat)
   0    0.1250000 -1.35472e+01 
   1    0.1277371 -1.38127e+01 
   2    0.1305342 -1.40840e+01 
   3    0.1333926 -1.43613e+01 
   4    0.1363135 -1.45647e+01 
   5    0.1392983 -1.48277e+01 
   6    0.1423486 -1.50924e+01 
   7    0.1454656 -1.52811e+01 
   8    0.1486509 -1.54985e+01 
   9    0.1519059 -1.56805e+01 
  10    0.1552322 -1.59881e+01 
  11    0.1586314 -1.61749e+01 
  12    0.1621049 -1.62969e+01 
  13    0.1656546 -1.64404e+01 
  14    0.1692819 -1.65960e+01 
  15    0.1729887 -1.67283e+01 
  16    0.1767767 -1.68645e+01 
  17    0.1806476 -1.69606e+01 
  18    0.1846033 -1.70618e+01 
  19    0.1886456 -1.71858e+01 
  20    0.1927764 -1.73320e+01 
  21    0.1969976 -1.73823e+01 
  22    0.2013113 -1.74233e+01 
  23    0.2057194 -1.75656e+01 
  24    0.2102241 -1.77006e+01 
  25    0.2148274 -1.78309e+01 
  26    0.2195315 -1.79854e+01 
  27    0.2243386 -1.81800e+01 
  28    0.2292510 -1.83159e+01 
  29    0.2342710 -1.83650e+01 
  30    0.2394008 -1.84090e+01 
  31    0.2446430 -1.83253e+01 
  32    0.2500000 -1.82851e+01 
  33    0.2554743 -1.82446e+01 
  34    0.2610684 -1.82386e+01 
  35    0.2667851 -1.82302e+01 
  36    0.2726269 -1.82168e+01 
  37    0.2785967 -1.81778e+01 
  38    0.2846972 -1.81735e+01 
  39    0.2909312 -1.81238e+01 
  40    0.2973018 -1.81659e+01 
  41    0.3038118 -1.82223e+01 
  42    0.3104645 -1.83418e+01 
  43    0.3172627 -1.84826e+01 
  44    0.3242099 -1.86140e+01 
  45    0.3313092 -1.87486e+01 
  46    0.3385639 -1.88706e+01 
  47    0.3459775 -1.89923e+01 
  48    0.3535534 -1.91153e+01 
  49    0.3612952 -1.92287e+01 
  50    0.3692065 -1.93358e+01 
  51    0.3772911 -1.94389e+01 
  52    0.3855527 -1.95448e+01 
  53    0.3939952 -1.96443e+01 
  54    0.4026226 -1.97345e+01 
  55    0.4114389 -1.98247e+01 
  56    0.4204482 -1.99087e+01 
  57    0.4296548 -1.99883e+01 
  58    0.4390630 -2.00674e+01 
  59    0.4486773 -2.01408e+01 
  60    0.4585020 -2.02086e+01 
  61    0.4685419 -2.02749e+01 
  62    0.4788016 -2.03384e+01 
  63    0.4892860 -2.03981e+01 
  64    0.5000000 -2.04513e+01 
  65    0.5109486 -2.05079e+01 
  66    0.5221369 -2.05615e+01 
  67    0.5335702 -2.06102e+01 
  68    0.5452539 -2.06573e+01 
  69    0.5571934 -2.06996e+01 
  70    0.5693943 -2.07388e+01 
  71    0.5818624 -2.07784e+01 
  72    0.5946036 -2.08144e+01 
  73    0.6076237 -2.08474e+01 
  74    0.6209289 -2.08777e+01 
  75    0.6345255 -2.09078e+01 
  76    0.6484198 -2.09327e+01 
  77    0.6626183 -2.09544e+01 
  78    0.6771278 -2.09726e+01 
  79    0.6919549 -2.09880e+01 
  80    0.7071068 -2.10009e+01 
  81    0.7225904 -2.10123e+01 
  82    0.7384131 -2.10222e+01 
  83    0.7545822 -2.10277e+01 
  84    0.7711054 -2.10298e+01 
  85    0.7879904 -2.10297e+01 
  86    0.8052452 -2.10281e+01 
  87    0.8228777 -2.10233e+01 
  88    0.8408964 -2.10172e+01 
  89    0.8593096 -2.10083e+01 
  90    0.8781261 -2.09980e+01 
  91    0.8973545 -2.09861e+01 
  92    0.9170040 -2.09708e+01 
  93    0.9370838 -2.09549e+01 
  94    0.9576033 -2.09350e+01 
  95    0.9785721 -2.09154e+01 
  96    1.0000000 -2.08931e+01 
  97    1.0218971 -2.08680e+01 
  98    1.0442738 -2.08420e+01 
  99    1.0671404 -2.08144e+01 
 100    1.0905077 -2.07856e+01 
 101    1.1143867 -2.07567e+01 
 102    1.1387886 -2.07240e+01 
 103    1.1637249 -2.06908e+01 
 104    1.1892071 -2.06562e+01 
 105    1.2152474 -2.06191e+01 
 106    1.2418578 -2.05809e+01 
 107    1.2690510 -2.05420e+01 
 108    1.2968396 -2.05021e+01 
 109    1.3252366 -2.04608e+01 
 110    1.3542555 -2.04180e+01 
 111    1.3839099 -2.03743e+01 
 112    1.4142136 -2.03281e+01 
 113    1.4451808 -2.02803e+01 
 114    1.4768261 -2.02341e+01 
 115    1.5091644 -2.01843e+01 
 116    1.5422108 -2.01344e+01 
 117    1.5759808 -2.00797e+01 
 118    1.6104903 -2.00236e+01 
 119    1.6457555 -1.99620e+01 
 120    1.6817928 -1.98963e+01 
 121    1.7186193 -1.98290e+01 
 122    1.7562522 -1.97564e+01 
 123    1.7947091 -1.96814e+01 
 124    1.8340081 -1.96045e+01 
 125    1.8741676 -1.95216e+01 
 126    1.9152066 -1.94349e+01 
 127    1.9571441 -1.93471e+01 
 128    2.0000000 -1.92576e+01 
 129    2.0437943 -1.91742e+01 
 130    2.0885476 -1.90913e+01 
 131    2.1342808 -1.90053e+01 
 132    2.1810155 -1.89211e+01 
 133    2.2287735 -1.88367e+01 
 134    2.2775773 -1.87518e+01 
 135    2.3274497 -1.86684e+01 
 136    2.3784142 -1.85837e+01 
 137    2.4304947 -1.85031e+01 
 138    2.4837156 -1.84236e+01 
 139    2.5381019 -1.83428e+01 
 140    2.5936791 -1.82579e+01 
 141    2.6504733 -1.81692e+01 
 142    2.7085111 -1.80835e+01 
 143    2.7678198 -1.79949e+01 
 144    2.8284271 -1.79072e+01 
 145    2.8903616 -1.78147e+01 
 146    2.9536523 -1.77244e+01 
 147    3.0183289 -1.76315e+01 
 148    3.0844217 -1.75323e+01 
 149    3.1519617 -1.74253e+01 
 150    3.2209807 -1.73163e+01 
 151    3.2915110 -1.71949e+01 
 152    3.3635857 -1.70741e+01 
 153    3.4372386 -1.69456e+01 
 154    3.5125043 -1.68084e+01 
 155    3.5894182 -1.66582e+01 
 156    3.6680162 -1.64992e+01 
 157    3.7483353 -1.63083e+01 
 158    3.8304131 -1.60942e+01 
 159    3.9142882 -1.58623e+01 
 160    4.0000000 -1.55684e+01 
 161    4.0875886 -1.51881e+01 
 162    4.1770951 -1.47778e+01 
 163    4.2685616 -1.41604e+01 
 164    4.3620309 -1.36568e+01 
 165    4.4575470 -1.30857e+01 
 166    4.5551545 -1.26266e+01 
 167    4.6548994 -1.21799e+01 
 168    4.7568285 -1.16779e+01 
 169    4.8609894 -1.12952e+01 
 170    4.9674312 -1.09382e+01 
 171    5.0762038 -1.05739e+01 
 172    5.1873582 -1.02871e+01 
 173    5.3009466 -1.00017e+01 
 174    5.4170222 -9.77051e+00 
 175    5.5356395 -9.68144e+00 
 176    5.6568542 -9.59979e+00 
 177    5.7807232 -9.49040e+00 
 178    5.9073046 -9.32759e+00 
 179    6.0366577 -9.22936e+00 
 180    6.1688433 -9.09877e+00 
 181    6.3039234 -8.89163e+00 
 182    6.4419613 -8.79364e+00 
 183    6.5830219 -8.75620e+00 
 184    6.7271713 -8.70621e+00 
 185    6.8744772 -8.70623e+00 
 186    7.0250086 -8.74915e+00 
 187    7.1788363 -8.73804e+00 
 188    7.3360323 -8.76209e+00 
 189    7.4966705 -8.86724e+00 


# H-band (filter: H_2MASS.dat)
   0    0.1250000 -1.49700e+01 
   1    0.1277371 -1.52416e+01 
   2    0.1305342 -1.55191e+01 
   3    0.1333926 -1.58027e+01 
   4    0.1363135 -1.60524e+01 
   5    0.1392983 -1.62994e+01 
   6    0.1423486 -1.65321e+01 
   7    0.1454656 -1.67695e+01 
   8    0.1486509 -1.70121e+01 
   9    0.1519059 -1.72639e+01 
  10    0.1552322 -1.74583e+01 
  11    0.1586314 -1.76594e+01 
  12    0.1621049 -1.78643e+01 
  13    0.1656546 -1.80608e+01 
  14    0.1692819 -1.82578e+01 
  15    0.1729887 -1.84426e+01 
  16    0.1767767 -1.86390e+01 
  17    0.1806476 -1.88055e+01 
  18    0.1846033 -1.89681e+01 
  19    0.1886456 -1.91260e+01 
  20    0.1927764 -1.92654e+01 
  21    0.1969976 -1.94187e+01 
  22    0.2013113 -1.95555e+01 
  23    0.2057194 -1.96846e+01 
  24    0.2102241 -1.98043e+01 
  25    0.2148274 -1.99119e+01 
  26    0.2195315 -2.00214e+01 
  27    0.2243386 -2.01269e+01 
  28    0.2292510 -2.02116e+01 
  29    0.2342710 -2.02759e+01 
  30    0.2394008 -2.03158e+01 
  31    0.2446430 -2.03011e+01 
  32    0.2500000 -2.02936e+01 
  33    0.2554743 -2.02803e+01 
  34    0.2610684 -2.02837e+01 
  35    0.2667851 -2.02892e+01 
  36    0.2726269 -2.02934e+01 
  37    0.2785967 -2.02804e+01 
  38    0.2846972 -2.02839e+01 
  39    0.2909312 -2.02789e+01 
  40    0.2973018 -2.02902e+01 
  41    0.3038118 -2.03035e+01 
  42    0.3104645 -2.03475e+01 
  43    0.3172627 -2.04038e+01 
  44    0.3242099 -2.04574e+01 
  45    0.3313092 -2.05072e+01 
  46    0.3385639 -2.05502e+01 
  47    0.3459775 -2.05933e+01 
  48    0.3535534 -2.06295e+01 
  49    0.3612952 -2.06650e+01 
  50    0.3692065 -2.06922e+01 
  51    0.3772911 -2.07171e+01 
  52    0.3855527 -2.07439e+01 
  53    0.3939952 -2.07632e+01 
  54    0.4026226 -2.07829e+01 
  55    0.4114389 -2.07955e+01 
  56    0.4204482 -2.08068e+01 
  57    0.4296548 -2.08151e+01 
  58    0.4390630 -2.08152e+01 
  59    0.4486773 -2.08158e+01 
  60    0.4585020 -2.08123e+01 
  61    0.4685419 -2.08107e+01 
  62    0.4788016 -2.08028e+01 
  63    0.4892860 -2.07933e+01 
  64    0.5000000 -2.07816e+01 
  65    0.5109486 -2.07681e+01 
  66    0.5221369 -2.07466e+01 
  67    0.5335702 -2.07272e+01 
  68    0.5452539 -2.07074e+01 
  69    0.5571934 -2.06882e+01 
  70    0.5693943 -2.06630e+01 
  71    0.5818624 -2.06356e+01 
  72    0.5946036 -2.06072e+01 
  73    0.6076237 -2.05754e+01 
  74    0.6209289 -2.05469e+01 
  75    0.6345255 -2.05159e+01 
  76    0.6484198 -2.04817e+01 
  77    0.6626183 -2.04472e+01 
  78    0.6771278 -2.04138e+01 
  79    0.6919549 -2.03730e+01 
  80    0.7071068 -2.03269e+01 
  81    0.7225904 -2.02824e+01 
  82    0.7384131 -2.02410e+01 
  83    0.7545822 -2.02004e+01 
  84    0.7711054 -2.01546e+01 
  85    0.7879904 -2.01072e+01 
  86    0.8052452 -2.00583e+01 
  87    0.8228777 -2.00084e+01 
  88    0.8408964 -1.99610e+01 
  89    0.8593096 -1.99127e+01 
  90    0.8781261 -1.98639e+01 
  91    0.8973545 -1.98114e+01 
  92    0.9170040 -1.97641e+01 
  93    0.9370838 -1.97155e+01 
  94    0.9576033 -1.96607e+01 
  95    0.9785721 -1.96065e+01 
  96    1.0000000 -1.95567e+01 
  97    1.0218971 -1.95024e+01 
  98    1.0442738 -1.94486e+01 
  99    1.0671404 -1.93927e+01 
 100    1.0905077 -1.93363e+01 
 101    1.1143867 -1.92789e+01 
 102    1.1387886 -1.92210e+01 
 103    1.1637249 -1.91662e+01 
 104    1.1892071 -1.91054e+01 
 105    1.2152474 -1.90437e+01 
 106    1.2418578 -1.89853e+01 
 107    1.2690510 -1.89279e+01 
 108    1.2968396 -1.88663e+01 
 109    1.3252366 -1.88066e+01 
 110    1.3542555 -1.87457e+01 
 111    1.3839099 -1.86807e+01 
 112    1.4142136 -1.86200e+01 
 113    1.4451808 -1.85599e+01 
 114    1.4768261 -1.84954e+01 
 115    1.5091644 -1.84278e+01 
 116    1.5422108 -1.83619e+01 
 117    1.5759808 -1.82921e+01 
 118    1.6104903 -1.82234e+01 
 119    1.6457555 -1.81441e+01 
 120    1.6817928 -1.80686e+01 
 121    1.7186193 -1.79900e+01 
 122    1.7562522 -1.79065e+01 
 123    1.7947091 -1.78205e+01 
 124    1.8340081 -1.77331e+01 
 125    1.8741676 -1.76393e+01 
 126    1.9152066 -1.75443e+01 
 127    1.9571441 -1.74539e+01 
 128    2.0000000 -1.73571e+01 
 129    2.0437943 -1.72697e+01 
 130    2.0885476 -1.71821e+01 
 131    2.1342808 -1.70937e+01 
 132    2.1810155 -1.70012e+01 
 133    2.2287735 -1.69095e+01 
 134    2.2775773 -1.68287e+01 
 135    2.3274497 -1.67481e+01 
 136    2.3784142 -1.66536e+01 
 137    2.4304947 -1.65774e+01 
 138    2.4837156 -1.64898e+01 
 139    2.5381019 -1.64078e+01 
 140    2.5936791 -1.63219e+01 
 141    2.6504733 -1.62286e+01 
 142    2.7085111 -1.61387e+01 
 143    2.7678198 -1.60480e+01 
 144    2.8284271 -1.59561e+01 
 145    2.8903616 -1.58537e+01 
 146    2.9536523 -1.57496e+01 
 147    3.0183289 -1.56529e+01 
 148    3.0844217 -1.55533e+01 
 149    3.1519617 -1.54406e+01 
 150    3.2209807 -1.53201e+01 
 151    3.2915110 -1.51816e+01 
 152    3.3635857 -1.50548e+01 
 153    3.4372386 -1.49151e+01 
 154    3.5125043 -1.47752e+01 
 155    3.5894182 -1.46259e+01 
 156    3.6680162 -1.44511e+01 
 157    3.7483353 -1.42904e+01 
 158    3.8304131 -1.40914e+01 
 159    3.9142882 -1.38329e+01 
 160    4.0000000 -1.35539e+01 
 161    4.0875886 -1.31622e+01 
 162    4.1770951 -1.28320e+01 
 163    4.2685616 -1.22020e+01 
 164    4.3620309 -1.17811e+01 
 165    4.4575470 -1.13065e+01 
 166    4.5551545 -1.09569e+01 
 167    4.6548994 -1.03762e+01 
 168    4.7568285 -9.95289e+00 
 169    4.8609894 -9.66564e+00 
 170    4.9674312 -9.12179e+00 
 171    5.0762038 -8.73546e+00 
 172    5.1873582 -8.32284e+00 
 173    5.3009466 -8.09879e+00 
 174    5.4170222 -7.40391e+00 
 175    5.5356395 -6.40939e+00 
 176    5.6568542 -6.32506e+00 
 177    5.7807232 -6.31982e+00 
 178    5.9073046 -6.08684e+00 
 179    6.0366577 -5.55168e+00 
 180    6.1688433 -5.47021e+00 
 181    6.3039234 -5.33922e+00 
 182    6.4419613 -3.06461e+00 
 183    6.5830219 -3.39822e+00 
 184    6.7271713 -3.36988e+00 
 185    6.8744772 -2.70343e+00 
 186    7.0250086 -2.95329e+00 
 187    7.1788363 -2.85949e+00 
 188    7.3360323 -2.38184e+00 
 189    7.4966705 -2.25993e+00 


# K-band (filter: Ks_mosfire.dat)
   0    0.1250000 -1.61564e+01 
   1    0.1277371 -1.63164e+01 
   2    0.1305342 -1.64799e+01 
   3    0.1333926 -1.66470e+01 
   4    0.1363135 -1.67836e+01 
   5    0.1392983 -1.69386e+01 
   6    0.1423486 -1.71716e+01 
   7    0.1454656 -1.73558e+01 
   8    0.1486509 -1.75499e+01 
   9    0.1519059 -1.77649e+01 
  10    0.1552322 -1.79651e+01 
  11    0.1586314 -1.81176e+01 
  12    0.1621049 -1.83139e+01 
  13    0.1656546 -1.84601e+01 
  14    0.1692819 -1.86014e+01 
  15    0.1729887 -1.87567e+01 
  16    0.1767767 -1.88992e+01 
  17    0.1806476 -1.90359e+01 
  18    0.1846033 -1.91703e+01 
  19    0.1886456 -1.93001e+01 
  20    0.1927764 -1.94229e+01 
  21    0.1969976 -1.95286e+01 
  22    0.2013113 -1.96349e+01 
  23    0.2057194 -1.97365e+01 
  24    0.2102241 -1.98221e+01 
  25    0.2148274 -1.99183e+01 
  26    0.2195315 -1.99963e+01 
  27    0.2243386 -2.00765e+01 
  28    0.2292510 -2.01436e+01 
  29    0.2342710 -2.01868e+01 
  30    0.2394008 -2.02121e+01 
  31    0.2446430 -2.01946e+01 
  32    0.2500000 -2.01876e+01 
  33    0.2554743 -2.01763e+01 
  34    0.2610684 -2.01720e+01 
  35    0.2667851 -2.01717e+01 
  36    0.2726269 -2.01717e+01 
  37    0.2785967 -2.01515e+01 
  38    0.2846972 -2.01444e+01 
  39    0.2909312 -2.01362e+01 
  40    0.2973018 -2.01376e+01 
  41    0.3038118 -2.01433e+01 
  42    0.3104645 -2.01722e+01 
  43    0.3172627 -2.02003e+01 
  44    0.3242099 -2.02198e+01 
  45    0.3313092 -2.02442e+01 
  46    0.3385639 -2.02688e+01 
  47    0.3459775 -2.02918e+01 
  48    0.3535534 -2.03070e+01 
  49    0.3612952 -2.03232e+01 
  50    0.3692065 -2.03299e+01 
  51    0.3772911 -2.03361e+01 
  52    0.3855527 -2.03413e+01 
  53    0.3939952 -2.03423e+01 
  54    0.4026226 -2.03403e+01 
  55    0.4114389 -2.03410e+01 
  56    0.4204482 -2.03386e+01 
  57    0.4296548 -2.03329e+01 
  58    0.4390630 -2.03191e+01 
  59    0.4486773 -2.03024e+01 
  60    0.4585020 -2.02887e+01 
  61    0.4685419 -2.02712e+01 
  62    0.4788016 -2.02562e+01 
  63    0.4892860 -2.02365e+01 
  64    0.5000000 -2.02139e+01 
  65    0.5109486 -2.01943e+01 
  66    0.5221369 -2.01709e+01 
  67    0.5335702 -2.01453e+01 
  68    0.5452539 -2.01165e+01 
  69    0.5571934 -2.00866e+01 
  70    0.5693943 -2.00566e+01 
  71    0.5818624 -2.00266e+01 
  72    0.5946036 -1.99914e+01 
  73    0.6076237 -1.99560e+01 
  74    0.6209289 -1.99159e+01 
  75    0.6345255 -1.98739e+01 
  76    0.6484198 -1.98326e+01 
  77    0.6626183 -1.97889e+01 
  78    0.6771278 -1.97431e+01 
  79    0.6919549 -1.96996e+01 
  80    0.7071068 -1.96555e+01 
  81    0.7225904 -1.96090e+01 
  82    0.7384131 -1.95623e+01 
  83    0.7545822 -1.95137e+01 
  84    0.7711054 -1.94658e+01 
  85    0.7879904 -1.94155e+01 
  86    0.8052452 -1.93709e+01 
  87    0.8228777 -1.93202e+01 
  88    0.8408964 -1.92728e+01 
  89    0.8593096 -1.92151e+01 
  90    0.8781261 -1.91592e+01 
  91    0.8973545 -1.91088e+01 
  92    0.9170040 -1.90527e+01 
  93    0.9370838 -1.89986e+01 
  94    0.9576033 -1.89343e+01 
  95    0.9785721 -1.88817e+01 
  96    1.0000000 -1.88305e+01 
  97    1.0218971 -1.87752e+01 
  98    1.0442738 -1.87138e+01 
  99    1.0671404 -1.86542e+01 
 100    1.0905077 -1.85922e+01 
 101    1.1143867 -1.85293e+01 
 102    1.1387886 -1.84647e+01 
 103    1.1637249 -1.84034e+01 
 104    1.1892071 -1.83392e+01 
 105    1.2152474 -1.82822e+01 
 106    1.2418578 -1.82226e+01 
 107    1.2690510 -1.81561e+01 
 108    1.2968396 -1.80886e+01 
 109    1.3252366 -1.80216e+01 
 110    1.3542555 -1.79600e+01 
 111    1.3839099 -1.78914e+01 
 112    1.4142136 -1.78245e+01 
 113    1.4451808 -1.77755e+01 
 114    1.4768261 -1.77125e+01 
 115    1.5091644 -1.76444e+01 
 116    1.5422108 -1.75885e+01 
 117    1.5759808 -1.75250e+01 
 118    1.6104903 -1.74570e+01 
 119    1.6457555 -1.73906e+01 
 120    1.6817928 -1.73077e+01 
 121    1.7186193 -1.72310e+01 
 122    1.7562522 -1.71391e+01 
 123    1.7947091 -1.70606e+01 
 124    1.8340081 -1.69784e+01 
 125    1.8741676 -1.68865e+01 
 126    1.9152066 -1.67964e+01 
 127    1.9571441 -1.67008e+01 
 128    2.0000000 -1.66024e+01 
 129    2.0437943 -1.65115e+01 
 130    2.0885476 -1.64224e+01 
 131    2.1342808 -1.63332e+01 
 132    2.1810155 -1.62470e+01 
 133    2.2287735 -1.61658e+01 
 134    2.2775773 -1.60869e+01 
 135    2.3274497 -1.59937e+01 
 136    2.3784142 -1.59045e+01 
 137    2.4304947 -1.58250e+01 
 138    2.4837156 -1.57348e+01 
 139    2.5381019 -1.56518e+01 
 140    2.5936791 -1.55650e+01 
 141    2.6504733 -1.54830e+01 
 142    2.7085111 -1.53858e+01 
 143    2.7678198 -1.52994e+01 
 144    2.8284271 -1.51972e+01 
 145    2.8903616 -1.50912e+01 
 146    2.9536523 -1.49919e+01 
 147    3.0183289 -1.48968e+01 
 148    3.0844217 -1.47728e+01 
 149    3.1519617 -1.46701e+01 
 150    3.2209807 -1.45586e+01 
 151    3.2915110 -1.44218e+01 
 152    3.3635857 -1.42972e+01 
 153    3.4372386 -1.41461e+01 
 154    3.5125043 -1.39824e+01 
 155    3.5894182 -1.38119e+01 
 156    3.6680162 -1.36644e+01 
 157    3.7483353 -1.34759e+01 
 158    3.8304131 -1.32698e+01 
 159    3.9142882 -1.30254e+01 
 160    4.0000000 -1.27197e+01 
 161    4.0875886 -1.24136e+01 
 162    4.1770951 -1.20103e+01 
 163    4.2685616 -1.07675e+01 
 164    4.3620309 -8.53099e+00 
 165    4.4575470 -7.19606e+00 
 166    4.5551545 -6.67586e+00 
 167    4.6548994 -5.66739e+00 
 168    4.7568285 -3.97956e+00 
 169    4.8609894 -3.34397e+00 
 170    4.9674312 -2.02833e+00 
 171    5.0762038 -1.22237e+00 
 172    5.1873582 -9.06194e-01 
 173    5.3009466  6.85060e-01 
 174    5.4170222  1.28911e+00 
 175    5.5356395  1.27916e+00 
 176    5.6568542  1.97931e-01 
 177    5.7807232  1.37207e+00 
 178    5.9073046  1.39817e+00 
 179    6.0366577  1.30522e+00 
 180    6.1688433  1.98726e+00 
 181    6.3039234  1.98938e+00 
 182    6.4419613  2.06991e+00 
 183    6.5830219  1.93270e+00 
 184    6.7271713  2.18229e+00 
 185    6.8744772  1.44091e+00 
 186    7.0250086  8.83100e-01 
 187    7.1788363  6.29145e-01 
 188    7.3360323  3.41131e-02 
 189    7.4966705 -7.63708e-01 


# S-band (filter: Spitzer_IRAC2.dat)
   0    0.1250000 -1.85445e+01 
   1    0.1277371 -1.86258e+01 
   2    0.1305342 -1.87090e+01 
   3    0.1333926 -1.87939e+01 
   4    0.1363135 -1.88797e+01 
   5    0.1392983 -1.89707e+01 
   6    0.1423486 -1.90427e+01 
   7    0.1454656 -1.91127e+01 
   8    0.1486509 -1.91644e+01 
   9    0.1519059 -1.92208e+01 
  10    0.1552322 -1.92632e+01 
  11    0.1586314 -1.93021e+01 
  12    0.1621049 -1.93371e+01 
  13    0.1656546 -1.93743e+01 
  14    0.1692819 -1.94077e+01 
  15    0.1729887 -1.94181e+01 
  16    0.1767767 -1.94512e+01 
  17    0.1806476 -1.94533e+01 
  18    0.1846033 -1.94642e+01 
  19    0.1886456 -1.94667e+01 
  20    0.1927764 -1.94580e+01 
  21    0.1969976 -1.94651e+01 
  22    0.2013113 -1.94679e+01 
  23    0.2057194 -1.94666e+01 
  24    0.2102241 -1.94692e+01 
  25    0.2148274 -1.94536e+01 
  26    0.2195315 -1.94499e+01 
  27    0.2243386 -1.94417e+01 
  28    0.2292510 -1.94268e+01 
  29    0.2342710 -1.94081e+01 
  30    0.2394008 -1.93849e+01 
  31    0.2446430 -1.93481e+01 
  32    0.2500000 -1.93215e+01 
  33    0.2554743 -1.92951e+01 
  34    0.2610684 -1.92586e+01 
  35    0.2667851 -1.92096e+01 
  36    0.2726269 -1.91661e+01 
  37    0.2785967 -1.91247e+01 
  38    0.2846972 -1.90758e+01 
  39    0.2909312 -1.90178e+01 
  40    0.2973018 -1.89683e+01 
  41    0.3038118 -1.89326e+01 
  42    0.3104645 -1.88872e+01 
  43    0.3172627 -1.88364e+01 
  44    0.3242099 -1.87961e+01 
  45    0.3313092 -1.87430e+01 
  46    0.3385639 -1.86926e+01 
  47    0.3459775 -1.86543e+01 
  48    0.3535534 -1.86061e+01 
  49    0.3612952 -1.85623e+01 
  50    0.3692065 -1.85247e+01 
  51    0.3772911 -1.84791e+01 
  52    0.3855527 -1.84281e+01 
  53    0.3939952 -1.83646e+01 
  54    0.4026226 -1.83113e+01 
  55    0.4114389 -1.82714e+01 
  56    0.4204482 -1.82155e+01 
  57    0.4296548 -1.81816e+01 
  58    0.4390630 -1.81178e+01 
  59    0.4486773 -1.80660e+01 
  60    0.4585020 -1.80036e+01 
  61    0.4685419 -1.79528e+01 
  62    0.4788016 -1.78948e+01 
  63    0.4892860 -1.78433e+01 
  64    0.5000000 -1.77818e+01 
  65    0.5109486 -1.77374e+01 
  66    0.5221369 -1.76744e+01 
  67    0.5335702 -1.76122e+01 
  68    0.5452539 -1.75384e+01 
  69    0.5571934 -1.74683e+01 
  70    0.5693943 -1.74318e+01 
  71    0.5818624 -1.73600e+01 
  72    0.5946036 -1.73156e+01 
  73    0.6076237 -1.72550e+01 
  74    0.6209289 -1.72043e+01 
  75    0.6345255 -1.71335e+01 
  76    0.6484198 -1.70923e+01 
  77    0.6626183 -1.70208e+01 
  78    0.6771278 -1.69595e+01 
  79    0.6919549 -1.68968e+01 
  80    0.7071068 -1.68588e+01 
  81    0.7225904 -1.67980e+01 
  82    0.7384131 -1.67266e+01 
  83    0.7545822 -1.66728e+01 
  84    0.7711054 -1.65839e+01 
  85    0.7879904 -1.64935e+01 
  86    0.8052452 -1.64375e+01 
  87    0.8228777 -1.63549e+01 
  88    0.8408964 -1.62764e+01 
  89    0.8593096 -1.62327e+01 
  90    0.8781261 -1.61427e+01 
  91    0.8973545 -1.60692e+01 
  92    0.9170040 -1.59988e+01 
  93    0.9370838 -1.59186e+01 
  94    0.9576033 -1.58403e+01 
  95    0.9785721 -1.57859e+01 
  96    1.0000000 -1.57523e+01 
  97    1.0218971 -1.56804e+01 
  98    1.0442738 -1.56149e+01 
  99    1.0671404 -1.55667e+01 
 100    1.0905077 -1.54760e+01 
 101    1.1143867 -1.53814e+01 
 102    1.1387886 -1.53268e+01 
 103    1.1637249 -1.52564e+01 
 104    1.1892071 -1.52051e+01 
 105    1.2152474 -1.51230e+01 
 106    1.2418578 -1.50722e+01 
 107    1.2690510 -1.49751e+01 
 108    1.2968396 -1.48986e+01 
 109    1.3252366 -1.48229e+01 
 110    1.3542555 -1.47642e+01 
 111    1.3839099 -1.47245e+01 
 112    1.4142136 -1.46439e+01 
 113    1.4451808 -1.45731e+01 
 114    1.4768261 -1.45022e+01 
 115    1.5091644 -1.44516e+01 
 116    1.5422108 -1.44066e+01 
 117    1.5759808 -1.43375e+01 
 118    1.6104903 -1.42676e+01 
 119    1.6457555 -1.41763e+01 
 120    1.6817928 -1.41279e+01 
 121    1.7186193 -1.40444e+01 
 122    1.7562522 -1.39482e+01 
 123    1.7947091 -1.37955e+01 
 124    1.8340081 -1.37360e+01 
 125    1.8741676 -1.36388e+01 
 126    1.9152066 -1.35340e+01 
 127    1.9571441 -1.33960e+01 
 128    2.0000000 -1.32596e+01 
 129    2.0437943 -1.31358e+01 
 130    2.0885476 -1.30426e+01 
 131    2.1342808 -1.29473e+01 
 132    2.1810155 -1.28318e+01 
 133    2.2287735 -1.27260e+01 
 134    2.2775773 -1.26090e+01 
 135    2.3274497 -1.25591e+01 
 136    2.3784142 -1.24368e+01 
 137    2.4304947 -1.23369e+01 
 138    2.4837156 -1.22179e+01 
 139    2.5381019 -1.20995e+01 
 140    2.5936791 -1.19421e+01 
 141    2.6504733 -1.19012e+01 
 142    2.7085111 -1.18262e+01 
 143    2.7678198 -1.17888e+01 
 144    2.8284271 -1.16843e+01 
 145    2.8903616 -1.15339e+01 
 146    2.9536523 -1.14251e+01 
 147    3.0183289 -1.11224e+01 
 148    3.0844217 -1.10007e+01 
 149    3.1519617 -1.07726e+01 
 150    3.2209807 -1.05542e+01 
 151    3.2915110 -1.03761e+01 
 152    3.3635857 -1.02067e+01 
 153    3.4372386 -9.99139e+00 
 154    3.5125043 -9.50436e+00 
 155    3.5894182 -9.24965e+00 
 156    3.6680162 -9.07956e+00 
 157    3.7483353 -7.93083e+00 
 158    3.8304131 -7.41295e+00 
 159    3.9142882 -6.64589e+00 
 160    4.0000000 -5.68187e+00 
 161    4.0875886 -4.90332e+00 
 162    4.1770951 -4.01452e+00 
 163    4.2685616 -3.30594e+00 
 164    4.3620309 -2.62260e+00 
 165    4.4575470 -1.87648e+00 
 166    4.5551545 -1.43450e+00 
 167    4.6548994 -8.29031e-01 
 168    4.7568285 -3.47860e-01 
 169    4.8609894 -3.39979e-01 
 170    4.9674312  0.00000e+00 
 171    5.0762038  0.00000e+00 
 172    5.1873582  0.00000e+00 
 173    5.3009466  0.00000e+00 
 174    5.4170222  0.00000e+00 
 175    5.5356395  0.00000e+00 
 176    5.6568542  0.00000e+00 
 177    5.7807232  0.00000e+00 
 178    5.9073046  0.00000e+00 
 179    6.0366577  0.00000e+00 
 180    6.1688433  0.00000e+00 
 181    6.3039234  0.00000e+00 
 182    6.4419613  0.00000e+00 
 183    6.5830219  0.00000e+00 
 184    6.7271713  0.00000e+00 
 185    6.8744772  0.00000e+00 
 186    7.0250086  0.00000e+00 
 187    7.1788363  0.00000e+00 
 188    7.3360323  0.00000e+00 
 189    7.4966705  0.00000e+00 


