# 1:iteration 2:time bin[s] 3-k:equiv. isotropic luminosity in k-th angular bin [erg/s]
# bolometric luminosity going in angular bin
   0    0.1250000  3.25625e+41 
   1    0.1277371  3.44462e+41 
   2    0.1305342  3.63712e+41 
   3    0.1333926  3.83382e+41 
   4    0.1363135  3.97119e+41 
   5    0.1392983  4.08887e+41 
   6    0.1423486  4.06833e+41 
   7    0.1454656  3.97477e+41 
   8    0.1486509  3.90293e+41 
   9    0.1519059  3.81330e+41 
  10    0.1552322  3.71619e+41 
  11    0.1586314  3.56308e+41 
  12    0.1621049  3.45295e+41 
  13    0.1656546  3.33389e+41 
  14    0.1692819  3.19605e+41 
  15    0.1729887  3.05532e+41 
  16    0.1767767  2.92725e+41 
  17    0.1806476  2.82435e+41 
  18    0.1846033  2.79016e+41 
  19    0.1886456  2.77572e+41 
  20    0.1927764  2.75402e+41 
  21    0.1969976  2.72991e+41 
  22    0.2013113  2.70148e+41 
  23    0.2057194  2.67137e+41 
  24    0.2102241  2.63865e+41 
  25    0.2148274  2.60380e+41 
  26    0.2195315  2.57143e+41 
  27    0.2243386  2.53261e+41 
  28    0.2292510  2.49294e+41 
  29    0.2342710  2.45446e+41 
  30    0.2394008  2.41560e+41 
  31    0.2446430  2.37768e+41 
  32    0.2500000  2.33847e+41 
  33    0.2554743  2.29641e+41 
  34    0.2610684  2.26002e+41 
  35    0.2667851  2.22410e+41 
  36    0.2726269  2.18662e+41 
  37    0.2785967  2.15470e+41 
  38    0.2846972  2.12140e+41 
  39    0.2909312  2.09545e+41 
  40    0.2973018  2.07278e+41 
  41    0.3038118  2.05788e+41 
  42    0.3104645  2.04124e+41 
  43    0.3172627  2.03028e+41 
  44    0.3242099  2.02301e+41 
  45    0.3313092  2.02613e+41 
  46    0.3385639  2.03512e+41 
  47    0.3459775  2.04906e+41 
  48    0.3535534  2.06845e+41 
  49    0.3612952  2.08855e+41 
  50    0.3692065  2.11934e+41 
  51    0.3772911  2.16959e+41 
  52    0.3855527  2.24306e+41 
  53    0.3939952  2.30299e+41 
  54    0.4026226  2.36000e+41 
  55    0.4114389  2.42144e+41 
  56    0.4204482  2.47463e+41 
  57    0.4296548  2.53049e+41 
  58    0.4390630  2.60007e+41 
  59    0.4486773  2.66663e+41 
  60    0.4585020  2.72748e+41 
  61    0.4685419  2.79467e+41 
  62    0.4788016  2.85287e+41 
  63    0.4892860  2.91967e+41 
  64    0.5000000  2.98002e+41 
  65    0.5109486  3.05330e+41 
  66    0.5221369  3.12369e+41 
  67    0.5335702  3.19889e+41 
  68    0.5452539  3.28107e+41 
  69    0.5571934  3.36829e+41 
  70    0.5693943  3.42979e+41 
  71    0.5818624  3.48896e+41 
  72    0.5946036  3.53750e+41 
  73    0.6076237  3.60193e+41 
  74    0.6209289  3.67044e+41 
  75    0.6345255  3.77937e+41 
  76    0.6484198  3.90590e+41 
  77    0.6626183  4.03534e+41 
  78    0.6771278  4.21689e+41 
  79    0.6919549  4.40832e+41 
  80    0.7071068  4.59407e+41 
  81    0.7225904  4.82480e+41 
  82    0.7384131  5.07295e+41 
  83    0.7545822  5.35009e+41 
  84    0.7711054  5.63612e+41 
  85    0.7879904  5.87121e+41 
  86    0.8052452  6.09475e+41 
  87    0.8228777  6.31244e+41 
  88    0.8408964  6.48081e+41 
  89    0.8593096  6.62674e+41 
  90    0.8781261  6.75584e+41 
  91    0.8973545  6.86093e+41 
  92    0.9170040  6.96370e+41 
  93    0.9370838  7.02822e+41 
  94    0.9576033  7.10548e+41 
  95    0.9785721  7.21365e+41 
  96    1.0000000  7.33911e+41 
  97    1.0218971  7.51236e+41 
  98    1.0442738  7.47479e+41 
  99    1.0671404  7.45255e+41 
 100    1.0905077  7.29421e+41 
 101    1.1143867  7.14892e+41 
 102    1.1387886  6.97493e+41 
 103    1.1637249  6.76631e+41 
 104    1.1892071  6.57276e+41 
 105    1.2152474  6.39664e+41 
 106    1.2418578  6.12270e+41 
 107    1.2690510  5.90028e+41 
 108    1.2968396  5.60430e+41 
 109    1.3252366  5.35867e+41 
 110    1.3542555  5.17709e+41 
 111    1.3839099  5.03172e+41 
 112    1.4142136  4.91023e+41 
 113    1.4451808  4.77300e+41 
 114    1.4768261  4.66514e+41 
 115    1.5091644  4.56494e+41 
 116    1.5422108  4.46429e+41 
 117    1.5759808  4.35867e+41 
 118    1.6104903  4.24126e+41 
 119    1.6457555  4.12325e+41 
 120    1.6817928  3.99482e+41 
 121    1.7186193  3.86433e+41 
 122    1.7562522  3.71974e+41 
 123    1.7947091  3.56238e+41 
 124    1.8340081  3.39343e+41 
 125    1.8741676  3.21888e+41 
 126    1.9152066  3.02311e+41 
 127    1.9571441  2.81787e+41 
 128    2.0000000  2.59846e+41 
 129    2.0437943  2.37648e+41 
 130    2.0885476  2.15460e+41 
 131    2.1342808  1.92070e+41 
 132    2.1810155  1.70546e+41 
 133    2.2287735  1.49807e+41 
 134    2.2775773  1.29364e+41 
 135    2.3274497  1.11734e+41 
 136    2.3784142  9.58537e+40 
 137    2.4304947  8.14967e+40 
 138    2.4837156  6.97387e+40 
 139    2.5381019  5.96442e+40 
 140    2.5936791  5.11397e+40 
 141    2.6504733  4.43306e+40 
 142    2.7085111  3.86916e+40 
 143    2.7678198  3.42006e+40 
 144    2.8284271  3.05602e+40 
 145    2.8903616  2.75603e+40 
 146    2.9536523  2.50806e+40 
 147    3.0183289  2.30716e+40 
 148    3.0844217  2.12640e+40 
 149    3.1519617  1.96466e+40 
 150    3.2209807  1.81715e+40 
 151    3.2915110  1.67592e+40 
 152    3.3635857  1.54192e+40 
 153    3.4372386  1.41118e+40 
 154    3.5125043  1.28580e+40 
 155    3.5894182  1.16345e+40 
 156    3.6680162  1.04327e+40 
 157    3.7483353  9.29484e+39 
 158    3.8304131  8.20128e+39 
 159    3.9142882  7.13793e+39 
 160    4.0000000  6.17609e+39 
 161    4.0875886  5.28535e+39 
 162    4.1770951  4.43245e+39 
 163    4.2685616  3.71171e+39 
 164    4.3620309  3.06112e+39 
 165    4.4575470  2.46653e+39 
 166    4.5551545  1.98068e+39 
 167    4.6548994  1.56433e+39 
 168    4.7568285  1.21164e+39 
 169    4.8609894  9.32779e+38 
 170    4.9674312  7.10335e+38 
 171    5.0762038  5.34135e+38 
 172    5.1873582  4.01613e+38 
 173    5.3009466  2.97756e+38 
 174    5.4170222  2.19214e+38 
 175    5.5356395  1.61640e+38 
 176    5.6568542  1.17566e+38 
 177    5.7807232  8.44435e+37 
 178    5.9073046  6.15857e+37 
 179    6.0366577  4.44066e+37 
 180    6.1688433  3.21566e+37 
 181    6.3039234  2.39181e+37 
 182    6.4419613  1.77965e+37 
 183    6.5830219  1.32473e+37 
 184    6.7271713  1.01670e+37 
 185    6.8744772  7.87419e+36 
 186    7.0250086  6.02359e+36 
 187    7.1788363  4.73734e+36 
 188    7.3360323  3.70635e+36 
 189    7.4966705  3.02168e+36 


# g-band (filter: g_LSST.dat)
   0    0.1250000  1.61518e+26 
   1    0.1277371  1.62070e+26 
   2    0.1305342  1.62634e+26 
   3    0.1333926  1.63210e+26 
   4    0.1363135  1.63493e+26 
   5    0.1392983  1.63497e+26 
   6    0.1423486  1.63289e+26 
   7    0.1454656  1.63387e+26 
   8    0.1486509  1.63064e+26 
   9    0.1519059  1.62324e+26 
  10    0.1552322  1.61439e+26 
  11    0.1586314  1.60234e+26 
  12    0.1621049  1.58870e+26 
  13    0.1656546  1.57278e+26 
  14    0.1692819  1.55310e+26 
  15    0.1729887  1.53278e+26 
  16    0.1767767  1.51026e+26 
  17    0.1806476  1.48656e+26 
  18    0.1846033  1.45720e+26 
  19    0.1886456  1.42263e+26 
  20    0.1927764  1.39176e+26 
  21    0.1969976  1.35784e+26 
  22    0.2013113  1.31850e+26 
  23    0.2057194  1.28187e+26 
  24    0.2102241  1.24258e+26 
  25    0.2148274  1.20219e+26 
  26    0.2195315  1.15885e+26 
  27    0.2243386  1.11458e+26 
  28    0.2292510  1.06770e+26 
  29    0.2342710  1.02217e+26 
  30    0.2394008  9.76808e+25 
  31    0.2446430  9.32562e+25 
  32    0.2500000  8.87162e+25 
  33    0.2554743  8.40605e+25 
  34    0.2610684  8.00442e+25 
  35    0.2667851  7.64036e+25 
  36    0.2726269  7.26292e+25 
  37    0.2785967  6.93401e+25 
  38    0.2846972  6.66895e+25 
  39    0.2909312  6.43359e+25 
  40    0.2973018  6.23136e+25 
  41    0.3038118  6.05817e+25 
  42    0.3104645  5.92249e+25 
  43    0.3172627  5.84702e+25 
  44    0.3242099  5.85535e+25 
  45    0.3313092  5.86999e+25 
  46    0.3385639  5.92052e+25 
  47    0.3459775  5.90363e+25 
  48    0.3535534  5.93552e+25 
  49    0.3612952  6.01262e+25 
  50    0.3692065  6.08171e+25 
  51    0.3772911  6.13475e+25 
  52    0.3855527  6.20212e+25 
  53    0.3939952  6.30911e+25 
  54    0.4026226  6.60566e+25 
  55    0.4114389  6.86257e+25 
  56    0.4204482  7.22121e+25 
  57    0.4296548  7.60294e+25 
  58    0.4390630  8.12300e+25 
  59    0.4486773  8.72081e+25 
  60    0.4585020  9.33630e+25 
  61    0.4685419  9.97954e+25 
  62    0.4788016  1.07668e+26 
  63    0.4892860  1.19227e+26 
  64    0.5000000  1.32828e+26 
  65    0.5109486  1.46100e+26 
  66    0.5221369  1.60874e+26 
  67    0.5335702  1.75659e+26 
  68    0.5452539  1.91937e+26 
  69    0.5571934  2.10325e+26 
  70    0.5693943  2.30351e+26 
  71    0.5818624  2.52502e+26 
  72    0.5946036  2.77849e+26 
  73    0.6076237  3.05655e+26 
  74    0.6209289  3.34173e+26 
  75    0.6345255  3.65041e+26 
  76    0.6484198  3.98768e+26 
  77    0.6626183  4.35661e+26 
  78    0.6771278  4.78098e+26 
  79    0.6919549  5.26828e+26 
  80    0.7071068  5.80518e+26 
  81    0.7225904  6.40617e+26 
  82    0.7384131  7.31992e+26 
  83    0.7545822  8.59420e+26 
  84    0.7711054  9.74130e+26 
  85    0.7879904  1.06811e+27 
  86    0.8052452  1.15311e+27 
  87    0.8228777  1.25054e+27 
  88    0.8408964  1.31580e+27 
  89    0.8593096  1.37561e+27 
  90    0.8781261  1.43846e+27 
  91    0.8973545  1.48723e+27 
  92    0.9170040  1.53675e+27 
  93    0.9370838  1.55990e+27 
  94    0.9576033  1.58030e+27 
  95    0.9785721  1.57743e+27 
  96    1.0000000  1.59262e+27 
  97    1.0218971  1.64767e+27 
  98    1.0442738  1.63034e+27 
  99    1.0671404  1.62144e+27 
 100    1.0905077  1.57849e+27 
 101    1.1143867  1.54763e+27 
 102    1.1387886  1.50928e+27 
 103    1.1637249  1.46298e+27 
 104    1.1892071  1.42081e+27 
 105    1.2152474  1.38548e+27 
 106    1.2418578  1.32875e+27 
 107    1.2690510  1.29084e+27 
 108    1.2968396  1.22460e+27 
 109    1.3252366  1.17231e+27 
 110    1.3542555  1.14667e+27 
 111    1.3839099  1.13474e+27 
 112    1.4142136  1.12889e+27 
 113    1.4451808  1.12249e+27 
 114    1.4768261  1.12446e+27 
 115    1.5091644  1.13156e+27 
 116    1.5422108  1.13896e+27 
 117    1.5759808  1.14442e+27 
 118    1.6104903  1.14875e+27 
 119    1.6457555  1.14748e+27 
 120    1.6817928  1.14039e+27 
 121    1.7186193  1.13173e+27 
 122    1.7562522  1.11045e+27 
 123    1.7947091  1.08053e+27 
 124    1.8340081  1.04159e+27 
 125    1.8741676  9.95651e+26 
 126    1.9152066  9.38446e+26 
 127    1.9571441  8.75314e+26 
 128    2.0000000  8.03328e+26 
 129    2.0437943  7.29315e+26 
 130    2.0885476  6.54005e+26 
 131    2.1342808  5.73084e+26 
 132    2.1810155  4.99359e+26 
 133    2.2287735  4.28409e+26 
 134    2.2775773  3.58671e+26 
 135    2.3274497  2.99187e+26 
 136    2.3784142  2.45944e+26 
 137    2.4304947  1.98528e+26 
 138    2.4837156  1.59817e+26 
 139    2.5381019  1.26838e+26 
 140    2.5936791  9.97580e+25 
 141    2.6504733  7.82150e+25 
 142    2.7085111  6.08087e+25 
 143    2.7678198  4.69710e+25 
 144    2.8284271  3.61567e+25 
 145    2.8903616  2.75857e+25 
 146    2.9536523  2.08054e+25 
 147    3.0183289  1.57483e+25 
 148    3.0844217  1.17503e+25 
 149    3.1519617  8.68663e+24 
 150    3.2209807  6.41616e+24 
 151    3.2915110  4.65035e+24 
 152    3.3635857  3.30978e+24 
 153    3.4372386  2.37743e+24 
 154    3.5125043  1.66058e+24 
 155    3.5894182  1.15337e+24 
 156    3.6680162  8.25821e+23 
 157    3.7483353  5.79943e+23 
 158    3.8304131  4.09470e+23 
 159    3.9142882  2.90863e+23 
 160    4.0000000  2.04483e+23 
 161    4.0875886  1.40201e+23 
 162    4.1770951  9.90486e+22 
 163    4.2685616  6.90449e+22 
 164    4.3620309  4.70098e+22 
 165    4.4575470  3.35435e+22 
 166    4.5551545  2.35651e+22 
 167    4.6548994  1.70367e+22 
 168    4.7568285  1.29352e+22 
 169    4.8609894  9.78892e+21 
 170    4.9674312  7.50913e+21 
 171    5.0762038  5.82353e+21 
 172    5.1873582  5.05544e+21 
 173    5.3009466  4.42781e+21 
 174    5.4170222  3.86822e+21 
 175    5.5356395  3.52208e+21 
 176    5.6568542  3.22793e+21 
 177    5.7807232  3.00996e+21 
 178    5.9073046  2.81536e+21 
 179    6.0366577  2.61477e+21 
 180    6.1688433  2.44992e+21 
 181    6.3039234  2.28439e+21 
 182    6.4419613  2.13226e+21 
 183    6.5830219  1.99545e+21 
 184    6.7271713  1.87127e+21 
 185    6.8744772  1.75586e+21 
 186    7.0250086  1.64199e+21 
 187    7.1788363  1.53251e+21 
 188    7.3360323  1.42697e+21 
 189    7.4966705  1.32824e+21 


# r-band (filter: r_LSST.dat)
   0    0.1250000  1.94435e+26 
   1    0.1277371  1.98718e+26 
   2    0.1305342  2.03095e+26 
   3    0.1333926  2.07568e+26 
   4    0.1363135  2.11415e+26 
   5    0.1392983  2.14969e+26 
   6    0.1423486  2.16211e+26 
   7    0.1454656  2.16957e+26 
   8    0.1486509  2.17916e+26 
   9    0.1519059  2.18036e+26 
  10    0.1552322  2.17787e+26 
  11    0.1586314  2.16758e+26 
  12    0.1621049  2.16206e+26 
  13    0.1656546  2.15078e+26 
  14    0.1692819  2.14213e+26 
  15    0.1729887  2.12325e+26 
  16    0.1767767  2.10548e+26 
  17    0.1806476  2.09403e+26 
  18    0.1846033  2.08600e+26 
  19    0.1886456  2.07745e+26 
  20    0.1927764  2.06916e+26 
  21    0.1969976  2.05957e+26 
  22    0.2013113  2.04944e+26 
  23    0.2057194  2.03769e+26 
  24    0.2102241  2.02734e+26 
  25    0.2148274  2.03211e+26 
  26    0.2195315  2.03111e+26 
  27    0.2243386  2.03032e+26 
  28    0.2292510  2.02623e+26 
  29    0.2342710  2.02135e+26 
  30    0.2394008  2.01809e+26 
  31    0.2446430  2.00756e+26 
  32    0.2500000  2.00080e+26 
  33    0.2554743  2.00195e+26 
  34    0.2610684  2.00292e+26 
  35    0.2667851  2.00491e+26 
  36    0.2726269  2.02300e+26 
  37    0.2785967  2.05836e+26 
  38    0.2846972  2.08787e+26 
  39    0.2909312  2.17665e+26 
  40    0.2973018  2.30726e+26 
  41    0.3038118  2.48823e+26 
  42    0.3104645  2.67052e+26 
  43    0.3172627  2.87956e+26 
  44    0.3242099  3.10921e+26 
  45    0.3313092  3.40845e+26 
  46    0.3385639  3.80753e+26 
  47    0.3459775  4.24924e+26 
  48    0.3535534  4.72467e+26 
  49    0.3612952  5.20495e+26 
  50    0.3692065  5.74072e+26 
  51    0.3772911  6.47815e+26 
  52    0.3855527  7.41434e+26 
  53    0.3939952  8.12356e+26 
  54    0.4026226  8.80639e+26 
  55    0.4114389  9.53003e+26 
  56    0.4204482  1.01342e+27 
  57    0.4296548  1.07351e+27 
  58    0.4390630  1.14271e+27 
  59    0.4486773  1.20308e+27 
  60    0.4585020  1.25280e+27 
  61    0.4685419  1.30735e+27 
  62    0.4788016  1.35089e+27 
  63    0.4892860  1.39238e+27 
  64    0.5000000  1.41929e+27 
  65    0.5109486  1.45763e+27 
  66    0.5221369  1.48396e+27 
  67    0.5335702  1.51607e+27 
  68    0.5452539  1.54958e+27 
  69    0.5571934  1.59021e+27 
  70    0.5693943  1.60216e+27 
  71    0.5818624  1.61036e+27 
  72    0.5946036  1.60590e+27 
  73    0.6076237  1.61098e+27 
  74    0.6209289  1.61869e+27 
  75    0.6345255  1.65568e+27 
  76    0.6484198  1.69715e+27 
  77    0.6626183  1.73902e+27 
  78    0.6771278  1.80915e+27 
  79    0.6919549  1.87731e+27 
  80    0.7071068  1.93592e+27 
  81    0.7225904  2.01397e+27 
  82    0.7384131  2.04152e+27 
  83    0.7545822  2.00798e+27 
  84    0.7711054  1.99859e+27 
  85    0.7879904  1.96025e+27 
  86    0.8052452  1.92275e+27 
  87    0.8228777  1.85059e+27 
  88    0.8408964  1.79105e+27 
  89    0.8593096  1.72532e+27 
  90    0.8781261  1.62621e+27 
  91    0.8973545  1.54554e+27 
  92    0.9170040  1.45016e+27 
  93    0.9370838  1.36446e+27 
  94    0.9576033  1.28525e+27 
  95    0.9785721  1.26130e+27 
  96    1.0000000  1.23442e+27 
  97    1.0218971  1.18743e+27 
  98    1.0442738  1.12968e+27 
  99    1.0671404  1.07286e+27 
 100    1.0905077  1.00962e+27 
 101    1.1143867  9.48791e+26 
 102    1.1387886  8.88558e+26 
 103    1.1637249  8.24037e+26 
 104    1.1892071  7.71592e+26 
 105    1.2152474  7.25690e+26 
 106    1.2418578  6.74597e+26 
 107    1.2690510  6.32246e+26 
 108    1.2968396  5.93328e+26 
 109    1.3252366  5.70311e+26 
 110    1.3542555  5.53419e+26 
 111    1.3839099  5.43050e+26 
 112    1.4142136  5.37778e+26 
 113    1.4451808  5.34873e+26 
 114    1.4768261  5.36697e+26 
 115    1.5091644  5.39999e+26 
 116    1.5422108  5.45140e+26 
 117    1.5759808  5.51500e+26 
 118    1.6104903  5.58523e+26 
 119    1.6457555  5.68335e+26 
 120    1.6817928  5.79356e+26 
 121    1.7186193  5.91872e+26 
 122    1.7562522  6.04589e+26 
 123    1.7947091  6.14498e+26 
 124    1.8340081  6.20265e+26 
 125    1.8741676  6.25260e+26 
 126    1.9152066  6.20195e+26 
 127    1.9571441  6.09932e+26 
 128    2.0000000  5.96550e+26 
 129    2.0437943  5.73806e+26 
 130    2.0885476  5.46403e+26 
 131    2.1342808  5.11968e+26 
 132    2.1810155  4.73749e+26 
 133    2.2287735  4.32374e+26 
 134    2.2775773  3.85851e+26 
 135    2.3274497  3.42554e+26 
 136    2.3784142  3.00803e+26 
 137    2.4304947  2.59253e+26 
 138    2.4837156  2.24360e+26 
 139    2.5381019  1.92790e+26 
 140    2.5936791  1.64043e+26 
 141    2.6504733  1.40560e+26 
 142    2.7085111  1.20196e+26 
 143    2.7678198  1.03587e+26 
 144    2.8284271  8.96730e+25 
 145    2.8903616  7.79814e+25 
 146    2.9536523  6.81799e+25 
 147    3.0183289  5.99107e+25 
 148    3.0844217  5.24100e+25 
 149    3.1519617  4.56633e+25 
 150    3.2209807  3.91843e+25 
 151    3.2915110  3.34443e+25 
 152    3.3635857  2.81817e+25 
 153    3.4372386  2.31768e+25 
 154    3.5125043  1.89760e+25 
 155    3.5894182  1.52599e+25 
 156    3.6680162  1.19830e+25 
 157    3.7483353  9.33341e+24 
 158    3.8304131  7.14555e+24 
 159    3.9142882  5.41954e+24 
 160    4.0000000  4.08299e+24 
 161    4.0875886  3.03495e+24 
 162    4.1770951  2.25249e+24 
 163    4.2685616  1.66096e+24 
 164    4.3620309  1.20708e+24 
 165    4.4575470  8.85758e+23 
 166    4.5551545  6.47442e+23 
 167    4.6548994  4.68610e+23 
 168    4.7568285  3.42851e+23 
 169    4.8609894  2.49800e+23 
 170    4.9674312  1.80375e+23 
 171    5.0762038  1.32055e+23 
 172    5.1873582  9.87721e+22 
 173    5.3009466  7.18829e+22 
 174    5.4170222  5.47438e+22 
 175    5.5356395  4.39723e+22 
 176    5.6568542  3.52027e+22 
 177    5.7807232  2.92760e+22 
 178    5.9073046  2.46452e+22 
 179    6.0366577  2.10913e+22 
 180    6.1688433  1.86761e+22 
 181    6.3039234  1.70279e+22 
 182    6.4419613  1.56073e+22 
 183    6.5830219  1.41604e+22 
 184    6.7271713  1.32024e+22 
 185    6.8744772  1.24213e+22 
 186    7.0250086  1.15648e+22 
 187    7.1788363  1.07564e+22 
 188    7.3360323  9.96544e+21 
 189    7.4966705  9.22956e+21 


# i-band (filter: i_LSST.dat)
   0    0.1250000  1.64867e+26 
   1    0.1277371  1.70340e+26 
   2    0.1305342  1.75932e+26 
   3    0.1333926  1.81646e+26 
   4    0.1363135  1.85989e+26 
   5    0.1392983  1.89080e+26 
   6    0.1423486  1.91403e+26 
   7    0.1454656  1.91603e+26 
   8    0.1486509  1.92023e+26 
   9    0.1519059  1.91379e+26 
  10    0.1552322  1.90025e+26 
  11    0.1586314  1.88560e+26 
  12    0.1621049  1.87880e+26 
  13    0.1656546  1.88488e+26 
  14    0.1692819  1.93510e+26 
  15    0.1729887  1.96660e+26 
  16    0.1767767  2.03031e+26 
  17    0.1806476  2.10715e+26 
  18    0.1846033  2.16389e+26 
  19    0.1886456  2.19506e+26 
  20    0.1927764  2.21903e+26 
  21    0.1969976  2.29393e+26 
  22    0.2013113  2.37367e+26 
  23    0.2057194  2.39282e+26 
  24    0.2102241  2.41636e+26 
  25    0.2148274  2.42820e+26 
  26    0.2195315  2.37526e+26 
  27    0.2243386  2.33081e+26 
  28    0.2292510  2.26249e+26 
  29    0.2342710  2.19205e+26 
  30    0.2394008  2.13949e+26 
  31    0.2446430  2.09812e+26 
  32    0.2500000  2.07984e+26 
  33    0.2554743  2.01948e+26 
  34    0.2610684  1.97711e+26 
  35    0.2667851  1.96848e+26 
  36    0.2726269  1.96421e+26 
  37    0.2785967  2.00999e+26 
  38    0.2846972  2.05041e+26 
  39    0.2909312  2.07319e+26 
  40    0.2973018  2.11682e+26 
  41    0.3038118  2.16314e+26 
  42    0.3104645  2.21143e+26 
  43    0.3172627  2.27174e+26 
  44    0.3242099  2.34498e+26 
  45    0.3313092  2.42699e+26 
  46    0.3385639  2.50776e+26 
  47    0.3459775  2.60909e+26 
  48    0.3535534  2.71330e+26 
  49    0.3612952  2.80357e+26 
  50    0.3692065  2.93970e+26 
  51    0.3772911  3.09070e+26 
  52    0.3855527  3.25622e+26 
  53    0.3939952  3.42401e+26 
  54    0.4026226  3.59510e+26 
  55    0.4114389  3.77555e+26 
  56    0.4204482  3.97427e+26 
  57    0.4296548  4.19005e+26 
  58    0.4390630  4.39450e+26 
  59    0.4486773  4.61439e+26 
  60    0.4585020  4.84515e+26 
  61    0.4685419  5.07390e+26 
  62    0.4788016  5.29750e+26 
  63    0.4892860  5.52874e+26 
  64    0.5000000  5.74316e+26 
  65    0.5109486  5.97596e+26 
  66    0.5221369  6.20218e+26 
  67    0.5335702  6.42315e+26 
  68    0.5452539  6.64166e+26 
  69    0.5571934  6.83352e+26 
  70    0.5693943  7.00663e+26 
  71    0.5818624  7.17584e+26 
  72    0.5946036  7.31910e+26 
  73    0.6076237  7.44618e+26 
  74    0.6209289  7.57417e+26 
  75    0.6345255  7.69525e+26 
  76    0.6484198  7.84341e+26 
  77    0.6626183  7.97361e+26 
  78    0.6771278  8.11826e+26 
  79    0.6919549  8.23779e+26 
  80    0.7071068  8.30762e+26 
  81    0.7225904  8.38396e+26 
  82    0.7384131  8.38336e+26 
  83    0.7545822  8.33646e+26 
  84    0.7711054  8.27710e+26 
  85    0.7879904  8.12458e+26 
  86    0.8052452  7.93800e+26 
  87    0.8228777  7.69669e+26 
  88    0.8408964  7.41330e+26 
  89    0.8593096  7.09092e+26 
  90    0.8781261  6.71706e+26 
  91    0.8973545  6.34976e+26 
  92    0.9170040  5.98081e+26 
  93    0.9370838  5.59977e+26 
  94    0.9576033  5.24414e+26 
  95    0.9785721  4.84302e+26 
  96    1.0000000  4.44625e+26 
  97    1.0218971  4.01212e+26 
  98    1.0442738  3.59272e+26 
  99    1.0671404  3.18489e+26 
 100    1.0905077  2.81146e+26 
 101    1.1143867  2.47115e+26 
 102    1.1387886  2.15787e+26 
 103    1.1637249  1.83074e+26 
 104    1.1892071  1.57809e+26 
 105    1.2152474  1.34034e+26 
 106    1.2418578  1.13825e+26 
 107    1.2690510  9.91558e+25 
 108    1.2968396  8.94813e+25 
 109    1.3252366  8.47678e+25 
 110    1.3542555  8.23058e+25 
 111    1.3839099  8.12055e+25 
 112    1.4142136  8.21595e+25 
 113    1.4451808  8.36490e+25 
 114    1.4768261  8.58244e+25 
 115    1.5091644  8.82025e+25 
 116    1.5422108  9.02896e+25 
 117    1.5759808  9.23806e+25 
 118    1.6104903  9.45496e+25 
 119    1.6457555  9.68295e+25 
 120    1.6817928  9.92241e+25 
 121    1.7186193  1.01354e+26 
 122    1.7562522  1.03578e+26 
 123    1.7947091  1.05475e+26 
 124    1.8340081  1.06766e+26 
 125    1.8741676  1.08090e+26 
 126    1.9152066  1.07924e+26 
 127    1.9571441  1.07021e+26 
 128    2.0000000  1.05774e+26 
 129    2.0437943  1.03047e+26 
 130    2.0885476  9.94427e+25 
 131    2.1342808  9.47799e+25 
 132    2.1810155  8.92659e+25 
 133    2.2287735  8.32015e+25 
 134    2.2775773  7.62037e+25 
 135    2.3274497  6.94700e+25 
 136    2.3784142  6.28176e+25 
 137    2.4304947  5.59380e+25 
 138    2.4837156  5.02069e+25 
 139    2.5381019  4.52071e+25 
 140    2.5936791  4.06135e+25 
 141    2.6504733  3.75330e+25 
 142    2.7085111  3.54073e+25 
 143    2.7678198  3.40422e+25 
 144    2.8284271  3.37245e+25 
 145    2.8903616  3.38640e+25 
 146    2.9536523  3.43218e+25 
 147    3.0183289  3.54368e+25 
 148    3.0844217  3.61032e+25 
 149    3.1519617  3.65045e+25 
 150    3.2209807  3.70147e+25 
 151    3.2915110  3.65406e+25 
 152    3.3635857  3.57068e+25 
 153    3.4372386  3.43210e+25 
 154    3.5125043  3.23460e+25 
 155    3.5894182  3.00067e+25 
 156    3.6680162  2.70912e+25 
 157    3.7483353  2.42228e+25 
 158    3.8304131  2.12313e+25 
 159    3.9142882  1.80138e+25 
 160    4.0000000  1.51915e+25 
 161    4.0875886  1.25855e+25 
 162    4.1770951  1.01749e+25 
 163    4.2685616  8.20001e+24 
 164    4.3620309  6.46711e+24 
 165    4.4575470  5.02587e+24 
 166    4.5551545  3.89017e+24 
 167    4.6548994  2.96712e+24 
 168    4.7568285  2.24056e+24 
 169    4.8609894  1.68142e+24 
 170    4.9674312  1.25570e+24 
 171    5.0762038  9.30124e+23 
 172    5.1873582  6.92595e+23 
 173    5.3009466  5.07030e+23 
 174    5.4170222  3.70362e+23 
 175    5.5356395  2.75300e+23 
 176    5.6568542  2.02167e+23 
 177    5.7807232  1.46639e+23 
 178    5.9073046  1.08484e+23 
 179    6.0366577  8.03359e+22 
 180    6.1688433  6.07914e+22 
 181    6.3039234  4.82589e+22 
 182    6.4419613  3.86127e+22 
 183    6.5830219  3.14605e+22 
 184    6.7271713  2.61239e+22 
 185    6.8744772  2.23203e+22 
 186    7.0250086  1.87022e+22 
 187    7.1788363  1.64362e+22 
 188    7.3360323  1.44531e+22 
 189    7.4966705  1.30132e+22 


# z-band (filter: z_LSST.dat)
   0    0.1250000  1.63064e+26 
   1    0.1277371  1.83329e+26 
   2    0.1305342  2.04038e+26 
   3    0.1333926  2.25201e+26 
   4    0.1363135  2.42229e+26 
   5    0.1392983  2.53523e+26 
   6    0.1423486  2.47444e+26 
   7    0.1454656  2.44498e+26 
   8    0.1486509  2.44228e+26 
   9    0.1519059  2.48286e+26 
  10    0.1552322  2.45087e+26 
  11    0.1586314  2.37467e+26 
  12    0.1621049  2.39498e+26 
  13    0.1656546  2.44000e+26 
  14    0.1692819  2.33769e+26 
  15    0.1729887  2.26585e+26 
  16    0.1767767  2.11052e+26 
  17    0.1806476  2.06720e+26 
  18    0.1846033  2.05497e+26 
  19    0.1886456  2.04629e+26 
  20    0.1927764  1.99770e+26 
  21    0.1969976  1.92200e+26 
  22    0.2013113  1.87601e+26 
  23    0.2057194  1.81823e+26 
  24    0.2102241  1.69038e+26 
  25    0.2148274  1.54239e+26 
  26    0.2195315  1.48967e+26 
  27    0.2243386  1.43690e+26 
  28    0.2292510  1.36847e+26 
  29    0.2342710  1.30542e+26 
  30    0.2394008  1.23306e+26 
  31    0.2446430  1.16168e+26 
  32    0.2500000  1.10863e+26 
  33    0.2554743  1.04231e+26 
  34    0.2610684  9.94177e+25 
  35    0.2667851  9.46024e+25 
  36    0.2726269  8.89449e+25 
  37    0.2785967  8.47336e+25 
  38    0.2846972  8.18139e+25 
  39    0.2909312  8.02399e+25 
  40    0.2973018  7.92506e+25 
  41    0.3038118  7.90700e+25 
  42    0.3104645  8.00176e+25 
  43    0.3172627  8.10237e+25 
  44    0.3242099  8.21113e+25 
  45    0.3313092  8.38341e+25 
  46    0.3385639  8.63660e+25 
  47    0.3459775  8.88850e+25 
  48    0.3535534  9.28739e+25 
  49    0.3612952  9.71271e+25 
  50    0.3692065  1.01353e+26 
  51    0.3772911  1.05736e+26 
  52    0.3855527  1.10983e+26 
  53    0.3939952  1.16739e+26 
  54    0.4026226  1.21935e+26 
  55    0.4114389  1.27550e+26 
  56    0.4204482  1.33614e+26 
  57    0.4296548  1.39847e+26 
  58    0.4390630  1.46674e+26 
  59    0.4486773  1.53721e+26 
  60    0.4585020  1.61482e+26 
  61    0.4685419  1.69058e+26 
  62    0.4788016  1.77039e+26 
  63    0.4892860  1.86200e+26 
  64    0.5000000  1.95937e+26 
  65    0.5109486  2.06298e+26 
  66    0.5221369  2.18619e+26 
  67    0.5335702  2.31865e+26 
  68    0.5452539  2.44753e+26 
  69    0.5571934  2.59357e+26 
  70    0.5693943  2.73922e+26 
  71    0.5818624  2.89304e+26 
  72    0.5946036  3.05013e+26 
  73    0.6076237  3.21704e+26 
  74    0.6209289  3.39295e+26 
  75    0.6345255  3.56975e+26 
  76    0.6484198  3.75978e+26 
  77    0.6626183  3.95050e+26 
  78    0.6771278  4.15899e+26 
  79    0.6919549  4.35427e+26 
  80    0.7071068  4.51961e+26 
  81    0.7225904  4.69361e+26 
  82    0.7384131  4.82621e+26 
  83    0.7545822  4.91698e+26 
  84    0.7711054  4.99461e+26 
  85    0.7879904  4.99360e+26 
  86    0.8052452  4.94569e+26 
  87    0.8228777  4.86750e+26 
  88    0.8408964  4.73069e+26 
  89    0.8593096  4.56278e+26 
  90    0.8781261  4.34314e+26 
  91    0.8973545  4.10603e+26 
  92    0.9170040  3.86468e+26 
  93    0.9370838  3.59368e+26 
  94    0.9576033  3.33301e+26 
  95    0.9785721  3.05041e+26 
  96    1.0000000  2.76068e+26 
  97    1.0218971  2.45688e+26 
  98    1.0442738  2.17156e+26 
  99    1.0671404  1.90059e+26 
 100    1.0905077  1.66123e+26 
 101    1.1143867  1.44132e+26 
 102    1.1387886  1.24368e+26 
 103    1.1637249  1.04790e+26 
 104    1.1892071  8.95281e+25 
 105    1.2152474  7.48443e+25 
 106    1.2418578  6.28660e+25 
 107    1.2690510  5.34516e+25 
 108    1.2968396  4.70628e+25 
 109    1.3252366  4.33212e+25 
 110    1.3542555  4.03626e+25 
 111    1.3839099  3.81102e+25 
 112    1.4142136  3.66525e+25 
 113    1.4451808  3.56576e+25 
 114    1.4768261  3.50503e+25 
 115    1.5091644  3.44750e+25 
 116    1.5422108  3.40519e+25 
 117    1.5759808  3.40126e+25 
 118    1.6104903  3.40379e+25 
 119    1.6457555  3.46598e+25 
 120    1.6817928  3.56624e+25 
 121    1.7186193  3.68207e+25 
 122    1.7562522  3.84409e+25 
 123    1.7947091  4.00421e+25 
 124    1.8340081  4.15281e+25 
 125    1.8741676  4.31654e+25 
 126    1.9152066  4.40733e+25 
 127    1.9571441  4.46909e+25 
 128    2.0000000  4.51570e+25 
 129    2.0437943  4.45880e+25 
 130    2.0885476  4.34541e+25 
 131    2.1342808  4.16446e+25 
 132    2.1810155  3.90938e+25 
 133    2.2287735  3.61133e+25 
 134    2.2775773  3.25201e+25 
 135    2.3274497  2.89198e+25 
 136    2.3784142  2.52640e+25 
 137    2.4304947  2.14011e+25 
 138    2.4837156  1.81276e+25 
 139    2.5381019  1.50376e+25 
 140    2.5936791  1.21120e+25 
 141    2.6504733  9.80695e+24 
 142    2.7085111  7.88776e+24 
 143    2.7678198  6.38916e+24 
 144    2.8284271  5.45640e+24 
 145    2.8903616  4.97666e+24 
 146    2.9536523  4.94956e+24 
 147    3.0183289  5.29521e+24 
 148    3.0844217  6.13283e+24 
 149    3.1519617  7.32881e+24 
 150    3.2209807  8.78182e+24 
 151    3.2915110  1.04397e+25 
 152    3.3635857  1.20653e+25 
 153    3.4372386  1.38520e+25 
 154    3.5125043  1.51761e+25 
 155    3.5894182  1.61689e+25 
 156    3.6680162  1.71542e+25 
 157    3.7483353  1.73745e+25 
 158    3.8304131  1.72695e+25 
 159    3.9142882  1.68460e+25 
 160    4.0000000  1.60234e+25 
 161    4.0875886  1.49416e+25 
 162    4.1770951  1.33669e+25 
 163    4.2685616  1.18649e+25 
 164    4.3620309  1.02683e+25 
 165    4.4575470  8.55057e+24 
 166    4.5551545  7.07271e+24 
 167    4.6548994  5.71752e+24 
 168    4.7568285  4.50117e+24 
 169    4.8609894  3.52682e+24 
 170    4.9674312  2.73272e+24 
 171    5.0762038  2.06775e+24 
 172    5.1873582  1.56553e+24 
 173    5.3009466  1.16860e+24 
 174    5.4170222  8.63047e+23 
 175    5.5356395  6.34533e+23 
 176    5.6568542  4.60844e+23 
 177    5.7807232  3.27565e+23 
 178    5.9073046  2.36954e+23 
 179    6.0366577  1.69343e+23 
 180    6.1688433  1.22607e+23 
 181    6.3039234  8.86931e+22 
 182    6.4419613  6.40146e+22 
 183    6.5830219  4.56180e+22 
 184    6.7271713  3.37504e+22 
 185    6.8744772  2.51051e+22 
 186    7.0250086  1.88310e+22 
 187    7.1788363  1.43741e+22 
 188    7.3360323  1.11317e+22 
 189    7.4966705  9.20604e+21 


# y-band (filter: y_LSST.dat)
   0    0.1250000  3.35291e+26 
   1    0.1277371  4.00116e+26 
   2    0.1305342  4.66360e+26 
   3    0.1333926  5.34055e+26 
   4    0.1363135  5.82618e+26 
   5    0.1392983  6.24759e+26 
   6    0.1423486  6.01077e+26 
   7    0.1454656  5.72014e+26 
   8    0.1486509  5.59082e+26 
   9    0.1519059  5.36980e+26 
  10    0.1552322  5.15547e+26 
  11    0.1586314  4.71451e+26 
  12    0.1621049  4.45707e+26 
  13    0.1656546  4.18932e+26 
  14    0.1692819  3.64933e+26 
  15    0.1729887  3.12389e+26 
  16    0.1767767  2.74126e+26 
  17    0.1806476  2.60227e+26 
  18    0.1846033  2.69015e+26 
  19    0.1886456  2.82023e+26 
  20    0.1927764  2.93606e+26 
  21    0.1969976  3.10827e+26 
  22    0.2013113  3.29715e+26 
  23    0.2057194  3.49211e+26 
  24    0.2102241  3.68659e+26 
  25    0.2148274  3.92213e+26 
  26    0.2195315  4.12701e+26 
  27    0.2243386  4.35024e+26 
  28    0.2292510  4.58246e+26 
  29    0.2342710  4.77855e+26 
  30    0.2394008  4.97166e+26 
  31    0.2446430  5.13336e+26 
  32    0.2500000  5.28592e+26 
  33    0.2554743  5.41046e+26 
  34    0.2610684  5.51059e+26 
  35    0.2667851  5.57006e+26 
  36    0.2726269  5.59659e+26 
  37    0.2785967  5.60736e+26 
  38    0.2846972  5.61450e+26 
  39    0.2909312  5.60418e+26 
  40    0.2973018  5.55622e+26 
  41    0.3038118  5.51005e+26 
  42    0.3104645  5.45391e+26 
  43    0.3172627  5.38592e+26 
  44    0.3242099  5.29155e+26 
  45    0.3313092  5.21481e+26 
  46    0.3385639  5.13068e+26 
  47    0.3459775  5.02365e+26 
  48    0.3535534  4.95574e+26 
  49    0.3612952  4.85564e+26 
  50    0.3692065  4.74578e+26 
  51    0.3772911  4.61705e+26 
  52    0.3855527  4.51077e+26 
  53    0.3939952  4.39411e+26 
  54    0.4026226  4.28549e+26 
  55    0.4114389  4.16244e+26 
  56    0.4204482  4.04790e+26 
  57    0.4296548  3.92640e+26 
  58    0.4390630  3.81310e+26 
  59    0.4486773  3.70445e+26 
  60    0.4585020  3.59855e+26 
  61    0.4685419  3.52988e+26 
  62    0.4788016  3.45726e+26 
  63    0.4892860  3.41883e+26 
  64    0.5000000  3.38786e+26 
  65    0.5109486  3.37550e+26 
  66    0.5221369  3.39360e+26 
  67    0.5335702  3.42418e+26 
  68    0.5452539  3.48237e+26 
  69    0.5571934  3.55165e+26 
  70    0.5693943  3.65544e+26 
  71    0.5818624  3.76010e+26 
  72    0.5946036  3.87480e+26 
  73    0.6076237  3.98230e+26 
  74    0.6209289  4.10658e+26 
  75    0.6345255  4.23091e+26 
  76    0.6484198  4.35551e+26 
  77    0.6626183  4.47312e+26 
  78    0.6771278  4.58454e+26 
  79    0.6919549  4.68509e+26 
  80    0.7071068  4.75566e+26 
  81    0.7225904  4.81938e+26 
  82    0.7384131  4.83702e+26 
  83    0.7545822  4.81767e+26 
  84    0.7711054  4.77472e+26 
  85    0.7879904  4.67303e+26 
  86    0.8052452  4.52885e+26 
  87    0.8228777  4.35952e+26 
  88    0.8408964  4.15540e+26 
  89    0.8593096  3.92009e+26 
  90    0.8781261  3.65344e+26 
  91    0.8973545  3.39056e+26 
  92    0.9170040  3.12168e+26 
  93    0.9370838  2.83422e+26 
  94    0.9576033  2.56445e+26 
  95    0.9785721  2.29087e+26 
  96    1.0000000  2.02326e+26 
  97    1.0218971  1.76615e+26 
  98    1.0442738  1.53419e+26 
  99    1.0671404  1.31256e+26 
 100    1.0905077  1.12322e+26 
 101    1.1143867  9.57313e+25 
 102    1.1387886  8.09296e+25 
 103    1.1637249  6.68420e+25 
 104    1.1892071  5.59312e+25 
 105    1.2152474  4.59519e+25 
 106    1.2418578  3.81833e+25 
 107    1.2690510  3.23500e+25 
 108    1.2968396  2.83083e+25 
 109    1.3252366  2.59740e+25 
 110    1.3542555  2.42976e+25 
 111    1.3839099  2.30463e+25 
 112    1.4142136  2.24759e+25 
 113    1.4451808  2.21457e+25 
 114    1.4768261  2.19893e+25 
 115    1.5091644  2.18772e+25 
 116    1.5422108  2.19712e+25 
 117    1.5759808  2.23949e+25 
 118    1.6104903  2.28409e+25 
 119    1.6457555  2.38515e+25 
 120    1.6817928  2.55089e+25 
 121    1.7186193  2.74496e+25 
 122    1.7562522  3.07302e+25 
 123    1.7947091  3.48711e+25 
 124    1.8340081  3.96538e+25 
 125    1.8741676  4.49883e+25 
 126    1.9152066  5.10074e+25 
 127    1.9571441  5.70070e+25 
 128    2.0000000  6.35638e+25 
 129    2.0437943  6.92452e+25 
 130    2.0885476  7.43921e+25 
 131    2.1342808  7.94139e+25 
 132    2.1810155  8.23190e+25 
 133    2.2287735  8.36998e+25 
 134    2.2775773  8.39566e+25 
 135    2.3274497  8.17125e+25 
 136    2.3784142  7.80567e+25 
 137    2.4304947  7.30367e+25 
 138    2.4837156  6.68607e+25 
 139    2.5381019  6.02629e+25 
 140    2.5936791  5.24802e+25 
 141    2.6504733  4.53307e+25 
 142    2.7085111  3.82671e+25 
 143    2.7678198  3.09332e+25 
 144    2.8284271  2.48695e+25 
 145    2.8903616  1.94762e+25 
 146    2.9536523  1.48479e+25 
 147    3.0183289  1.11790e+25 
 148    3.0844217  8.37825e+24 
 149    3.1519617  6.32200e+24 
 150    3.2209807  5.00230e+24 
 151    3.2915110  4.20942e+24 
 152    3.3635857  3.88196e+24 
 153    3.4372386  3.93914e+24 
 154    3.5125043  4.33482e+24 
 155    3.5894182  4.86892e+24 
 156    3.6680162  5.56667e+24 
 157    3.7483353  6.12429e+24 
 158    3.8304131  6.54280e+24 
 159    3.9142882  7.06481e+24 
 160    4.0000000  7.22129e+24 
 161    4.0875886  7.27752e+24 
 162    4.1770951  7.24225e+24 
 163    4.2685616  6.99884e+24 
 164    4.3620309  6.64355e+24 
 165    4.4575470  6.05177e+24 
 166    4.5551545  5.42960e+24 
 167    4.6548994  4.74838e+24 
 168    4.7568285  3.98040e+24 
 169    4.8609894  3.32322e+24 
 170    4.9674312  2.73315e+24 
 171    5.0762038  2.19752e+24 
 172    5.1873582  1.72919e+24 
 173    5.3009466  1.34729e+24 
 174    5.4170222  1.03087e+24 
 175    5.5356395  7.79783e+23 
 176    5.6568542  5.87820e+23 
 177    5.7807232  4.32897e+23 
 178    5.9073046  3.18986e+23 
 179    6.0366577  2.32877e+23 
 180    6.1688433  1.67743e+23 
 181    6.3039234  1.20888e+23 
 182    6.4419613  8.50361e+22 
 183    6.5830219  5.98837e+22 
 184    6.7271713  4.21237e+22 
 185    6.8744772  2.93031e+22 
 186    7.0250086  1.93553e+22 
 187    7.1788363  1.22500e+22 
 188    7.3360323  7.10881e+21 
 189    7.4966705  4.65687e+21 


# J-band (filter: J_2MASS.dat)
   0    0.1250000  6.59052e+26 
   1    0.1277371  7.23753e+26 
   2    0.1305342  7.89871e+26 
   3    0.1333926  8.57436e+26 
   4    0.1363135  8.84064e+26 
   5    0.1392983  9.06786e+26 
   6    0.1423486  8.81329e+26 
   7    0.1454656  8.40827e+26 
   8    0.1486509  7.97270e+26 
   9    0.1519059  7.58153e+26 
  10    0.1552322  7.12868e+26 
  11    0.1586314  6.40880e+26 
  12    0.1621049  5.93137e+26 
  13    0.1656546  5.45825e+26 
  14    0.1692819  5.07783e+26 
  15    0.1729887  4.78868e+26 
  16    0.1767767  4.57008e+26 
  17    0.1806476  4.46668e+26 
  18    0.1846033  4.64517e+26 
  19    0.1886456  4.84990e+26 
  20    0.1927764  5.10578e+26 
  21    0.1969976  5.35923e+26 
  22    0.2013113  5.62545e+26 
  23    0.2057194  5.92042e+26 
  24    0.2102241  6.19506e+26 
  25    0.2148274  6.44288e+26 
  26    0.2195315  6.72917e+26 
  27    0.2243386  7.00726e+26 
  28    0.2292510  7.28483e+26 
  29    0.2342710  7.55107e+26 
  30    0.2394008  7.80477e+26 
  31    0.2446430  8.04944e+26 
  32    0.2500000  8.24089e+26 
  33    0.2554743  8.44164e+26 
  34    0.2610684  8.63300e+26 
  35    0.2667851  8.78048e+26 
  36    0.2726269  8.92840e+26 
  37    0.2785967  9.05479e+26 
  38    0.2846972  9.11533e+26 
  39    0.2909312  9.20880e+26 
  40    0.2973018  9.27099e+26 
  41    0.3038118  9.31973e+26 
  42    0.3104645  9.34308e+26 
  43    0.3172627  9.36875e+26 
  44    0.3242099  9.37147e+26 
  45    0.3313092  9.36214e+26 
  46    0.3385639  9.32291e+26 
  47    0.3459775  9.26276e+26 
  48    0.3535534  9.17740e+26 
  49    0.3612952  9.08661e+26 
  50    0.3692065  9.01722e+26 
  51    0.3772911  8.90680e+26 
  52    0.3855527  8.78506e+26 
  53    0.3939952  8.62953e+26 
  54    0.4026226  8.47287e+26 
  55    0.4114389  8.30533e+26 
  56    0.4204482  8.13338e+26 
  57    0.4296548  7.95617e+26 
  58    0.4390630  7.79470e+26 
  59    0.4486773  7.61428e+26 
  60    0.4585020  7.45070e+26 
  61    0.4685419  7.26907e+26 
  62    0.4788016  7.08231e+26 
  63    0.4892860  6.90260e+26 
  64    0.5000000  6.72726e+26 
  65    0.5109486  6.55983e+26 
  66    0.5221369  6.39037e+26 
  67    0.5335702  6.22597e+26 
  68    0.5452539  6.05398e+26 
  69    0.5571934  5.89290e+26 
  70    0.5693943  5.72212e+26 
  71    0.5818624  5.55848e+26 
  72    0.5946036  5.40203e+26 
  73    0.6076237  5.26205e+26 
  74    0.6209289  5.11184e+26 
  75    0.6345255  4.96533e+26 
  76    0.6484198  4.82330e+26 
  77    0.6626183  4.68282e+26 
  78    0.6771278  4.54305e+26 
  79    0.6919549  4.39782e+26 
  80    0.7071068  4.24863e+26 
  81    0.7225904  4.10535e+26 
  82    0.7384131  3.96036e+26 
  83    0.7545822  3.80843e+26 
  84    0.7711054  3.65645e+26 
  85    0.7879904  3.50923e+26 
  86    0.8052452  3.37437e+26 
  87    0.8228777  3.23262e+26 
  88    0.8408964  3.09710e+26 
  89    0.8593096  2.96744e+26 
  90    0.8781261  2.84047e+26 
  91    0.8973545  2.72176e+26 
  92    0.9170040  2.60580e+26 
  93    0.9370838  2.49263e+26 
  94    0.9576033  2.36965e+26 
  95    0.9785721  2.23826e+26 
  96    1.0000000  2.10311e+26 
  97    1.0218971  1.95008e+26 
  98    1.0442738  1.79373e+26 
  99    1.0671404  1.62954e+26 
 100    1.0905077  1.47266e+26 
 101    1.1143867  1.31562e+26 
 102    1.1387886  1.16186e+26 
 103    1.1637249  1.00184e+26 
 104    1.1892071  8.59935e+25 
 105    1.2152474  7.25494e+25 
 106    1.2418578  6.02568e+25 
 107    1.2690510  4.98549e+25 
 108    1.2968396  4.09693e+25 
 109    1.3252366  3.33866e+25 
 110    1.3542555  2.72150e+25 
 111    1.3839099  2.21931e+25 
 112    1.4142136  1.79696e+25 
 113    1.4451808  1.46573e+25 
 114    1.4768261  1.21424e+25 
 115    1.5091644  1.00777e+25 
 116    1.5422108  8.56955e+24 
 117    1.5759808  7.44348e+24 
 118    1.6104903  6.63596e+24 
 119    1.6457555  6.16324e+24 
 120    1.6817928  5.89323e+24 
 121    1.7186193  5.79762e+24 
 122    1.7562522  5.91997e+24 
 123    1.7947091  6.22148e+24 
 124    1.8340081  6.72069e+24 
 125    1.8741676  7.33165e+24 
 126    1.9152066  8.34498e+24 
 127    1.9571441  9.78589e+24 
 128    2.0000000  1.14926e+25 
 129    2.0437943  1.41310e+25 
 130    2.0885476  1.77351e+25 
 131    2.1342808  2.18341e+25 
 132    2.1810155  2.78639e+25 
 133    2.2287735  3.53194e+25 
 134    2.2775773  4.36209e+25 
 135    2.3274497  5.40107e+25 
 136    2.3784142  6.55072e+25 
 137    2.4304947  7.82241e+25 
 138    2.4837156  9.12988e+25 
 139    2.5381019  1.03966e+26 
 140    2.5936791  1.17221e+26 
 141    2.6504733  1.27322e+26 
 142    2.7085111  1.35032e+26 
 143    2.7678198  1.42223e+26 
 144    2.8284271  1.44087e+26 
 145    2.8903616  1.43145e+26 
 146    2.9536523  1.39742e+26 
 147    3.0183289  1.33283e+26 
 148    3.0844217  1.24646e+26 
 149    3.1519617  1.14278e+26 
 150    3.2209807  1.01126e+26 
 151    3.2915110  8.84788e+25 
 152    3.3635857  7.57081e+25 
 153    3.4372386  6.22913e+25 
 154    3.5125043  5.09005e+25 
 155    3.5894182  4.05059e+25 
 156    3.6680162  3.12072e+25 
 157    3.7483353  2.37933e+25 
 158    3.8304131  1.76776e+25 
 159    3.9142882  1.28501e+25 
 160    4.0000000  9.14536e+24 
 161    4.0875886  6.34412e+24 
 162    4.1770951  4.41467e+24 
 163    4.2685616  3.01681e+24 
 164    4.3620309  2.02457e+24 
 165    4.4575470  1.40671e+24 
 166    4.5551545  9.65900e+23 
 167    4.6548994  6.69262e+23 
 168    4.7568285  4.84250e+23 
 169    4.8609894  3.53523e+23 
 170    4.9674312  2.61338e+23 
 171    5.0762038  1.96937e+23 
 172    5.1873582  1.54082e+23 
 173    5.3009466  1.22050e+23 
 174    5.4170222  9.54969e+22 
 175    5.5356395  7.52691e+22 
 176    5.6568542  5.96931e+22 
 177    5.7807232  4.67050e+22 
 178    5.9073046  3.69732e+22 
 179    6.0366577  2.89580e+22 
 180    6.1688433  2.26725e+22 
 181    6.3039234  1.77710e+22 
 182    6.4419613  1.40858e+22 
 183    6.5830219  1.10200e+22 
 184    6.7271713  8.57368e+21 
 185    6.8744772  6.78964e+21 
 186    7.0250086  5.16464e+21 
 187    7.1788363  3.96175e+21 
 188    7.3360323  2.93416e+21 
 189    7.4966705  2.14745e+21 


# H-band (filter: H_2MASS.dat)
   0    0.1250000  1.58547e+27 
   1    0.1277371  1.69656e+27 
   2    0.1305342  1.81008e+27 
   3    0.1333926  1.92608e+27 
   4    0.1363135  2.01931e+27 
   5    0.1392983  2.10226e+27 
   6    0.1423486  2.10996e+27 
   7    0.1454656  2.06179e+27 
   8    0.1486509  2.02205e+27 
   9    0.1519059  1.97072e+27 
  10    0.1552322  1.91456e+27 
  11    0.1586314  1.83708e+27 
  12    0.1621049  1.77721e+27 
  13    0.1656546  1.71787e+27 
  14    0.1692819  1.64139e+27 
  15    0.1729887  1.55448e+27 
  16    0.1767767  1.48272e+27 
  17    0.1806476  1.41336e+27 
  18    0.1846033  1.38889e+27 
  19    0.1886456  1.37503e+27 
  20    0.1927764  1.36479e+27 
  21    0.1969976  1.34717e+27 
  22    0.2013113  1.32177e+27 
  23    0.2057194  1.29825e+27 
  24    0.2102241  1.27451e+27 
  25    0.2148274  1.24362e+27 
  26    0.2195315  1.21848e+27 
  27    0.2243386  1.18390e+27 
  28    0.2292510  1.14415e+27 
  29    0.2342710  1.10741e+27 
  30    0.2394008  1.07033e+27 
  31    0.2446430  1.03750e+27 
  32    0.2500000  9.99722e+26 
  33    0.2554743  9.60642e+26 
  34    0.2610684  9.26021e+26 
  35    0.2667851  8.88243e+26 
  36    0.2726269  8.48657e+26 
  37    0.2785967  8.12215e+26 
  38    0.2846972  7.75571e+26 
  39    0.2909312  7.41342e+26 
  40    0.2973018  7.07190e+26 
  41    0.3038118  6.76671e+26 
  42    0.3104645  6.39978e+26 
  43    0.3172627  6.06644e+26 
  44    0.3242099  5.74951e+26 
  45    0.3313092  5.47280e+26 
  46    0.3385639  5.18922e+26 
  47    0.3459775  4.91595e+26 
  48    0.3535534  4.67573e+26 
  49    0.3612952  4.42721e+26 
  50    0.3692065  4.19158e+26 
  51    0.3772911  3.98426e+26 
  52    0.3855527  3.79515e+26 
  53    0.3939952  3.60230e+26 
  54    0.4026226  3.46096e+26 
  55    0.4114389  3.30037e+26 
  56    0.4204482  3.16178e+26 
  57    0.4296548  3.02991e+26 
  58    0.4390630  2.91309e+26 
  59    0.4486773  2.80125e+26 
  60    0.4585020  2.69525e+26 
  61    0.4685419  2.59570e+26 
  62    0.4788016  2.50216e+26 
  63    0.4892860  2.42026e+26 
  64    0.5000000  2.34664e+26 
  65    0.5109486  2.27109e+26 
  66    0.5221369  2.20057e+26 
  67    0.5335702  2.14266e+26 
  68    0.5452539  2.08647e+26 
  69    0.5571934  2.03396e+26 
  70    0.5693943  1.98642e+26 
  71    0.5818624  1.94190e+26 
  72    0.5946036  1.90768e+26 
  73    0.6076237  1.88471e+26 
  74    0.6209289  1.85124e+26 
  75    0.6345255  1.82298e+26 
  76    0.6484198  1.79815e+26 
  77    0.6626183  1.78106e+26 
  78    0.6771278  1.76390e+26 
  79    0.6919549  1.74166e+26 
  80    0.7071068  1.72317e+26 
  81    0.7225904  1.71130e+26 
  82    0.7384131  1.70065e+26 
  83    0.7545822  1.68836e+26 
  84    0.7711054  1.67665e+26 
  85    0.7879904  1.66566e+26 
  86    0.8052452  1.66035e+26 
  87    0.8228777  1.64993e+26 
  88    0.8408964  1.64201e+26 
  89    0.8593096  1.63110e+26 
  90    0.8781261  1.62544e+26 
  91    0.8973545  1.62615e+26 
  92    0.9170040  1.62157e+26 
  93    0.9370838  1.60889e+26 
  94    0.9576033  1.59736e+26 
  95    0.9785721  1.58673e+26 
  96    1.0000000  1.57417e+26 
  97    1.0218971  1.56050e+26 
  98    1.0442738  1.54740e+26 
  99    1.0671404  1.53248e+26 
 100    1.0905077  1.51790e+26 
 101    1.1143867  1.50108e+26 
 102    1.1387886  1.47574e+26 
 103    1.1637249  1.45073e+26 
 104    1.1892071  1.42055e+26 
 105    1.2152474  1.39263e+26 
 106    1.2418578  1.35631e+26 
 107    1.2690510  1.31317e+26 
 108    1.2968396  1.26449e+26 
 109    1.3252366  1.20659e+26 
 110    1.3542555  1.14120e+26 
 111    1.3839099  1.07109e+26 
 112    1.4142136  9.94329e+25 
 113    1.4451808  9.14322e+25 
 114    1.4768261  8.33458e+25 
 115    1.5091644  7.46764e+25 
 116    1.5422108  6.65800e+25 
 117    1.5759808  5.85910e+25 
 118    1.6104903  5.07066e+25 
 119    1.6457555  4.36910e+25 
 120    1.6817928  3.71305e+25 
 121    1.7186193  3.11625e+25 
 122    1.7562522  2.60765e+25 
 123    1.7947091  2.15884e+25 
 124    1.8340081  1.77343e+25 
 125    1.8741676  1.45066e+25 
 126    1.9152066  1.19080e+25 
 127    1.9571441  9.79299e+24 
 128    2.0000000  7.99889e+24 
 129    2.0437943  6.61640e+24 
 130    2.0885476  5.49937e+24 
 131    2.1342808  4.68196e+24 
 132    2.1810155  4.10190e+24 
 133    2.2287735  3.72060e+24 
 134    2.2775773  3.48684e+24 
 135    2.3274497  3.41629e+24 
 136    2.3784142  3.49808e+24 
 137    2.4304947  3.64556e+24 
 138    2.4837156  3.98649e+24 
 139    2.5381019  4.61144e+24 
 140    2.5936791  5.35705e+24 
 141    2.6504733  6.61464e+24 
 142    2.7085111  8.39919e+24 
 143    2.7678198  1.04303e+25 
 144    2.8284271  1.36077e+25 
 145    2.8903616  1.77255e+25 
 146    2.9536523  2.27378e+25 
 147    3.0183289  2.83801e+25 
 148    3.0844217  3.53416e+25 
 149    3.1519617  4.27957e+25 
 150    3.2209807  5.08942e+25 
 151    3.2915110  5.82004e+25 
 152    3.3635857  6.44851e+25 
 153    3.4372386  7.10178e+25 
 154    3.5125043  7.44047e+25 
 155    3.5894182  7.59974e+25 
 156    3.6680162  7.68189e+25 
 157    3.7483353  7.47703e+25 
 158    3.8304131  7.15538e+25 
 159    3.9142882  6.63532e+25 
 160    4.0000000  6.04945e+25 
 161    4.0875886  5.39006e+25 
 162    4.1770951  4.57536e+25 
 163    4.2685616  3.86343e+25 
 164    4.3620309  3.16491e+25 
 165    4.4575470  2.48342e+25 
 166    4.5551545  1.92983e+25 
 167    4.6548994  1.46509e+25 
 168    4.7568285  1.08457e+25 
 169    4.8609894  7.92098e+24 
 170    4.9674312  5.66415e+24 
 171    5.0762038  3.94852e+24 
 172    5.1873582  2.77341e+24 
 173    5.3009466  1.88131e+24 
 174    5.4170222  1.25796e+24 
 175    5.5356395  8.64516e+23 
 176    5.6568542  5.79505e+23 
 177    5.7807232  3.83683e+23 
 178    5.9073046  2.67142e+23 
 179    6.0366577  1.79496e+23 
 180    6.1688433  1.23558e+23 
 181    6.3039234  8.81966e+22 
 182    6.4419613  6.12175e+22 
 183    6.5830219  4.34702e+22 
 184    6.7271713  3.12923e+22 
 185    6.8744772  2.16749e+22 
 186    7.0250086  1.47240e+22 
 187    7.1788363  9.72581e+21 
 188    7.3360323  5.61817e+21 
 189    7.4966705  2.74517e+21 


# K-band (filter: Ks_mosfire.dat)
   0    0.1250000  1.14297e+27 
   1    0.1277371  1.21012e+27 
   2    0.1305342  1.27874e+27 
   3    0.1333926  1.34887e+27 
   4    0.1363135  1.40455e+27 
   5    0.1392983  1.45450e+27 
   6    0.1423486  1.47366e+27 
   7    0.1454656  1.44529e+27 
   8    0.1486509  1.43065e+27 
   9    0.1519059  1.39800e+27 
  10    0.1552322  1.37349e+27 
  11    0.1586314  1.32995e+27 
  12    0.1621049  1.29605e+27 
  13    0.1656546  1.25044e+27 
  14    0.1692819  1.20164e+27 
  15    0.1729887  1.15134e+27 
  16    0.1767767  1.09815e+27 
  17    0.1806476  1.04007e+27 
  18    0.1846033  1.01014e+27 
  19    0.1886456  1.00220e+27 
  20    0.1927764  9.82815e+26 
  21    0.1969976  9.56315e+26 
  22    0.2013113  9.20720e+26 
  23    0.2057194  8.86772e+26 
  24    0.2102241  8.57003e+26 
  25    0.2148274  8.32433e+26 
  26    0.2195315  8.00897e+26 
  27    0.2243386  7.66290e+26 
  28    0.2292510  7.33343e+26 
  29    0.2342710  7.03909e+26 
  30    0.2394008  6.71758e+26 
  31    0.2446430  6.36878e+26 
  32    0.2500000  6.04973e+26 
  33    0.2554743  5.77871e+26 
  34    0.2610684  5.53697e+26 
  35    0.2667851  5.28352e+26 
  36    0.2726269  5.00228e+26 
  37    0.2785967  4.72191e+26 
  38    0.2846972  4.46970e+26 
  39    0.2909312  4.22864e+26 
  40    0.2973018  3.99379e+26 
  41    0.3038118  3.76847e+26 
  42    0.3104645  3.57575e+26 
  43    0.3172627  3.35701e+26 
  44    0.3242099  3.17806e+26 
  45    0.3313092  2.98932e+26 
  46    0.3385639  2.79049e+26 
  47    0.3459775  2.62315e+26 
  48    0.3535534  2.45046e+26 
  49    0.3612952  2.30441e+26 
  50    0.3692065  2.15954e+26 
  51    0.3772911  2.03414e+26 
  52    0.3855527  1.91794e+26 
  53    0.3939952  1.80676e+26 
  54    0.4026226  1.69347e+26 
  55    0.4114389  1.58237e+26 
  56    0.4204482  1.47746e+26 
  57    0.4296548  1.38899e+26 
  58    0.4390630  1.30536e+26 
  59    0.4486773  1.23074e+26 
  60    0.4585020  1.16158e+26 
  61    0.4685419  1.08639e+26 
  62    0.4788016  1.03248e+26 
  63    0.4892860  9.77061e+25 
  64    0.5000000  9.19358e+25 
  65    0.5109486  8.71176e+25 
  66    0.5221369  8.32998e+25 
  67    0.5335702  7.91416e+25 
  68    0.5452539  7.53735e+25 
  69    0.5571934  7.18421e+25 
  70    0.5693943  6.85612e+25 
  71    0.5818624  6.52686e+25 
  72    0.5946036  6.21655e+25 
  73    0.6076237  5.95299e+25 
  74    0.6209289  5.61935e+25 
  75    0.6345255  5.36487e+25 
  76    0.6484198  5.12807e+25 
  77    0.6626183  4.86494e+25 
  78    0.6771278  4.57965e+25 
  79    0.6919549  4.33920e+25 
  80    0.7071068  4.08820e+25 
  81    0.7225904  3.84402e+25 
  82    0.7384131  3.61078e+25 
  83    0.7545822  3.40881e+25 
  84    0.7711054  3.20229e+25 
  85    0.7879904  3.02251e+25 
  86    0.8052452  2.84608e+25 
  87    0.8228777  2.67326e+25 
  88    0.8408964  2.50581e+25 
  89    0.8593096  2.34428e+25 
  90    0.8781261  2.22087e+25 
  91    0.8973545  2.09931e+25 
  92    0.9170040  1.98463e+25 
  93    0.9370838  1.88550e+25 
  94    0.9576033  1.78510e+25 
  95    0.9785721  1.69003e+25 
  96    1.0000000  1.59498e+25 
  97    1.0218971  1.49573e+25 
  98    1.0442738  1.40500e+25 
  99    1.0671404  1.31181e+25 
 100    1.0905077  1.23284e+25 
 101    1.1143867  1.17727e+25 
 102    1.1387886  1.11116e+25 
 103    1.1637249  1.04883e+25 
 104    1.1892071  1.00693e+25 
 105    1.2152474  9.73136e+24 
 106    1.2418578  9.44669e+24 
 107    1.2690510  9.26187e+24 
 108    1.2968396  9.07934e+24 
 109    1.3252366  9.05510e+24 
 110    1.3542555  9.07132e+24 
 111    1.3839099  9.23685e+24 
 112    1.4142136  9.42523e+24 
 113    1.4451808  9.56297e+24 
 114    1.4768261  9.83345e+24 
 115    1.5091644  1.00489e+25 
 116    1.5422108  1.02061e+25 
 117    1.5759808  1.03270e+25 
 118    1.6104903  1.04517e+25 
 119    1.6457555  1.04316e+25 
 120    1.6817928  1.03517e+25 
 121    1.7186193  1.02691e+25 
 122    1.7562522  1.00659e+25 
 123    1.7947091  9.73556e+24 
 124    1.8340081  9.39061e+24 
 125    1.8741676  8.90599e+24 
 126    1.9152066  8.33753e+24 
 127    1.9571441  7.80730e+24 
 128    2.0000000  7.19004e+24 
 129    2.0437943  6.60484e+24 
 130    2.0885476  5.97803e+24 
 131    2.1342808  5.36762e+24 
 132    2.1810155  4.82375e+24 
 133    2.2287735  4.29723e+24 
 134    2.2775773  3.78952e+24 
 135    2.3274497  3.34729e+24 
 136    2.3784142  2.93883e+24 
 137    2.4304947  2.59015e+24 
 138    2.4837156  2.32210e+24 
 139    2.5381019  2.09466e+24 
 140    2.5936791  1.90566e+24 
 141    2.6504733  1.73834e+24 
 142    2.7085111  1.62633e+24 
 143    2.7678198  1.55121e+24 
 144    2.8284271  1.47754e+24 
 145    2.8903616  1.42878e+24 
 146    2.9536523  1.38300e+24 
 147    3.0183289  1.35245e+24 
 148    3.0844217  1.31325e+24 
 149    3.1519617  1.28858e+24 
 150    3.2209807  1.25798e+24 
 151    3.2915110  1.24587e+24 
 152    3.3635857  1.27100e+24 
 153    3.4372386  1.32423e+24 
 154    3.5125043  1.50067e+24 
 155    3.5894182  1.77039e+24 
 156    3.6680162  2.08076e+24 
 157    3.7483353  2.49138e+24 
 158    3.8304131  2.84845e+24 
 159    3.9142882  3.22615e+24 
 160    4.0000000  3.42369e+24 
 161    4.0875886  3.53907e+24 
 162    4.1770951  3.70908e+24 
 163    4.2685616  3.71223e+24 
 164    4.3620309  3.70371e+24 
 165    4.4575470  3.58099e+24 
 166    4.5551545  3.39791e+24 
 167    4.6548994  3.13612e+24 
 168    4.7568285  2.74616e+24 
 169    4.8609894  2.36766e+24 
 170    4.9674312  1.98072e+24 
 171    5.0762038  1.63424e+24 
 172    5.1873582  1.32476e+24 
 173    5.3009466  1.07166e+24 
 174    5.4170222  8.51647e+23 
 175    5.5356395  6.54372e+23 
 176    5.6568542  4.91901e+23 
 177    5.7807232  3.61523e+23 
 178    5.9073046  2.63139e+23 
 179    6.0366577  1.89454e+23 
 180    6.1688433  1.31257e+23 
 181    6.3039234  9.18377e+22 
 182    6.4419613  6.18249e+22 
 183    6.5830219  3.96104e+22 
 184    6.7271713  2.64223e+22 
 185    6.8744772  1.76644e+22 
 186    7.0250086  1.14500e+22 
 187    7.1788363  6.81258e+21 
 188    7.3360323  3.17747e+21 
 189    7.4966705  7.76761e+20 


# S-band (filter: Spitzer_IRAC2.dat)
   0    0.1250000  2.90545e+26 
   1    0.1277371  2.89361e+26 
   2    0.1305342  2.88151e+26 
   3    0.1333926  2.86915e+26 
   4    0.1363135  2.91821e+26 
   5    0.1392983  2.91147e+26 
   6    0.1423486  2.88936e+26 
   7    0.1454656  2.80212e+26 
   8    0.1486509  2.77251e+26 
   9    0.1519059  2.70438e+26 
  10    0.1552322  2.66745e+26 
  11    0.1586314  2.59729e+26 
  12    0.1621049  2.50638e+26 
  13    0.1656546  2.43298e+26 
  14    0.1692819  2.34290e+26 
  15    0.1729887  2.21792e+26 
  16    0.1767767  2.10673e+26 
  17    0.1806476  2.00300e+26 
  18    0.1846033  1.89412e+26 
  19    0.1886456  1.79677e+26 
  20    0.1927764  1.67197e+26 
  21    0.1969976  1.56948e+26 
  22    0.2013113  1.45768e+26 
  23    0.2057194  1.36884e+26 
  24    0.2102241  1.27672e+26 
  25    0.2148274  1.21315e+26 
  26    0.2195315  1.14656e+26 
  27    0.2243386  1.06684e+26 
  28    0.2292510  9.85818e+25 
  29    0.2342710  9.12410e+25 
  30    0.2394008  8.31915e+25 
  31    0.2446430  7.65120e+25 
  32    0.2500000  6.98361e+25 
  33    0.2554743  6.38337e+25 
  34    0.2610684  5.77290e+25 
  35    0.2667851  5.39729e+25 
  36    0.2726269  4.91468e+25 
  37    0.2785967  4.39903e+25 
  38    0.2846972  3.97396e+25 
  39    0.2909312  3.57655e+25 
  40    0.2973018  3.21178e+25 
  41    0.3038118  2.97786e+25 
  42    0.3104645  2.77632e+25 
  43    0.3172627  2.58237e+25 
  44    0.3242099  2.41746e+25 
  45    0.3313092  2.16476e+25 
  46    0.3385639  2.07297e+25 
  47    0.3459775  1.90523e+25 
  48    0.3535534  1.79122e+25 
  49    0.3612952  1.65881e+25 
  50    0.3692065  1.50806e+25 
  51    0.3772911  1.45128e+25 
  52    0.3855527  1.39108e+25 
  53    0.3939952  1.29967e+25 
  54    0.4026226  1.19259e+25 
  55    0.4114389  1.09193e+25 
  56    0.4204482  1.00462e+25 
  57    0.4296548  9.62271e+24 
  58    0.4390630  8.97516e+24 
  59    0.4486773  8.17489e+24 
  60    0.4585020  7.69346e+24 
  61    0.4685419  7.41768e+24 
  62    0.4788016  6.86255e+24 
  63    0.4892860  5.96381e+24 
  64    0.5000000  5.47040e+24 
  65    0.5109486  4.93851e+24 
  66    0.5221369  4.79718e+24 
  67    0.5335702  4.64886e+24 
  68    0.5452539  4.34872e+24 
  69    0.5571934  3.98601e+24 
  70    0.5693943  3.64852e+24 
  71    0.5818624  3.44788e+24 
  72    0.5946036  3.20673e+24 
  73    0.6076237  2.95920e+24 
  74    0.6209289  2.84300e+24 
  75    0.6345255  2.80842e+24 
  76    0.6484198  2.75112e+24 
  77    0.6626183  2.64615e+24 
  78    0.6771278  2.39284e+24 
  79    0.6919549  2.19675e+24 
  80    0.7071068  2.03748e+24 
  81    0.7225904  1.91855e+24 
  82    0.7384131  1.80808e+24 
  83    0.7545822  1.66870e+24 
  84    0.7711054  1.60937e+24 
  85    0.7879904  1.51563e+24 
  86    0.8052452  1.40267e+24 
  87    0.8228777  1.29856e+24 
  88    0.8408964  1.19354e+24 
  89    0.8593096  1.12260e+24 
  90    0.8781261  1.07405e+24 
  91    0.8973545  9.78710e+23 
  92    0.9170040  9.37953e+23 
  93    0.9370838  8.70514e+23 
  94    0.9576033  8.23926e+23 
  95    0.9785721  7.58069e+23 
  96    1.0000000  6.48742e+23 
  97    1.0218971  5.55855e+23 
  98    1.0442738  5.26974e+23 
  99    1.0671404  4.62180e+23 
 100    1.0905077  4.00897e+23 
 101    1.1143867  3.60896e+23 
 102    1.1387886  2.96829e+23 
 103    1.1637249  2.79039e+23 
 104    1.1892071  2.35140e+23 
 105    1.2152474  2.00550e+23 
 106    1.2418578  1.78281e+23 
 107    1.2690510  1.60022e+23 
 108    1.2968396  1.52350e+23 
 109    1.3252366  1.43729e+23 
 110    1.3542555  1.15236e+23 
 111    1.3839099  9.92840e+22 
 112    1.4142136  8.73390e+22 
 113    1.4451808  7.89486e+22 
 114    1.4768261  7.05346e+22 
 115    1.5091644  5.76639e+22 
 116    1.5422108  4.78544e+22 
 117    1.5759808  4.45596e+22 
 118    1.6104903  3.45549e+22 
 119    1.6457555  2.79919e+22 
 120    1.6817928  2.02769e+22 
 121    1.7186193  1.77803e+22 
 122    1.7562522  1.60894e+22 
 123    1.7947091  1.64838e+22 
 124    1.8340081  1.33254e+22 
 125    1.8741676  1.46647e+22 
 126    1.9152066  1.75699e+22 
 127    1.9571441  2.01361e+22 
 128    2.0000000  2.23013e+22 
 129    2.0437943  2.41762e+22 
 130    2.0885476  2.36988e+22 
 131    2.1342808  2.55180e+22 
 132    2.1810155  3.06815e+22 
 133    2.2287735  3.54380e+22 
 134    2.2775773  3.74069e+22 
 135    2.3274497  4.49011e+22 
 136    2.3784142  5.07791e+22 
 137    2.4304947  5.64812e+22 
 138    2.4837156  6.32058e+22 
 139    2.5381019  7.92224e+22 
 140    2.5936791  9.28504e+22 
 141    2.6504733  1.01151e+23 
 142    2.7085111  1.11816e+23 
 143    2.7678198  1.23440e+23 
 144    2.8284271  1.32927e+23 
 145    2.8903616  1.40589e+23 
 146    2.9536523  1.45948e+23 
 147    3.0183289  1.55612e+23 
 148    3.0844217  1.53745e+23 
 149    3.1519617  1.52779e+23 
 150    3.2209807  1.52670e+23 
 151    3.2915110  1.39144e+23 
 152    3.3635857  1.28724e+23 
 153    3.4372386  1.19695e+23 
 154    3.5125043  1.07901e+23 
 155    3.5894182  9.88645e+22 
 156    3.6680162  8.29698e+22 
 157    3.7483353  7.06405e+22 
 158    3.8304131  6.09527e+22 
 159    3.9142882  4.67280e+22 
 160    4.0000000  4.02422e+22 
 161    4.0875886  3.13869e+22 
 162    4.1770951  2.32992e+22 
 163    4.2685616  1.91884e+22 
 164    4.3620309  1.52888e+22 
 165    4.4575470  1.19182e+22 
 166    4.5551545  1.00434e+22 
 167    4.6548994  7.38199e+21 
 168    4.7568285  5.73588e+21 
 169    4.8609894  5.03351e+21 
 170    4.9674312  3.72380e+21 
 171    5.0762038  2.80887e+21 
 172    5.1873582  2.17967e+21 
 173    5.3009466  1.76654e+21 
 174    5.4170222  1.50713e+21 
 175    5.5356395  1.07583e+21 
 176    5.6568542  9.42039e+20 
 177    5.7807232  7.14599e+20 
 178    5.9073046  5.05622e+20 
 179    6.0366577  4.31224e+20 
 180    6.1688433  3.43733e+20 
 181    6.3039234  2.17568e+20 
 182    6.4419613  2.10993e+20 
 183    6.5830219  2.05033e+20 
 184    6.7271713  9.15127e+19 
 185    6.8744772  8.90620e+19 
 186    7.0250086  8.05928e+19 
 187    7.1788363  3.83086e+19 
 188    7.3360323  5.74160e+18 
 189    7.4966705  4.16843e+18 


