# 1:iteration 2:time bin[s] 3-k:equiv. isotropic luminosity in k-th angular bin [erg/s]
# bolometric luminosity going in angular bin
   0    0.1250000  4.23918e+41 
   1    0.1277371  4.34102e+41 
   2    0.1305342  4.44509e+41 
   3    0.1333926  4.55143e+41 
   4    0.1363135  4.64443e+41 
   5    0.1392983  4.74290e+41 
   6    0.1423486  4.83922e+41 
   7    0.1454656  4.96363e+41 
   8    0.1486509  5.10263e+41 
   9    0.1519059  5.26499e+41 
  10    0.1552322  5.41716e+41 
  11    0.1586314  5.56836e+41 
  12    0.1621049  5.75052e+41 
  13    0.1656546  5.93055e+41 
  14    0.1692819  6.10900e+41 
  15    0.1729887  6.29861e+41 
  16    0.1767767  6.50713e+41 
  17    0.1806476  6.75548e+41 
  18    0.1846033  6.99189e+41 
  19    0.1886456  7.16932e+41 
  20    0.1927764  7.40270e+41 
  21    0.1969976  7.60867e+41 
  22    0.2013113  7.83622e+41 
  23    0.2057194  8.05189e+41 
  24    0.2102241  8.28527e+41 
  25    0.2148274  8.54893e+41 
  26    0.2195315  8.80231e+41 
  27    0.2243386  9.01349e+41 
  28    0.2292510  9.26628e+41 
  29    0.2342710  9.50293e+41 
  30    0.2394008  9.71715e+41 
  31    0.2446430  9.94630e+41 
  32    0.2500000  1.02139e+42 
  33    0.2554743  1.04934e+42 
  34    0.2610684  1.08207e+42 
  35    0.2667851  1.11621e+42 
  36    0.2726269  1.14810e+42 
  37    0.2785967  1.18244e+42 
  38    0.2846972  1.21984e+42 
  39    0.2909312  1.25540e+42 
  40    0.2973018  1.28822e+42 
  41    0.3038118  1.31737e+42 
  42    0.3104645  1.36107e+42 
  43    0.3172627  1.39397e+42 
  44    0.3242099  1.42082e+42 
  45    0.3313092  1.45357e+42 
  46    0.3385639  1.48171e+42 
  47    0.3459775  1.51282e+42 
  48    0.3535534  1.54410e+42 
  49    0.3612952  1.57047e+42 
  50    0.3692065  1.59465e+42 
  51    0.3772911  1.62342e+42 
  52    0.3855527  1.65487e+42 
  53    0.3939952  1.67942e+42 
  54    0.4026226  1.70832e+42 
  55    0.4114389  1.74725e+42 
  56    0.4204482  1.77376e+42 
  57    0.4296548  1.79301e+42 
  58    0.4390630  1.81058e+42 
  59    0.4486773  1.82785e+42 
  60    0.4585020  1.83817e+42 
  61    0.4685419  1.85426e+42 
  62    0.4788016  1.86302e+42 
  63    0.4892860  1.87789e+42 
  64    0.5000000  1.88706e+42 
  65    0.5109486  1.89243e+42 
  66    0.5221369  1.89610e+42 
  67    0.5335702  1.89546e+42 
  68    0.5452539  1.89984e+42 
  69    0.5571934  1.90162e+42 
  70    0.5693943  1.90670e+42 
  71    0.5818624  1.91326e+42 
  72    0.5946036  1.91327e+42 
  73    0.6076237  1.91618e+42 
  74    0.6209289  1.91653e+42 
  75    0.6345255  1.91174e+42 
  76    0.6484198  1.91106e+42 
  77    0.6626183  1.90767e+42 
  78    0.6771278  1.90468e+42 
  79    0.6919549  1.90173e+42 
  80    0.7071068  1.89530e+42 
  81    0.7225904  1.89075e+42 
  82    0.7384131  1.88370e+42 
  83    0.7545822  1.87563e+42 
  84    0.7711054  1.86822e+42 
  85    0.7879904  1.85683e+42 
  86    0.8052452  1.84816e+42 
  87    0.8228777  1.83845e+42 
  88    0.8408964  1.82854e+42 
  89    0.8593096  1.82021e+42 
  90    0.8781261  1.81598e+42 
  91    0.8973545  1.80956e+42 
  92    0.9170040  1.80817e+42 
  93    0.9370838  1.81021e+42 
  94    0.9576033  1.82113e+42 
  95    0.9785721  1.83356e+42 
  96    1.0000000  1.84776e+42 
  97    1.0218971  1.86668e+42 
  98    1.0442738  1.89227e+42 
  99    1.0671404  1.92667e+42 
 100    1.0905077  1.97061e+42 
 101    1.1143867  2.01369e+42 
 102    1.1387886  2.05945e+42 
 103    1.1637249  2.11625e+42 
 104    1.1892071  2.19128e+42 
 105    1.2152474  2.29268e+42 
 106    1.2418578  2.37806e+42 
 107    1.2690510  2.46160e+42 
 108    1.2968396  2.54149e+42 
 109    1.3252366  2.63049e+42 
 110    1.3542555  2.70525e+42 
 111    1.3839099  2.79620e+42 
 112    1.4142136  2.88699e+42 
 113    1.4451808  2.97037e+42 
 114    1.4768261  3.05332e+42 
 115    1.5091644  3.12861e+42 
 116    1.5422108  3.20991e+42 
 117    1.5759808  3.28307e+42 
 118    1.6104903  3.36519e+42 
 119    1.6457555  3.44688e+42 
 120    1.6817928  3.53106e+42 
 121    1.7186193  3.62111e+42 
 122    1.7562522  3.71789e+42 
 123    1.7947091  3.78836e+42 
 124    1.8340081  3.83510e+42 
 125    1.8741676  3.89774e+42 
 126    1.9152066  3.97114e+42 
 127    1.9571441  4.07400e+42 
 128    2.0000000  4.16046e+42 
 129    2.0437943  4.28622e+42 
 130    2.0885476  4.44723e+42 
 131    2.1342808  4.61795e+42 
 132    2.1810155  4.85391e+42 
 133    2.2287735  5.08832e+42 
 134    2.2775773  5.35849e+42 
 135    2.3274497  5.67093e+42 
 136    2.3784142  6.04147e+42 
 137    2.4304947  6.44613e+42 
 138    2.4837156  6.76655e+42 
 139    2.5381019  7.04756e+42 
 140    2.5936791  7.34685e+42 
 141    2.6504733  7.54726e+42 
 142    2.7085111  7.70305e+42 
 143    2.7678198  7.83846e+42 
 144    2.8284271  7.91758e+42 
 145    2.8903616  7.99085e+42 
 146    2.9536523  8.05232e+42 
 147    3.0183289  8.04747e+42 
 148    3.0844217  8.11469e+42 
 149    3.1519617  8.19746e+42 
 150    3.2209807  8.27045e+42 
 151    3.2915110  8.14505e+42 
 152    3.3635857  7.93458e+42 
 153    3.4372386  7.78438e+42 
 154    3.5125043  7.55045e+42 
 155    3.5894182  7.29272e+42 
 156    3.6680162  6.99773e+42 
 157    3.7483353  6.72872e+42 
 158    3.8304131  6.48658e+42 
 159    3.9142882  6.13701e+42 
 160    4.0000000  5.85742e+42 
 161    4.0875886  5.51244e+42 
 162    4.1770951  5.23065e+42 
 163    4.2685616  5.03099e+42 
 164    4.3620309  4.88113e+42 
 165    4.4575470  4.76348e+42 
 166    4.5551545  4.63696e+42 
 167    4.6548994  4.53352e+42 
 168    4.7568285  4.44190e+42 
 169    4.8609894  4.32998e+42 
 170    4.9674312  4.20976e+42 
 171    5.0762038  4.08508e+42 
 172    5.1873582  3.94761e+42 
 173    5.3009466  3.81111e+42 
 174    5.4170222  3.66731e+42 
 175    5.5356395  3.51358e+42 
 176    5.6568542  3.35346e+42 
 177    5.7807232  3.18122e+42 
 178    5.9073046  3.00864e+42 
 179    6.0366577  2.82228e+42 
 180    6.1688433  2.63387e+42 
 181    6.3039234  2.44246e+42 
 182    6.4419613  2.24612e+42 
 183    6.5830219  2.04764e+42 
 184    6.7271713  1.83988e+42 
 185    6.8744772  1.64297e+42 
 186    7.0250086  1.43839e+42 
 187    7.1788363  1.22393e+42 
 188    7.3360323  1.01143e+42 
 189    7.4966705  8.08764e+41 


# g-band (filter: g_LSST.dat)
   0    0.1250000  8.88096e+26 
   1    0.1277371  8.97191e+26 
   2    0.1305342  9.06485e+26 
   3    0.1333926  9.15982e+26 
   4    0.1363135  9.23680e+26 
   5    0.1392983  9.29406e+26 
   6    0.1423486  9.33511e+26 
   7    0.1454656  9.36307e+26 
   8    0.1486509  9.37085e+26 
   9    0.1519059  9.37617e+26 
  10    0.1552322  9.36676e+26 
  11    0.1586314  9.36204e+26 
  12    0.1621049  9.32603e+26 
  13    0.1656546  9.29742e+26 
  14    0.1692819  9.26284e+26 
  15    0.1729887  9.20808e+26 
  16    0.1767767  9.14130e+26 
  17    0.1806476  9.08047e+26 
  18    0.1846033  8.99598e+26 
  19    0.1886456  8.90023e+26 
  20    0.1927764  8.78360e+26 
  21    0.1969976  8.69883e+26 
  22    0.2013113  8.57091e+26 
  23    0.2057194  8.43842e+26 
  24    0.2102241  8.30957e+26 
  25    0.2148274  8.18062e+26 
  26    0.2195315  8.05654e+26 
  27    0.2243386  7.90905e+26 
  28    0.2292510  7.75705e+26 
  29    0.2342710  7.62981e+26 
  30    0.2394008  7.49162e+26 
  31    0.2446430  7.35810e+26 
  32    0.2500000  7.23903e+26 
  33    0.2554743  7.06361e+26 
  34    0.2610684  6.99146e+26 
  35    0.2667851  6.83416e+26 
  36    0.2726269  6.67544e+26 
  37    0.2785967  6.50771e+26 
  38    0.2846972  6.32737e+26 
  39    0.2909312  6.14198e+26 
  40    0.2973018  5.96867e+26 
  41    0.3038118  5.77729e+26 
  42    0.3104645  5.59433e+26 
  43    0.3172627  5.37019e+26 
  44    0.3242099  5.13242e+26 
  45    0.3313092  4.93392e+26 
  46    0.3385639  4.67548e+26 
  47    0.3459775  4.45106e+26 
  48    0.3535534  4.21617e+26 
  49    0.3612952  3.98845e+26 
  50    0.3692065  3.77548e+26 
  51    0.3772911  3.59688e+26 
  52    0.3855527  3.38452e+26 
  53    0.3939952  3.17825e+26 
  54    0.4026226  3.00463e+26 
  55    0.4114389  2.84961e+26 
  56    0.4204482  2.70299e+26 
  57    0.4296548  2.55065e+26 
  58    0.4390630  2.43164e+26 
  59    0.4486773  2.35801e+26 
  60    0.4585020  2.29626e+26 
  61    0.4685419  2.22399e+26 
  62    0.4788016  2.17666e+26 
  63    0.4892860  2.13674e+26 
  64    0.5000000  2.12732e+26 
  65    0.5109486  2.12519e+26 
  66    0.5221369  2.12619e+26 
  67    0.5335702  2.10740e+26 
  68    0.5452539  2.14020e+26 
  69    0.5571934  2.20230e+26 
  70    0.5693943  2.26569e+26 
  71    0.5818624  2.34468e+26 
  72    0.5946036  2.44057e+26 
  73    0.6076237  2.56772e+26 
  74    0.6209289  2.65176e+26 
  75    0.6345255  2.73706e+26 
  76    0.6484198  2.82037e+26 
  77    0.6626183  2.94342e+26 
  78    0.6771278  3.03433e+26 
  79    0.6919549  3.14989e+26 
  80    0.7071068  3.22473e+26 
  81    0.7225904  3.28933e+26 
  82    0.7384131  3.36435e+26 
  83    0.7545822  3.40882e+26 
  84    0.7711054  3.47825e+26 
  85    0.7879904  3.53919e+26 
  86    0.8052452  3.59399e+26 
  87    0.8228777  3.68427e+26 
  88    0.8408964  3.74935e+26 
  89    0.8593096  3.81348e+26 
  90    0.8781261  3.87184e+26 
  91    0.8973545  3.96427e+26 
  92    0.9170040  4.05992e+26 
  93    0.9370838  4.13562e+26 
  94    0.9576033  4.23724e+26 
  95    0.9785721  4.36727e+26 
  96    1.0000000  4.47937e+26 
  97    1.0218971  4.69380e+26 
  98    1.0442738  4.93762e+26 
  99    1.0671404  5.12502e+26 
 100    1.0905077  5.32453e+26 
 101    1.1143867  5.53070e+26 
 102    1.1387886  5.76410e+26 
 103    1.1637249  6.00902e+26 
 104    1.1892071  6.21653e+26 
 105    1.2152474  6.44743e+26 
 106    1.2418578  6.64755e+26 
 107    1.2690510  7.03674e+26 
 108    1.2968396  7.56074e+26 
 109    1.3252366  7.98012e+26 
 110    1.3542555  8.47252e+26 
 111    1.3839099  9.18065e+26 
 112    1.4142136  9.97846e+26 
 113    1.4451808  1.09202e+27 
 114    1.4768261  1.19107e+27 
 115    1.5091644  1.30737e+27 
 116    1.5422108  1.46046e+27 
 117    1.5759808  1.64884e+27 
 118    1.6104903  1.84372e+27 
 119    1.6457555  2.06453e+27 
 120    1.6817928  2.28040e+27 
 121    1.7186193  2.51794e+27 
 122    1.7562522  2.76731e+27 
 123    1.7947091  3.02671e+27 
 124    1.8340081  3.30818e+27 
 125    1.8741676  3.61501e+27 
 126    1.9152066  3.94709e+27 
 127    1.9571441  4.29934e+27 
 128    2.0000000  4.64677e+27 
 129    2.0437943  5.03873e+27 
 130    2.0885476  5.48355e+27 
 131    2.1342808  5.95456e+27 
 132    2.1810155  6.51474e+27 
 133    2.2287735  7.11979e+27 
 134    2.2775773  7.76654e+27 
 135    2.3274497  8.57925e+27 
 136    2.3784142  9.99283e+27 
 137    2.4304947  1.14040e+28 
 138    2.4837156  1.24437e+28 
 139    2.5381019  1.31600e+28 
 140    2.5936791  1.40566e+28 
 141    2.6504733  1.44991e+28 
 142    2.7085111  1.48451e+28 
 143    2.7678198  1.52196e+28 
 144    2.8284271  1.54215e+28 
 145    2.8903616  1.56386e+28 
 146    2.9536523  1.58643e+28 
 147    3.0183289  1.56478e+28 
 148    3.0844217  1.53913e+28 
 149    3.1519617  1.53434e+28 
 150    3.2209807  1.55455e+28 
 151    3.2915110  1.52347e+28 
 152    3.3635857  1.47558e+28 
 153    3.4372386  1.44833e+28 
 154    3.5125043  1.40701e+28 
 155    3.5894182  1.36050e+28 
 156    3.6680162  1.30756e+28 
 157    3.7483353  1.25848e+28 
 158    3.8304131  1.21682e+28 
 159    3.9142882  1.15340e+28 
 160    4.0000000  1.11049e+28 
 161    4.0875886  1.04011e+28 
 162    4.1770951  9.82877e+27 
 163    4.2685616  9.54060e+27 
 164    4.3620309  9.39302e+27 
 165    4.4575470  9.30942e+27 
 166    4.5551545  9.22453e+27 
 167    4.6548994  9.22130e+27 
 168    4.7568285  9.27206e+27 
 169    4.8609894  9.32758e+27 
 170    4.9674312  9.37051e+27 
 171    5.0762038  9.39269e+27 
 172    5.1873582  9.40504e+27 
 173    5.3009466  9.36846e+27 
 174    5.4170222  9.27710e+27 
 175    5.5356395  9.16251e+27 
 176    5.6568542  8.93951e+27 
 177    5.7807232  8.64071e+27 
 178    5.9073046  8.29717e+27 
 179    6.0366577  7.84203e+27 
 180    6.1688433  7.33407e+27 
 181    6.3039234  6.75831e+27 
 182    6.4419613  6.14540e+27 
 183    6.5830219  5.51654e+27 
 184    6.7271713  4.83277e+27 
 185    6.8744772  4.20280e+27 
 186    7.0250086  3.53480e+27 
 187    7.1788363  2.82930e+27 
 188    7.3360323  2.14102e+27 
 189    7.4966705  1.51028e+27 


# r-band (filter: r_LSST.dat)
   0    0.1250000  7.76202e+26 
   1    0.1277371  7.93909e+26 
   2    0.1305342  8.12003e+26 
   3    0.1333926  8.30493e+26 
   4    0.1363135  8.46586e+26 
   5    0.1392983  8.62753e+26 
   6    0.1423486  8.75463e+26 
   7    0.1454656  8.89629e+26 
   8    0.1486509  9.04097e+26 
   9    0.1519059  9.19903e+26 
  10    0.1552322  9.28055e+26 
  11    0.1586314  9.43047e+26 
  12    0.1621049  9.52961e+26 
  13    0.1656546  9.56932e+26 
  14    0.1692819  9.65028e+26 
  15    0.1729887  9.72095e+26 
  16    0.1767767  9.78867e+26 
  17    0.1806476  9.85641e+26 
  18    0.1846033  9.90010e+26 
  19    0.1886456  9.95084e+26 
  20    0.1927764  9.92351e+26 
  21    0.1969976  9.93498e+26 
  22    0.2013113  1.00154e+27 
  23    0.2057194  9.97010e+26 
  24    0.2102241  1.00368e+27 
  25    0.2148274  1.00046e+27 
  26    0.2195315  9.95520e+26 
  27    0.2243386  9.93399e+26 
  28    0.2292510  9.87967e+26 
  29    0.2342710  9.81488e+26 
  30    0.2394008  9.79677e+26 
  31    0.2446430  9.77976e+26 
  32    0.2500000  9.70784e+26 
  33    0.2554743  9.59404e+26 
  34    0.2610684  9.48816e+26 
  35    0.2667851  9.43661e+26 
  36    0.2726269  9.31027e+26 
  37    0.2785967  9.20139e+26 
  38    0.2846972  9.16209e+26 
  39    0.2909312  9.06150e+26 
  40    0.2973018  8.97147e+26 
  41    0.3038118  8.89631e+26 
  42    0.3104645  8.75736e+26 
  43    0.3172627  8.64546e+26 
  44    0.3242099  8.53236e+26 
  45    0.3313092  8.50918e+26 
  46    0.3385639  8.40758e+26 
  47    0.3459775  8.27175e+26 
  48    0.3535534  8.19463e+26 
  49    0.3612952  8.11066e+26 
  50    0.3692065  7.98004e+26 
  51    0.3772911  7.86976e+26 
  52    0.3855527  7.79349e+26 
  53    0.3939952  7.73263e+26 
  54    0.4026226  7.65800e+26 
  55    0.4114389  7.58045e+26 
  56    0.4204482  7.49179e+26 
  57    0.4296548  7.39369e+26 
  58    0.4390630  7.33785e+26 
  59    0.4486773  7.23256e+26 
  60    0.4585020  7.16601e+26 
  61    0.4685419  7.15278e+26 
  62    0.4788016  7.12374e+26 
  63    0.4892860  7.14200e+26 
  64    0.5000000  7.15979e+26 
  65    0.5109486  7.16161e+26 
  66    0.5221369  7.20896e+26 
  67    0.5335702  7.29733e+26 
  68    0.5452539  7.40237e+26 
  69    0.5571934  7.56036e+26 
  70    0.5693943  7.72050e+26 
  71    0.5818624  7.91296e+26 
  72    0.5946036  8.02019e+26 
  73    0.6076237  8.18083e+26 
  74    0.6209289  8.40751e+26 
  75    0.6345255  8.61104e+26 
  76    0.6484198  8.77777e+26 
  77    0.6626183  9.01577e+26 
  78    0.6771278  9.52007e+26 
  79    0.6919549  1.00731e+27 
  80    0.7071068  1.05770e+27 
  81    0.7225904  1.10814e+27 
  82    0.7384131  1.15731e+27 
  83    0.7545822  1.21074e+27 
  84    0.7711054  1.26745e+27 
  85    0.7879904  1.32304e+27 
  86    0.8052452  1.37475e+27 
  87    0.8228777  1.43551e+27 
  88    0.8408964  1.49393e+27 
  89    0.8593096  1.56668e+27 
  90    0.8781261  1.65298e+27 
  91    0.8973545  1.73529e+27 
  92    0.9170040  1.88032e+27 
  93    0.9370838  2.07673e+27 
  94    0.9576033  2.34046e+27 
  95    0.9785721  2.59441e+27 
  96    1.0000000  2.86466e+27 
  97    1.0218971  3.15069e+27 
  98    1.0442738  3.50954e+27 
  99    1.0671404  3.96670e+27 
 100    1.0905077  4.48101e+27 
 101    1.1143867  4.98929e+27 
 102    1.1387886  5.55050e+27 
 103    1.1637249  6.15994e+27 
 104    1.1892071  6.95865e+27 
 105    1.2152474  7.93619e+27 
 106    1.2418578  8.75844e+27 
 107    1.2690510  9.55148e+27 
 108    1.2968396  1.02744e+28 
 109    1.3252366  1.10765e+28 
 110    1.3542555  1.17325e+28 
 111    1.3839099  1.24894e+28 
 112    1.4142136  1.31911e+28 
 113    1.4451808  1.37705e+28 
 114    1.4768261  1.43423e+28 
 115    1.5091644  1.48002e+28 
 116    1.5422108  1.52389e+28 
 117    1.5759808  1.55082e+28 
 118    1.6104903  1.58491e+28 
 119    1.6457555  1.60819e+28 
 120    1.6817928  1.63396e+28 
 121    1.7186193  1.66178e+28 
 122    1.7562522  1.69893e+28 
 123    1.7947091  1.70798e+28 
 124    1.8340081  1.69255e+28 
 125    1.8741676  1.68545e+28 
 126    1.9152066  1.68138e+28 
 127    1.9571441  1.69892e+28 
 128    2.0000000  1.70282e+28 
 129    2.0437943  1.73095e+28 
 130    2.0885476  1.77215e+28 
 131    2.1342808  1.81463e+28 
 132    2.1810155  1.88630e+28 
 133    2.2287735  1.94394e+28 
 134    2.2775773  2.01630e+28 
 135    2.3274497  2.07850e+28 
 136    2.3784142  2.06305e+28 
 137    2.4304947  2.05841e+28 
 138    2.4837156  2.00245e+28 
 139    2.5381019  1.95263e+28 
 140    2.5936791  1.88247e+28 
 141    2.6504733  1.81693e+28 
 142    2.7085111  1.75023e+28 
 143    2.7678198  1.64322e+28 
 144    2.8284271  1.55568e+28 
 145    2.8903616  1.45623e+28 
 146    2.9536523  1.33856e+28 
 147    3.0183289  1.25306e+28 
 148    3.0844217  1.20487e+28 
 149    3.1519617  1.16942e+28 
 150    3.2209807  1.12187e+28 
 151    3.2915110  1.05788e+28 
 152    3.3635857  9.93196e+27 
 153    3.4372386  9.29072e+27 
 154    3.5125043  8.63760e+27 
 155    3.5894182  7.99858e+27 
 156    3.6680162  7.32346e+27 
 157    3.7483353  6.78577e+27 
 158    3.8304131  6.30448e+27 
 159    3.9142882  5.78917e+27 
 160    4.0000000  5.37448e+27 
 161    4.0875886  5.00200e+27 
 162    4.1770951  4.79586e+27 
 163    4.2685616  4.66532e+27 
 164    4.3620309  4.59415e+27 
 165    4.4575470  4.57036e+27 
 166    4.5551545  4.57063e+27 
 167    4.6548994  4.60452e+27 
 168    4.7568285  4.65822e+27 
 169    4.8609894  4.71545e+27 
 170    4.9674312  4.77886e+27 
 171    5.0762038  4.84617e+27 
 172    5.1873582  4.91592e+27 
 173    5.3009466  4.99842e+27 
 174    5.4170222  5.08237e+27 
 175    5.5356395  5.16613e+27 
 176    5.6568542  5.23384e+27 
 177    5.7807232  5.27524e+27 
 178    5.9073046  5.31677e+27 
 179    6.0366577  5.29757e+27 
 180    6.1688433  5.23761e+27 
 181    6.3039234  5.15934e+27 
 182    6.4419613  4.99429e+27 
 183    6.5830219  4.77446e+27 
 184    6.7271713  4.51068e+27 
 185    6.8744772  4.18402e+27 
 186    7.0250086  3.83952e+27 
 187    7.1788363  3.43960e+27 
 188    7.3360323  2.99765e+27 
 189    7.4966705  2.49972e+27 


# i-band (filter: i_LSST.dat)
   0    0.1250000  4.76228e+26 
   1    0.1277371  4.85693e+26 
   2    0.1305342  4.95365e+26 
   3    0.1333926  5.05248e+26 
   4    0.1363135  5.14501e+26 
   5    0.1392983  5.21674e+26 
   6    0.1423486  5.30121e+26 
   7    0.1454656  5.43620e+26 
   8    0.1486509  5.51947e+26 
   9    0.1519059  5.58715e+26 
  10    0.1552322  5.67504e+26 
  11    0.1586314  5.74041e+26 
  12    0.1621049  5.85514e+26 
  13    0.1656546  5.97878e+26 
  14    0.1692819  6.04188e+26 
  15    0.1729887  6.13745e+26 
  16    0.1767767  6.21434e+26 
  17    0.1806476  6.28877e+26 
  18    0.1846033  6.38423e+26 
  19    0.1886456  6.42163e+26 
  20    0.1927764  6.50165e+26 
  21    0.1969976  6.57615e+26 
  22    0.2013113  6.68819e+26 
  23    0.2057194  6.76398e+26 
  24    0.2102241  6.81402e+26 
  25    0.2148274  6.86740e+26 
  26    0.2195315  6.93412e+26 
  27    0.2243386  6.99035e+26 
  28    0.2292510  7.03323e+26 
  29    0.2342710  7.08003e+26 
  30    0.2394008  7.10670e+26 
  31    0.2446430  7.14334e+26 
  32    0.2500000  7.16998e+26 
  33    0.2554743  7.16691e+26 
  34    0.2610684  7.16536e+26 
  35    0.2667851  7.16823e+26 
  36    0.2726269  7.13701e+26 
  37    0.2785967  7.08041e+26 
  38    0.2846972  7.04078e+26 
  39    0.2909312  7.00827e+26 
  40    0.2973018  6.91345e+26 
  41    0.3038118  6.77346e+26 
  42    0.3104645  6.63791e+26 
  43    0.3172627  6.51962e+26 
  44    0.3242099  6.39727e+26 
  45    0.3313092  6.24921e+26 
  46    0.3385639  6.03717e+26 
  47    0.3459775  5.87078e+26 
  48    0.3535534  5.69563e+26 
  49    0.3612952  5.54109e+26 
  50    0.3692065  5.37316e+26 
  51    0.3772911  5.22823e+26 
  52    0.3855527  5.08340e+26 
  53    0.3939952  4.98294e+26 
  54    0.4026226  4.91143e+26 
  55    0.4114389  4.80570e+26 
  56    0.4204482  4.68637e+26 
  57    0.4296548  4.63122e+26 
  58    0.4390630  4.60755e+26 
  59    0.4486773  4.57714e+26 
  60    0.4585020  4.58606e+26 
  61    0.4685419  4.57497e+26 
  62    0.4788016  4.58367e+26 
  63    0.4892860  4.60771e+26 
  64    0.5000000  4.72120e+26 
  65    0.5109486  4.82455e+26 
  66    0.5221369  4.99608e+26 
  67    0.5335702  5.17947e+26 
  68    0.5452539  5.38605e+26 
  69    0.5571934  5.66299e+26 
  70    0.5693943  6.00367e+26 
  71    0.5818624  6.43319e+26 
  72    0.5946036  6.85728e+26 
  73    0.6076237  7.21017e+26 
  74    0.6209289  7.61554e+26 
  75    0.6345255  8.18433e+26 
  76    0.6484198  8.68088e+26 
  77    0.6626183  9.23010e+26 
  78    0.6771278  9.88136e+26 
  79    0.6919549  1.05491e+27 
  80    0.7071068  1.12399e+27 
  81    0.7225904  1.18873e+27 
  82    0.7384131  1.25580e+27 
  83    0.7545822  1.31108e+27 
  84    0.7711054  1.37387e+27 
  85    0.7879904  1.44354e+27 
  86    0.8052452  1.51527e+27 
  87    0.8228777  1.58036e+27 
  88    0.8408964  1.64758e+27 
  89    0.8593096  1.73040e+27 
  90    0.8781261  1.83733e+27 
  91    0.8973545  1.91985e+27 
  92    0.9170040  1.97180e+27 
  93    0.9370838  2.04066e+27 
  94    0.9576033  2.10123e+27 
  95    0.9785721  2.18300e+27 
  96    1.0000000  2.27662e+27 
  97    1.0218971  2.36928e+27 
  98    1.0442738  2.46695e+27 
  99    1.0671404  2.56143e+27 
 100    1.0905077  2.68293e+27 
 101    1.1143867  2.79673e+27 
 102    1.1387886  2.89606e+27 
 103    1.1637249  3.05186e+27 
 104    1.1892071  3.21769e+27 
 105    1.2152474  3.39761e+27 
 106    1.2418578  3.58311e+27 
 107    1.2690510  3.76028e+27 
 108    1.2968396  3.93361e+27 
 109    1.3252366  4.13346e+27 
 110    1.3542555  4.33816e+27 
 111    1.3839099  4.54720e+27 
 112    1.4142136  4.76130e+27 
 113    1.4451808  4.98771e+27 
 114    1.4768261  5.20117e+27 
 115    1.5091644  5.42261e+27 
 116    1.5422108  5.63509e+27 
 117    1.5759808  5.83797e+27 
 118    1.6104903  6.04514e+27 
 119    1.6457555  6.24680e+27 
 120    1.6817928  6.45172e+27 
 121    1.7186193  6.64767e+27 
 122    1.7562522  6.82428e+27 
 123    1.7947091  6.99086e+27 
 124    1.8340081  7.16027e+27 
 125    1.8741676  7.31403e+27 
 126    1.9152066  7.45499e+27 
 127    1.9571441  7.57929e+27 
 128    2.0000000  7.70046e+27 
 129    2.0437943  7.82158e+27 
 130    2.0885476  7.96506e+27 
 131    2.1342808  8.08714e+27 
 132    2.1810155  8.20830e+27 
 133    2.2287735  8.30231e+27 
 134    2.2775773  8.38320e+27 
 135    2.3274497  8.40036e+27 
 136    2.3784142  8.35303e+27 
 137    2.4304947  8.29297e+27 
 138    2.4837156  8.13241e+27 
 139    2.5381019  7.93780e+27 
 140    2.5936791  7.71310e+27 
 141    2.6504733  7.43347e+27 
 142    2.7085111  7.11924e+27 
 143    2.7678198  6.75218e+27 
 144    2.8284271  6.39748e+27 
 145    2.8903616  6.03610e+27 
 146    2.9536523  5.67119e+27 
 147    3.0183289  5.29996e+27 
 148    3.0844217  4.91680e+27 
 149    3.1519617  4.50933e+27 
 150    3.2209807  4.11785e+27 
 151    3.2915110  3.71405e+27 
 152    3.3635857  3.34261e+27 
 153    3.4372386  2.97274e+27 
 154    3.5125043  2.64700e+27 
 155    3.5894182  2.34900e+27 
 156    3.6680162  2.03849e+27 
 157    3.7483353  1.79956e+27 
 158    3.8304131  1.57758e+27 
 159    3.9142882  1.38580e+27 
 160    4.0000000  1.24775e+27 
 161    4.0875886  1.15812e+27 
 162    4.1770951  1.11753e+27 
 163    4.2685616  1.10088e+27 
 164    4.3620309  1.09830e+27 
 165    4.4575470  1.11531e+27 
 166    4.5551545  1.13735e+27 
 167    4.6548994  1.16501e+27 
 168    4.7568285  1.19476e+27 
 169    4.8609894  1.21639e+27 
 170    4.9674312  1.23769e+27 
 171    5.0762038  1.25850e+27 
 172    5.1873582  1.27426e+27 
 173    5.3009466  1.28984e+27 
 174    5.4170222  1.30251e+27 
 175    5.5356395  1.31129e+27 
 176    5.6568542  1.31974e+27 
 177    5.7807232  1.32084e+27 
 178    5.9073046  1.32066e+27 
 179    6.0366577  1.30640e+27 
 180    6.1688433  1.28428e+27 
 181    6.3039234  1.25879e+27 
 182    6.4419613  1.21361e+27 
 183    6.5830219  1.15909e+27 
 184    6.7271713  1.09653e+27 
 185    6.8744772  1.02172e+27 
 186    7.0250086  9.42744e+26 
 187    7.1788363  8.50179e+26 
 188    7.3360323  7.48039e+26 
 189    7.4966705  6.35207e+26 


# z-band (filter: z_LSST.dat)
   0    0.1250000  3.54285e+26 
   1    0.1277371  3.61565e+26 
   2    0.1305342  3.69006e+26 
   3    0.1333926  3.76609e+26 
   4    0.1363135  3.83859e+26 
   5    0.1392983  3.92148e+26 
   6    0.1423486  4.01458e+26 
   7    0.1454656  4.12702e+26 
   8    0.1486509  4.21865e+26 
   9    0.1519059  4.33569e+26 
  10    0.1552322  4.42664e+26 
  11    0.1586314  4.56533e+26 
  12    0.1621049  4.67191e+26 
  13    0.1656546  4.76466e+26 
  14    0.1692819  4.84154e+26 
  15    0.1729887  4.92503e+26 
  16    0.1767767  5.01420e+26 
  17    0.1806476  5.10220e+26 
  18    0.1846033  5.18029e+26 
  19    0.1886456  5.24115e+26 
  20    0.1927764  5.28881e+26 
  21    0.1969976  5.38064e+26 
  22    0.2013113  5.46608e+26 
  23    0.2057194  5.50700e+26 
  24    0.2102241  5.56958e+26 
  25    0.2148274  5.64695e+26 
  26    0.2195315  5.76972e+26 
  27    0.2243386  5.84300e+26 
  28    0.2292510  5.93480e+26 
  29    0.2342710  5.97283e+26 
  30    0.2394008  6.00285e+26 
  31    0.2446430  6.03042e+26 
  32    0.2500000  6.12615e+26 
  33    0.2554743  6.10536e+26 
  34    0.2610684  6.05915e+26 
  35    0.2667851  6.06685e+26 
  36    0.2726269  6.00603e+26 
  37    0.2785967  5.93823e+26 
  38    0.2846972  5.79784e+26 
  39    0.2909312  5.71007e+26 
  40    0.2973018  5.58875e+26 
  41    0.3038118  5.39743e+26 
  42    0.3104645  5.24703e+26 
  43    0.3172627  5.03674e+26 
  44    0.3242099  4.81360e+26 
  45    0.3313092  4.59979e+26 
  46    0.3385639  4.39422e+26 
  47    0.3459775  4.13598e+26 
  48    0.3535534  3.91285e+26 
  49    0.3612952  3.70114e+26 
  50    0.3692065  3.48307e+26 
  51    0.3772911  3.30218e+26 
  52    0.3855527  3.12454e+26 
  53    0.3939952  2.98229e+26 
  54    0.4026226  2.87099e+26 
  55    0.4114389  2.72031e+26 
  56    0.4204482  2.58107e+26 
  57    0.4296548  2.51103e+26 
  58    0.4390630  2.42587e+26 
  59    0.4486773  2.38101e+26 
  60    0.4585020  2.33539e+26 
  61    0.4685419  2.32850e+26 
  62    0.4788016  2.31896e+26 
  63    0.4892860  2.29126e+26 
  64    0.5000000  2.23638e+26 
  65    0.5109486  2.21505e+26 
  66    0.5221369  2.22197e+26 
  67    0.5335702  2.22095e+26 
  68    0.5452539  2.22632e+26 
  69    0.5571934  2.27865e+26 
  70    0.5693943  2.35562e+26 
  71    0.5818624  2.39213e+26 
  72    0.5946036  2.44977e+26 
  73    0.6076237  2.53843e+26 
  74    0.6209289  2.64650e+26 
  75    0.6345255  2.74003e+26 
  76    0.6484198  2.87257e+26 
  77    0.6626183  3.03624e+26 
  78    0.6771278  3.13037e+26 
  79    0.6919549  3.29968e+26 
  80    0.7071068  3.41078e+26 
  81    0.7225904  3.53058e+26 
  82    0.7384131  3.59446e+26 
  83    0.7545822  3.68491e+26 
  84    0.7711054  3.75926e+26 
  85    0.7879904  3.80918e+26 
  86    0.8052452  3.89480e+26 
  87    0.8228777  4.00491e+26 
  88    0.8408964  4.08330e+26 
  89    0.8593096  4.15242e+26 
  90    0.8781261  4.23219e+26 
  91    0.8973545  4.32549e+26 
  92    0.9170040  4.40425e+26 
  93    0.9370838  4.47402e+26 
  94    0.9576033  4.65802e+26 
  95    0.9785721  4.87278e+26 
  96    1.0000000  5.07274e+26 
  97    1.0218971  5.38801e+26 
  98    1.0442738  5.73151e+26 
  99    1.0671404  6.07344e+26 
 100    1.0905077  6.55188e+26 
 101    1.1143867  7.07486e+26 
 102    1.1387886  7.68164e+26 
 103    1.1637249  8.32959e+26 
 104    1.1892071  9.10634e+26 
 105    1.2152474  9.94364e+26 
 106    1.2418578  1.08933e+27 
 107    1.2690510  1.18792e+27 
 108    1.2968396  1.29286e+27 
 109    1.3252366  1.40511e+27 
 110    1.3542555  1.51410e+27 
 111    1.3839099  1.63547e+27 
 112    1.4142136  1.76510e+27 
 113    1.4451808  1.89728e+27 
 114    1.4768261  2.03609e+27 
 115    1.5091644  2.17167e+27 
 116    1.5422108  2.31352e+27 
 117    1.5759808  2.47108e+27 
 118    1.6104903  2.62808e+27 
 119    1.6457555  2.79436e+27 
 120    1.6817928  2.96699e+27 
 121    1.7186193  3.13656e+27 
 122    1.7562522  3.31591e+27 
 123    1.7947091  3.49252e+27 
 124    1.8340081  3.69431e+27 
 125    1.8741676  3.89678e+27 
 126    1.9152066  4.10997e+27 
 127    1.9571441  4.32151e+27 
 128    2.0000000  4.52789e+27 
 129    2.0437943  4.71899e+27 
 130    2.0885476  4.91153e+27 
 131    2.1342808  5.10757e+27 
 132    2.1810155  5.27366e+27 
 133    2.2287735  5.40865e+27 
 134    2.2775773  5.53923e+27 
 135    2.3274497  5.62494e+27 
 136    2.3784142  5.66091e+27 
 137    2.4304947  5.66635e+27 
 138    2.4837156  5.59161e+27 
 139    2.5381019  5.48743e+27 
 140    2.5936791  5.35349e+27 
 141    2.6504733  5.18399e+27 
 142    2.7085111  4.99035e+27 
 143    2.7678198  4.75701e+27 
 144    2.8284271  4.53321e+27 
 145    2.8903616  4.31409e+27 
 146    2.9536523  4.08160e+27 
 147    3.0183289  3.84053e+27 
 148    3.0844217  3.59064e+27 
 149    3.1519617  3.33365e+27 
 150    3.2209807  3.09531e+27 
 151    3.2915110  2.85225e+27 
 152    3.3635857  2.63926e+27 
 153    3.4372386  2.42054e+27 
 154    3.5125043  2.23297e+27 
 155    3.5894182  2.06283e+27 
 156    3.6680162  1.88313e+27 
 157    3.7483353  1.73859e+27 
 158    3.8304131  1.60428e+27 
 159    3.9142882  1.48548e+27 
 160    4.0000000  1.39157e+27 
 161    4.0875886  1.31973e+27 
 162    4.1770951  1.26962e+27 
 163    4.2685616  1.22765e+27 
 164    4.3620309  1.18998e+27 
 165    4.4575470  1.16079e+27 
 166    4.5551545  1.13310e+27 
 167    4.6548994  1.10741e+27 
 168    4.7568285  1.08143e+27 
 169    4.8609894  1.05419e+27 
 170    4.9674312  1.02551e+27 
 171    5.0762038  9.98399e+26 
 172    5.1873582  9.70423e+26 
 173    5.3009466  9.44844e+26 
 174    5.4170222  9.22362e+26 
 175    5.5356395  8.97571e+26 
 176    5.6568542  8.74210e+26 
 177    5.7807232  8.46485e+26 
 178    5.9073046  8.19155e+26 
 179    6.0366577  7.86258e+26 
 180    6.1688433  7.51251e+26 
 181    6.3039234  7.15236e+26 
 182    6.4419613  6.73634e+26 
 183    6.5830219  6.27837e+26 
 184    6.7271713  5.78175e+26 
 185    6.8744772  5.26463e+26 
 186    7.0250086  4.71703e+26 
 187    7.1788363  4.11285e+26 
 188    7.3360323  3.48304e+26 
 189    7.4966705  2.83607e+26 


# y-band (filter: y_LSST.dat)
   0    0.1250000  2.72903e+26 
   1    0.1277371  2.82758e+26 
   2    0.1305342  2.92828e+26 
   3    0.1333926  3.03119e+26 
   4    0.1363135  3.09544e+26 
   5    0.1392983  3.17493e+26 
   6    0.1423486  3.24841e+26 
   7    0.1454656  3.36803e+26 
   8    0.1486509  3.44715e+26 
   9    0.1519059  3.51030e+26 
  10    0.1552322  3.58672e+26 
  11    0.1586314  3.66585e+26 
  12    0.1621049  3.74006e+26 
  13    0.1656546  3.86200e+26 
  14    0.1692819  3.95090e+26 
  15    0.1729887  4.00845e+26 
  16    0.1767767  4.08941e+26 
  17    0.1806476  4.22653e+26 
  18    0.1846033  4.32510e+26 
  19    0.1886456  4.39341e+26 
  20    0.1927764  4.52117e+26 
  21    0.1969976  4.63390e+26 
  22    0.2013113  4.74653e+26 
  23    0.2057194  4.88376e+26 
  24    0.2102241  5.01706e+26 
  25    0.2148274  5.18052e+26 
  26    0.2195315  5.32229e+26 
  27    0.2243386  5.45660e+26 
  28    0.2292510  5.64450e+26 
  29    0.2342710  5.78944e+26 
  30    0.2394008  6.01591e+26 
  31    0.2446430  6.22823e+26 
  32    0.2500000  6.44351e+26 
  33    0.2554743  6.64224e+26 
  34    0.2610684  6.83808e+26 
  35    0.2667851  7.05552e+26 
  36    0.2726269  7.24499e+26 
  37    0.2785967  7.43557e+26 
  38    0.2846972  7.56834e+26 
  39    0.2909312  7.66403e+26 
  40    0.2973018  7.83312e+26 
  41    0.3038118  7.93969e+26 
  42    0.3104645  7.91481e+26 
  43    0.3172627  7.96490e+26 
  44    0.3242099  7.88647e+26 
  45    0.3313092  7.86830e+26 
  46    0.3385639  7.72262e+26 
  47    0.3459775  7.46655e+26 
  48    0.3535534  7.27914e+26 
  49    0.3612952  7.11848e+26 
  50    0.3692065  6.84455e+26 
  51    0.3772911  6.65446e+26 
  52    0.3855527  6.39383e+26 
  53    0.3939952  6.11005e+26 
  54    0.4026226  5.93277e+26 
  55    0.4114389  5.72458e+26 
  56    0.4204482  5.60763e+26 
  57    0.4296548  5.48546e+26 
  58    0.4390630  5.46419e+26 
  59    0.4486773  5.41289e+26 
  60    0.4585020  5.23634e+26 
  61    0.4685419  5.20561e+26 
  62    0.4788016  5.23836e+26 
  63    0.4892860  5.28949e+26 
  64    0.5000000  5.35947e+26 
  65    0.5109486  5.41459e+26 
  66    0.5221369  5.58717e+26 
  67    0.5335702  5.78979e+26 
  68    0.5452539  5.94608e+26 
  69    0.5571934  6.16204e+26 
  70    0.5693943  6.46873e+26 
  71    0.5818624  6.84270e+26 
  72    0.5946036  7.34946e+26 
  73    0.6076237  7.87995e+26 
  74    0.6209289  8.41644e+26 
  75    0.6345255  9.15635e+26 
  76    0.6484198  9.87815e+26 
  77    0.6626183  1.06372e+27 
  78    0.6771278  1.12358e+27 
  79    0.6919549  1.18335e+27 
  80    0.7071068  1.23553e+27 
  81    0.7225904  1.29800e+27 
  82    0.7384131  1.36636e+27 
  83    0.7545822  1.40932e+27 
  84    0.7711054  1.46625e+27 
  85    0.7879904  1.51507e+27 
  86    0.8052452  1.56495e+27 
  87    0.8228777  1.59966e+27 
  88    0.8408964  1.63849e+27 
  89    0.8593096  1.67601e+27 
  90    0.8781261  1.71964e+27 
  91    0.8973545  1.77344e+27 
  92    0.9170040  1.84134e+27 
  93    0.9370838  1.90033e+27 
  94    0.9576033  1.97561e+27 
  95    0.9785721  2.07789e+27 
  96    1.0000000  2.16548e+27 
  97    1.0218971  2.26876e+27 
  98    1.0442738  2.34749e+27 
  99    1.0671404  2.46229e+27 
 100    1.0905077  2.58039e+27 
 101    1.1143867  2.69794e+27 
 102    1.1387886  2.83255e+27 
 103    1.1637249  2.95863e+27 
 104    1.1892071  3.08725e+27 
 105    1.2152474  3.21757e+27 
 106    1.2418578  3.34018e+27 
 107    1.2690510  3.44606e+27 
 108    1.2968396  3.54771e+27 
 109    1.3252366  3.65792e+27 
 110    1.3542555  3.77577e+27 
 111    1.3839099  3.88432e+27 
 112    1.4142136  3.98069e+27 
 113    1.4451808  4.07996e+27 
 114    1.4768261  4.15529e+27 
 115    1.5091644  4.23247e+27 
 116    1.5422108  4.32342e+27 
 117    1.5759808  4.41215e+27 
 118    1.6104903  4.50769e+27 
 119    1.6457555  4.60319e+27 
 120    1.6817928  4.70651e+27 
 121    1.7186193  4.80406e+27 
 122    1.7562522  4.89690e+27 
 123    1.7947091  4.97607e+27 
 124    1.8340081  5.06982e+27 
 125    1.8741676  5.17912e+27 
 126    1.9152066  5.28110e+27 
 127    1.9571441  5.38332e+27 
 128    2.0000000  5.47283e+27 
 129    2.0437943  5.54505e+27 
 130    2.0885476  5.61087e+27 
 131    2.1342808  5.67131e+27 
 132    2.1810155  5.69825e+27 
 133    2.2287735  5.69113e+27 
 134    2.2775773  5.68508e+27 
 135    2.3274497  5.64013e+27 
 136    2.3784142  5.55259e+27 
 137    2.4304947  5.44014e+27 
 138    2.4837156  5.29431e+27 
 139    2.5381019  5.11786e+27 
 140    2.5936791  4.92182e+27 
 141    2.6504733  4.71153e+27 
 142    2.7085111  4.48815e+27 
 143    2.7678198  4.24604e+27 
 144    2.8284271  4.01921e+27 
 145    2.8903616  3.80094e+27 
 146    2.9536523  3.58761e+27 
 147    3.0183289  3.37767e+27 
 148    3.0844217  3.17580e+27 
 149    3.1519617  2.97020e+27 
 150    3.2209807  2.78405e+27 
 151    3.2915110  2.61230e+27 
 152    3.3635857  2.46164e+27 
 153    3.4372386  2.31922e+27 
 154    3.5125043  2.19999e+27 
 155    3.5894182  2.09985e+27 
 156    3.6680162  1.99675e+27 
 157    3.7483353  1.92294e+27 
 158    3.8304131  1.85444e+27 
 159    3.9142882  1.80175e+27 
 160    4.0000000  1.76659e+27 
 161    4.0875886  1.74518e+27 
 162    4.1770951  1.73826e+27 
 163    4.2685616  1.73486e+27 
 164    4.3620309  1.73253e+27 
 165    4.4575470  1.73333e+27 
 166    4.5551545  1.73554e+27 
 167    4.6548994  1.73562e+27 
 168    4.7568285  1.73300e+27 
 169    4.8609894  1.72223e+27 
 170    4.9674312  1.70783e+27 
 171    5.0762038  1.69079e+27 
 172    5.1873582  1.66898e+27 
 173    5.3009466  1.64385e+27 
 174    5.4170222  1.61798e+27 
 175    5.5356395  1.58748e+27 
 176    5.6568542  1.56081e+27 
 177    5.7807232  1.53469e+27 
 178    5.9073046  1.50401e+27 
 179    6.0366577  1.47096e+27 
 180    6.1688433  1.43763e+27 
 181    6.3039234  1.40432e+27 
 182    6.4419613  1.36371e+27 
 183    6.5830219  1.31638e+27 
 184    6.7271713  1.26763e+27 
 185    6.8744772  1.20705e+27 
 186    7.0250086  1.14571e+27 
 187    7.1788363  1.07963e+27 
 188    7.3360323  1.00531e+27 
 189    7.4966705  9.20025e+26 


# J-band (filter: J_2MASS.dat)
   0    0.1250000  1.53633e+26 
   1    0.1277371  1.57265e+26 
   2    0.1305342  1.60977e+26 
   3    0.1333926  1.64770e+26 
   4    0.1363135  1.66444e+26 
   5    0.1392983  1.68979e+26 
   6    0.1423486  1.71129e+26 
   7    0.1454656  1.72204e+26 
   8    0.1486509  1.74082e+26 
   9    0.1519059  1.80052e+26 
  10    0.1552322  1.82485e+26 
  11    0.1586314  1.84754e+26 
  12    0.1621049  1.93343e+26 
  13    0.1656546  1.95300e+26 
  14    0.1692819  1.98498e+26 
  15    0.1729887  2.05891e+26 
  16    0.1767767  2.10445e+26 
  17    0.1806476  2.19169e+26 
  18    0.1846033  2.25987e+26 
  19    0.1886456  2.36991e+26 
  20    0.1927764  2.43984e+26 
  21    0.1969976  2.55274e+26 
  22    0.2013113  2.62622e+26 
  23    0.2057194  2.90628e+26 
  24    0.2102241  3.26007e+26 
  25    0.2148274  3.60214e+26 
  26    0.2195315  4.02855e+26 
  27    0.2243386  4.45543e+26 
  28    0.2292510  4.85450e+26 
  29    0.2342710  5.25285e+26 
  30    0.2394008  5.81760e+26 
  31    0.2446430  6.24556e+26 
  32    0.2500000  7.02980e+26 
  33    0.2554743  7.50485e+26 
  34    0.2610684  8.03405e+26 
  35    0.2667851  8.57571e+26 
  36    0.2726269  8.93208e+26 
  37    0.2785967  1.03518e+27 
  38    0.2846972  1.31591e+27 
  39    0.2909312  1.35297e+27 
  40    0.2973018  1.43066e+27 
  41    0.3038118  1.45809e+27 
  42    0.3104645  1.49531e+27 
  43    0.3172627  1.53128e+27 
  44    0.3242099  1.56258e+27 
  45    0.3313092  1.61530e+27 
  46    0.3385639  1.63330e+27 
  47    0.3459775  1.69434e+27 
  48    0.3535534  1.76331e+27 
  49    0.3612952  1.72388e+27 
  50    0.3692065  1.66720e+27 
  51    0.3772911  1.77322e+27 
  52    0.3855527  1.90715e+27 
  53    0.3939952  2.02198e+27 
  54    0.4026226  2.26225e+27 
  55    0.4114389  2.65567e+27 
  56    0.4204482  2.85405e+27 
  57    0.4296548  2.89151e+27 
  58    0.4390630  2.96411e+27 
  59    0.4486773  3.07182e+27 
  60    0.4585020  3.16907e+27 
  61    0.4685419  3.28209e+27 
  62    0.4788016  3.36737e+27 
  63    0.4892860  3.51587e+27 
  64    0.5000000  3.65749e+27 
  65    0.5109486  3.76720e+27 
  66    0.5221369  3.86679e+27 
  67    0.5335702  3.85714e+27 
  68    0.5452539  4.05290e+27 
  69    0.5571934  4.29376e+27 
  70    0.5693943  4.53553e+27 
  71    0.5818624  4.81517e+27 
  72    0.5946036  5.08494e+27 
  73    0.6076237  5.34795e+27 
  74    0.6209289  5.61791e+27 
  75    0.6345255  5.88342e+27 
  76    0.6484198  6.16960e+27 
  77    0.6626183  6.41524e+27 
  78    0.6771278  6.65793e+27 
  79    0.6919549  6.92117e+27 
  80    0.7071068  7.16907e+27 
  81    0.7225904  7.43809e+27 
  82    0.7384131  7.67898e+27 
  83    0.7545822  7.91974e+27 
  84    0.7711054  8.12938e+27 
  85    0.7879904  8.31923e+27 
  86    0.8052452  8.52222e+27 
  87    0.8228777  8.70316e+27 
  88    0.8408964  8.86335e+27 
  89    0.8593096  9.02583e+27 
  90    0.8781261  9.17634e+27 
  91    0.8973545  9.28934e+27 
  92    0.9170040  9.39405e+27 
  93    0.9370838  9.46226e+27 
  94    0.9576033  9.53451e+27 
  95    0.9785721  9.56533e+27 
  96    1.0000000  9.58772e+27 
  97    1.0218971  9.59374e+27 
  98    1.0442738  9.58526e+27 
  99    1.0671404  9.55150e+27 
 100    1.0905077  9.49271e+27 
 101    1.1143867  9.43432e+27 
 102    1.1387886  9.34315e+27 
 103    1.1637249  9.25167e+27 
 104    1.1892071  9.14264e+27 
 105    1.2152474  9.02604e+27 
 106    1.2418578  8.89102e+27 
 107    1.2690510  8.74482e+27 
 108    1.2968396  8.62170e+27 
 109    1.3252366  8.46848e+27 
 110    1.3542555  8.29286e+27 
 111    1.3839099  8.13520e+27 
 112    1.4142136  7.96337e+27 
 113    1.4451808  7.79245e+27 
 114    1.4768261  7.61737e+27 
 115    1.5091644  7.43978e+27 
 116    1.5422108  7.27160e+27 
 117    1.5759808  7.09598e+27 
 118    1.6104903  6.91832e+27 
 119    1.6457555  6.73808e+27 
 120    1.6817928  6.56412e+27 
 121    1.7186193  6.39321e+27 
 122    1.7562522  6.24136e+27 
 123    1.7947091  6.07682e+27 
 124    1.8340081  5.92733e+27 
 125    1.8741676  5.76903e+27 
 126    1.9152066  5.62057e+27 
 127    1.9571441  5.47438e+27 
 128    2.0000000  5.33161e+27 
 129    2.0437943  5.19596e+27 
 130    2.0885476  5.06943e+27 
 131    2.1342808  4.94668e+27 
 132    2.1810155  4.81739e+27 
 133    2.2287735  4.68852e+27 
 134    2.2775773  4.55733e+27 
 135    2.3274497  4.42526e+27 
 136    2.3784142  4.29284e+27 
 137    2.4304947  4.15523e+27 
 138    2.4837156  4.02580e+27 
 139    2.5381019  3.89836e+27 
 140    2.5936791  3.76957e+27 
 141    2.6504733  3.64006e+27 
 142    2.7085111  3.51514e+27 
 143    2.7678198  3.38309e+27 
 144    2.8284271  3.25884e+27 
 145    2.8903616  3.13132e+27 
 146    2.9536523  3.01486e+27 
 147    3.0183289  2.89154e+27 
 148    3.0844217  2.76070e+27 
 149    3.1519617  2.62679e+27 
 150    3.2209807  2.49145e+27 
 151    3.2915110  2.35134e+27 
 152    3.3635857  2.21940e+27 
 153    3.4372386  2.08649e+27 
 154    3.5125043  1.96508e+27 
 155    3.5894182  1.85271e+27 
 156    3.6680162  1.73959e+27 
 157    3.7483353  1.64971e+27 
 158    3.8304131  1.56501e+27 
 159    3.9142882  1.49350e+27 
 160    4.0000000  1.43742e+27 
 161    4.0875886  1.39881e+27 
 162    4.1770951  1.37030e+27 
 163    4.2685616  1.35401e+27 
 164    4.3620309  1.34732e+27 
 165    4.4575470  1.34501e+27 
 166    4.5551545  1.35457e+27 
 167    4.6548994  1.37074e+27 
 168    4.7568285  1.39090e+27 
 169    4.8609894  1.41947e+27 
 170    4.9674312  1.45425e+27 
 171    5.0762038  1.49722e+27 
 172    5.1873582  1.54262e+27 
 173    5.3009466  1.59308e+27 
 174    5.4170222  1.64531e+27 
 175    5.5356395  1.70133e+27 
 176    5.6568542  1.75047e+27 
 177    5.7807232  1.79297e+27 
 178    5.9073046  1.83485e+27 
 179    6.0366577  1.85815e+27 
 180    6.1688433  1.87298e+27 
 181    6.3039234  1.87999e+27 
 182    6.4419613  1.87339e+27 
 183    6.5830219  1.86031e+27 
 184    6.7271713  1.83866e+27 
 185    6.8744772  1.81587e+27 
 186    7.0250086  1.78869e+27 
 187    7.1788363  1.74908e+27 
 188    7.3360323  1.70715e+27 
 189    7.4966705  1.66800e+27 


# H-band (filter: H_2MASS.dat)
   0    0.1250000  7.52953e+25 
   1    0.1277371  7.61594e+25 
   2    0.1305342  7.70425e+25 
   3    0.1333926  7.79449e+25 
   4    0.1363135  9.20136e+25 
   5    0.1392983  9.49631e+25 
   6    0.1423486  9.41806e+25 
   7    0.1454656  9.39560e+25 
   8    0.1486509  9.52969e+25 
   9    0.1519059  9.55851e+25 
  10    0.1552322  9.70035e+25 
  11    0.1586314  9.73916e+25 
  12    0.1621049  1.02361e+26 
  13    0.1656546  1.08909e+26 
  14    0.1692819  1.30383e+26 
  15    0.1729887  1.34362e+26 
  16    0.1767767  1.31270e+26 
  17    0.1806476  1.31749e+26 
  18    0.1846033  1.48543e+26 
  19    0.1886456  1.64214e+26 
  20    0.1927764  2.08112e+26 
  21    0.1969976  2.33178e+26 
  22    0.2013113  2.89819e+26 
  23    0.2057194  3.41086e+26 
  24    0.2102241  3.92285e+26 
  25    0.2148274  4.38211e+26 
  26    0.2195315  4.84641e+26 
  27    0.2243386  5.39862e+26 
  28    0.2292510  5.92177e+26 
  29    0.2342710  6.91516e+26 
  30    0.2394008  7.66242e+26 
  31    0.2446430  8.64292e+26 
  32    0.2500000  9.43929e+26 
  33    0.2554743  1.06624e+27 
  34    0.2610684  1.15607e+27 
  35    0.2667851  1.32412e+27 
  36    0.2726269  1.49857e+27 
  37    0.2785967  1.69764e+27 
  38    0.2846972  1.94112e+27 
  39    0.2909312  2.15692e+27 
  40    0.2973018  2.38211e+27 
  41    0.3038118  2.63386e+27 
  42    0.3104645  2.92710e+27 
  43    0.3172627  3.23733e+27 
  44    0.3242099  3.54020e+27 
  45    0.3313092  3.87768e+27 
  46    0.3385639  4.22920e+27 
  47    0.3459775  4.64733e+27 
  48    0.3535534  5.04226e+27 
  49    0.3612952  5.38865e+27 
  50    0.3692065  5.73909e+27 
  51    0.3772911  6.17161e+27 
  52    0.3855527  6.59599e+27 
  53    0.3939952  6.92612e+27 
  54    0.4026226  7.29596e+27 
  55    0.4114389  7.68776e+27 
  56    0.4204482  8.03497e+27 
  57    0.4296548  8.42906e+27 
  58    0.4390630  8.85676e+27 
  59    0.4486773  9.16917e+27 
  60    0.4585020  9.43745e+27 
  61    0.4685419  9.77309e+27 
  62    0.4788016  1.00530e+28 
  63    0.4892860  1.03386e+28 
  64    0.5000000  1.05914e+28 
  65    0.5109486  1.08241e+28 
  66    0.5221369  1.10650e+28 
  67    0.5335702  1.12517e+28 
  68    0.5452539  1.13717e+28 
  69    0.5571934  1.14548e+28 
  70    0.5693943  1.14751e+28 
  71    0.5818624  1.15468e+28 
  72    0.5946036  1.15089e+28 
  73    0.6076237  1.15147e+28 
  74    0.6209289  1.14357e+28 
  75    0.6345255  1.13400e+28 
  76    0.6484198  1.12149e+28 
  77    0.6626183  1.11027e+28 
  78    0.6771278  1.08874e+28 
  79    0.6919549  1.07099e+28 
  80    0.7071068  1.04907e+28 
  81    0.7225904  1.02603e+28 
  82    0.7384131  9.99516e+27 
  83    0.7545822  9.74393e+27 
  84    0.7711054  9.50340e+27 
  85    0.7879904  9.18807e+27 
  86    0.8052452  8.91382e+27 
  87    0.8228777  8.59205e+27 
  88    0.8408964  8.31602e+27 
  89    0.8593096  8.00364e+27 
  90    0.8781261  7.69762e+27 
  91    0.8973545  7.37374e+27 
  92    0.9170040  7.11015e+27 
  93    0.9370838  6.83364e+27 
  94    0.9576033  6.54749e+27 
  95    0.9785721  6.25377e+27 
  96    1.0000000  5.97856e+27 
  97    1.0218971  5.73361e+27 
  98    1.0442738  5.49558e+27 
  99    1.0671404  5.25949e+27 
 100    1.0905077  5.04065e+27 
 101    1.1143867  4.83039e+27 
 102    1.1387886  4.61046e+27 
 103    1.1637249  4.41483e+27 
 104    1.1892071  4.21225e+27 
 105    1.2152474  4.01781e+27 
 106    1.2418578  3.85225e+27 
 107    1.2690510  3.68775e+27 
 108    1.2968396  3.53145e+27 
 109    1.3252366  3.37235e+27 
 110    1.3542555  3.23466e+27 
 111    1.3839099  3.10083e+27 
 112    1.4142136  2.96381e+27 
 113    1.4451808  2.83942e+27 
 114    1.4768261  2.72675e+27 
 115    1.5091644  2.62065e+27 
 116    1.5422108  2.52120e+27 
 117    1.5759808  2.43083e+27 
 118    1.6104903  2.34360e+27 
 119    1.6457555  2.27364e+27 
 120    1.6817928  2.19601e+27 
 121    1.7186193  2.12756e+27 
 122    1.7562522  2.06052e+27 
 123    1.7947091  2.00104e+27 
 124    1.8340081  1.95017e+27 
 125    1.8741676  1.90314e+27 
 126    1.9152066  1.85904e+27 
 127    1.9571441  1.82058e+27 
 128    2.0000000  1.77962e+27 
 129    2.0437943  1.74892e+27 
 130    2.0885476  1.72053e+27 
 131    2.1342808  1.69152e+27 
 132    2.1810155  1.66324e+27 
 133    2.2287735  1.63446e+27 
 134    2.2775773  1.60904e+27 
 135    2.3274497  1.58097e+27 
 136    2.3784142  1.55633e+27 
 137    2.4304947  1.53438e+27 
 138    2.4837156  1.51413e+27 
 139    2.5381019  1.49697e+27 
 140    2.5936791  1.47887e+27 
 141    2.6504733  1.46339e+27 
 142    2.7085111  1.44432e+27 
 143    2.7678198  1.42900e+27 
 144    2.8284271  1.41763e+27 
 145    2.8903616  1.40537e+27 
 146    2.9536523  1.39623e+27 
 147    3.0183289  1.38712e+27 
 148    3.0844217  1.37730e+27 
 149    3.1519617  1.36783e+27 
 150    3.2209807  1.35583e+27 
 151    3.2915110  1.34583e+27 
 152    3.3635857  1.33229e+27 
 153    3.4372386  1.31680e+27 
 154    3.5125043  1.29814e+27 
 155    3.5894182  1.27766e+27 
 156    3.6680162  1.25689e+27 
 157    3.7483353  1.23003e+27 
 158    3.8304131  1.19864e+27 
 159    3.9142882  1.16589e+27 
 160    4.0000000  1.12837e+27 
 161    4.0875886  1.08939e+27 
 162    4.1770951  1.04520e+27 
 163    4.2685616  9.97737e+26 
 164    4.3620309  9.50412e+26 
 165    4.4575470  9.01618e+26 
 166    4.5551545  8.56237e+26 
 167    4.6548994  8.10638e+26 
 168    4.7568285  7.64097e+26 
 169    4.8609894  7.26328e+26 
 170    4.9674312  6.90357e+26 
 171    5.0762038  6.59619e+26 
 172    5.1873582  6.31337e+26 
 173    5.3009466  6.08739e+26 
 174    5.4170222  5.91357e+26 
 175    5.5356395  5.77656e+26 
 176    5.6568542  5.66357e+26 
 177    5.7807232  5.57917e+26 
 178    5.9073046  5.51847e+26 
 179    6.0366577  5.46378e+26 
 180    6.1688433  5.40752e+26 
 181    6.3039234  5.35613e+26 
 182    6.4419613  5.29087e+26 
 183    6.5830219  5.20274e+26 
 184    6.7271713  5.10337e+26 
 185    6.8744772  4.98200e+26 
 186    7.0250086  4.85765e+26 
 187    7.1788363  4.71802e+26 
 188    7.3360323  4.56323e+26 
 189    7.4966705  4.38577e+26 


# K-band (filter: Ks_mosfire.dat)
   0    0.1250000  3.66549e+25 
   1    0.1277371  3.75956e+25 
   2    0.1305342  3.85569e+25 
   3    0.1333926  3.95393e+25 
   4    0.1363135  4.00988e+25 
   5    0.1392983  4.09664e+25 
   6    0.1423486  4.08573e+25 
   7    0.1454656  4.10333e+25 
   8    0.1486509  4.08658e+25 
   9    0.1519059  4.81604e+25 
  10    0.1552322  5.45202e+25 
  11    0.1586314  5.60797e+25 
  12    0.1621049  6.75984e+25 
  13    0.1656546  8.66964e+25 
  14    0.1692819  1.16346e+26 
  15    0.1729887  1.69542e+26 
  16    0.1767767  1.91270e+26 
  17    0.1806476  2.21238e+26 
  18    0.1846033  2.38040e+26 
  19    0.1886456  3.04997e+26 
  20    0.1927764  3.73750e+26 
  21    0.1969976  4.83259e+26 
  22    0.2013113  5.52861e+26 
  23    0.2057194  5.63914e+26 
  24    0.2102241  6.66285e+26 
  25    0.2148274  7.13014e+26 
  26    0.2195315  7.95824e+26 
  27    0.2243386  8.60422e+26 
  28    0.2292510  9.69091e+26 
  29    0.2342710  1.09076e+27 
  30    0.2394008  1.19898e+27 
  31    0.2446430  1.31626e+27 
  32    0.2500000  1.49912e+27 
  33    0.2554743  1.62261e+27 
  34    0.2610684  1.81559e+27 
  35    0.2667851  2.09691e+27 
  36    0.2726269  2.43976e+27 
  37    0.2785967  2.71647e+27 
  38    0.2846972  2.93054e+27 
  39    0.2909312  3.31244e+27 
  40    0.2973018  3.60082e+27 
  41    0.3038118  3.89930e+27 
  42    0.3104645  4.27199e+27 
  43    0.3172627  4.66235e+27 
  44    0.3242099  5.02846e+27 
  45    0.3313092  5.48871e+27 
  46    0.3385639  5.92665e+27 
  47    0.3459775  6.27857e+27 
  48    0.3535534  6.55952e+27 
  49    0.3612952  6.97682e+27 
  50    0.3692065  7.35437e+27 
  51    0.3772911  7.64468e+27 
  52    0.3855527  7.96893e+27 
  53    0.3939952  8.29739e+27 
  54    0.4026226  8.58769e+27 
  55    0.4114389  8.83525e+27 
  56    0.4204482  9.04280e+27 
  57    0.4296548  9.12146e+27 
  58    0.4390630  9.24754e+27 
  59    0.4486773  9.40621e+27 
  60    0.4585020  9.52987e+27 
  61    0.4685419  9.63588e+27 
  62    0.4788016  9.73342e+27 
  63    0.4892860  9.81894e+27 
  64    0.5000000  9.81581e+27 
  65    0.5109486  9.79921e+27 
  66    0.5221369  9.70140e+27 
  67    0.5335702  9.65012e+27 
  68    0.5452539  9.59454e+27 
  69    0.5571934  9.49220e+27 
  70    0.5693943  9.39321e+27 
  71    0.5818624  9.23280e+27 
  72    0.5946036  9.02190e+27 
  73    0.6076237  8.87835e+27 
  74    0.6209289  8.65898e+27 
  75    0.6345255  8.39969e+27 
  76    0.6484198  8.18038e+27 
  77    0.6626183  7.92119e+27 
  78    0.6771278  7.70842e+27 
  79    0.6919549  7.41705e+27 
  80    0.7071068  7.13853e+27 
  81    0.7225904  6.88880e+27 
  82    0.7384131  6.62958e+27 
  83    0.7545822  6.41896e+27 
  84    0.7711054  6.16294e+27 
  85    0.7879904  5.87917e+27 
  86    0.8052452  5.63626e+27 
  87    0.8228777  5.41284e+27 
  88    0.8408964  5.17347e+27 
  89    0.8593096  4.93965e+27 
  90    0.8781261  4.70944e+27 
  91    0.8973545  4.48791e+27 
  92    0.9170040  4.27407e+27 
  93    0.9370838  4.04800e+27 
  94    0.9576033  3.84648e+27 
  95    0.9785721  3.62907e+27 
  96    1.0000000  3.42384e+27 
  97    1.0218971  3.23708e+27 
  98    1.0442738  3.05130e+27 
  99    1.0671404  2.87734e+27 
 100    1.0905077  2.71765e+27 
 101    1.1143867  2.56659e+27 
 102    1.1387886  2.41059e+27 
 103    1.1637249  2.27591e+27 
 104    1.1892071  2.16633e+27 
 105    1.2152474  2.04444e+27 
 106    1.2418578  1.93445e+27 
 107    1.2690510  1.83331e+27 
 108    1.2968396  1.73867e+27 
 109    1.3252366  1.63892e+27 
 110    1.3542555  1.54434e+27 
 111    1.3839099  1.45219e+27 
 112    1.4142136  1.37334e+27 
 113    1.4451808  1.30190e+27 
 114    1.4768261  1.23561e+27 
 115    1.5091644  1.17154e+27 
 116    1.5422108  1.11236e+27 
 117    1.5759808  1.04952e+27 
 118    1.6104903  9.91676e+26 
 119    1.6457555  9.38260e+26 
 120    1.6817928  8.91809e+26 
 121    1.7186193  8.49524e+26 
 122    1.7562522  8.14264e+26 
 123    1.7947091  7.82862e+26 
 124    1.8340081  7.43386e+26 
 125    1.8741676  7.07751e+26 
 126    1.9152066  6.77209e+26 
 127    1.9571441  6.44115e+26 
 128    2.0000000  6.12186e+26 
 129    2.0437943  5.85568e+26 
 130    2.0885476  5.62112e+26 
 131    2.1342808  5.34013e+26 
 132    2.1810155  5.10938e+26 
 133    2.2287735  4.84410e+26 
 134    2.2775773  4.60090e+26 
 135    2.3274497  4.37180e+26 
 136    2.3784142  4.20484e+26 
 137    2.4304947  4.01904e+26 
 138    2.4837156  3.84837e+26 
 139    2.5381019  3.69169e+26 
 140    2.5936791  3.55225e+26 
 141    2.6504733  3.44775e+26 
 142    2.7085111  3.29198e+26 
 143    2.7678198  3.18527e+26 
 144    2.8284271  3.09061e+26 
 145    2.8903616  3.02329e+26 
 146    2.9536523  2.95860e+26 
 147    3.0183289  2.88623e+26 
 148    3.0844217  2.80860e+26 
 149    3.1519617  2.74624e+26 
 150    3.2209807  2.67421e+26 
 151    3.2915110  2.62720e+26 
 152    3.3635857  2.54953e+26 
 153    3.4372386  2.48693e+26 
 154    3.5125043  2.46362e+26 
 155    3.5894182  2.42081e+26 
 156    3.6680162  2.36820e+26 
 157    3.7483353  2.34173e+26 
 158    3.8304131  2.31995e+26 
 159    3.9142882  2.29947e+26 
 160    4.0000000  2.29393e+26 
 161    4.0875886  2.28779e+26 
 162    4.1770951  2.29361e+26 
 163    4.2685616  2.29453e+26 
 164    4.3620309  2.31892e+26 
 165    4.4575470  2.33521e+26 
 166    4.5551545  2.34883e+26 
 167    4.6548994  2.37119e+26 
 168    4.7568285  2.38700e+26 
 169    4.8609894  2.40107e+26 
 170    4.9674312  2.40671e+26 
 171    5.0762038  2.40765e+26 
 172    5.1873582  2.41552e+26 
 173    5.3009466  2.41537e+26 
 174    5.4170222  2.40649e+26 
 175    5.5356395  2.39536e+26 
 176    5.6568542  2.36454e+26 
 177    5.7807232  2.32088e+26 
 178    5.9073046  2.28059e+26 
 179    6.0366577  2.22834e+26 
 180    6.1688433  2.16833e+26 
 181    6.3039234  2.09569e+26 
 182    6.4419613  2.02046e+26 
 183    6.5830219  1.93801e+26 
 184    6.7271713  1.84416e+26 
 185    6.8744772  1.75192e+26 
 186    7.0250086  1.65135e+26 
 187    7.1788363  1.54955e+26 
 188    7.3360323  1.44615e+26 
 189    7.4966705  1.33617e+26 


# S-band (filter: Spitzer_IRAC2.dat)
   0    0.1250000  1.58471e+26 
   1    0.1277371  3.47770e+26 
   2    0.1305342  5.41214e+26 
   3    0.1333926  7.38895e+26 
   4    0.1363135  7.88805e+26 
   5    0.1392983  9.92513e+26 
   6    0.1423486  1.14599e+27 
   7    0.1454656  1.36933e+27 
   8    0.1486509  1.78875e+27 
   9    0.1519059  2.08489e+27 
  10    0.1552322  2.33309e+27 
  11    0.1586314  2.58567e+27 
  12    0.1621049  2.98689e+27 
  13    0.1656546  3.52411e+27 
  14    0.1692819  3.90401e+27 
  15    0.1729887  4.25907e+27 
  16    0.1767767  4.70019e+27 
  17    0.1806476  5.21408e+27 
  18    0.1846033  5.74078e+27 
  19    0.1886456  6.03849e+27 
  20    0.1927764  6.40348e+27 
  21    0.1969976  6.81592e+27 
  22    0.2013113  7.25032e+27 
  23    0.2057194  7.67058e+27 
  24    0.2102241  7.94611e+27 
  25    0.2148274  8.25504e+27 
  26    0.2195315  8.62343e+27 
  27    0.2243386  8.82777e+27 
  28    0.2292510  9.04247e+27 
  29    0.2342710  9.20901e+27 
  30    0.2394008  9.27025e+27 
  31    0.2446430  9.30200e+27 
  32    0.2500000  9.30216e+27 
  33    0.2554743  9.35770e+27 
  34    0.2610684  9.44350e+27 
  35    0.2667851  9.41747e+27 
  36    0.2726269  9.43486e+27 
  37    0.2785967  9.40467e+27 
  38    0.2846972  9.20526e+27 
  39    0.2909312  9.03739e+27 
  40    0.2973018  8.96404e+27 
  41    0.3038118  8.66671e+27 
  42    0.3104645  8.61571e+27 
  43    0.3172627  8.35536e+27 
  44    0.3242099  8.05329e+27 
  45    0.3313092  7.68461e+27 
  46    0.3385639  7.35980e+27 
  47    0.3459775  7.07656e+27 
  48    0.3535534  6.75131e+27 
  49    0.3612952  6.42620e+27 
  50    0.3692065  6.18677e+27 
  51    0.3772911  5.90855e+27 
  52    0.3855527  5.65542e+27 
  53    0.3939952  5.38991e+27 
  54    0.4026226  5.14171e+27 
  55    0.4114389  4.93491e+27 
  56    0.4204482  4.71738e+27 
  57    0.4296548  4.56209e+27 
  58    0.4390630  4.29314e+27 
  59    0.4486773  4.06099e+27 
  60    0.4585020  3.89207e+27 
  61    0.4685419  3.64428e+27 
  62    0.4788016  3.41082e+27 
  63    0.4892860  3.19162e+27 
  64    0.5000000  2.97626e+27 
  65    0.5109486  2.77853e+27 
  66    0.5221369  2.59027e+27 
  67    0.5335702  2.42872e+27 
  68    0.5452539  2.28655e+27 
  69    0.5571934  2.11696e+27 
  70    0.5693943  1.97028e+27 
  71    0.5818624  1.83650e+27 
  72    0.5946036  1.71195e+27 
  73    0.6076237  1.62938e+27 
  74    0.6209289  1.52305e+27 
  75    0.6345255  1.40512e+27 
  76    0.6484198  1.32266e+27 
  77    0.6626183  1.24191e+27 
  78    0.6771278  1.15390e+27 
  79    0.6919549  1.07354e+27 
  80    0.7071068  9.93739e+26 
  81    0.7225904  9.24248e+26 
  82    0.7384131  8.62666e+26 
  83    0.7545822  8.02127e+26 
  84    0.7711054  7.40466e+26 
  85    0.7879904  6.86406e+26 
  86    0.8052452  6.31677e+26 
  87    0.8228777  5.89060e+26 
  88    0.8408964  5.44526e+26 
  89    0.8593096  5.05290e+26 
  90    0.8781261  4.63356e+26 
  91    0.8973545  4.25464e+26 
  92    0.9170040  3.89703e+26 
  93    0.9370838  3.56529e+26 
  94    0.9576033  3.41179e+26 
  95    0.9785721  3.13922e+26 
  96    1.0000000  2.93761e+26 
  97    1.0218971  2.68560e+26 
  98    1.0442738  2.52651e+26 
  99    1.0671404  2.33510e+26 
 100    1.0905077  2.19969e+26 
 101    1.1143867  2.01818e+26 
 102    1.1387886  1.87162e+26 
 103    1.1637249  1.75950e+26 
 104    1.1892071  1.63990e+26 
 105    1.2152474  1.49801e+26 
 106    1.2418578  1.36676e+26 
 107    1.2690510  1.26617e+26 
 108    1.2968396  1.16241e+26 
 109    1.3252366  1.07086e+26 
 110    1.3542555  1.00609e+26 
 111    1.3839099  9.43855e+25 
 112    1.4142136  8.89947e+25 
 113    1.4451808  8.15031e+25 
 114    1.4768261  7.73946e+25 
 115    1.5091644  7.10492e+25 
 116    1.5422108  6.62948e+25 
 117    1.5759808  6.15543e+25 
 118    1.6104903  5.65102e+25 
 119    1.6457555  5.21814e+25 
 120    1.6817928  4.83390e+25 
 121    1.7186193  4.46086e+25 
 122    1.7562522  4.01341e+25 
 123    1.7947091  3.69364e+25 
 124    1.8340081  3.38226e+25 
 125    1.8741676  3.16710e+25 
 126    1.9152066  2.90260e+25 
 127    1.9571441  2.72127e+25 
 128    2.0000000  2.50764e+25 
 129    2.0437943  2.41421e+25 
 130    2.0885476  2.19997e+25 
 131    2.1342808  2.04311e+25 
 132    2.1810155  1.86888e+25 
 133    2.2287735  1.73431e+25 
 134    2.2775773  1.62548e+25 
 135    2.3274497  1.48311e+25 
 136    2.3784142  1.37703e+25 
 137    2.4304947  1.28237e+25 
 138    2.4837156  1.22454e+25 
 139    2.5381019  1.09427e+25 
 140    2.5936791  1.04738e+25 
 141    2.6504733  9.62344e+24 
 142    2.7085111  9.26647e+24 
 143    2.7678198  8.42941e+24 
 144    2.8284271  8.17599e+24 
 145    2.8903616  7.69518e+24 
 146    2.9536523  7.45777e+24 
 147    3.0183289  7.08988e+24 
 148    3.0844217  7.04189e+24 
 149    3.1519617  6.19914e+24 
 150    3.2209807  6.29811e+24 
 151    3.2915110  5.98641e+24 
 152    3.3635857  5.59204e+24 
 153    3.4372386  5.19554e+24 
 154    3.5125043  4.93931e+24 
 155    3.5894182  4.48471e+24 
 156    3.6680162  4.14164e+24 
 157    3.7483353  4.10684e+24 
 158    3.8304131  3.82295e+24 
 159    3.9142882  3.46183e+24 
 160    4.0000000  3.17503e+24 
 161    4.0875886  2.96847e+24 
 162    4.1770951  2.61088e+24 
 163    4.2685616  2.63200e+24 
 164    4.3620309  2.50672e+24 
 165    4.4575470  2.43095e+24 
 166    4.5551545  2.41452e+24 
 167    4.6548994  2.50742e+24 
 168    4.7568285  2.43562e+24 
 169    4.8609894  2.26838e+24 
 170    4.9674312  2.20180e+24 
 171    5.0762038  2.17621e+24 
 172    5.1873582  2.22182e+24 
 173    5.3009466  2.24943e+24 
 174    5.4170222  2.26073e+24 
 175    5.5356395  2.28021e+24 
 176    5.6568542  2.32735e+24 
 177    5.7807232  2.45734e+24 
 178    5.9073046  2.48518e+24 
 179    6.0366577  2.47953e+24 
 180    6.1688433  2.57645e+24 
 181    6.3039234  2.58333e+24 
 182    6.4419613  2.56813e+24 
 183    6.5830219  2.61844e+24 
 184    6.7271713  2.60054e+24 
 185    6.8744772  2.51176e+24 
 186    7.0250086  2.43605e+24 
 187    7.1788363  2.36341e+24 
 188    7.3360323  2.24423e+24 
 189    7.4966705  2.11504e+24 


