# 1:iteration 2:time bin[s] 3-k:equiv. isotropic luminosity in k-th angular bin [erg/s]
# bolometric luminosity going in angular bin
   0    0.1250000  7.01157e+42 
   1    0.1277371  7.79230e+42 
   2    0.1305342  8.59012e+42 
   3    0.1333926  9.40541e+42 
   4    0.1363135  1.02161e+43 
   5    0.1392983  1.10833e+43 
   6    0.1423486  1.19510e+43 
   7    0.1454656  1.28493e+43 
   8    0.1486509  1.37564e+43 
   9    0.1519059  1.47671e+43 
  10    0.1552322  1.56145e+43 
  11    0.1586314  1.64485e+43 
  12    0.1621049  1.71738e+43 
  13    0.1656546  1.78864e+43 
  14    0.1692819  1.84894e+43 
  15    0.1729887  1.89972e+43 
  16    0.1767767  1.94702e+43 
  17    0.1806476  1.98256e+43 
  18    0.1846033  1.97788e+43 
  19    0.1886456  1.89096e+43 
  20    0.1927764  1.80922e+43 
  21    0.1969976  1.72269e+43 
  22    0.2013113  1.64390e+43 
  23    0.2057194  1.57266e+43 
  24    0.2102241  1.47490e+43 
  25    0.2148274  1.39870e+43 
  26    0.2195315  1.32460e+43 
  27    0.2243386  1.24364e+43 
  28    0.2292510  1.17138e+43 
  29    0.2342710  1.09074e+43 
  30    0.2394008  1.06246e+43 
  31    0.2446430  1.05161e+43 
  32    0.2500000  1.04304e+43 
  33    0.2554743  1.03411e+43 
  34    0.2610684  1.02573e+43 
  35    0.2667851  1.01584e+43 
  36    0.2726269  1.00654e+43 
  37    0.2785967  9.98050e+42 
  38    0.2846972  9.89456e+42 
  39    0.2909312  9.82600e+42 
  40    0.2973018  9.76187e+42 
  41    0.3038118  9.70966e+42 
  42    0.3104645  9.66717e+42 
  43    0.3172627  9.63171e+42 
  44    0.3242099  9.58467e+42 
  45    0.3313092  9.55775e+42 
  46    0.3385639  9.54881e+42 
  47    0.3459775  9.55244e+42 
  48    0.3535534  9.54501e+42 
  49    0.3612952  9.55710e+42 
  50    0.3692065  9.60084e+42 
  51    0.3772911  9.70790e+42 
  52    0.3855527  9.82610e+42 
  53    0.3939952  9.92168e+42 
  54    0.4026226  1.00029e+43 
  55    0.4114389  1.01007e+43 
  56    0.4204482  1.01831e+43 
  57    0.4296548  1.02847e+43 
  58    0.4390630  1.04624e+43 
  59    0.4486773  1.06085e+43 
  60    0.4585020  1.07577e+43 
  61    0.4685419  1.09088e+43 
  62    0.4788016  1.10600e+43 
  63    0.4892860  1.12679e+43 
  64    0.5000000  1.14879e+43 
  65    0.5109486  1.17049e+43 
  66    0.5221369  1.19068e+43 
  67    0.5335702  1.21227e+43 
  68    0.5452539  1.24124e+43 
  69    0.5571934  1.26986e+43 
  70    0.5693943  1.28006e+43 
  71    0.5818624  1.29545e+43 
  72    0.5946036  1.30700e+43 
  73    0.6076237  1.32831e+43 
  74    0.6209289  1.35291e+43 
  75    0.6345255  1.38989e+43 
  76    0.6484198  1.42700e+43 
  77    0.6626183  1.47378e+43 
  78    0.6771278  1.54174e+43 
  79    0.6919549  1.61013e+43 
  80    0.7071068  1.67177e+43 
  81    0.7225904  1.74980e+43 
  82    0.7384131  1.82991e+43 
  83    0.7545822  1.91800e+43 
  84    0.7711054  2.01710e+43 
  85    0.7879904  2.11432e+43 
  86    0.8052452  2.20083e+43 
  87    0.8228777  2.29109e+43 
  88    0.8408964  2.38331e+43 
  89    0.8593096  2.46888e+43 
  90    0.8781261  2.55346e+43 
  91    0.8973545  2.63961e+43 
  92    0.9170040  2.72711e+43 
  93    0.9370838  2.81538e+43 
  94    0.9576033  2.90876e+43 
  95    0.9785721  3.00455e+43 
  96    1.0000000  3.09582e+43 
  97    1.0218971  3.19631e+43 
  98    1.0442738  3.29344e+43 
  99    1.0671404  3.39085e+43 
 100    1.0905077  3.47375e+43 
 101    1.1143867  3.55053e+43 
 102    1.1387886  3.62228e+43 
 103    1.1637249  3.68821e+43 
 104    1.1892071  3.73790e+43 
 105    1.2152474  3.78519e+43 
 106    1.2418578  3.82382e+43 
 107    1.2690510  3.86508e+43 
 108    1.2968396  3.90491e+43 
 109    1.3252366  3.93816e+43 
 110    1.3542555  3.97552e+43 
 111    1.3839099  4.00849e+43 
 112    1.4142136  4.04241e+43 
 113    1.4451808  4.06973e+43 
 114    1.4768261  4.08794e+43 
 115    1.5091644  4.11230e+43 
 116    1.5422108  4.11591e+43 
 117    1.5759808  4.10597e+43 
 118    1.6104903  4.08995e+43 
 119    1.6457555  4.06463e+43 
 120    1.6817928  4.04105e+43 
 121    1.7186193  3.99711e+43 
 122    1.7562522  3.92733e+43 
 123    1.7947091  3.84218e+43 
 124    1.8340081  3.74928e+43 
 125    1.8741676  3.65055e+43 
 126    1.9152066  3.52660e+43 
 127    1.9571441  3.37140e+43 
 128    2.0000000  3.20889e+43 
 129    2.0437943  3.01364e+43 
 130    2.0885476  2.80308e+43 
 131    2.1342808  2.56561e+43 
 132    2.1810155  2.31336e+43 
 133    2.2287735  2.07309e+43 
 134    2.2775773  1.82567e+43 
 135    2.3274497  1.61662e+43 
 136    2.3784142  1.41682e+43 
 137    2.4304947  1.21002e+43 
 138    2.4837156  1.04438e+43 
 139    2.5381019  9.00133e+42 
 140    2.5936791  7.80511e+42 
 141    2.6504733  6.84017e+42 
 142    2.7085111  6.06955e+42 
 143    2.7678198  5.55726e+42 
 144    2.8284271  5.15622e+42 
 145    2.8903616  4.84966e+42 
 146    2.9536523  4.59025e+42 
 147    3.0183289  4.36081e+42 
 148    3.0844217  4.15464e+42 
 149    3.1519617  3.96383e+42 
 150    3.2209807  3.78805e+42 
 151    3.2915110  3.62395e+42 
 152    3.3635857  3.46755e+42 
 153    3.4372386  3.31988e+42 
 154    3.5125043  3.17464e+42 
 155    3.5894182  3.03199e+42 
 156    3.6680162  2.89125e+42 
 157    3.7483353  2.74999e+42 
 158    3.8304131  2.60877e+42 
 159    3.9142882  2.46600e+42 
 160    4.0000000  2.32245e+42 
 161    4.0875886  2.17826e+42 
 162    4.1770951  2.03294e+42 
 163    4.2685616  1.88943e+42 
 164    4.3620309  1.74686e+42 
 165    4.4575470  1.60304e+42 
 166    4.5551545  1.46499e+42 
 167    4.6548994  1.33081e+42 
 168    4.7568285  1.19756e+42 
 169    4.8609894  1.07299e+42 
 170    4.9674312  9.54001e+41 
 171    5.0762038  8.41099e+41 
 172    5.1873582  7.32609e+41 
 173    5.3009466  6.34753e+41 
 174    5.4170222  5.44879e+41 
 175    5.5356395  4.60999e+41 
 176    5.6568542  3.88620e+41 
 177    5.7807232  3.24844e+41 
 178    5.9073046  2.67013e+41 
 179    6.0366577  2.19444e+41 
 180    6.1688433  1.78562e+41 
 181    6.3039234  1.43962e+41 
 182    6.4419613  1.16518e+41 
 183    6.5830219  9.39378e+40 
 184    6.7271713  7.63140e+40 
 185    6.8744772  6.26730e+40 
 186    7.0250086  5.06155e+40 
 187    7.1788363  4.12048e+40 
 188    7.3360323  3.36123e+40 
 189    7.4966705  2.82746e+40 


# g-band (filter: g_LSST.dat)
   0    0.1250000  2.00993e+26 
   1    0.1277371  2.02542e+26 
   2    0.1305342  2.04124e+26 
   3    0.1333926  2.05741e+26 
   4    0.1363135  2.10299e+26 
   5    0.1392983  2.13086e+26 
   6    0.1423486  2.20792e+26 
   7    0.1454656  2.19736e+26 
   8    0.1486509  2.26119e+26 
   9    0.1519059  2.26806e+26 
  10    0.1552322  2.25204e+26 
  11    0.1586314  2.32083e+26 
  12    0.1621049  2.38201e+26 
  13    0.1656546  2.53001e+26 
  14    0.1692819  2.75795e+26 
  15    0.1729887  2.91585e+26 
  16    0.1767767  3.09158e+26 
  17    0.1806476  3.32277e+26 
  18    0.1846033  3.43878e+26 
  19    0.1886456  3.59664e+26 
  20    0.1927764  3.63776e+26 
  21    0.1969976  3.82723e+26 
  22    0.2013113  3.93630e+26 
  23    0.2057194  4.04614e+26 
  24    0.2102241  4.01393e+26 
  25    0.2148274  4.07142e+26 
  26    0.2195315  4.06111e+26 
  27    0.2243386  4.00921e+26 
  28    0.2292510  3.95920e+26 
  29    0.2342710  3.84897e+26 
  30    0.2394008  3.82817e+26 
  31    0.2446430  3.85586e+26 
  32    0.2500000  3.91663e+26 
  33    0.2554743  3.90072e+26 
  34    0.2610684  3.88726e+26 
  35    0.2667851  3.86004e+26 
  36    0.2726269  3.86722e+26 
  37    0.2785967  3.90148e+26 
  38    0.2846972  3.94314e+26 
  39    0.2909312  3.96199e+26 
  40    0.2973018  3.99005e+26 
  41    0.3038118  4.07340e+26 
  42    0.3104645  4.12581e+26 
  43    0.3172627  4.25303e+26 
  44    0.3242099  4.35591e+26 
  45    0.3313092  4.50859e+26 
  46    0.3385639  4.61458e+26 
  47    0.3459775  4.74286e+26 
  48    0.3535534  4.96479e+26 
  49    0.3612952  5.17687e+26 
  50    0.3692065  5.23005e+26 
  51    0.3772911  5.36979e+26 
  52    0.3855527  5.49362e+26 
  53    0.3939952  5.64632e+26 
  54    0.4026226  5.98530e+26 
  55    0.4114389  6.22637e+26 
  56    0.4204482  6.59643e+26 
  57    0.4296548  7.06172e+26 
  58    0.4390630  7.85047e+26 
  59    0.4486773  8.59779e+26 
  60    0.4585020  9.62186e+26 
  61    0.4685419  1.09454e+27 
  62    0.4788016  1.24510e+27 
  63    0.4892860  1.47789e+27 
  64    0.5000000  1.71915e+27 
  65    0.5109486  1.96768e+27 
  66    0.5221369  2.27726e+27 
  67    0.5335702  2.56643e+27 
  68    0.5452539  2.92545e+27 
  69    0.5571934  3.28839e+27 
  70    0.5693943  3.68777e+27 
  71    0.5818624  4.13123e+27 
  72    0.5946036  4.57800e+27 
  73    0.6076237  5.01154e+27 
  74    0.6209289  5.47181e+27 
  75    0.6345255  5.89510e+27 
  76    0.6484198  6.37670e+27 
  77    0.6626183  6.86036e+27 
  78    0.6771278  7.32280e+27 
  79    0.6919549  7.81826e+27 
  80    0.7071068  8.28370e+27 
  81    0.7225904  8.74853e+27 
  82    0.7384131  9.20488e+27 
  83    0.7545822  9.68336e+27 
  84    0.7711054  1.01721e+28 
  85    0.7879904  1.06520e+28 
  86    0.8052452  1.11462e+28 
  87    0.8228777  1.16328e+28 
  88    0.8408964  1.20692e+28 
  89    0.8593096  1.25481e+28 
  90    0.8781261  1.30402e+28 
  91    0.8973545  1.35721e+28 
  92    0.9170040  1.40971e+28 
  93    0.9370838  1.46315e+28 
  94    0.9576033  1.51733e+28 
  95    0.9785721  1.56678e+28 
  96    1.0000000  1.61643e+28 
  97    1.0218971  1.66187e+28 
  98    1.0442738  1.70504e+28 
  99    1.0671404  1.74858e+28 
 100    1.0905077  1.78751e+28 
 101    1.1143867  1.82043e+28 
 102    1.1387886  1.84469e+28 
 103    1.1637249  1.86386e+28 
 104    1.1892071  1.87539e+28 
 105    1.2152474  1.88034e+28 
 106    1.2418578  1.88293e+28 
 107    1.2690510  1.87978e+28 
 108    1.2968396  1.87294e+28 
 109    1.3252366  1.86141e+28 
 110    1.3542555  1.84243e+28 
 111    1.3839099  1.81588e+28 
 112    1.4142136  1.78602e+28 
 113    1.4451808  1.74831e+28 
 114    1.4768261  1.70894e+28 
 115    1.5091644  1.66808e+28 
 116    1.5422108  1.62531e+28 
 117    1.5759808  1.58254e+28 
 118    1.6104903  1.53619e+28 
 119    1.6457555  1.56172e+28 
 120    1.6817928  1.61870e+28 
 121    1.7186193  1.61925e+28 
 122    1.7562522  1.56288e+28 
 123    1.7947091  1.50349e+28 
 124    1.8340081  1.44837e+28 
 125    1.8741676  1.40175e+28 
 126    1.9152066  1.32697e+28 
 127    1.9571441  1.25006e+28 
 128    2.0000000  1.15412e+28 
 129    2.0437943  1.06141e+28 
 130    2.0885476  9.56474e+27 
 131    2.1342808  7.92571e+27 
 132    2.1810155  6.28022e+27 
 133    2.2287735  5.17214e+27 
 134    2.2775773  4.16310e+27 
 135    2.3274497  3.38264e+27 
 136    2.3784142  2.64447e+27 
 137    2.4304947  1.98419e+27 
 138    2.4837156  1.50676e+27 
 139    2.5381019  1.12297e+27 
 140    2.5936791  8.77197e+26 
 141    2.6504733  7.07812e+26 
 142    2.7085111  6.33834e+26 
 143    2.7678198  6.30524e+26 
 144    2.8284271  6.51679e+26 
 145    2.8903616  6.87323e+26 
 146    2.9536523  7.32347e+26 
 147    3.0183289  7.85379e+26 
 148    3.0844217  8.46255e+26 
 149    3.1519617  9.16618e+26 
 150    3.2209807  9.92438e+26 
 151    3.2915110  1.08013e+27 
 152    3.3635857  1.17363e+27 
 153    3.4372386  1.27400e+27 
 154    3.5125043  1.38340e+27 
 155    3.5894182  1.49708e+27 
 156    3.6680162  1.61637e+27 
 157    3.7483353  1.73669e+27 
 158    3.8304131  1.85267e+27 
 159    3.9142882  1.96846e+27 
 160    4.0000000  2.06662e+27 
 161    4.0875886  2.15106e+27 
 162    4.1770951  2.23278e+27 
 163    4.2685616  2.28047e+27 
 164    4.3620309  2.31068e+27 
 165    4.4575470  2.32664e+27 
 166    4.5551545  2.30722e+27 
 167    4.6548994  2.26364e+27 
 168    4.7568285  2.20058e+27 
 169    4.8609894  2.10437e+27 
 170    4.9674312  1.98697e+27 
 171    5.0762038  1.85399e+27 
 172    5.1873582  1.70311e+27 
 173    5.3009466  1.54474e+27 
 174    5.4170222  1.38276e+27 
 175    5.5356395  1.21083e+27 
 176    5.6568542  1.05308e+27 
 177    5.7807232  9.03228e+26 
 178    5.9073046  7.53710e+26 
 179    6.0366577  6.28331e+26 
 180    6.1688433  5.15553e+26 
 181    6.3039234  4.14656e+26 
 182    6.4419613  3.34533e+26 
 183    6.5830219  2.67451e+26 
 184    6.7271713  2.14510e+26 
 185    6.8744772  1.73194e+26 
 186    7.0250086  1.37228e+26 
 187    7.1788363  1.09512e+26 
 188    7.3360323  8.72890e+25 
 189    7.4966705  7.16659e+25 


# r-band (filter: r_LSST.dat)
   0    0.1250000  2.21330e+26 
   1    0.1277371  2.28339e+26 
   2    0.1305342  2.35502e+26 
   3    0.1333926  2.42821e+26 
   4    0.1363135  2.41705e+26 
   5    0.1392983  2.55394e+26 
   6    0.1423486  2.56667e+26 
   7    0.1454656  2.60051e+26 
   8    0.1486509  2.71706e+26 
   9    0.1519059  2.92488e+26 
  10    0.1552322  2.94922e+26 
  11    0.1586314  3.08363e+26 
  12    0.1621049  3.31787e+26 
  13    0.1656546  3.53008e+26 
  14    0.1692819  3.60857e+26 
  15    0.1729887  3.78211e+26 
  16    0.1767767  4.19772e+26 
  17    0.1806476  4.58669e+26 
  18    0.1846033  4.91825e+26 
  19    0.1886456  4.90579e+26 
  20    0.1927764  4.67764e+26 
  21    0.1969976  4.76730e+26 
  22    0.2013113  4.81682e+26 
  23    0.2057194  4.92683e+26 
  24    0.2102241  4.87762e+26 
  25    0.2148274  5.10328e+26 
  26    0.2195315  5.49574e+26 
  27    0.2243386  5.73415e+26 
  28    0.2292510  6.00668e+26 
  29    0.2342710  6.06673e+26 
  30    0.2394008  6.38141e+26 
  31    0.2446430  7.02864e+26 
  32    0.2500000  7.54912e+26 
  33    0.2554743  8.00615e+26 
  34    0.2610684  8.47901e+26 
  35    0.2667851  8.97481e+26 
  36    0.2726269  1.00908e+27 
  37    0.2785967  1.11916e+27 
  38    0.2846972  1.21042e+27 
  39    0.2909312  1.44675e+27 
  40    0.2973018  1.70123e+27 
  41    0.3038118  2.04146e+27 
  42    0.3104645  2.37471e+27 
  43    0.3172627  2.75880e+27 
  44    0.3242099  3.15103e+27 
  45    0.3313092  3.76237e+27 
  46    0.3385639  4.44295e+27 
  47    0.3459775  5.23971e+27 
  48    0.3535534  6.07992e+27 
  49    0.3612952  6.97817e+27 
  50    0.3692065  8.10305e+27 
  51    0.3772911  9.93434e+27 
  52    0.3855527  1.18429e+28 
  53    0.3939952  1.34100e+28 
  54    0.4026226  1.48947e+28 
  55    0.4114389  1.65431e+28 
  56    0.4204482  1.79432e+28 
  57    0.4296548  1.94620e+28 
  58    0.4390630  2.14625e+28 
  59    0.4486773  2.30831e+28 
  60    0.4585020  2.45584e+28 
  61    0.4685419  2.61528e+28 
  62    0.4788016  2.75782e+28 
  63    0.4892860  2.93146e+28 
  64    0.5000000  3.09293e+28 
  65    0.5109486  3.24999e+28 
  66    0.5221369  3.37737e+28 
  67    0.5335702  3.51431e+28 
  68    0.5452539  3.70978e+28 
  69    0.5571934  3.90387e+28 
  70    0.5693943  3.92263e+28 
  71    0.5818624  3.97309e+28 
  72    0.5946036  3.98402e+28 
  73    0.6076237  4.06779e+28 
  74    0.6209289  4.17481e+28 
  75    0.6345255  4.36501e+28 
  76    0.6484198  4.55856e+28 
  77    0.6626183  4.83329e+28 
  78    0.6771278  5.28556e+28 
  79    0.6919549  5.73785e+28 
  80    0.7071068  6.11523e+28 
  81    0.7225904  6.63609e+28 
  82    0.7384131  7.16500e+28 
  83    0.7545822  7.75434e+28 
  84    0.7711054  8.39660e+28 
  85    0.7879904  8.97030e+28 
  86    0.8052452  9.40932e+28 
  87    0.8228777  9.87464e+28 
  88    0.8408964  1.02875e+29 
  89    0.8593096  1.06032e+29 
  90    0.8781261  1.08736e+29 
  91    0.8973545  1.10838e+29 
  92    0.9170040  1.12206e+29 
  93    0.9370838  1.13130e+29 
  94    0.9576033  1.13131e+29 
  95    0.9785721  1.12329e+29 
  96    1.0000000  1.10846e+29 
  97    1.0218971  1.08237e+29 
  98    1.0442738  1.05376e+29 
  99    1.0671404  1.01983e+29 
 100    1.0905077  9.80042e+28 
 101    1.1143867  9.35768e+28 
 102    1.1387886  8.86357e+28 
 103    1.1637249  8.30083e+28 
 104    1.1892071  7.72195e+28 
 105    1.2152474  7.14911e+28 
 106    1.2418578  6.57815e+28 
 107    1.2690510  6.08309e+28 
 108    1.2968396  5.64831e+28 
 109    1.3252366  5.23030e+28 
 110    1.3542555  4.91758e+28 
 111    1.3839099  4.62037e+28 
 112    1.4142136  4.35737e+28 
 113    1.4451808  4.11581e+28 
 114    1.4768261  3.89175e+28 
 115    1.5091644  3.74570e+28 
 116    1.5422108  3.58979e+28 
 117    1.5759808  3.44210e+28 
 118    1.6104903  3.29400e+28 
 119    1.6457555  3.06272e+28 
 120    1.6817928  2.78629e+28 
 121    1.7186193  2.50750e+28 
 122    1.7562522  2.24013e+28 
 123    1.7947091  1.98921e+28 
 124    1.8340081  1.75188e+28 
 125    1.8741676  1.49433e+28 
 126    1.9152066  1.28192e+28 
 127    1.9571441  1.07341e+28 
 128    2.0000000  8.75593e+27 
 129    2.0437943  6.93657e+27 
 130    2.0885476  5.27300e+27 
 131    2.1342808  4.30500e+27 
 132    2.1810155  3.58342e+27 
 133    2.2287735  2.94278e+27 
 134    2.2775773  2.30193e+27 
 135    2.3274497  1.81258e+27 
 136    2.3784142  1.39204e+27 
 137    2.4304947  1.01876e+27 
 138    2.4837156  7.32130e+26 
 139    2.5381019  4.99385e+26 
 140    2.5936791  3.60984e+26 
 141    2.6504733  2.60353e+26 
 142    2.7085111  2.10535e+26 
 143    2.7678198  1.92466e+26 
 144    2.8284271  1.80786e+26 
 145    2.8903616  1.70050e+26 
 146    2.9536523  1.60725e+26 
 147    3.0183289  1.51800e+26 
 148    3.0844217  1.45148e+26 
 149    3.1519617  1.39162e+26 
 150    3.2209807  1.34211e+26 
 151    3.2915110  1.32460e+26 
 152    3.3635857  1.34205e+26 
 153    3.4372386  1.36812e+26 
 154    3.5125043  1.46005e+26 
 155    3.5894182  1.58899e+26 
 156    3.6680162  1.75609e+26 
 157    3.7483353  2.01106e+26 
 158    3.8304131  2.32981e+26 
 159    3.9142882  2.70528e+26 
 160    4.0000000  3.17001e+26 
 161    4.0875886  3.68553e+26 
 162    4.1770951  4.23943e+26 
 163    4.2685616  4.80983e+26 
 164    4.3620309  5.37043e+26 
 165    4.4575470  5.96602e+26 
 166    4.5551545  6.46937e+26 
 167    4.6548994  6.93180e+26 
 168    4.7568285  7.36704e+26 
 169    4.8609894  7.62678e+26 
 170    4.9674312  7.76741e+26 
 171    5.0762038  7.76901e+26 
 172    5.1873582  7.66666e+26 
 173    5.3009466  7.38201e+26 
 174    5.4170222  7.01528e+26 
 175    5.5356395  6.53209e+26 
 176    5.6568542  5.99534e+26 
 177    5.7807232  5.42983e+26 
 178    5.9073046  4.77479e+26 
 179    6.0366577  4.17961e+26 
 180    6.1688433  3.59900e+26 
 181    6.3039234  3.01766e+26 
 182    6.4419613  2.53281e+26 
 183    6.5830219  2.10064e+26 
 184    6.7271713  1.72512e+26 
 185    6.8744772  1.43309e+26 
 186    7.0250086  1.16090e+26 
 187    7.1788363  9.39125e+25 
 188    7.3360323  7.58233e+25 
 189    7.4966705  6.31732e+25 


# i-band (filter: i_LSST.dat)
   0    0.1250000  2.64326e+26 
   1    0.1277371  2.76606e+26 
   2    0.1305342  2.89155e+26 
   3    0.1333926  3.01979e+26 
   4    0.1363135  3.26332e+26 
   5    0.1392983  3.69200e+26 
   6    0.1423486  4.38114e+26 
   7    0.1454656  5.30011e+26 
   8    0.1486509  6.02503e+26 
   9    0.1519059  7.36621e+26 
  10    0.1552322  9.00663e+26 
  11    0.1586314  1.09645e+27 
  12    0.1621049  1.32769e+27 
  13    0.1656546  1.89554e+27 
  14    0.1692819  3.03946e+27 
  15    0.1729887  4.20809e+27 
  16    0.1767767  5.85425e+27 
  17    0.1806476  7.96401e+27 
  18    0.1846033  9.15518e+27 
  19    0.1886456  8.48623e+27 
  20    0.1927764  8.09117e+27 
  21    0.1969976  8.07087e+27 
  22    0.2013113  7.73179e+27 
  23    0.2057194  7.58061e+27 
  24    0.2102241  6.90876e+27 
  25    0.2148274  6.52251e+27 
  26    0.2195315  5.77144e+27 
  27    0.2243386  4.48065e+27 
  28    0.2292510  3.42403e+27 
  29    0.2342710  1.76163e+27 
  30    0.2394008  1.40812e+27 
  31    0.2446430  1.45050e+27 
  32    0.2500000  1.50159e+27 
  33    0.2554743  1.50724e+27 
  34    0.2610684  1.51718e+27 
  35    0.2667851  1.50419e+27 
  36    0.2726269  1.59900e+27 
  37    0.2785967  1.72069e+27 
  38    0.2846972  1.84662e+27 
  39    0.2909312  1.95753e+27 
  40    0.2973018  2.08176e+27 
  41    0.3038118  2.19973e+27 
  42    0.3104645  2.35106e+27 
  43    0.3172627  2.53537e+27 
  44    0.3242099  2.72461e+27 
  45    0.3313092  2.97956e+27 
  46    0.3385639  3.23155e+27 
  47    0.3459775  3.56629e+27 
  48    0.3535534  3.87223e+27 
  49    0.3612952  4.22003e+27 
  50    0.3692065  4.66914e+27 
  51    0.3772911  5.17928e+27 
  52    0.3855527  5.71880e+27 
  53    0.3939952  6.29562e+27 
  54    0.4026226  6.97268e+27 
  55    0.4114389  7.65180e+27 
  56    0.4204482  8.40401e+27 
  57    0.4296548  9.22953e+27 
  58    0.4390630  1.01706e+28 
  59    0.4486773  1.11086e+28 
  60    0.4585020  1.21234e+28 
  61    0.4685419  1.31648e+28 
  62    0.4788016  1.42993e+28 
  63    0.4892860  1.54366e+28 
  64    0.5000000  1.66424e+28 
  65    0.5109486  1.79138e+28 
  66    0.5221369  1.91092e+28 
  67    0.5335702  2.03803e+28 
  68    0.5452539  2.16921e+28 
  69    0.5571934  2.29027e+28 
  70    0.5693943  2.40533e+28 
  71    0.5818624  2.52728e+28 
  72    0.5946036  2.63503e+28 
  73    0.6076237  2.74415e+28 
  74    0.6209289  2.84615e+28 
  75    0.6345255  2.93923e+28 
  76    0.6484198  3.01899e+28 
  77    0.6626183  3.09393e+28 
  78    0.6771278  3.15865e+28 
  79    0.6919549  3.21129e+28 
  80    0.7071068  3.24807e+28 
  81    0.7225904  3.27797e+28 
  82    0.7384131  3.29817e+28 
  83    0.7545822  3.30897e+28 
  84    0.7711054  3.30927e+28 
  85    0.7879904  3.29153e+28 
  86    0.8052452  3.26921e+28 
  87    0.8228777  3.23456e+28 
  88    0.8408964  3.19224e+28 
  89    0.8593096  3.14265e+28 
  90    0.8781261  3.08357e+28 
  91    0.8973545  3.01631e+28 
  92    0.9170040  2.94281e+28 
  93    0.9370838  2.86406e+28 
  94    0.9576033  2.77925e+28 
  95    0.9785721  2.69146e+28 
  96    1.0000000  2.59460e+28 
  97    1.0218971  2.50103e+28 
  98    1.0442738  2.40026e+28 
  99    1.0671404  2.29924e+28 
 100    1.0905077  2.19925e+28 
 101    1.1143867  2.09799e+28 
 102    1.1387886  1.99710e+28 
 103    1.1637249  1.89519e+28 
 104    1.1892071  1.79682e+28 
 105    1.2152474  1.70008e+28 
 106    1.2418578  1.60220e+28 
 107    1.2690510  1.50826e+28 
 108    1.2968396  1.41916e+28 
 109    1.3252366  1.32988e+28 
 110    1.3542555  1.24629e+28 
 111    1.3839099  1.16553e+28 
 112    1.4142136  1.08519e+28 
 113    1.4451808  1.01036e+28 
 114    1.4768261  9.38428e+27 
 115    1.5091644  8.70195e+27 
 116    1.5422108  8.07097e+27 
 117    1.5759808  7.47569e+27 
 118    1.6104903  6.89874e+27 
 119    1.6457555  6.37745e+27 
 120    1.6817928  5.85512e+27 
 121    1.7186193  5.36147e+27 
 122    1.7562522  4.87082e+27 
 123    1.7947091  4.38286e+27 
 124    1.8340081  3.93271e+27 
 125    1.8741676  3.49148e+27 
 126    1.9152066  3.07717e+27 
 127    1.9571441  2.67615e+27 
 128    2.0000000  2.27696e+27 
 129    2.0437943  1.91395e+27 
 130    2.0885476  1.57683e+27 
 131    2.1342808  1.25458e+27 
 132    2.1810155  9.95989e+26 
 133    2.2287735  7.75789e+26 
 134    2.2775773  5.83713e+26 
 135    2.3274497  4.44364e+26 
 136    2.3784142  3.21991e+26 
 137    2.4304947  2.29783e+26 
 138    2.4837156  1.59852e+26 
 139    2.5381019  1.11578e+26 
 140    2.5936791  8.81492e+25 
 141    2.6504733  7.18139e+25 
 142    2.7085111  6.36924e+25 
 143    2.7678198  5.92958e+25 
 144    2.8284271  5.53157e+25 
 145    2.8903616  5.19186e+25 
 146    2.9536523  4.89367e+25 
 147    3.0183289  4.58771e+25 
 148    3.0844217  4.34900e+25 
 149    3.1519617  4.08103e+25 
 150    3.2209807  3.85141e+25 
 151    3.2915110  3.66137e+25 
 152    3.3635857  3.50622e+25 
 153    3.4372386  3.39359e+25 
 154    3.5125043  3.32303e+25 
 155    3.5894182  3.27564e+25 
 156    3.6680162  3.22670e+25 
 157    3.7483353  3.20754e+25 
 158    3.8304131  3.24162e+25 
 159    3.9142882  3.32387e+25 
 160    4.0000000  3.51927e+25 
 161    4.0875886  3.84369e+25 
 162    4.1770951  4.21309e+25 
 163    4.2685616  4.84599e+25 
 164    4.3620309  5.65596e+25 
 165    4.4575470  6.55222e+25 
 166    4.5551545  7.79949e+25 
 167    4.6548994  9.26129e+25 
 168    4.7568285  1.08886e+26 
 169    4.8609894  1.26182e+26 
 170    4.9674312  1.42501e+26 
 171    5.0762038  1.56984e+26 
 172    5.1873582  1.71680e+26 
 173    5.3009466  1.78726e+26 
 174    5.4170222  1.82505e+26 
 175    5.5356395  1.84418e+26 
 176    5.6568542  1.79775e+26 
 177    5.7807232  1.72870e+26 
 178    5.9073046  1.61143e+26 
 179    6.0366577  1.47810e+26 
 180    6.1688433  1.32557e+26 
 181    6.3039234  1.14162e+26 
 182    6.4419613  9.80926e+25 
 183    6.5830219  8.23366e+25 
 184    6.7271713  6.73442e+25 
 185    6.8744772  5.60442e+25 
 186    7.0250086  4.48440e+25 
 187    7.1788363  3.54104e+25 
 188    7.3360323  2.78949e+25 
 189    7.4966705  2.34852e+25 


# z-band (filter: z_LSST.dat)
   0    0.1250000  2.39369e+26 
   1    0.1277371  4.31790e+26 
   2    0.1305342  6.28425e+26 
   3    0.1333926  8.29366e+26 
   4    0.1363135  1.21695e+27 
   5    0.1392983  1.66874e+27 
   6    0.1423486  2.17435e+27 
   7    0.1454656  2.77777e+27 
   8    0.1486509  3.83564e+27 
   9    0.1519059  5.53386e+27 
  10    0.1552322  6.63429e+27 
  11    0.1586314  7.87640e+27 
  12    0.1621049  9.84433e+27 
  13    0.1656546  1.30136e+28 
  14    0.1692819  1.30470e+28 
  15    0.1729887  1.35391e+28 
  16    0.1767767  1.32793e+28 
  17    0.1806476  1.32022e+28 
  18    0.1846033  1.27362e+28 
  19    0.1886456  1.19506e+28 
  20    0.1927764  1.06301e+28 
  21    0.1969976  9.14938e+27 
  22    0.2013113  8.16669e+27 
  23    0.2057194  7.22668e+27 
  24    0.2102241  5.17875e+27 
  25    0.2148274  2.87087e+27 
  26    0.2195315  2.33302e+27 
  27    0.2243386  1.92139e+27 
  28    0.2292510  1.51081e+27 
  29    0.2342710  1.09940e+27 
  30    0.2394008  1.01014e+27 
  31    0.2446430  1.01052e+27 
  32    0.2500000  1.04921e+27 
  33    0.2554743  1.10471e+27 
  34    0.2610684  1.19021e+27 
  35    0.2667851  1.27162e+27 
  36    0.2726269  1.43139e+27 
  37    0.2785967  1.58143e+27 
  38    0.2846972  1.78093e+27 
  39    0.2909312  2.03731e+27 
  40    0.2973018  2.28883e+27 
  41    0.3038118  2.58891e+27 
  42    0.3104645  2.96691e+27 
  43    0.3172627  3.33930e+27 
  44    0.3242099  3.80451e+27 
  45    0.3313092  4.35738e+27 
  46    0.3385639  4.93453e+27 
  47    0.3459775  5.62124e+27 
  48    0.3535534  6.27186e+27 
  49    0.3612952  7.09035e+27 
  50    0.3692065  7.97406e+27 
  51    0.3772911  8.94069e+27 
  52    0.3855527  9.97048e+27 
  53    0.3939952  1.10910e+28 
  54    0.4026226  1.22056e+28 
  55    0.4114389  1.34494e+28 
  56    0.4204482  1.46518e+28 
  57    0.4296548  1.58718e+28 
  58    0.4390630  1.72917e+28 
  59    0.4486773  1.86746e+28 
  60    0.4585020  2.01019e+28 
  61    0.4685419  2.14511e+28 
  62    0.4788016  2.28595e+28 
  63    0.4892860  2.41536e+28 
  64    0.5000000  2.54300e+28 
  65    0.5109486  2.66372e+28 
  66    0.5221369  2.78022e+28 
  67    0.5335702  2.88387e+28 
  68    0.5452539  2.98467e+28 
  69    0.5571934  3.07525e+28 
  70    0.5693943  3.14525e+28 
  71    0.5818624  3.21141e+28 
  72    0.5946036  3.25772e+28 
  73    0.6076237  3.29474e+28 
  74    0.6209289  3.31798e+28 
  75    0.6345255  3.32883e+28 
  76    0.6484198  3.32378e+28 
  77    0.6626183  3.31738e+28 
  78    0.6771278  3.29518e+28 
  79    0.6919549  3.26138e+28 
  80    0.7071068  3.22079e+28 
  81    0.7225904  3.16722e+28 
  82    0.7384131  3.10695e+28 
  83    0.7545822  3.04116e+28 
  84    0.7711054  2.96516e+28 
  85    0.7879904  2.88598e+28 
  86    0.8052452  2.79977e+28 
  87    0.8228777  2.71079e+28 
  88    0.8408964  2.61923e+28 
  89    0.8593096  2.52426e+28 
  90    0.8781261  2.42289e+28 
  91    0.8973545  2.32673e+28 
  92    0.9170040  2.22880e+28 
  93    0.9370838  2.12705e+28 
  94    0.9576033  2.02635e+28 
  95    0.9785721  1.92447e+28 
  96    1.0000000  1.82711e+28 
  97    1.0218971  1.73046e+28 
  98    1.0442738  1.63893e+28 
  99    1.0671404  1.54471e+28 
 100    1.0905077  1.45734e+28 
 101    1.1143867  1.36944e+28 
 102    1.1387886  1.28259e+28 
 103    1.1637249  1.19940e+28 
 104    1.1892071  1.12155e+28 
 105    1.2152474  1.04672e+28 
 106    1.2418578  9.74818e+27 
 107    1.2690510  9.06124e+27 
 108    1.2968396  8.43038e+27 
 109    1.3252366  7.80283e+27 
 110    1.3542555  7.21778e+27 
 111    1.3839099  6.67190e+27 
 112    1.4142136  6.15434e+27 
 113    1.4451808  5.67255e+27 
 114    1.4768261  5.24117e+27 
 115    1.5091644  4.81600e+27 
 116    1.5422108  4.41640e+27 
 117    1.5759808  4.05641e+27 
 118    1.6104903  3.70680e+27 
 119    1.6457555  3.40628e+27 
 120    1.6817928  3.10401e+27 
 121    1.7186193  2.81329e+27 
 122    1.7562522  2.53074e+27 
 123    1.7947091  2.25771e+27 
 124    1.8340081  2.00814e+27 
 125    1.8741676  1.76685e+27 
 126    1.9152066  1.53725e+27 
 127    1.9571441  1.32441e+27 
 128    2.0000000  1.11675e+27 
 129    2.0437943  9.29302e+26 
 130    2.0885476  7.56749e+26 
 131    2.1342808  5.93115e+26 
 132    2.1810155  4.61004e+26 
 133    2.2287735  3.55845e+26 
 134    2.2775773  2.63465e+26 
 135    2.3274497  1.95441e+26 
 136    2.3784142  1.38737e+26 
 137    2.4304947  9.60334e+25 
 138    2.4837156  6.50024e+25 
 139    2.5381019  4.33711e+25 
 140    2.5936791  3.34616e+25 
 141    2.6504733  2.70292e+25 
 142    2.7085111  2.48877e+25 
 143    2.7678198  2.39432e+25 
 144    2.8284271  2.32724e+25 
 145    2.8903616  2.28658e+25 
 146    2.9536523  2.21799e+25 
 147    3.0183289  2.16666e+25 
 148    3.0844217  2.12905e+25 
 149    3.1519617  2.04532e+25 
 150    3.2209807  1.96439e+25 
 151    3.2915110  1.87128e+25 
 152    3.3635857  1.78329e+25 
 153    3.4372386  1.70116e+25 
 154    3.5125043  1.59597e+25 
 155    3.5894182  1.53432e+25 
 156    3.6680162  1.44865e+25 
 157    3.7483353  1.39632e+25 
 158    3.8304131  1.35394e+25 
 159    3.9142882  1.29941e+25 
 160    4.0000000  1.25731e+25 
 161    4.0875886  1.28674e+25 
 162    4.1770951  1.31447e+25 
 163    4.2685616  1.39592e+25 
 164    4.3620309  1.47534e+25 
 165    4.4575470  1.56269e+25 
 166    4.5551545  1.68226e+25 
 167    4.6548994  1.84356e+25 
 168    4.7568285  2.02268e+25 
 169    4.8609894  2.22903e+25 
 170    4.9674312  2.45874e+25 
 171    5.0762038  2.69201e+25 
 172    5.1873582  2.93210e+25 
 173    5.3009466  3.11955e+25 
 174    5.4170222  3.26229e+25 
 175    5.5356395  3.40996e+25 
 176    5.6568542  3.44418e+25 
 177    5.7807232  3.41942e+25 
 178    5.9073046  3.37109e+25 
 179    6.0366577  3.22387e+25 
 180    6.1688433  3.03844e+25 
 181    6.3039234  2.79066e+25 
 182    6.4419613  2.52970e+25 
 183    6.5830219  2.24539e+25 
 184    6.7271713  1.91643e+25 
 185    6.8744772  1.63148e+25 
 186    7.0250086  1.32062e+25 
 187    7.1788363  1.00664e+25 
 188    7.3360323  7.18740e+24 
 189    7.4966705  4.72770e+24 


# y-band (filter: y_LSST.dat)
   0    0.1250000  7.43139e+26 
   1    0.1277371  1.30874e+27 
   2    0.1305342  1.88673e+27 
   3    0.1333926  2.47737e+27 
   4    0.1363135  3.13617e+27 
   5    0.1392983  3.98808e+27 
   6    0.1423486  4.97355e+27 
   7    0.1454656  6.03603e+27 
   8    0.1486509  7.45723e+27 
   9    0.1519059  1.00248e+28 
  10    0.1552322  1.07264e+28 
  11    0.1586314  1.18581e+28 
  12    0.1621049  1.27724e+28 
  13    0.1656546  1.38989e+28 
  14    0.1692819  1.50300e+28 
  15    0.1729887  1.60080e+28 
  16    0.1767767  1.77159e+28 
  17    0.1806476  1.91838e+28 
  18    0.1846033  1.95564e+28 
  19    0.1886456  1.84146e+28 
  20    0.1927764  1.67400e+28 
  21    0.1969976  1.58236e+28 
  22    0.2013113  1.53509e+28 
  23    0.2057194  1.51843e+28 
  24    0.2102241  1.44803e+28 
  25    0.2148274  1.43486e+28 
  26    0.2195315  1.44161e+28 
  27    0.2243386  1.39877e+28 
  28    0.2292510  1.38781e+28 
  29    0.2342710  1.36746e+28 
  30    0.2394008  1.47006e+28 
  31    0.2446430  1.63034e+28 
  32    0.2500000  1.78964e+28 
  33    0.2554743  1.95721e+28 
  34    0.2610684  2.13655e+28 
  35    0.2667851  2.32876e+28 
  36    0.2726269  2.51594e+28 
  37    0.2785967  2.70290e+28 
  38    0.2846972  2.88646e+28 
  39    0.2909312  3.07429e+28 
  40    0.2973018  3.26275e+28 
  41    0.3038118  3.44107e+28 
  42    0.3104645  3.63480e+28 
  43    0.3172627  3.82461e+28 
  44    0.3242099  3.98575e+28 
  45    0.3313092  4.15200e+28 
  46    0.3385639  4.32347e+28 
  47    0.3459775  4.47022e+28 
  48    0.3535534  4.59198e+28 
  49    0.3612952  4.71729e+28 
  50    0.3692065  4.83429e+28 
  51    0.3772911  4.92726e+28 
  52    0.3855527  5.01036e+28 
  53    0.3939952  5.08474e+28 
  54    0.4026226  5.13426e+28 
  55    0.4114389  5.17814e+28 
  56    0.4204482  5.22501e+28 
  57    0.4296548  5.25832e+28 
  58    0.4390630  5.24995e+28 
  59    0.4486773  5.25809e+28 
  60    0.4585020  5.25473e+28 
  61    0.4685419  5.22215e+28 
  62    0.4788016  5.18324e+28 
  63    0.4892860  5.13876e+28 
  64    0.5000000  5.07716e+28 
  65    0.5109486  4.99990e+28 
  66    0.5221369  4.91506e+28 
  67    0.5335702  4.81717e+28 
  68    0.5452539  4.70829e+28 
  69    0.5571934  4.59717e+28 
  70    0.5693943  4.47774e+28 
  71    0.5818624  4.34851e+28 
  72    0.5946036  4.20498e+28 
  73    0.6076237  4.06514e+28 
  74    0.6209289  3.92726e+28 
  75    0.6345255  3.79022e+28 
  76    0.6484198  3.64848e+28 
  77    0.6626183  3.50111e+28 
  78    0.6771278  3.36037e+28 
  79    0.6919549  3.21414e+28 
  80    0.7071068  3.07012e+28 
  81    0.7225904  2.92159e+28 
  82    0.7384131  2.78387e+28 
  83    0.7545822  2.64807e+28 
  84    0.7711054  2.51658e+28 
  85    0.7879904  2.39210e+28 
  86    0.8052452  2.26175e+28 
  87    0.8228777  2.13515e+28 
  88    0.8408964  2.01544e+28 
  89    0.8593096  1.90205e+28 
  90    0.8781261  1.79031e+28 
  91    0.8973545  1.68881e+28 
  92    0.9170040  1.58532e+28 
  93    0.9370838  1.48496e+28 
  94    0.9576033  1.39371e+28 
  95    0.9785721  1.30500e+28 
  96    1.0000000  1.21689e+28 
  97    1.0218971  1.13569e+28 
  98    1.0442738  1.05886e+28 
  99    1.0671404  9.84758e+27 
 100    1.0905077  9.15205e+27 
 101    1.1143867  8.49508e+27 
 102    1.1387886  7.86198e+27 
 103    1.1637249  7.26541e+27 
 104    1.1892071  6.72336e+27 
 105    1.2152474  6.22521e+27 
 106    1.2418578  5.73904e+27 
 107    1.2690510  5.29451e+27 
 108    1.2968396  4.88169e+27 
 109    1.3252366  4.48082e+27 
 110    1.3542555  4.12132e+27 
 111    1.3839099  3.78427e+27 
 112    1.4142136  3.46467e+27 
 113    1.4451808  3.17956e+27 
 114    1.4768261  2.91853e+27 
 115    1.5091644  2.66903e+27 
 116    1.5422108  2.44765e+27 
 117    1.5759808  2.23279e+27 
 118    1.6104903  2.02886e+27 
 119    1.6457555  1.84884e+27 
 120    1.6817928  1.67660e+27 
 121    1.7186193  1.51588e+27 
 122    1.7562522  1.35661e+27 
 123    1.7947091  1.20771e+27 
 124    1.8340081  1.06756e+27 
 125    1.8741676  9.31862e+26 
 126    1.9152066  8.11298e+26 
 127    1.9571441  6.96786e+26 
 128    2.0000000  5.78968e+26 
 129    2.0437943  4.79480e+26 
 130    2.0885476  3.86736e+26 
 131    2.1342808  3.00370e+26 
 132    2.1810155  2.30937e+26 
 133    2.2287735  1.74701e+26 
 134    2.2775773  1.26264e+26 
 135    2.3274497  9.15041e+25 
 136    2.3784142  6.27434e+25 
 137    2.4304947  4.10077e+25 
 138    2.4837156  2.43567e+25 
 139    2.5381019  1.28049e+25 
 140    2.5936791  8.28177e+24 
 141    2.6504733  4.92565e+24 
 142    2.7085111  3.83825e+24 
 143    2.7678198  3.52185e+24 
 144    2.8284271  3.27285e+24 
 145    2.8903616  3.13739e+24 
 146    2.9536523  3.00825e+24 
 147    3.0183289  3.12041e+24 
 148    3.0844217  3.03511e+24 
 149    3.1519617  3.12532e+24 
 150    3.2209807  3.06798e+24 
 151    3.2915110  2.89390e+24 
 152    3.3635857  2.84130e+24 
 153    3.4372386  2.88635e+24 
 154    3.5125043  2.97527e+24 
 155    3.5894182  3.07400e+24 
 156    3.6680162  3.10366e+24 
 157    3.7483353  3.07011e+24 
 158    3.8304131  3.12899e+24 
 159    3.9142882  3.10467e+24 
 160    4.0000000  3.18659e+24 
 161    4.0875886  3.22612e+24 
 162    4.1770951  3.47682e+24 
 163    4.2685616  3.80970e+24 
 164    4.3620309  4.38714e+24 
 165    4.4575470  4.81650e+24 
 166    4.5551545  5.60507e+24 
 167    4.6548994  7.20329e+24 
 168    4.7568285  8.94106e+24 
 169    4.8609894  1.15565e+25 
 170    4.9674312  1.54863e+25 
 171    5.0762038  1.99557e+25 
 172    5.1873582  2.46770e+25 
 173    5.3009466  2.94448e+25 
 174    5.4170222  3.40271e+25 
 175    5.5356395  3.89599e+25 
 176    5.6568542  4.15984e+25 
 177    5.7807232  4.34860e+25 
 178    5.9073046  4.51999e+25 
 179    6.0366577  4.46970e+25 
 180    6.1688433  4.35518e+25 
 181    6.3039234  4.11546e+25 
 182    6.4419613  3.78003e+25 
 183    6.5830219  3.40440e+25 
 184    6.7271713  2.91246e+25 
 185    6.8744772  2.48633e+25 
 186    7.0250086  1.96554e+25 
 187    7.1788363  1.42766e+25 
 188    7.3360323  9.34003e+24 
 189    7.4966705  5.29251e+24 


# J-band (filter: J_2MASS.dat)
   0    0.1250000  4.79182e+27 
   1    0.1277371  6.22652e+27 
   2    0.1305342  7.69265e+27 
   3    0.1333926  9.19088e+27 
   4    0.1363135  1.03766e+28 
   5    0.1392983  1.18254e+28 
   6    0.1423486  1.32300e+28 
   7    0.1454656  1.49264e+28 
   8    0.1486509  1.68831e+28 
   9    0.1519059  1.90327e+28 
  10    0.1552322  2.14603e+28 
  11    0.1586314  2.38585e+28 
  12    0.1621049  2.60086e+28 
  13    0.1656546  2.81301e+28 
  14    0.1692819  3.05397e+28 
  15    0.1729887  3.33175e+28 
  16    0.1767767  3.59985e+28 
  17    0.1806476  3.86044e+28 
  18    0.1846033  4.00499e+28 
  19    0.1886456  3.87566e+28 
  20    0.1927764  3.77983e+28 
  21    0.1969976  3.67234e+28 
  22    0.2013113  3.55879e+28 
  23    0.2057194  3.48337e+28 
  24    0.2102241  3.33647e+28 
  25    0.2148274  3.27147e+28 
  26    0.2195315  3.21284e+28 
  27    0.2243386  3.09512e+28 
  28    0.2292510  3.03043e+28 
  29    0.2342710  2.92927e+28 
  30    0.2394008  3.01225e+28 
  31    0.2446430  3.14235e+28 
  32    0.2500000  3.27935e+28 
  33    0.2554743  3.42425e+28 
  34    0.2610684  3.57368e+28 
  35    0.2667851  3.71358e+28 
  36    0.2726269  3.83776e+28 
  37    0.2785967  3.96310e+28 
  38    0.2846972  4.07503e+28 
  39    0.2909312  4.19380e+28 
  40    0.2973018  4.28613e+28 
  41    0.3038118  4.36640e+28 
  42    0.3104645  4.44246e+28 
  43    0.3172627  4.52727e+28 
  44    0.3242099  4.58435e+28 
  45    0.3313092  4.62782e+28 
  46    0.3385639  4.66250e+28 
  47    0.3459775  4.66779e+28 
  48    0.3535534  4.67791e+28 
  49    0.3612952  4.68228e+28 
  50    0.3692065  4.68021e+28 
  51    0.3772911  4.65457e+28 
  52    0.3855527  4.62664e+28 
  53    0.3939952  4.58371e+28 
  54    0.4026226  4.53622e+28 
  55    0.4114389  4.46889e+28 
  56    0.4204482  4.40024e+28 
  57    0.4296548  4.31456e+28 
  58    0.4390630  4.24239e+28 
  59    0.4486773  4.15512e+28 
  60    0.4585020  4.05903e+28 
  61    0.4685419  3.94203e+28 
  62    0.4788016  3.82773e+28 
  63    0.4892860  3.70611e+28 
  64    0.5000000  3.58695e+28 
  65    0.5109486  3.46839e+28 
  66    0.5221369  3.34169e+28 
  67    0.5335702  3.22214e+28 
  68    0.5452539  3.09148e+28 
  69    0.5571934  2.96499e+28 
  70    0.5693943  2.83298e+28 
  71    0.5818624  2.70940e+28 
  72    0.5946036  2.58144e+28 
  73    0.6076237  2.46385e+28 
  74    0.6209289  2.34155e+28 
  75    0.6345255  2.22739e+28 
  76    0.6484198  2.11506e+28 
  77    0.6626183  1.99811e+28 
  78    0.6771278  1.89306e+28 
  79    0.6919549  1.78731e+28 
  80    0.7071068  1.68907e+28 
  81    0.7225904  1.59064e+28 
  82    0.7384131  1.49934e+28 
  83    0.7545822  1.41188e+28 
  84    0.7711054  1.32752e+28 
  85    0.7879904  1.24318e+28 
  86    0.8052452  1.16517e+28 
  87    0.8228777  1.09090e+28 
  88    0.8408964  1.02200e+28 
  89    0.8593096  9.55616e+27 
  90    0.8781261  8.91769e+27 
  91    0.8973545  8.32130e+27 
  92    0.9170040  7.76740e+27 
  93    0.9370838  7.23660e+27 
  94    0.9576033  6.73169e+27 
  95    0.9785721  6.24464e+27 
  96    1.0000000  5.79477e+27 
  97    1.0218971  5.38056e+27 
  98    1.0442738  4.98326e+27 
  99    1.0671404  4.59359e+27 
 100    1.0905077  4.24832e+27 
 101    1.1143867  3.91690e+27 
 102    1.1387886  3.61218e+27 
 103    1.1637249  3.32155e+27 
 104    1.1892071  3.05043e+27 
 105    1.2152474  2.80191e+27 
 106    1.2418578  2.57068e+27 
 107    1.2690510  2.35054e+27 
 108    1.2968396  2.14828e+27 
 109    1.3252366  1.96479e+27 
 110    1.3542555  1.79942e+27 
 111    1.3839099  1.64539e+27 
 112    1.4142136  1.49451e+27 
 113    1.4451808  1.36759e+27 
 114    1.4768261  1.24515e+27 
 115    1.5091644  1.13292e+27 
 116    1.5422108  1.03324e+27 
 117    1.5759808  9.41182e+26 
 118    1.6104903  8.53925e+26 
 119    1.6457555  7.78196e+26 
 120    1.6817928  7.05048e+26 
 121    1.7186193  6.37960e+26 
 122    1.7562522  5.69323e+26 
 123    1.7947091  5.04703e+26 
 124    1.8340081  4.48892e+26 
 125    1.8741676  3.91221e+26 
 126    1.9152066  3.39095e+26 
 127    1.9571441  2.89130e+26 
 128    2.0000000  2.41588e+26 
 129    2.0437943  1.99410e+26 
 130    2.0885476  1.61581e+26 
 131    2.1342808  1.25023e+26 
 132    2.1810155  9.59331e+25 
 133    2.2287735  7.17609e+25 
 134    2.2775773  5.26717e+25 
 135    2.3274497  3.80585e+25 
 136    2.3784142  2.59764e+25 
 137    2.4304947  1.67355e+25 
 138    2.4837156  9.87699e+24 
 139    2.5381019  5.06802e+24 
 140    2.5936791  3.18592e+24 
 141    2.6504733  1.73485e+24 
 142    2.7085111  1.34152e+24 
 143    2.7678198  1.10803e+24 
 144    2.8284271  9.69650e+23 
 145    2.8903616  8.89983e+23 
 146    2.9536523  8.01765e+23 
 147    3.0183289  7.50179e+23 
 148    3.0844217  6.78880e+23 
 149    3.1519617  6.55964e+23 
 150    3.2209807  6.20255e+23 
 151    3.2915110  6.36291e+23 
 152    3.3635857  5.55306e+23 
 153    3.4372386  6.17500e+23 
 154    3.5125043  6.68919e+23 
 155    3.5894182  7.20539e+23 
 156    3.6680162  8.57015e+23 
 157    3.7483353  9.15896e+23 
 158    3.8304131  9.88590e+23 
 159    3.9142882  1.15106e+24 
 160    4.0000000  1.33292e+24 
 161    4.0875886  1.45046e+24 
 162    4.1770951  1.52163e+24 
 163    4.2685616  1.57236e+24 
 164    4.3620309  1.66398e+24 
 165    4.4575470  1.67372e+24 
 166    4.5551545  1.73301e+24 
 167    4.6548994  1.72499e+24 
 168    4.7568285  1.67278e+24 
 169    4.8609894  1.69469e+24 
 170    4.9674312  1.72031e+24 
 171    5.0762038  1.74096e+24 
 172    5.1873582  1.93444e+24 
 173    5.3009466  2.53488e+24 
 174    5.4170222  3.95331e+24 
 175    5.5356395  5.78227e+24 
 176    5.6568542  9.14087e+24 
 177    5.7807232  1.42194e+25 
 178    5.9073046  1.99081e+25 
 179    6.0366577  2.79032e+25 
 180    6.1688433  3.68975e+25 
 181    6.3039234  4.68089e+25 
 182    6.4419613  5.66604e+25 
 183    6.5830219  6.52981e+25 
 184    6.7271713  7.52040e+25 
 185    6.8744772  8.09969e+25 
 186    7.0250086  8.78331e+25 
 187    7.1788363  9.55894e+25 
 188    7.3360323  1.01900e+26 
 189    7.4966705  1.04634e+26 


# H-band (filter: H_2MASS.dat)
   0    0.1250000  3.93450e+28 
   1    0.1277371  4.47697e+28 
   2    0.1305342  5.03131e+28 
   3    0.1333926  5.59779e+28 
   4    0.1363135  6.23720e+28 
   5    0.1392983  6.90360e+28 
   6    0.1423486  7.57457e+28 
   7    0.1454656  8.26632e+28 
   8    0.1486509  8.95757e+28 
   9    0.1519059  9.60781e+28 
  10    0.1552322  1.02915e+29 
  11    0.1586314  1.09433e+29 
  12    0.1621049  1.14354e+29 
  13    0.1656546  1.19255e+29 
  14    0.1692819  1.24444e+29 
  15    0.1729887  1.27770e+29 
  16    0.1767767  1.30173e+29 
  17    0.1806476  1.31417e+29 
  18    0.1846033  1.31155e+29 
  19    0.1886456  1.25920e+29 
  20    0.1927764  1.21232e+29 
  21    0.1969976  1.15783e+29 
  22    0.2013113  1.10656e+29 
  23    0.2057194  1.05796e+29 
  24    0.2102241  9.95147e+28 
  25    0.2148274  9.47397e+28 
  26    0.2195315  8.92438e+28 
  27    0.2243386  8.37331e+28 
  28    0.2292510  7.88240e+28 
  29    0.2342710  7.37525e+28 
  30    0.2394008  7.11346e+28 
  31    0.2446430  6.93490e+28 
  32    0.2500000  6.78495e+28 
  33    0.2554743  6.61368e+28 
  34    0.2610684  6.43809e+28 
  35    0.2667851  6.25759e+28 
  36    0.2726269  6.06053e+28 
  37    0.2785967  5.85184e+28 
  38    0.2846972  5.63473e+28 
  39    0.2909312  5.42083e+28 
  40    0.2973018  5.21822e+28 
  41    0.3038118  4.99556e+28 
  42    0.3104645  4.79266e+28 
  43    0.3172627  4.56980e+28 
  44    0.3242099  4.36058e+28 
  45    0.3313092  4.14215e+28 
  46    0.3385639  3.94060e+28 
  47    0.3459775  3.75052e+28 
  48    0.3535534  3.55880e+28 
  49    0.3612952  3.38370e+28 
  50    0.3692065  3.22028e+28 
  51    0.3772911  3.04789e+28 
  52    0.3855527  2.87657e+28 
  53    0.3939952  2.72230e+28 
  54    0.4026226  2.56563e+28 
  55    0.4114389  2.41089e+28 
  56    0.4204482  2.26023e+28 
  57    0.4296548  2.12388e+28 
  58    0.4390630  2.00067e+28 
  59    0.4486773  1.87638e+28 
  60    0.4585020  1.75260e+28 
  61    0.4685419  1.63221e+28 
  62    0.4788016  1.51961e+28 
  63    0.4892860  1.41769e+28 
  64    0.5000000  1.32315e+28 
  65    0.5109486  1.22859e+28 
  66    0.5221369  1.14250e+28 
  67    0.5335702  1.06922e+28 
  68    0.5452539  9.93364e+27 
  69    0.5571934  9.25813e+27 
  70    0.5693943  8.52965e+27 
  71    0.5818624  7.87219e+27 
  72    0.5946036  7.31185e+27 
  73    0.6076237  6.78753e+27 
  74    0.6209289  6.29746e+27 
  75    0.6345255  5.86572e+27 
  76    0.6484198  5.44418e+27 
  77    0.6626183  5.05086e+27 
  78    0.6771278  4.69197e+27 
  79    0.6919549  4.35311e+27 
  80    0.7071068  4.00237e+27 
  81    0.7225904  3.69957e+27 
  82    0.7384131  3.43110e+27 
  83    0.7545822  3.18719e+27 
  84    0.7711054  2.94252e+27 
  85    0.7879904  2.71016e+27 
  86    0.8052452  2.49674e+27 
  87    0.8228777  2.28910e+27 
  88    0.8408964  2.10717e+27 
  89    0.8593096  1.93653e+27 
  90    0.8781261  1.77894e+27 
  91    0.8973545  1.63028e+27 
  92    0.9170040  1.50758e+27 
  93    0.9370838  1.38537e+27 
  94    0.9576033  1.26819e+27 
  95    0.9785721  1.15590e+27 
  96    1.0000000  1.05844e+27 
  97    1.0218971  9.77019e+26 
  98    1.0442738  8.95709e+26 
  99    1.0671404  8.14961e+26 
 100    1.0905077  7.41499e+26 
 101    1.1143867  6.80374e+26 
 102    1.1387886  6.19501e+26 
 103    1.1637249  5.62467e+26 
 104    1.1892071  5.10225e+26 
 105    1.2152474  4.65131e+26 
 106    1.2418578  4.28750e+26 
 107    1.2690510  3.88963e+26 
 108    1.2968396  3.53641e+26 
 109    1.3252366  3.22541e+26 
 110    1.3542555  2.94140e+26 
 111    1.3839099  2.68492e+26 
 112    1.4142136  2.43746e+26 
 113    1.4451808  2.20562e+26 
 114    1.4768261  1.99110e+26 
 115    1.5091644  1.80394e+26 
 116    1.5422108  1.64203e+26 
 117    1.5759808  1.50529e+26 
 118    1.6104903  1.34931e+26 
 119    1.6457555  1.22524e+26 
 120    1.6817928  1.10020e+26 
 121    1.7186193  9.79957e+25 
 122    1.7562522  8.69437e+25 
 123    1.7947091  7.65533e+25 
 124    1.8340081  6.74537e+25 
 125    1.8741676  5.87893e+25 
 126    1.9152066  5.10670e+25 
 127    1.9571441  4.29204e+25 
 128    2.0000000  3.59895e+25 
 129    2.0437943  2.93761e+25 
 130    2.0885476  2.32474e+25 
 131    2.1342808  1.81252e+25 
 132    2.1810155  1.36896e+25 
 133    2.2287735  1.07680e+25 
 134    2.2775773  7.79641e+24 
 135    2.3274497  5.70327e+24 
 136    2.3784142  3.80393e+24 
 137    2.4304947  2.44674e+24 
 138    2.4837156  1.56265e+24 
 139    2.5381019  1.02145e+24 
 140    2.5936791  5.72893e+23 
 141    2.6504733  2.85036e+23 
 142    2.7085111  2.69453e+23 
 143    2.7678198  2.39397e+23 
 144    2.8284271  2.67818e+23 
 145    2.8903616  2.15364e+23 
 146    2.9536523  2.11609e+23 
 147    3.0183289  1.95665e+23 
 148    3.0844217  1.84825e+23 
 149    3.1519617  1.90537e+23 
 150    3.2209807  1.83258e+23 
 151    3.2915110  1.38111e+23 
 152    3.3635857  1.30833e+23 
 153    3.4372386  1.15103e+23 
 154    3.5125043  9.13734e+22 
 155    3.5894182  1.12755e+23 
 156    3.6680162  1.37134e+23 
 157    3.7483353  1.44929e+23 
 158    3.8304131  1.57053e+23 
 159    3.9142882  1.72705e+23 
 160    4.0000000  1.64310e+23 
 161    4.0875886  1.81014e+23 
 162    4.1770951  1.82589e+23 
 163    4.2685616  2.05410e+23 
 164    4.3620309  2.24216e+23 
 165    4.4575470  2.57272e+23 
 166    4.5551545  2.79524e+23 
 167    4.6548994  2.73264e+23 
 168    4.7568285  2.43441e+23 
 169    4.8609894  2.78189e+23 
 170    4.9674312  3.34166e+23 
 171    5.0762038  3.70552e+23 
 172    5.1873582  3.89681e+23 
 173    5.3009466  4.27592e+23 
 174    5.4170222  4.63275e+23 
 175    5.5356395  5.07126e+23 
 176    5.6568542  5.13453e+23 
 177    5.7807232  5.18698e+23 
 178    5.9073046  5.35462e+23 
 179    6.0366577  5.51994e+23 
 180    6.1688433  5.51062e+23 
 181    6.3039234  5.44693e+23 
 182    6.4419613  5.09914e+23 
 183    6.5830219  5.43544e+23 
 184    6.7271713  6.09396e+23 
 185    6.8744772  8.23261e+23 
 186    7.0250086  1.10902e+24 
 187    7.1788363  1.30505e+24 
 188    7.3360323  1.56768e+24 
 189    7.4966705  1.94694e+24 


# K-band (filter: Ks_mosfire.dat)
   0    0.1250000  3.80215e+28 
   1    0.1277371  4.25199e+28 
   2    0.1305342  4.71169e+28 
   3    0.1333926  5.18144e+28 
   4    0.1363135  5.59587e+28 
   5    0.1392983  6.06671e+28 
   6    0.1423486  6.54670e+28 
   7    0.1454656  6.98860e+28 
   8    0.1486509  7.44088e+28 
   9    0.1519059  7.88814e+28 
  10    0.1552322  8.26681e+28 
  11    0.1586314  8.59103e+28 
  12    0.1621049  8.89381e+28 
  13    0.1656546  9.11924e+28 
  14    0.1692819  9.27611e+28 
  15    0.1729887  9.36482e+28 
  16    0.1767767  9.45802e+28 
  17    0.1806476  9.45636e+28 
  18    0.1846033  9.29133e+28 
  19    0.1886456  8.89227e+28 
  20    0.1927764  8.52149e+28 
  21    0.1969976  8.08620e+28 
  22    0.2013113  7.68832e+28 
  23    0.2057194  7.35482e+28 
  24    0.2102241  6.90164e+28 
  25    0.2148274  6.53534e+28 
  26    0.2195315  6.15831e+28 
  27    0.2243386  5.81439e+28 
  28    0.2292510  5.45663e+28 
  29    0.2342710  5.07651e+28 
  30    0.2394008  4.87098e+28 
  31    0.2446430  4.71000e+28 
  32    0.2500000  4.53536e+28 
  33    0.2554743  4.36405e+28 
  34    0.2610684  4.19803e+28 
  35    0.2667851  4.00589e+28 
  36    0.2726269  3.81659e+28 
  37    0.2785967  3.64254e+28 
  38    0.2846972  3.49169e+28 
  39    0.2909312  3.32771e+28 
  40    0.2973018  3.16308e+28 
  41    0.3038118  3.01882e+28 
  42    0.3104645  2.86958e+28 
  43    0.3172627  2.71386e+28 
  44    0.3242099  2.57726e+28 
  45    0.3313092  2.43408e+28 
  46    0.3385639  2.29085e+28 
  47    0.3459775  2.16242e+28 
  48    0.3535534  2.04554e+28 
  49    0.3612952  1.91776e+28 
  50    0.3692065  1.80899e+28 
  51    0.3772911  1.69594e+28 
  52    0.3855527  1.59168e+28 
  53    0.3939952  1.48783e+28 
  54    0.4026226  1.39205e+28 
  55    0.4114389  1.29618e+28 
  56    0.4204482  1.20593e+28 
  57    0.4296548  1.12921e+28 
  58    0.4390630  1.05810e+28 
  59    0.4486773  9.86164e+27 
  60    0.4585020  9.15694e+27 
  61    0.4685419  8.54567e+27 
  62    0.4788016  7.94003e+27 
  63    0.4892860  7.40964e+27 
  64    0.5000000  6.87621e+27 
  65    0.5109486  6.35654e+27 
  66    0.5221369  5.92045e+27 
  67    0.5335702  5.52335e+27 
  68    0.5452539  5.14289e+27 
  69    0.5571934  4.79574e+27 
  70    0.5693943  4.43848e+27 
  71    0.5818624  4.11912e+27 
  72    0.5946036  3.83431e+27 
  73    0.6076237  3.51792e+27 
  74    0.6209289  3.24436e+27 
  75    0.6345255  3.00316e+27 
  76    0.6484198  2.78933e+27 
  77    0.6626183  2.57895e+27 
  78    0.6771278  2.38628e+27 
  79    0.6919549  2.18898e+27 
  80    0.7071068  2.01241e+27 
  81    0.7225904  1.84899e+27 
  82    0.7384131  1.69810e+27 
  83    0.7545822  1.57908e+27 
  84    0.7711054  1.45869e+27 
  85    0.7879904  1.34952e+27 
  86    0.8052452  1.23782e+27 
  87    0.8228777  1.13361e+27 
  88    0.8408964  1.03483e+27 
  89    0.8593096  9.48103e+26 
  90    0.8781261  8.74727e+26 
  91    0.8973545  8.10092e+26 
  92    0.9170040  7.56118e+26 
  93    0.9370838  6.96510e+26 
  94    0.9576033  6.45493e+26 
  95    0.9785721  5.83604e+26 
  96    1.0000000  5.35965e+26 
  97    1.0218971  4.90757e+26 
  98    1.0442738  4.49939e+26 
  99    1.0671404  4.11908e+26 
 100    1.0905077  3.82897e+26 
 101    1.1143867  3.50249e+26 
 102    1.1387886  3.23284e+26 
 103    1.1637249  2.93134e+26 
 104    1.1892071  2.59130e+26 
 105    1.2152474  2.33410e+26 
 106    1.2418578  2.10356e+26 
 107    1.2690510  1.94083e+26 
 108    1.2968396  1.77931e+26 
 109    1.3252366  1.61280e+26 
 110    1.3542555  1.48419e+26 
 111    1.3839099  1.34212e+26 
 112    1.4142136  1.21082e+26 
 113    1.4451808  1.10730e+26 
 114    1.4768261  9.89666e+25 
 115    1.5091644  8.97752e+25 
 116    1.5422108  8.50027e+25 
 117    1.5759808  7.95295e+25 
 118    1.6104903  7.20358e+25 
 119    1.6457555  6.42518e+25 
 120    1.6817928  5.59911e+25 
 121    1.7186193  5.07460e+25 
 122    1.7562522  4.51890e+25 
 123    1.7947091  3.99922e+25 
 124    1.8340081  3.48103e+25 
 125    1.8741676  2.97880e+25 
 126    1.9152066  2.58095e+25 
 127    1.9571441  2.19460e+25 
 128    2.0000000  1.75734e+25 
 129    2.0437943  1.41393e+25 
 130    2.0885476  1.10891e+25 
 131    2.1342808  8.50811e+24 
 132    2.1810155  6.57120e+24 
 133    2.2287735  5.13841e+24 
 134    2.2775773  3.57060e+24 
 135    2.3274497  2.56793e+24 
 136    2.3784142  1.82624e+24 
 137    2.4304947  1.20452e+24 
 138    2.4837156  6.76145e+23 
 139    2.5381019  3.67982e+23 
 140    2.5936791  2.31513e+23 
 141    2.6504733  1.38602e+23 
 142    2.7085111  1.62814e+23 
 143    2.7678198  1.47979e+23 
 144    2.8284271  1.20234e+23 
 145    2.8903616  8.77355e+22 
 146    2.9536523  8.91546e+22 
 147    3.0183289  6.67811e+22 
 148    3.0844217  3.65348e+22 
 149    3.1519617  2.22402e+22 
 150    3.2209807  1.98300e+22 
 151    3.2915110  1.99362e+22 
 152    3.3635857  2.08932e+22 
 153    3.4372386  1.61719e+22 
 154    3.5125043  2.55031e+17 
 155    3.5894182  2.84945e+17 
 156    3.6680162  1.58338e+20 
 157    3.7483353  1.40734e+20 
 158    3.8304131  3.20310e+20 
 159    3.9142882  3.57326e+20 
 160    4.0000000  3.22361e+20 
 161    4.0875886  1.15315e+22 
 162    4.1770951  1.29356e+22 
 163    4.2685616  2.59200e+22 
 164    4.3620309  2.36450e+22 
 165    4.4575470  2.50352e+22 
 166    4.5551545  2.95325e+22 
 167    4.6548994  3.62159e+22 
 168    4.7568285  3.67727e+22 
 169    4.8609894  3.41426e+22 
 170    4.9674312  3.55404e+22 
 171    5.0762038  3.53531e+22 
 172    5.1873582  3.73403e+22 
 173    5.3009466  5.75330e+22 
 174    5.4170222  4.51547e+22 
 175    5.5356395  5.29269e+22 
 176    5.6568542  6.67045e+22 
 177    5.7807232  1.10408e+23 
 178    5.9073046  1.33609e+23 
 179    6.0366577  1.40535e+23 
 180    6.1688433  1.79434e+23 
 181    6.3039234  2.15029e+23 
 182    6.4419613  2.59512e+23 
 183    6.5830219  3.24946e+23 
 184    6.7271713  3.51366e+23 
 185    6.8744772  3.68513e+23 
 186    7.0250086  4.24673e+23 
 187    7.1788363  4.67940e+23 
 188    7.3360323  5.04811e+23 
 189    7.4966705  5.53062e+23 


# S-band (filter: Spitzer_IRAC2.dat)
   0    0.1250000  2.21678e+28 
   1    0.1277371  2.25556e+28 
   2    0.1305342  2.29519e+28 
   3    0.1333926  2.33568e+28 
   4    0.1363135  2.32120e+28 
   5    0.1392983  2.33625e+28 
   6    0.1423486  2.37828e+28 
   7    0.1454656  2.37551e+28 
   8    0.1486509  2.34669e+28 
   9    0.1519059  2.35934e+28 
  10    0.1552322  2.32634e+28 
  11    0.1586314  2.30326e+28 
  12    0.1621049  2.23971e+28 
  13    0.1656546  2.15438e+28 
  14    0.1692819  2.07579e+28 
  15    0.1729887  2.00853e+28 
  16    0.1767767  1.95996e+28 
  17    0.1806476  1.86769e+28 
  18    0.1846033  1.74627e+28 
  19    0.1886456  1.63879e+28 
  20    0.1927764  1.53949e+28 
  21    0.1969976  1.44196e+28 
  22    0.2013113  1.36378e+28 
  23    0.2057194  1.26888e+28 
  24    0.2102241  1.17482e+28 
  25    0.2148274  1.09246e+28 
  26    0.2195315  1.02051e+28 
  27    0.2243386  9.44419e+27 
  28    0.2292510  8.60192e+27 
  29    0.2342710  7.98988e+27 
  30    0.2394008  7.48836e+27 
  31    0.2446430  6.96896e+27 
  32    0.2500000  6.48175e+27 
  33    0.2554743  5.97263e+27 
  34    0.2610684  5.53597e+27 
  35    0.2667851  5.12921e+27 
  36    0.2726269  4.76628e+27 
  37    0.2785967  4.48806e+27 
  38    0.2846972  4.14909e+27 
  39    0.2909312  3.86401e+27 
  40    0.2973018  3.59453e+27 
  41    0.3038118  3.29001e+27 
  42    0.3104645  3.03581e+27 
  43    0.3172627  2.76140e+27 
  44    0.3242099  2.50853e+27 
  45    0.3313092  2.29078e+27 
  46    0.3385639  2.07447e+27 
  47    0.3459775  1.89748e+27 
  48    0.3535534  1.71608e+27 
  49    0.3612952  1.56310e+27 
  50    0.3692065  1.43352e+27 
  51    0.3772911  1.32733e+27 
  52    0.3855527  1.23195e+27 
  53    0.3939952  1.12371e+27 
  54    0.4026226  1.01905e+27 
  55    0.4114389  9.34567e+26 
  56    0.4204482  8.98613e+26 
  57    0.4296548  8.09704e+26 
  58    0.4390630  7.39258e+26 
  59    0.4486773  6.96025e+26 
  60    0.4585020  6.31879e+26 
  61    0.4685419  5.85372e+26 
  62    0.4788016  5.29381e+26 
  63    0.4892860  4.72454e+26 
  64    0.5000000  4.38632e+26 
  65    0.5109486  4.12225e+26 
  66    0.5221369  3.83928e+26 
  67    0.5335702  3.47304e+26 
  68    0.5452539  3.15913e+26 
  69    0.5571934  2.99808e+26 
  70    0.5693943  2.71654e+26 
  71    0.5818624  2.46838e+26 
  72    0.5946036  2.31084e+26 
  73    0.6076237  2.09561e+26 
  74    0.6209289  1.88426e+26 
  75    0.6345255  1.69307e+26 
  76    0.6484198  1.55879e+26 
  77    0.6626183  1.37242e+26 
  78    0.6771278  1.26275e+26 
  79    0.6919549  1.15578e+26 
  80    0.7071068  1.01368e+26 
  81    0.7225904  9.10749e+25 
  82    0.7384131  8.21811e+25 
  83    0.7545822  7.01055e+25 
  84    0.7711054  6.48564e+25 
  85    0.7879904  5.89090e+25 
  86    0.8052452  5.79376e+25 
  87    0.8228777  5.18890e+25 
  88    0.8408964  4.45006e+25 
  89    0.8593096  4.28267e+25 
  90    0.8781261  3.84180e+25 
  91    0.8973545  3.55241e+25 
  92    0.9170040  3.38832e+25 
  93    0.9370838  2.94907e+25 
  94    0.9576033  2.80992e+25 
  95    0.9785721  2.64343e+25 
  96    1.0000000  2.35826e+25 
  97    1.0218971  2.25082e+25 
  98    1.0442738  1.96820e+25 
  99    1.0671404  1.75006e+25 
 100    1.0905077  1.64263e+25 
 101    1.1143867  1.47919e+25 
 102    1.1387886  1.30636e+25 
 103    1.1637249  1.24562e+25 
 104    1.1892071  1.05157e+25 
 105    1.2152474  9.69155e+24 
 106    1.2418578  9.64454e+24 
 107    1.2690510  8.62203e+24 
 108    1.2968396  8.04627e+24 
 109    1.3252366  6.97608e+24 
 110    1.3542555  6.44324e+24 
 111    1.3839099  5.71582e+24 
 112    1.4142136  5.32816e+24 
 113    1.4451808  4.31913e+24 
 114    1.4768261  3.88418e+24 
 115    1.5091644  3.36712e+24 
 116    1.5422108  3.21065e+24 
 117    1.5759808  3.27645e+24 
 118    1.6104903  2.54035e+24 
 119    1.6457555  2.22574e+24 
 120    1.6817928  2.06087e+24 
 121    1.7186193  1.76180e+24 
 122    1.7562522  1.42916e+24 
 123    1.7947091  1.42513e+24 
 124    1.8340081  1.31328e+24 
 125    1.8741676  1.22503e+24 
 126    1.9152066  1.03095e+24 
 127    1.9571441  8.48142e+23 
 128    2.0000000  7.16659e+23 
 129    2.0437943  5.05745e+23 
 130    2.0885476  4.43583e+23 
 131    2.1342808  3.26675e+23 
 132    2.1810155  2.61669e+23 
 133    2.2287735  2.25561e+23 
 134    2.2775773  1.80510e+23 
 135    2.3274497  7.15721e+22 
 136    2.3784142  4.96621e+19 
 137    2.4304947  1.02264e+17 
 138    2.4837156  1.47181e+14 
 139    2.5381019  0.00000e+00 
 140    2.5936791  0.00000e+00 
 141    2.6504733  0.00000e+00 
 142    2.7085111  0.00000e+00 
 143    2.7678198  0.00000e+00 
 144    2.8284271  0.00000e+00 
 145    2.8903616  0.00000e+00 
 146    2.9536523  0.00000e+00 
 147    3.0183289  0.00000e+00 
 148    3.0844217  0.00000e+00 
 149    3.1519617  0.00000e+00 
 150    3.2209807  0.00000e+00 
 151    3.2915110  1.90546e+17 
 152    3.3635857  1.71524e+17 
 153    3.4372386  1.90963e+17 
 154    3.5125043  1.73373e+17 
 155    3.5894182  1.62457e+17 
 156    3.6680162  1.64637e+17 
 157    3.7483353  1.55117e+17 
 158    3.8304131  1.51839e+17 
 159    3.9142882  1.37831e+17 
 160    4.0000000  1.35913e+17 
 161    4.0875886  1.39830e+17 
 162    4.1770951  1.10640e+17 
 163    4.2685616  0.00000e+00 
 164    4.3620309  0.00000e+00 
 165    4.4575470  0.00000e+00 
 166    4.5551545  0.00000e+00 
 167    4.6548994  9.98881e+15 
 168    4.7568285  2.33439e+16 
 169    4.8609894  4.65586e+16 
 170    4.9674312  5.39333e+16 
 171    5.0762038  7.72327e+16 
 172    5.1873582  1.19415e+17 
 173    5.3009466  1.64118e+17 
 174    5.4170222  4.64731e+17 
 175    5.5356395  6.14190e+17 
 176    5.6568542  9.67125e+18 
 177    5.7807232  9.20376e+18 
 178    5.9073046  8.70429e+21 
 179    6.0366577  7.73311e+21 
 180    6.1688433  1.32191e+22 
 181    6.3039234  1.45044e+22 
 182    6.4419613  1.31769e+22 
 183    6.5830219  2.29771e+22 
 184    6.7271713  2.42811e+22 
 185    6.8744772  4.14741e+22 
 186    7.0250086  5.07998e+22 
 187    7.1788363  6.11173e+22 
 188    7.3360323  7.21024e+22 
 189    7.4966705  8.24491e+22 


