# 1:iteration 2:time bin[s] 3-k:equiv. isotropic luminosity in k-th angular bin [erg/s]
# bolometric luminosity going in angular bin
   0    0.1250000  8.23086e+40 
   1    0.1277371  8.30087e+40 
   2    0.1305342  8.37241e+40 
   3    0.1333926  8.44553e+40 
   4    0.1363135  8.50485e+40 
   5    0.1392983  8.55965e+40 
   6    0.1423486  8.59748e+40 
   7    0.1454656  8.62242e+40 
   8    0.1486509  8.63962e+40 
   9    0.1519059  8.64031e+40 
  10    0.1552322  8.62471e+40 
  11    0.1586314  8.59950e+40 
  12    0.1621049  8.55364e+40 
  13    0.1656546  8.49516e+40 
  14    0.1692819  8.42565e+40 
  15    0.1729887  8.34184e+40 
  16    0.1767767  8.24402e+40 
  17    0.1806476  8.13232e+40 
  18    0.1846033  8.00956e+40 
  19    0.1886456  7.87687e+40 
  20    0.1927764  7.73385e+40 
  21    0.1969976  7.58349e+40 
  22    0.2013113  7.42843e+40 
  23    0.2057194  7.26892e+40 
  24    0.2102241  7.10359e+40 
  25    0.2148274  6.93963e+40 
  26    0.2195315  6.77417e+40 
  27    0.2243386  6.60735e+40 
  28    0.2292510  6.44512e+40 
  29    0.2342710  6.28383e+40 
  30    0.2394008  6.12360e+40 
  31    0.2446430  5.96858e+40 
  32    0.2500000  5.81703e+40 
  33    0.2554743  5.66692e+40 
  34    0.2610684  5.52473e+40 
  35    0.2667851  5.38600e+40 
  36    0.2726269  5.25110e+40 
  37    0.2785967  5.12070e+40 
  38    0.2846972  4.99712e+40 
  39    0.2909312  4.87606e+40 
  40    0.2973018  4.76226e+40 
  41    0.3038118  4.65819e+40 
  42    0.3104645  4.55949e+40 
  43    0.3172627  4.46504e+40 
  44    0.3242099  4.37797e+40 
  45    0.3313092  4.29660e+40 
  46    0.3385639  4.22655e+40 
  47    0.3459775  4.17103e+40 
  48    0.3535534  4.12192e+40 
  49    0.3612952  4.07724e+40 
  50    0.3692065  4.04580e+40 
  51    0.3772911  4.02878e+40 
  52    0.3855527  4.01612e+40 
  53    0.3939952  4.02361e+40 
  54    0.4026226  4.04916e+40 
  55    0.4114389  4.08589e+40 
  56    0.4204482  4.15246e+40 
  57    0.4296548  4.24484e+40 
  58    0.4390630  4.35452e+40 
  59    0.4486773  4.48513e+40 
  60    0.4585020  4.65337e+40 
  61    0.4685419  4.84189e+40 
  62    0.4788016  5.05598e+40 
  63    0.4892860  5.30161e+40 
  64    0.5000000  5.54249e+40 
  65    0.5109486  5.79237e+40 
  66    0.5221369  6.00428e+40 
  67    0.5335702  6.11136e+40 
  68    0.5452539  6.24416e+40 
  69    0.5571934  6.31919e+40 
  70    0.5693943  6.39760e+40 
  71    0.5818624  6.44264e+40 
  72    0.5946036  6.49433e+40 
  73    0.6076237  6.55060e+40 
  74    0.6209289  6.55924e+40 
  75    0.6345255  6.59906e+40 
  76    0.6484198  6.63738e+40 
  77    0.6626183  6.69474e+40 
  78    0.6771278  6.77106e+40 
  79    0.6919549  6.91499e+40 
  80    0.7071068  7.08118e+40 
  81    0.7225904  7.26111e+40 
  82    0.7384131  7.45778e+40 
  83    0.7545822  7.66186e+40 
  84    0.7711054  7.87769e+40 
  85    0.7879904  8.09201e+40 
  86    0.8052452  8.31125e+40 
  87    0.8228777  8.53655e+40 
  88    0.8408964  8.75770e+40 
  89    0.8593096  8.96624e+40 
  90    0.8781261  9.17189e+40 
  91    0.8973545  9.35890e+40 
  92    0.9170040  9.44028e+40 
  93    0.9370838  9.52230e+40 
  94    0.9576033  9.53708e+40 
  95    0.9785721  9.55248e+40 
  96    1.0000000  9.54406e+40 
  97    1.0218971  9.53515e+40 
  98    1.0442738  9.51767e+40 
  99    1.0671404  9.46192e+40 
 100    1.0905077  9.42095e+40 
 101    1.1143867  9.37122e+40 
 102    1.1387886  9.28802e+40 
 103    1.1637249  9.23738e+40 
 104    1.1892071  9.19340e+40 
 105    1.2152474  9.15214e+40 
 106    1.2418578  9.11059e+40 
 107    1.2690510  9.05270e+40 
 108    1.2968396  8.98950e+40 
 109    1.3252366  8.91441e+40 
 110    1.3542555  8.83089e+40 
 111    1.3839099  8.73449e+40 
 112    1.4142136  8.62448e+40 
 113    1.4451808  8.50366e+40 
 114    1.4768261  8.37844e+40 
 115    1.5091644  8.25176e+40 
 116    1.5422108  8.12236e+40 
 117    1.5759808  7.99273e+40 
 118    1.6104903  7.85812e+40 
 119    1.6457555  7.72163e+40 
 120    1.6817928  7.57906e+40 
 121    1.7186193  7.43095e+40 
 122    1.7562522  7.27051e+40 
 123    1.7947091  7.09787e+40 
 124    1.8340081  6.90429e+40 
 125    1.8741676  6.69998e+40 
 126    1.9152066  6.45481e+40 
 127    1.9571441  6.18549e+40 
 128    2.0000000  5.90115e+40 
 129    2.0437943  5.59321e+40 
 130    2.0885476  5.27883e+40 
 131    2.1342808  4.94153e+40 
 132    2.1810155  4.61783e+40 
 133    2.2287735  4.29658e+40 
 134    2.2775773  3.96173e+40 
 135    2.3274497  3.65538e+40 
 136    2.3784142  3.35974e+40 
 137    2.4304947  3.07786e+40 
 138    2.4837156  2.82085e+40 
 139    2.5381019  2.58037e+40 
 140    2.5936791  2.35828e+40 
 141    2.6504733  2.15074e+40 
 142    2.7085111  1.95516e+40 
 143    2.7678198  1.76774e+40 
 144    2.8284271  1.58996e+40 
 145    2.8903616  1.41970e+40 
 146    2.9536523  1.25743e+40 
 147    3.0183289  1.09991e+40 
 148    3.0844217  9.56459e+39 
 149    3.1519617  8.23194e+39 
 150    3.2209807  6.95616e+39 
 151    3.2915110  5.85576e+39 
 152    3.3635857  4.86033e+39 
 153    3.4372386  3.95240e+39 
 154    3.5125043  3.19929e+39 
 155    3.5894182  2.54732e+39 
 156    3.6680162  1.99978e+39 
 157    3.7483353  1.56003e+39 
 158    3.8304131  1.20315e+39 
 159    3.9142882  9.19893e+38 
 160    4.0000000  6.99491e+38 
 161    4.0875886  5.25190e+38 
 162    4.1770951  3.92607e+38 
 163    4.2685616  2.91784e+38 
 164    4.3620309  2.14513e+38 
 165    4.4575470  1.58655e+38 
 166    4.5551545  1.16664e+38 
 167    4.6548994  8.56246e+37 
 168    4.7568285  6.43247e+37 
 169    4.8609894  4.83340e+37 
 170    4.9674312  3.69253e+37 
 171    5.0762038  2.86481e+37 
 172    5.1873582  2.28985e+37 
 173    5.3009466  1.84283e+37 
 174    5.4170222  1.50703e+37 
 175    5.5356395  1.25407e+37 
 176    5.6568542  1.05390e+37 
 177    5.7807232  8.95578e+36 
 178    5.9073046  7.77469e+36 
 179    6.0366577  6.83087e+36 
 180    6.1688433  6.06235e+36 
 181    6.3039234  5.46711e+36 
 182    6.4419613  4.96010e+36 
 183    6.5830219  4.53549e+36 
 184    6.7271713  4.17203e+36 
 185    6.8744772  3.85934e+36 
 186    7.0250086  3.55521e+36 
 187    7.1788363  3.27207e+36 
 188    7.3360323  3.00713e+36 
 189    7.4966705  2.76998e+36 


# g-band (filter: g_LSST.dat)
   0    0.1250000  1.45949e+26 
   1    0.1277371  1.45686e+26 
   2    0.1305342  1.45417e+26 
   3    0.1333926  1.45143e+26 
   4    0.1363135  1.44685e+26 
   5    0.1392983  1.43982e+26 
   6    0.1423486  1.42961e+26 
   7    0.1454656  1.41708e+26 
   8    0.1486509  1.40260e+26 
   9    0.1519059  1.38432e+26 
  10    0.1552322  1.36310e+26 
  11    0.1586314  1.34003e+26 
  12    0.1621049  1.31331e+26 
  13    0.1656546  1.28394e+26 
  14    0.1692819  1.25201e+26 
  15    0.1729887  1.21638e+26 
  16    0.1767767  1.17823e+26 
  17    0.1806476  1.13719e+26 
  18    0.1846033  1.09410e+26 
  19    0.1886456  1.04833e+26 
  20    0.1927764  1.00040e+26 
  21    0.1969976  9.50886e+25 
  22    0.2013113  9.00293e+25 
  23    0.2057194  8.48789e+25 
  24    0.2102241  7.96427e+25 
  25    0.2148274  7.44912e+25 
  26    0.2195315  6.93546e+25 
  27    0.2243386  6.42130e+25 
  28    0.2292510  5.92798e+25 
  29    0.2342710  5.45022e+25 
  30    0.2394008  4.98076e+25 
  31    0.2446430  4.54523e+25 
  32    0.2500000  4.13286e+25 
  33    0.2554743  3.73281e+25 
  34    0.2610684  3.36953e+25 
  35    0.2667851  3.02985e+25 
  36    0.2726269  2.71184e+25 
  37    0.2785967  2.41420e+25 
  38    0.2846972  2.14592e+25 
  39    0.2909312  1.89913e+25 
  40    0.2973018  1.67081e+25 
  41    0.3038118  1.46662e+25 
  42    0.3104645  1.28188e+25 
  43    0.3172627  1.11174e+25 
  44    0.3242099  9.65531e+24 
  45    0.3313092  8.36450e+24 
  46    0.3385639  7.19090e+24 
  47    0.3459775  6.20239e+24 
  48    0.3535534  5.33637e+24 
  49    0.3612952  4.57943e+24 
  50    0.3692065  3.95974e+24 
  51    0.3772911  3.42281e+24 
  52    0.3855527  2.98753e+24 
  53    0.3939952  2.63723e+24 
  54    0.4026226  2.33928e+24 
  55    0.4114389  2.09438e+24 
  56    0.4204482  1.89940e+24 
  57    0.4296548  1.73676e+24 
  58    0.4390630  1.61086e+24 
  59    0.4486773  1.51983e+24 
  60    0.4585020  1.47528e+24 
  61    0.4685419  1.48135e+24 
  62    0.4788016  1.51794e+24 
  63    0.4892860  1.64563e+24 
  64    0.5000000  1.86111e+24 
  65    0.5109486  2.13697e+24 
  66    0.5221369  2.68454e+24 
  67    0.5335702  3.59686e+24 
  68    0.5452539  4.70244e+24 
  69    0.5571934  6.65514e+24 
  70    0.5693943  8.97099e+24 
  71    0.5818624  1.15333e+25 
  72    0.5946036  1.46697e+25 
  73    0.6076237  1.81207e+25 
  74    0.6209289  2.19072e+25 
  75    0.6345255  2.58303e+25 
  76    0.6484198  2.99860e+25 
  77    0.6626183  3.45349e+25 
  78    0.6771278  3.89441e+25 
  79    0.6919549  4.35069e+25 
  80    0.7071068  4.80489e+25 
  81    0.7225904  5.24681e+25 
  82    0.7384131  5.69441e+25 
  83    0.7545822  6.12565e+25 
  84    0.7711054  6.55383e+25 
  85    0.7879904  6.96564e+25 
  86    0.8052452  7.37545e+25 
  87    0.8228777  7.78488e+25 
  88    0.8408964  8.19294e+25 
  89    0.8593096  8.59863e+25 
  90    0.8781261  8.98670e+25 
  91    0.8973545  9.31904e+25 
  92    0.9170040  9.60555e+25 
  93    0.9370838  9.87906e+25 
  94    0.9576033  1.00799e+26 
  95    0.9785721  1.02580e+26 
  96    1.0000000  1.04112e+26 
  97    1.0218971  1.05337e+26 
  98    1.0442738  1.06348e+26 
  99    1.0671404  1.06924e+26 
 100    1.0905077  1.07299e+26 
 101    1.1143867  1.07568e+26 
 102    1.1387886  1.07691e+26 
 103    1.1637249  1.07782e+26 
 104    1.1892071  1.07686e+26 
 105    1.2152474  1.07425e+26 
 106    1.2418578  1.07180e+26 
 107    1.2690510  1.06713e+26 
 108    1.2968396  1.06257e+26 
 109    1.3252366  1.05716e+26 
 110    1.3542555  1.05138e+26 
 111    1.3839099  1.04387e+26 
 112    1.4142136  1.03381e+26 
 113    1.4451808  1.02142e+26 
 114    1.4768261  1.00791e+26 
 115    1.5091644  9.95081e+25 
 116    1.5422108  9.81495e+25 
 117    1.5759808  9.67641e+25 
 118    1.6104903  9.52520e+25 
 119    1.6457555  9.36764e+25 
 120    1.6817928  9.18306e+25 
 121    1.7186193  8.97769e+25 
 122    1.7562522  8.71324e+25 
 123    1.7947091  8.39371e+25 
 124    1.8340081  8.00306e+25 
 125    1.8741676  7.58223e+25 
 126    1.9152066  7.05582e+25 
 127    1.9571441  6.48340e+25 
 128    2.0000000  5.86191e+25 
 129    2.0437943  5.23107e+25 
 130    2.0885476  4.60945e+25 
 131    2.1342808  3.92942e+25 
 132    2.1810155  3.34005e+25 
 133    2.2287735  2.78026e+25 
 134    2.2775773  2.22427e+25 
 135    2.3274497  1.76788e+25 
 136    2.3784142  1.36959e+25 
 137    2.4304947  1.04204e+25 
 138    2.4837156  7.82227e+24 
 139    2.5381019  5.77666e+24 
 140    2.5936791  4.30307e+24 
 141    2.6504733  3.17859e+24 
 142    2.7085111  2.35759e+24 
 143    2.7678198  1.74956e+24 
 144    2.8284271  1.29279e+24 
 145    2.8903616  9.38572e+23 
 146    2.9536523  6.64742e+23 
 147    3.0183289  4.75787e+23 
 148    3.0844217  3.30501e+23 
 149    3.1519617  2.25698e+23 
 150    3.2209807  1.58170e+23 
 151    3.2915110  1.07457e+23 
 152    3.3635857  7.29869e+22 
 153    3.4372386  5.04953e+22 
 154    3.5125043  3.33688e+22 
 155    3.5894182  2.11261e+22 
 156    3.6680162  1.37507e+22 
 157    3.7483353  8.60170e+21 
 158    3.8304131  5.34754e+21 
 159    3.9142882  3.37679e+21 
 160    4.0000000  2.06322e+21 
 161    4.0875886  1.21742e+21 
 162    4.1770951  7.63860e+20 
 163    4.2685616  4.32537e+20 
 164    4.3620309  2.23505e+20 
 165    4.4575470  1.25612e+20 
 166    4.5551545  7.28930e+19 
 167    4.6548994  4.40002e+19 
 168    4.7568285  2.70082e+19 
 169    4.8609894  1.44130e+19 
 170    4.9674312  5.42467e+18 
 171    5.0762038  2.43726e+18 
 172    5.1873582  1.47896e+18 
 173    5.3009466  7.78541e+17 
 174    5.4170222  4.49271e+17 
 175    5.5356395  2.71307e+17 
 176    5.6568542  1.58287e+17 
 177    5.7807232  9.94450e+16 
 178    5.9073046  5.95317e+16 
 179    6.0366577  3.54622e+16 
 180    6.1688433  2.21127e+16 
 181    6.3039234  1.54930e+16 
 182    6.4419613  7.38339e+15 
 183    6.5830219  1.91114e+15 
 184    6.7271713  1.55883e+15 
 185    6.8744772  1.37521e+15 
 186    7.0250086  1.28683e+15 
 187    7.1788363  7.48399e+14 
 188    7.3360323 -4.77558e+13 
 189    7.4966705  1.89675e+13 


# r-band (filter: r_LSST.dat)
   0    0.1250000  1.74190e+26 
   1    0.1277371  1.76211e+26 
   2    0.1305342  1.78278e+26 
   3    0.1333926  1.80389e+26 
   4    0.1363135  1.82316e+26 
   5    0.1392983  1.84040e+26 
   6    0.1423486  1.85469e+26 
   7    0.1454656  1.86641e+26 
   8    0.1486509  1.87617e+26 
   9    0.1519059  1.88352e+26 
  10    0.1552322  1.88840e+26 
  11    0.1586314  1.89164e+26 
  12    0.1621049  1.89137e+26 
  13    0.1656546  1.88894e+26 
  14    0.1692819  1.88462e+26 
  15    0.1729887  1.87727e+26 
  16    0.1767767  1.86686e+26 
  17    0.1806476  1.85456e+26 
  18    0.1846033  1.83935e+26 
  19    0.1886456  1.82196e+26 
  20    0.1927764  1.80219e+26 
  21    0.1969976  1.78046e+26 
  22    0.2013113  1.75629e+26 
  23    0.2057194  1.72993e+26 
  24    0.2102241  1.70168e+26 
  25    0.2148274  1.67159e+26 
  26    0.2195315  1.63961e+26 
  27    0.2243386  1.60686e+26 
  28    0.2292510  1.57296e+26 
  29    0.2342710  1.53784e+26 
  30    0.2394008  1.50201e+26 
  31    0.2446430  1.46422e+26 
  32    0.2500000  1.42581e+26 
  33    0.2554743  1.38702e+26 
  34    0.2610684  1.34898e+26 
  35    0.2667851  1.31055e+26 
  36    0.2726269  1.27139e+26 
  37    0.2785967  1.23328e+26 
  38    0.2846972  1.19656e+26 
  39    0.2909312  1.16093e+26 
  40    0.2973018  1.12789e+26 
  41    0.3038118  1.09891e+26 
  42    0.3104645  1.07119e+26 
  43    0.3172627  1.04492e+26 
  44    0.3242099  1.02026e+26 
  45    0.3313092  9.96994e+25 
  46    0.3385639  9.82199e+25 
  47    0.3459775  9.73969e+25 
  48    0.3535534  9.67551e+25 
  49    0.3612952  9.63348e+25 
  50    0.3692065  9.64468e+25 
  51    0.3772911  9.76513e+25 
  52    0.3855527  9.88347e+25 
  53    0.3939952  1.01104e+26 
  54    0.4026226  1.04112e+26 
  55    0.4114389  1.07889e+26 
  56    0.4204482  1.13158e+26 
  57    0.4296548  1.19828e+26 
  58    0.4390630  1.27560e+26 
  59    0.4486773  1.36715e+26 
  60    0.4585020  1.48929e+26 
  61    0.4685419  1.62555e+26 
  62    0.4788016  1.77687e+26 
  63    0.4892860  1.95425e+26 
  64    0.5000000  2.12744e+26 
  65    0.5109486  2.30799e+26 
  66    0.5221369  2.46989e+26 
  67    0.5335702  2.54035e+26 
  68    0.5452539  2.63187e+26 
  69    0.5571934  2.66930e+26 
  70    0.5693943  2.70535e+26 
  71    0.5818624  2.71319e+26 
  72    0.5946036  2.71330e+26 
  73    0.6076237  2.71007e+26 
  74    0.6209289  2.66431e+26 
  75    0.6345255  2.63336e+26 
  76    0.6484198  2.59512e+26 
  77    0.6626183  2.56066e+26 
  78    0.6771278  2.53243e+26 
  79    0.6919549  2.55315e+26 
  80    0.7071068  2.58912e+26 
  81    0.7225904  2.63028e+26 
  82    0.7384131  2.68197e+26 
  83    0.7545822  2.73897e+26 
  84    0.7711054  2.80170e+26 
  85    0.7879904  2.86444e+26 
  86    0.8052452  2.93091e+26 
  87    0.8228777  3.00057e+26 
  88    0.8408964  3.06822e+26 
  89    0.8593096  3.13116e+26 
  90    0.8781261  3.19368e+26 
  91    0.8973545  3.26112e+26 
  92    0.9170040  3.23965e+26 
  93    0.9370838  3.22325e+26 
  94    0.9576033  3.16059e+26 
  95    0.9785721  3.10448e+26 
  96    1.0000000  3.03701e+26 
  97    1.0218971  2.97768e+26 
  98    1.0442738  2.91912e+26 
  99    1.0671404  2.83603e+26 
 100    1.0905077  2.77608e+26 
 101    1.1143867  2.71037e+26 
 102    1.1387886  2.61909e+26 
 103    1.1637249  2.56039e+26 
 104    1.1892071  2.51614e+26 
 105    1.2152474  2.48203e+26 
 106    1.2418578  2.45204e+26 
 107    1.2690510  2.41581e+26 
 108    1.2968396  2.37763e+26 
 109    1.3252366  2.33313e+26 
 110    1.3542555  2.28628e+26 
 111    1.3839099  2.23416e+26 
 112    1.4142136  2.17667e+26 
 113    1.4451808  2.11784e+26 
 114    1.4768261  2.05812e+26 
 115    1.5091644  1.99841e+26 
 116    1.5422108  1.94048e+26 
 117    1.5759808  1.88354e+26 
 118    1.6104903  1.82621e+26 
 119    1.6457555  1.77132e+26 
 120    1.6817928  1.71677e+26 
 121    1.7186193  1.66287e+26 
 122    1.7562522  1.61111e+26 
 123    1.7947091  1.56069e+26 
 124    1.8340081  1.50689e+26 
 125    1.8741676  1.45144e+26 
 126    1.9152066  1.38558e+26 
 127    1.9571441  1.31221e+26 
 128    2.0000000  1.23753e+26 
 129    2.0437943  1.15292e+26 
 130    2.0885476  1.06651e+26 
 131    2.1342808  9.74890e+25 
 132    2.1810155  8.86631e+25 
 133    2.2287735  7.99567e+25 
 134    2.2775773  7.05909e+25 
 135    2.3274497  6.22034e+25 
 136    2.3784142  5.40489e+25 
 137    2.4304947  4.62945e+25 
 138    2.4837156  3.95328e+25 
 139    2.5381019  3.34801e+25 
 140    2.5936791  2.81630e+25 
 141    2.6504733  2.36171e+25 
 142    2.7085111  1.97191e+25 
 143    2.7678198  1.62407e+25 
 144    2.8284271  1.33525e+25 
 145    2.8903616  1.08599e+25 
 146    2.9536523  8.68693e+24 
 147    3.0183289  6.84140e+24 
 148    3.0844217  5.34458e+24 
 149    3.1519617  4.09982e+24 
 150    3.2209807  3.10460e+24 
 151    3.2915110  2.31639e+24 
 152    3.3635857  1.69567e+24 
 153    3.4372386  1.24499e+24 
 154    3.5125043  8.99824e+23 
 155    3.5894182  6.41368e+23 
 156    3.6680162  4.59246e+23 
 157    3.7483353  3.22005e+23 
 158    3.8304131  2.22418e+23 
 159    3.9142882  1.55842e+23 
 160    4.0000000  1.06613e+23 
 161    4.0875886  7.20977e+22 
 162    4.1770951  4.97084e+22 
 163    4.2685616  3.34191e+22 
 164    4.3620309  2.19806e+22 
 165    4.4575470  1.48604e+22 
 166    4.5551545  9.53095e+21 
 167    4.6548994  5.97093e+21 
 168    4.7568285  3.90546e+21 
 169    4.8609894  2.44442e+21 
 170    4.9674312  1.39893e+21 
 171    5.0762038  8.44972e+20 
 172    5.1873582  5.14248e+20 
 173    5.3009466  2.87493e+20 
 174    5.4170222  1.41436e+20 
 175    5.5356395  8.25474e+19 
 176    5.6568542  4.26585e+19 
 177    5.7807232  2.15603e+19 
 178    5.9073046  1.34805e+19 
 179    6.0366577  8.42158e+18 
 180    6.1688433  5.22036e+18 
 181    6.3039234  3.36562e+18 
 182    6.4419613  2.16494e+18 
 183    6.5830219  1.37604e+18 
 184    6.7271713  8.71901e+17 
 185    6.8744772  5.51158e+17 
 186    7.0250086  3.02051e+17 
 187    7.1788363  1.65087e+17 
 188    7.3360323  7.07847e+16 
 189    7.4966705  2.67333e+16 


# i-band (filter: i_LSST.dat)
   0    0.1250000  1.30055e+26 
   1    0.1277371  1.32332e+26 
   2    0.1305342  1.34660e+26 
   3    0.1333926  1.37039e+26 
   4    0.1363135  1.39170e+26 
   5    0.1392983  1.41084e+26 
   6    0.1423486  1.42641e+26 
   7    0.1454656  1.43842e+26 
   8    0.1486509  1.44844e+26 
   9    0.1519059  1.45398e+26 
  10    0.1552322  1.45676e+26 
  11    0.1586314  1.45754e+26 
  12    0.1621049  1.45448e+26 
  13    0.1656546  1.44878e+26 
  14    0.1692819  1.43968e+26 
  15    0.1729887  1.42811e+26 
  16    0.1767767  1.41182e+26 
  17    0.1806476  1.39326e+26 
  18    0.1846033  1.37218e+26 
  19    0.1886456  1.34898e+26 
  20    0.1927764  1.32383e+26 
  21    0.1969976  1.29698e+26 
  22    0.2013113  1.27117e+26 
  23    0.2057194  1.24506e+26 
  24    0.2102241  1.21732e+26 
  25    0.2148274  1.19204e+26 
  26    0.2195315  1.16760e+26 
  27    0.2243386  1.14384e+26 
  28    0.2292510  1.12315e+26 
  29    0.2342710  1.10364e+26 
  30    0.2394008  1.08574e+26 
  31    0.2446430  1.07029e+26 
  32    0.2500000  1.05680e+26 
  33    0.2554743  1.04455e+26 
  34    0.2610684  1.03423e+26 
  35    0.2667851  1.02571e+26 
  36    0.2726269  1.01900e+26 
  37    0.2785967  1.01421e+26 
  38    0.2846972  1.01190e+26 
  39    0.2909312  1.00893e+26 
  40    0.2973018  1.00846e+26 
  41    0.3038118  1.00986e+26 
  42    0.3104645  1.01297e+26 
  43    0.3172627  1.01752e+26 
  44    0.3242099  1.02551e+26 
  45    0.3313092  1.03433e+26 
  46    0.3385639  1.04493e+26 
  47    0.3459775  1.05897e+26 
  48    0.3535534  1.07510e+26 
  49    0.3612952  1.09174e+26 
  50    0.3692065  1.11062e+26 
  51    0.3772911  1.13122e+26 
  52    0.3855527  1.15460e+26 
  53    0.3939952  1.18443e+26 
  54    0.4026226  1.22033e+26 
  55    0.4114389  1.25813e+26 
  56    0.4204482  1.30369e+26 
  57    0.4296548  1.35658e+26 
  58    0.4390630  1.41144e+26 
  59    0.4486773  1.46981e+26 
  60    0.4585020  1.52755e+26 
  61    0.4685419  1.58347e+26 
  62    0.4788016  1.64495e+26 
  63    0.4892860  1.70046e+26 
  64    0.5000000  1.74670e+26 
  65    0.5109486  1.79043e+26 
  66    0.5221369  1.81627e+26 
  67    0.5335702  1.82955e+26 
  68    0.5452539  1.83443e+26 
  69    0.5571934  1.82113e+26 
  70    0.5693943  1.79795e+26 
  71    0.5818624  1.76498e+26 
  72    0.5946036  1.72492e+26 
  73    0.6076237  1.68058e+26 
  74    0.6209289  1.62617e+26 
  75    0.6345255  1.57239e+26 
  76    0.6484198  1.51898e+26 
  77    0.6626183  1.46222e+26 
  78    0.6771278  1.41109e+26 
  79    0.6919549  1.36310e+26 
  80    0.7071068  1.31780e+26 
  81    0.7225904  1.27655e+26 
  82    0.7384131  1.23914e+26 
  83    0.7545822  1.20445e+26 
  84    0.7711054  1.17312e+26 
  85    0.7879904  1.14415e+26 
  86    0.8052452  1.11765e+26 
  87    0.8228777  1.09280e+26 
  88    0.8408964  1.06829e+26 
  89    0.8593096  1.03790e+26 
  90    0.8781261  1.00553e+26 
  91    0.8973545  9.61796e+25 
  92    0.9170040  9.17852e+25 
  93    0.9370838  8.74036e+25 
  94    0.9576033  8.33108e+25 
  95    0.9785721  7.96424e+25 
  96    1.0000000  7.54689e+25 
  97    1.0218971  7.22518e+25 
  98    1.0442738  6.91486e+25 
  99    1.0671404  6.59041e+25 
 100    1.0905077  6.32169e+25 
 101    1.1143867  6.09573e+25 
 102    1.1387886  5.93594e+25 
 103    1.1637249  5.84541e+25 
 104    1.1892071  5.76870e+25 
 105    1.2152474  5.70449e+25 
 106    1.2418578  5.64238e+25 
 107    1.2690510  5.57586e+25 
 108    1.2968396  5.51178e+25 
 109    1.3252366  5.44573e+25 
 110    1.3542555  5.37850e+25 
 111    1.3839099  5.31073e+25 
 112    1.4142136  5.23634e+25 
 113    1.4451808  5.16381e+25 
 114    1.4768261  5.09321e+25 
 115    1.5091644  5.02204e+25 
 116    1.5422108  4.95222e+25 
 117    1.5759808  4.88777e+25 
 118    1.6104903  4.82353e+25 
 119    1.6457555  4.75914e+25 
 120    1.6817928  4.69698e+25 
 121    1.7186193  4.63500e+25 
 122    1.7562522  4.57465e+25 
 123    1.7947091  4.51477e+25 
 124    1.8340081  4.45834e+25 
 125    1.8741676  4.39905e+25 
 126    1.9152066  4.33047e+25 
 127    1.9571441  4.26015e+25 
 128    2.0000000  4.18778e+25 
 129    2.0437943  4.11007e+25 
 130    2.0885476  4.03096e+25 
 131    2.1342808  3.94973e+25 
 132    2.1810155  3.87205e+25 
 133    2.2287735  3.80019e+25 
 134    2.2775773  3.72563e+25 
 135    2.3274497  3.66581e+25 
 136    2.3784142  3.61035e+25 
 137    2.4304947  3.55692e+25 
 138    2.4837156  3.50102e+25 
 139    2.5381019  3.42889e+25 
 140    2.5936791  3.35987e+25 
 141    2.6504733  3.25031e+25 
 142    2.7085111  3.11377e+25 
 143    2.7678198  2.96860e+25 
 144    2.8284271  2.77566e+25 
 145    2.8903616  2.56829e+25 
 146    2.9536523  2.35164e+25 
 147    3.0183289  2.10240e+25 
 148    3.0844217  1.86365e+25 
 149    3.1519617  1.62378e+25 
 150    3.2209807  1.36966e+25 
 151    3.2915110  1.14938e+25 
 152    3.3635857  9.42199e+24 
 153    3.4372386  7.50753e+24 
 154    3.5125043  5.93747e+24 
 155    3.5894182  4.61061e+24 
 156    3.6680162  3.53190e+24 
 157    3.7483353  2.67980e+24 
 158    3.8304131  1.99934e+24 
 159    3.9142882  1.47725e+24 
 160    4.0000000  1.07639e+24 
 161    4.0875886  7.69221e+23 
 162    4.1770951  5.51378e+23 
 163    4.2685616  3.88822e+23 
 164    4.3620309  2.68490e+23 
 165    4.4575470  1.86681e+23 
 166    4.5551545  1.25813e+23 
 167    4.6548994  8.41227e+22 
 168    4.7568285  5.69587e+22 
 169    4.8609894  3.73313e+22 
 170    4.9674312  2.41245e+22 
 171    5.0762038  1.55015e+22 
 172    5.1873582  1.02222e+22 
 173    5.3009466  6.34356e+21 
 174    5.4170222  3.84298e+21 
 175    5.5356395  2.52984e+21 
 176    5.6568542  1.53867e+21 
 177    5.7807232  9.07181e+20 
 178    5.9073046  5.75121e+20 
 179    6.0366577  3.18100e+20 
 180    6.1688433  1.76486e+20 
 181    6.3039234  1.11929e+20 
 182    6.4419613  6.61337e+19 
 183    6.5830219  3.08434e+19 
 184    6.7271713  2.15410e+19 
 185    6.8744772  1.05234e+19 
 186    7.0250086  6.96591e+18 
 187    7.1788363  2.62195e+18 
 188    7.3360323  1.19663e+18 
 189    7.4966705  4.21133e+17 


# z-band (filter: z_LSST.dat)
   0    0.1250000  1.15898e+26 
   1    0.1277371  1.17468e+26 
   2    0.1305342  1.19073e+26 
   3    0.1333926  1.20713e+26 
   4    0.1363135  1.22163e+26 
   5    0.1392983  1.23495e+26 
   6    0.1423486  1.24410e+26 
   7    0.1454656  1.25074e+26 
   8    0.1486509  1.25474e+26 
   9    0.1519059  1.25427e+26 
  10    0.1552322  1.24995e+26 
  11    0.1586314  1.24218e+26 
  12    0.1621049  1.22740e+26 
  13    0.1656546  1.20815e+26 
  14    0.1692819  1.18375e+26 
  15    0.1729887  1.15503e+26 
  16    0.1767767  1.12178e+26 
  17    0.1806476  1.08360e+26 
  18    0.1846033  1.04189e+26 
  19    0.1886456  9.98386e+25 
  20    0.1927764  9.53890e+25 
  21    0.1969976  9.06253e+25 
  22    0.2013113  8.60454e+25 
  23    0.2057194  8.15698e+25 
  24    0.2102241  7.71315e+25 
  25    0.2148274  7.30421e+25 
  26    0.2195315  6.93161e+25 
  27    0.2243386  6.57153e+25 
  28    0.2292510  6.24755e+25 
  29    0.2342710  5.95573e+25 
  30    0.2394008  5.68760e+25 
  31    0.2446430  5.44946e+25 
  32    0.2500000  5.22903e+25 
  33    0.2554743  5.02556e+25 
  34    0.2610684  4.83976e+25 
  35    0.2667851  4.67159e+25 
  36    0.2726269  4.51356e+25 
  37    0.2785967  4.36059e+25 
  38    0.2846972  4.22006e+25 
  39    0.2909312  4.08799e+25 
  40    0.2973018  3.96094e+25 
  41    0.3038118  3.84541e+25 
  42    0.3104645  3.73793e+25 
  43    0.3172627  3.63565e+25 
  44    0.3242099  3.55268e+25 
  45    0.3313092  3.47768e+25 
  46    0.3385639  3.41348e+25 
  47    0.3459775  3.37060e+25 
  48    0.3535534  3.34627e+25 
  49    0.3612952  3.33049e+25 
  50    0.3692065  3.34134e+25 
  51    0.3772911  3.37461e+25 
  52    0.3855527  3.42422e+25 
  53    0.3939952  3.51306e+25 
  54    0.4026226  3.63119e+25 
  55    0.4114389  3.77410e+25 
  56    0.4204482  3.95694e+25 
  57    0.4296548  4.17040e+25 
  58    0.4390630  4.39000e+25 
  59    0.4486773  4.63269e+25 
  60    0.4585020  4.86917e+25 
  61    0.4685419  5.10502e+25 
  62    0.4788016  5.35673e+25 
  63    0.4892860  5.56380e+25 
  64    0.5000000  5.74227e+25 
  65    0.5109486  5.91133e+25 
  66    0.5221369  6.02436e+25 
  67    0.5335702  6.09569e+25 
  68    0.5452539  6.14272e+25 
  69    0.5571934  6.15373e+25 
  70    0.5693943  6.16312e+25 
  71    0.5818624  6.14734e+25 
  72    0.5946036  6.15160e+25 
  73    0.6076237  6.16201e+25 
  74    0.6209289  6.17449e+25 
  75    0.6345255  6.22857e+25 
  76    0.6484198  6.29935e+25 
  77    0.6626183  6.39421e+25 
  78    0.6771278  6.50334e+25 
  79    0.6919549  6.63884e+25 
  80    0.7071068  6.79234e+25 
  81    0.7225904  6.97269e+25 
  82    0.7384131  7.14232e+25 
  83    0.7545822  7.31532e+25 
  84    0.7711054  7.48907e+25 
  85    0.7879904  7.66243e+25 
  86    0.8052452  7.81371e+25 
  87    0.8228777  7.96781e+25 
  88    0.8408964  8.09866e+25 
  89    0.8593096  8.19355e+25 
  90    0.8781261  8.28388e+25 
  91    0.8973545  8.32984e+25 
  92    0.9170040  8.36997e+25 
  93    0.9370838  8.38691e+25 
  94    0.9576033  8.40256e+25 
  95    0.9785721  8.39725e+25 
  96    1.0000000  8.37126e+25 
  97    1.0218971  8.32842e+25 
  98    1.0442738  8.27444e+25 
  99    1.0671404  8.20682e+25 
 100    1.0905077  8.11886e+25 
 101    1.1143867  8.03704e+25 
 102    1.1387886  7.95527e+25 
 103    1.1637249  7.86193e+25 
 104    1.1892071  7.75660e+25 
 105    1.2152474  7.64456e+25 
 106    1.2418578  7.51928e+25 
 107    1.2690510  7.38677e+25 
 108    1.2968396  7.25191e+25 
 109    1.3252366  7.11188e+25 
 110    1.3542555  6.96521e+25 
 111    1.3839099  6.81845e+25 
 112    1.4142136  6.67156e+25 
 113    1.4451808  6.52458e+25 
 114    1.4768261  6.37158e+25 
 115    1.5091644  6.21818e+25 
 116    1.5422108  6.06977e+25 
 117    1.5759808  5.92477e+25 
 118    1.6104903  5.78063e+25 
 119    1.6457555  5.64042e+25 
 120    1.6817928  5.50012e+25 
 121    1.7186193  5.36013e+25 
 122    1.7562522  5.22035e+25 
 123    1.7947091  5.07188e+25 
 124    1.8340081  4.90763e+25 
 125    1.8741676  4.74491e+25 
 126    1.9152066  4.56224e+25 
 127    1.9571441  4.37075e+25 
 128    2.0000000  4.17116e+25 
 129    2.0437943  3.96588e+25 
 130    2.0885476  3.76231e+25 
 131    2.1342808  3.54603e+25 
 132    2.1810155  3.34812e+25 
 133    2.2287735  3.15528e+25 
 134    2.2775773  2.96149e+25 
 135    2.3274497  2.79334e+25 
 136    2.3784142  2.64123e+25 
 137    2.4304947  2.50134e+25 
 138    2.4837156  2.38619e+25 
 139    2.5381019  2.28646e+25 
 140    2.5936791  2.20263e+25 
 141    2.6504733  2.13393e+25 
 142    2.7085111  2.07587e+25 
 143    2.7678198  2.02569e+25 
 144    2.8284271  1.97135e+25 
 145    2.8903616  1.90281e+25 
 146    2.9536523  1.82116e+25 
 147    3.0183289  1.73956e+25 
 148    3.0844217  1.63530e+25 
 149    3.1519617  1.52609e+25 
 150    3.2209807  1.40496e+25 
 151    3.2915110  1.28090e+25 
 152    3.3635857  1.15346e+25 
 153    3.4372386  1.00984e+25 
 154    3.5125043  8.77271e+24 
 155    3.5894182  7.45280e+24 
 156    3.6680162  6.16407e+24 
 157    3.7483353  5.07063e+24 
 158    3.8304131  4.11361e+24 
 159    3.9142882  3.25645e+24 
 160    4.0000000  2.56751e+24 
 161    4.0875886  1.98170e+24 
 162    4.1770951  1.49946e+24 
 163    4.2685616  1.12130e+24 
 164    4.3620309  8.23512e+23 
 165    4.4575470  5.99538e+23 
 166    4.5551545  4.33071e+23 
 167    4.6548994  3.07261e+23 
 168    4.7568285  2.18333e+23 
 169    4.8609894  1.52117e+23 
 170    4.9674312  1.04028e+23 
 171    5.0762038  7.03894e+22 
 172    5.1873582  4.76772e+22 
 173    5.3009466  3.11839e+22 
 174    5.4170222  2.03264e+22 
 175    5.5356395  1.32033e+22 
 176    5.6568542  8.07222e+21 
 177    5.7807232  4.71394e+21 
 178    5.9073046  2.89762e+21 
 179    6.0366577  1.63420e+21 
 180    6.1688433  8.68659e+20 
 181    6.3039234  5.43935e+20 
 182    6.4419613  2.75917e+20 
 183    6.5830219  1.42162e+20 
 184    6.7271713  8.67805e+19 
 185    6.8744772  4.43310e+19 
 186    7.0250086  2.13437e+19 
 187    7.1788363  9.64792e+18 
 188    7.3360323  3.40030e+18 
 189    7.4966705  1.32992e+18 


# y-band (filter: y_LSST.dat)
   0    0.1250000  1.14434e+26 
   1    0.1277371  1.18040e+26 
   2    0.1305342  1.21726e+26 
   3    0.1333926  1.25492e+26 
   4    0.1363135  1.29005e+26 
   5    0.1392983  1.32578e+26 
   6    0.1423486  1.35895e+26 
   7    0.1454656  1.38963e+26 
   8    0.1486509  1.42168e+26 
   9    0.1519059  1.44721e+26 
  10    0.1552322  1.46819e+26 
  11    0.1586314  1.48760e+26 
  12    0.1621049  1.50040e+26 
  13    0.1656546  1.50934e+26 
  14    0.1692819  1.51353e+26 
  15    0.1729887  1.51285e+26 
  16    0.1767767  1.50877e+26 
  17    0.1806476  1.50014e+26 
  18    0.1846033  1.48728e+26 
  19    0.1886456  1.46801e+26 
  20    0.1927764  1.44387e+26 
  21    0.1969976  1.41736e+26 
  22    0.2013113  1.38591e+26 
  23    0.2057194  1.35138e+26 
  24    0.2102241  1.31282e+26 
  25    0.2148274  1.27155e+26 
  26    0.2195315  1.22765e+26 
  27    0.2243386  1.18032e+26 
  28    0.2292510  1.13325e+26 
  29    0.2342710  1.08530e+26 
  30    0.2394008  1.03648e+26 
  31    0.2446430  9.90307e+25 
  32    0.2500000  9.44972e+25 
  33    0.2554743  9.00072e+25 
  34    0.2610684  8.58410e+25 
  35    0.2667851  8.18915e+25 
  36    0.2726269  7.80869e+25 
  37    0.2785967  7.45195e+25 
  38    0.2846972  7.12427e+25 
  39    0.2909312  6.81099e+25 
  40    0.2973018  6.51938e+25 
  41    0.3038118  6.25534e+25 
  42    0.3104645  5.99688e+25 
  43    0.3172627  5.75836e+25 
  44    0.3242099  5.53469e+25 
  45    0.3313092  5.32393e+25 
  46    0.3385639  5.12292e+25 
  47    0.3459775  4.93664e+25 
  48    0.3535534  4.76867e+25 
  49    0.3612952  4.60261e+25 
  50    0.3692065  4.45048e+25 
  51    0.3772911  4.30997e+25 
  52    0.3855527  4.17318e+25 
  53    0.3939952  4.04577e+25 
  54    0.4026226  3.92934e+25 
  55    0.4114389  3.81939e+25 
  56    0.4204482  3.72615e+25 
  57    0.4296548  3.64590e+25 
  58    0.4390630  3.58091e+25 
  59    0.4486773  3.52367e+25 
  60    0.4585020  3.49088e+25 
  61    0.4685419  3.47316e+25 
  62    0.4788016  3.47489e+25 
  63    0.4892860  3.51221e+25 
  64    0.5000000  3.57639e+25 
  65    0.5109486  3.66483e+25 
  66    0.5221369  3.80002e+25 
  67    0.5335702  3.96257e+25 
  68    0.5452539  4.17140e+25 
  69    0.5571934  4.44281e+25 
  70    0.5693943  4.76888e+25 
  71    0.5818624  5.12837e+25 
  72    0.5946036  5.56403e+25 
  73    0.6076237  6.04901e+25 
  74    0.6209289  6.57764e+25 
  75    0.6345255  7.15822e+25 
  76    0.6484198  7.77397e+25 
  77    0.6626183  8.43173e+25 
  78    0.6771278  9.09361e+25 
  79    0.6919549  9.78245e+25 
  80    0.7071068  1.04554e+26 
  81    0.7225904  1.11492e+26 
  82    0.7384131  1.18094e+26 
  83    0.7545822  1.24527e+26 
  84    0.7711054  1.30799e+26 
  85    0.7879904  1.36666e+26 
  86    0.8052452  1.42239e+26 
  87    0.8228777  1.47559e+26 
  88    0.8408964  1.52471e+26 
  89    0.8593096  1.57088e+26 
  90    0.8781261  1.61503e+26 
  91    0.8973545  1.65678e+26 
  92    0.9170040  1.69734e+26 
  93    0.9370838  1.73507e+26 
  94    0.9576033  1.76803e+26 
  95    0.9785721  1.79535e+26 
  96    1.0000000  1.82091e+26 
  97    1.0218971  1.83672e+26 
  98    1.0442738  1.84809e+26 
  99    1.0671404  1.85814e+26 
 100    1.0905077  1.85942e+26 
 101    1.1143867  1.85859e+26 
 102    1.1387886  1.85402e+26 
 103    1.1637249  1.84255e+26 
 104    1.1892071  1.82826e+26 
 105    1.2152474  1.80909e+26 
 106    1.2418578  1.78741e+26 
 107    1.2690510  1.76372e+26 
 108    1.2968396  1.73734e+26 
 109    1.3252366  1.71028e+26 
 110    1.3542555  1.68122e+26 
 111    1.3839099  1.64988e+26 
 112    1.4142136  1.61768e+26 
 113    1.4451808  1.58359e+26 
 114    1.4768261  1.54889e+26 
 115    1.5091644  1.51319e+26 
 116    1.5422108  1.47771e+26 
 117    1.5759808  1.44233e+26 
 118    1.6104903  1.40540e+26 
 119    1.6457555  1.36814e+26 
 120    1.6817928  1.33088e+26 
 121    1.7186193  1.29270e+26 
 122    1.7562522  1.25207e+26 
 123    1.7947091  1.20972e+26 
 124    1.8340081  1.16433e+26 
 125    1.8741676  1.11662e+26 
 126    1.9152066  1.06250e+26 
 127    1.9571441  1.00149e+26 
 128    2.0000000  9.37917e+25 
 129    2.0437943  8.67226e+25 
 130    2.0885476  7.94626e+25 
 131    2.1342808  7.17607e+25 
 132    2.1810155  6.42517e+25 
 133    2.2287735  5.69396e+25 
 134    2.2775773  4.93482e+25 
 135    2.3274497  4.27030e+25 
 136    2.3784142  3.64749e+25 
 137    2.4304947  3.04888e+25 
 138    2.4837156  2.55463e+25 
 139    2.5381019  2.12714e+25 
 140    2.5936791  1.76395e+25 
 141    2.6504733  1.47854e+25 
 142    2.7085111  1.24827e+25 
 143    2.7678198  1.07196e+25 
 144    2.8284271  9.35235e+24 
 145    2.8903616  8.29185e+24 
 146    2.9536523  7.46987e+24 
 147    3.0183289  6.85356e+24 
 148    3.0844217  6.31704e+24 
 149    3.1519617  5.86236e+24 
 150    3.2209807  5.47875e+24 
 151    3.2915110  5.11035e+24 
 152    3.3635857  4.75667e+24 
 153    3.4372386  4.40367e+24 
 154    3.5125043  4.03984e+24 
 155    3.5894182  3.66901e+24 
 156    3.6680162  3.28802e+24 
 157    3.7483353  2.90909e+24 
 158    3.8304131  2.54413e+24 
 159    3.9142882  2.17644e+24 
 160    4.0000000  1.85413e+24 
 161    4.0875886  1.55787e+24 
 162    4.1770951  1.26522e+24 
 163    4.2685616  1.02481e+24 
 164    4.3620309  8.07624e+23 
 165    4.4575470  6.21791e+23 
 166    4.5551545  4.75133e+23 
 167    4.6548994  3.55251e+23 
 168    4.7568285  2.64579e+23 
 169    4.8609894  1.96446e+23 
 170    4.9674312  1.44550e+23 
 171    5.0762038  1.04721e+23 
 172    5.1873582  7.61601e+22 
 173    5.3009466  5.41722e+22 
 174    5.4170222  3.77672e+22 
 175    5.5356395  2.60044e+22 
 176    5.6568542  1.71962e+22 
 177    5.7807232  1.06694e+22 
 178    5.9073046  6.74200e+21 
 179    6.0366577  4.09113e+21 
 180    6.1688433  2.29173e+21 
 181    6.3039234  1.38709e+21 
 182    6.4419613  7.52119e+20 
 183    6.5830219  4.05864e+20 
 184    6.7271713  2.19227e+20 
 185    6.8744772  1.25492e+20 
 186    7.0250086  4.81660e+19 
 187    7.1788363  2.03643e+19 
 188    7.3360323  7.10542e+18 
 189    7.4966705  2.90797e+18 


# J-band (filter: J_2MASS.dat)
   0    0.1250000  8.16721e+25 
   1    0.1277371  8.47186e+25 
   2    0.1305342  8.78319e+25 
   3    0.1333926  9.10133e+25 
   4    0.1363135  9.39413e+25 
   5    0.1392983  9.70126e+25 
   6    0.1423486  1.00174e+26 
   7    0.1454656  1.03425e+26 
   8    0.1486509  1.06606e+26 
   9    0.1519059  1.10002e+26 
  10    0.1552322  1.13528e+26 
  11    0.1586314  1.16948e+26 
  12    0.1621049  1.20703e+26 
  13    0.1656546  1.24502e+26 
  14    0.1692819  1.28579e+26 
  15    0.1729887  1.32840e+26 
  16    0.1767767  1.37241e+26 
  17    0.1806476  1.41762e+26 
  18    0.1846033  1.46392e+26 
  19    0.1886456  1.51046e+26 
  20    0.1927764  1.55908e+26 
  21    0.1969976  1.60887e+26 
  22    0.2013113  1.65681e+26 
  23    0.2057194  1.70358e+26 
  24    0.2102241  1.75104e+26 
  25    0.2148274  1.79460e+26 
  26    0.2195315  1.83793e+26 
  27    0.2243386  1.88022e+26 
  28    0.2292510  1.91782e+26 
  29    0.2342710  1.95144e+26 
  30    0.2394008  1.98366e+26 
  31    0.2446430  2.01260e+26 
  32    0.2500000  2.03688e+26 
  33    0.2554743  2.05885e+26 
  34    0.2610684  2.07606e+26 
  35    0.2667851  2.08812e+26 
  36    0.2726269  2.09777e+26 
  37    0.2785967  2.10385e+26 
  38    0.2846972  2.10277e+26 
  39    0.2909312  2.09719e+26 
  40    0.2973018  2.08964e+26 
  41    0.3038118  2.07654e+26 
  42    0.3104645  2.05986e+26 
  43    0.3172627  2.03951e+26 
  44    0.3242099  2.01356e+26 
  45    0.3313092  1.98412e+26 
  46    0.3385639  1.95112e+26 
  47    0.3459775  1.91733e+26 
  48    0.3535534  1.88124e+26 
  49    0.3612952  1.84297e+26 
  50    0.3692065  1.80557e+26 
  51    0.3772911  1.76850e+26 
  52    0.3855527  1.73006e+26 
  53    0.3939952  1.69443e+26 
  54    0.4026226  1.65942e+26 
  55    0.4114389  1.62553e+26 
  56    0.4204482  1.59729e+26 
  57    0.4296548  1.57119e+26 
  58    0.4390630  1.54863e+26 
  59    0.4486773  1.52755e+26 
  60    0.4585020  1.51064e+26 
  61    0.4685419  1.49680e+26 
  62    0.4788016  1.48475e+26 
  63    0.4892860  1.47514e+26 
  64    0.5000000  1.46818e+26 
  65    0.5109486  1.46361e+26 
  66    0.5221369  1.46271e+26 
  67    0.5335702  1.46262e+26 
  68    0.5452539  1.46508e+26 
  69    0.5571934  1.47071e+26 
  70    0.5693943  1.47951e+26 
  71    0.5818624  1.48962e+26 
  72    0.5946036  1.50295e+26 
  73    0.6076237  1.52038e+26 
  74    0.6209289  1.54159e+26 
  75    0.6345255  1.56685e+26 
  76    0.6484198  1.59565e+26 
  77    0.6626183  1.62719e+26 
  78    0.6771278  1.66281e+26 
  79    0.6919549  1.70427e+26 
  80    0.7071068  1.74711e+26 
  81    0.7225904  1.79406e+26 
  82    0.7384131  1.84331e+26 
  83    0.7545822  1.89577e+26 
  84    0.7711054  1.95116e+26 
  85    0.7879904  2.00647e+26 
  86    0.8052452  2.06181e+26 
  87    0.8228777  2.11919e+26 
  88    0.8408964  2.17428e+26 
  89    0.8593096  2.22663e+26 
  90    0.8781261  2.27937e+26 
  91    0.8973545  2.32647e+26 
  92    0.9170040  2.37194e+26 
  93    0.9370838  2.41536e+26 
  94    0.9576033  2.45637e+26 
  95    0.9785721  2.49483e+26 
  96    1.0000000  2.52974e+26 
  97    1.0218971  2.56281e+26 
  98    1.0442738  2.59348e+26 
  99    1.0671404  2.62264e+26 
 100    1.0905077  2.64796e+26 
 101    1.1143867  2.67242e+26 
 102    1.1387886  2.69298e+26 
 103    1.1637249  2.71223e+26 
 104    1.1892071  2.72765e+26 
 105    1.2152474  2.74020e+26 
 106    1.2418578  2.74960e+26 
 107    1.2690510  2.75560e+26 
 108    1.2968396  2.76019e+26 
 109    1.3252366  2.76164e+26 
 110    1.3542555  2.76047e+26 
 111    1.3839099  2.75745e+26 
 112    1.4142136  2.75221e+26 
 113    1.4451808  2.74448e+26 
 114    1.4768261  2.73586e+26 
 115    1.5091644  2.72493e+26 
 116    1.5422108  2.71184e+26 
 117    1.5759808  2.69750e+26 
 118    1.6104903  2.68183e+26 
 119    1.6457555  2.66365e+26 
 120    1.6817928  2.64404e+26 
 121    1.7186193  2.62325e+26 
 122    1.7562522  2.60161e+26 
 123    1.7947091  2.57828e+26 
 124    1.8340081  2.55458e+26 
 125    1.8741676  2.52914e+26 
 126    1.9152066  2.50122e+26 
 127    1.9571441  2.47175e+26 
 128    2.0000000  2.44029e+26 
 129    2.0437943  2.40468e+26 
 130    2.0885476  2.36582e+26 
 131    2.1342808  2.32522e+26 
 132    2.1810155  2.27545e+26 
 133    2.2287735  2.21697e+26 
 134    2.2775773  2.15231e+26 
 135    2.3274497  2.06867e+26 
 136    2.3784142  1.97001e+26 
 137    2.4304947  1.86362e+26 
 138    2.4837156  1.73569e+26 
 139    2.5381019  1.59761e+26 
 140    2.5936791  1.44977e+26 
 141    2.6504733  1.29741e+26 
 142    2.7085111  1.14557e+26 
 143    2.7678198  9.83165e+25 
 144    2.8284271  8.37813e+25 
 145    2.8903616  7.00181e+25 
 146    2.9536523  5.71997e+25 
 147    3.0183289  4.51279e+25 
 148    3.0844217  3.52360e+25 
 149    3.1519617  2.67039e+25 
 150    3.2209807  1.97737e+25 
 151    3.2915110  1.43558e+25 
 152    3.3635857  1.01079e+25 
 153    3.4372386  7.08444e+24 
 154    3.5125043  4.80086e+24 
 155    3.5894182  3.18314e+24 
 156    3.6680162  2.17084e+24 
 157    3.7483353  1.43173e+24 
 158    3.8304131  9.34389e+23 
 159    3.9142882  6.39958e+23 
 160    4.0000000  4.27871e+23 
 161    4.0875886  2.89141e+23 
 162    4.1770951  2.06136e+23 
 163    4.2685616  1.46967e+23 
 164    4.3620309  1.07780e+23 
 165    4.4575470  8.15432e+22 
 166    4.5551545  6.21525e+22 
 167    4.6548994  4.80531e+22 
 168    4.7568285  3.82134e+22 
 169    4.8609894  3.04239e+22 
 170    4.9674312  2.45286e+22 
 171    5.0762038  1.97996e+22 
 172    5.1873582  1.59659e+22 
 173    5.3009466  1.29102e+22 
 174    5.4170222  1.02417e+22 
 175    5.5356395  7.87722e+21 
 176    5.6568542  6.09681e+21 
 177    5.7807232  4.54359e+21 
 178    5.9073046  3.33945e+21 
 179    6.0366577  2.41065e+21 
 180    6.1688433  1.65696e+21 
 181    6.3039234  1.17411e+21 
 182    6.4419613  7.84266e+20 
 183    6.5830219  5.18856e+20 
 184    6.7271713  3.69747e+20 
 185    6.8744772  2.57116e+20 
 186    7.0250086  1.64654e+20 
 187    7.1788363  1.07921e+20 
 188    7.3360323  6.78440e+19 
 189    7.4966705  3.92381e+19 


# H-band (filter: H_2MASS.dat)
   0    0.1250000  4.91654e+25 
   1    0.1277371  5.15930e+25 
   2    0.1305342  5.40737e+25 
   3    0.1333926  5.66087e+25 
   4    0.1363135  5.87361e+25 
   5    0.1392983  6.11291e+25 
   6    0.1423486  6.32307e+25 
   7    0.1454656  6.51656e+25 
   8    0.1486509  6.72557e+25 
   9    0.1519059  6.92077e+25 
  10    0.1552322  7.10441e+25 
  11    0.1586314  7.28288e+25 
  12    0.1621049  7.43355e+25 
  13    0.1656546  7.58962e+25 
  14    0.1692819  7.73190e+25 
  15    0.1729887  7.88005e+25 
  16    0.1767767  8.01874e+25 
  17    0.1806476  8.16847e+25 
  18    0.1846033  8.30282e+25 
  19    0.1886456  8.43649e+25 
  20    0.1927764  8.57332e+25 
  21    0.1969976  8.68385e+25 
  22    0.2013113  8.79690e+25 
  23    0.2057194  8.88351e+25 
  24    0.2102241  8.97496e+25 
  25    0.2148274  9.03138e+25 
  26    0.2195315  9.09629e+25 
  27    0.2243386  9.15770e+25 
  28    0.2292510  9.20724e+25 
  29    0.2342710  9.23918e+25 
  30    0.2394008  9.25903e+25 
  31    0.2446430  9.25609e+25 
  32    0.2500000  9.24207e+25 
  33    0.2554743  9.23798e+25 
  34    0.2610684  9.22255e+25 
  35    0.2667851  9.21043e+25 
  36    0.2726269  9.19722e+25 
  37    0.2785967  9.19061e+25 
  38    0.2846972  9.17763e+25 
  39    0.2909312  9.16328e+25 
  40    0.2973018  9.16906e+25 
  41    0.3038118  9.17191e+25 
  42    0.3104645  9.20391e+25 
  43    0.3172627  9.23973e+25 
  44    0.3242099  9.28910e+25 
  45    0.3313092  9.34129e+25 
  46    0.3385639  9.40579e+25 
  47    0.3459775  9.47005e+25 
  48    0.3535534  9.54233e+25 
  49    0.3612952  9.61667e+25 
  50    0.3692065  9.69730e+25 
  51    0.3772911  9.77719e+25 
  52    0.3855527  9.84654e+25 
  53    0.3939952  9.91876e+25 
  54    0.4026226  9.97314e+25 
  55    0.4114389  1.00202e+26 
  56    0.4204482  1.00383e+26 
  57    0.4296548  1.00461e+26 
  58    0.4390630  1.00397e+26 
  59    0.4486773  1.00129e+26 
  60    0.4585020  9.97741e+25 
  61    0.4685419  9.91216e+25 
  62    0.4788016  9.83752e+25 
  63    0.4892860  9.74226e+25 
  64    0.5000000  9.62711e+25 
  65    0.5109486  9.50047e+25 
  66    0.5221369  9.37042e+25 
  67    0.5335702  9.24170e+25 
  68    0.5452539  9.09910e+25 
  69    0.5571934  8.96616e+25 
  70    0.5693943  8.83748e+25 
  71    0.5818624  8.71115e+25 
  72    0.5946036  8.58446e+25 
  73    0.6076237  8.48833e+25 
  74    0.6209289  8.39712e+25 
  75    0.6345255  8.33088e+25 
  76    0.6484198  8.28972e+25 
  77    0.6626183  8.25736e+25 
  78    0.6771278  8.26684e+25 
  79    0.6919549  8.29593e+25 
  80    0.7071068  8.35717e+25 
  81    0.7225904  8.44234e+25 
  82    0.7384131  8.55341e+25 
  83    0.7545822  8.69214e+25 
  84    0.7711054  8.85693e+25 
  85    0.7879904  9.04389e+25 
  86    0.8052452  9.24848e+25 
  87    0.8228777  9.47987e+25 
  88    0.8408964  9.74046e+25 
  89    0.8593096  1.00082e+26 
  90    0.8781261  1.02917e+26 
  91    0.8973545  1.05877e+26 
  92    0.9170040  1.08974e+26 
  93    0.9370838  1.12183e+26 
  94    0.9576033  1.15489e+26 
  95    0.9785721  1.18889e+26 
  96    1.0000000  1.22318e+26 
  97    1.0218971  1.25738e+26 
  98    1.0442738  1.29100e+26 
  99    1.0671404  1.32425e+26 
 100    1.0905077  1.35390e+26 
 101    1.1143867  1.38311e+26 
 102    1.1387886  1.41041e+26 
 103    1.1637249  1.43659e+26 
 104    1.1892071  1.45975e+26 
 105    1.2152474  1.48066e+26 
 106    1.2418578  1.49961e+26 
 107    1.2690510  1.51535e+26 
 108    1.2968396  1.52916e+26 
 109    1.3252366  1.54134e+26 
 110    1.3542555  1.55094e+26 
 111    1.3839099  1.55885e+26 
 112    1.4142136  1.56571e+26 
 113    1.4451808  1.56887e+26 
 114    1.4768261  1.57043e+26 
 115    1.5091644  1.57059e+26 
 116    1.5422108  1.56680e+26 
 117    1.5759808  1.56139e+26 
 118    1.6104903  1.55421e+26 
 119    1.6457555  1.54488e+26 
 120    1.6817928  1.53489e+26 
 121    1.7186193  1.52238e+26 
 122    1.7562522  1.50922e+26 
 123    1.7947091  1.49495e+26 
 124    1.8340081  1.47973e+26 
 125    1.8741676  1.46375e+26 
 126    1.9152066  1.44655e+26 
 127    1.9571441  1.42843e+26 
 128    2.0000000  1.41021e+26 
 129    2.0437943  1.39014e+26 
 130    2.0885476  1.36941e+26 
 131    2.1342808  1.34809e+26 
 132    2.1810155  1.32537e+26 
 133    2.2287735  1.30174e+26 
 134    2.2775773  1.27703e+26 
 135    2.3274497  1.25203e+26 
 136    2.3784142  1.22682e+26 
 137    2.4304947  1.20112e+26 
 138    2.4837156  1.17752e+26 
 139    2.5381019  1.15506e+26 
 140    2.5936791  1.13279e+26 
 141    2.6504733  1.11251e+26 
 142    2.7085111  1.08937e+26 
 143    2.7678198  1.06501e+26 
 144    2.8284271  1.03089e+26 
 145    2.8903616  9.87027e+25 
 146    2.9536523  9.34680e+25 
 147    3.0183289  8.79934e+25 
 148    3.0844217  8.14109e+25 
 149    3.1519617  7.45981e+25 
 150    3.2209807  6.69630e+25 
 151    3.2915110  5.95498e+25 
 152    3.3635857  5.20891e+25 
 153    3.4372386  4.39171e+25 
 154    3.5125043  3.68065e+25 
 155    3.5894182  3.00417e+25 
 156    3.6680162  2.37188e+25 
 157    3.7483353  1.85680e+25 
 158    3.8304131  1.42373e+25 
 159    3.9142882  1.06628e+25 
 160    4.0000000  7.90820e+24 
 161    4.0875886  5.71250e+24 
 162    4.1770951  4.06787e+24 
 163    4.2685616  2.83926e+24 
 164    4.3620309  1.92847e+24 
 165    4.4575470  1.31906e+24 
 166    4.5551545  8.69553e+23 
 167    4.6548994  5.65783e+23 
 168    4.7568285  3.82194e+23 
 169    4.8609894  2.50195e+23 
 170    4.9674312  1.67368e+23 
 171    5.0762038  1.11617e+23 
 172    5.1873582  7.84569e+22 
 173    5.3009466  5.41552e+22 
 174    5.4170222  3.66777e+22 
 175    5.5356395  2.50079e+22 
 176    5.6568542  1.64509e+22 
 177    5.7807232  1.07121e+22 
 178    5.9073046  7.23401e+21 
 179    6.0366577  4.68662e+21 
 180    6.1688433  3.08248e+21 
 181    6.3039234  2.08053e+21 
 182    6.4419613  1.33727e+21 
 183    6.5830219  9.07813e+20 
 184    6.7271713  6.20079e+20 
 185    6.8744772  4.33293e+20 
 186    7.0250086  2.65347e+20 
 187    7.1788363  1.61663e+20 
 188    7.3360323  8.75974e+19 
 189    7.4966705  5.15027e+19 


# K-band (filter: Ks_mosfire.dat)
   0    0.1250000  2.45410e+25 
   1    0.1277371  2.55329e+25 
   2    0.1305342  2.65464e+25 
   3    0.1333926  2.75821e+25 
   4    0.1363135  2.82869e+25 
   5    0.1392983  2.94547e+25 
   6    0.1423486  3.05820e+25 
   7    0.1454656  3.14812e+25 
   8    0.1486509  3.24158e+25 
   9    0.1519059  3.32804e+25 
  10    0.1552322  3.37974e+25 
  11    0.1586314  3.45701e+25 
  12    0.1621049  3.53210e+25 
  13    0.1656546  3.57646e+25 
  14    0.1692819  3.65063e+25 
  15    0.1729887  3.70884e+25 
  16    0.1767767  3.77678e+25 
  17    0.1806476  3.82692e+25 
  18    0.1846033  3.87098e+25 
  19    0.1886456  3.93305e+25 
  20    0.1927764  3.95770e+25 
  21    0.1969976  4.00676e+25 
  22    0.2013113  4.05470e+25 
  23    0.2057194  4.07641e+25 
  24    0.2102241  4.10503e+25 
  25    0.2148274  4.13751e+25 
  26    0.2195315  4.14878e+25 
  27    0.2243386  4.16346e+25 
  28    0.2292510  4.16954e+25 
  29    0.2342710  4.15936e+25 
  30    0.2394008  4.15380e+25 
  31    0.2446430  4.12891e+25 
  32    0.2500000  4.11873e+25 
  33    0.2554743  4.09982e+25 
  34    0.2610684  4.06548e+25 
  35    0.2667851  4.02991e+25 
  36    0.2726269  3.99208e+25 
  37    0.2785967  3.95717e+25 
  38    0.2846972  3.92564e+25 
  39    0.2909312  3.88197e+25 
  40    0.2973018  3.82895e+25 
  41    0.3038118  3.78093e+25 
  42    0.3104645  3.73832e+25 
  43    0.3172627  3.69931e+25 
  44    0.3242099  3.65331e+25 
  45    0.3313092  3.61662e+25 
  46    0.3385639  3.58352e+25 
  47    0.3459775  3.55005e+25 
  48    0.3535534  3.52896e+25 
  49    0.3612952  3.49834e+25 
  50    0.3692065  3.47790e+25 
  51    0.3772911  3.47717e+25 
  52    0.3855527  3.47784e+25 
  53    0.3939952  3.48631e+25 
  54    0.4026226  3.49608e+25 
  55    0.4114389  3.50155e+25 
  56    0.4204482  3.51872e+25 
  57    0.4296548  3.53127e+25 
  58    0.4390630  3.53766e+25 
  59    0.4486773  3.55152e+25 
  60    0.4585020  3.54642e+25 
  61    0.4685419  3.54222e+25 
  62    0.4788016  3.53011e+25 
  63    0.4892860  3.49146e+25 
  64    0.5000000  3.44769e+25 
  65    0.5109486  3.39269e+25 
  66    0.5221369  3.32548e+25 
  67    0.5335702  3.25341e+25 
  68    0.5452539  3.15970e+25 
  69    0.5571934  3.06490e+25 
  70    0.5693943  2.96749e+25 
  71    0.5818624  2.85958e+25 
  72    0.5946036  2.75571e+25 
  73    0.6076237  2.64185e+25 
  74    0.6209289  2.53246e+25 
  75    0.6345255  2.42840e+25 
  76    0.6484198  2.33111e+25 
  77    0.6626183  2.23306e+25 
  78    0.6771278  2.14234e+25 
  79    0.6919549  2.06158e+25 
  80    0.7071068  1.98518e+25 
  81    0.7225904  1.91561e+25 
  82    0.7384131  1.85452e+25 
  83    0.7545822  1.80561e+25 
  84    0.7711054  1.75551e+25 
  85    0.7879904  1.71966e+25 
  86    0.8052452  1.68518e+25 
  87    0.8228777  1.65813e+25 
  88    0.8408964  1.63391e+25 
  89    0.8593096  1.61664e+25 
  90    0.8781261  1.60512e+25 
  91    0.8973545  1.58920e+25 
  92    0.9170040  1.58089e+25 
  93    0.9370838  1.57221e+25 
  94    0.9576033  1.56108e+25 
  95    0.9785721  1.54982e+25 
  96    1.0000000  1.54513e+25 
  97    1.0218971  1.53686e+25 
  98    1.0442738  1.52991e+25 
  99    1.0671404  1.52174e+25 
 100    1.0905077  1.51600e+25 
 101    1.1143867  1.50987e+25 
 102    1.1387886  1.50432e+25 
 103    1.1637249  1.50012e+25 
 104    1.1892071  1.49378e+25 
 105    1.2152474  1.48811e+25 
 106    1.2418578  1.48488e+25 
 107    1.2690510  1.48141e+25 
 108    1.2968396  1.47416e+25 
 109    1.3252366  1.46969e+25 
 110    1.3542555  1.46510e+25 
 111    1.3839099  1.45992e+25 
 112    1.4142136  1.45319e+25 
 113    1.4451808  1.44566e+25 
 114    1.4768261  1.43899e+25 
 115    1.5091644  1.43321e+25 
 116    1.5422108  1.42302e+25 
 117    1.5759808  1.41446e+25 
 118    1.6104903  1.40490e+25 
 119    1.6457555  1.39406e+25 
 120    1.6817928  1.38274e+25 
 121    1.7186193  1.37024e+25 
 122    1.7562522  1.35551e+25 
 123    1.7947091  1.34379e+25 
 124    1.8340081  1.33127e+25 
 125    1.8741676  1.31481e+25 
 126    1.9152066  1.29550e+25 
 127    1.9571441  1.27165e+25 
 128    2.0000000  1.24968e+25 
 129    2.0437943  1.22066e+25 
 130    2.0885476  1.18972e+25 
 131    2.1342808  1.15597e+25 
 132    2.1810155  1.11821e+25 
 133    2.2287735  1.07854e+25 
 134    2.2775773  1.03541e+25 
 135    2.3274497  9.89142e+24 
 136    2.3784142  9.40486e+24 
 137    2.4304947  8.90276e+24 
 138    2.4837156  8.37329e+24 
 139    2.5381019  7.83610e+24 
 140    2.5936791  7.28584e+24 
 141    2.6504733  6.74127e+24 
 142    2.7085111  6.20397e+24 
 143    2.7678198  5.65909e+24 
 144    2.8284271  5.14298e+24 
 145    2.8903616  4.64583e+24 
 146    2.9536523  4.16166e+24 
 147    3.0183289  3.68838e+24 
 148    3.0844217  3.26953e+24 
 149    3.1519617  2.88159e+24 
 150    3.2209807  2.52080e+24 
 151    3.2915110  2.21128e+24 
 152    3.3635857  1.92958e+24 
 153    3.4372386  1.67826e+24 
 154    3.5125043  1.45218e+24 
 155    3.5894182  1.26210e+24 
 156    3.6680162  1.09323e+24 
 157    3.7483353  9.45198e+23 
 158    3.8304131  8.16468e+23 
 159    3.9142882  6.98436e+23 
 160    4.0000000  5.93335e+23 
 161    4.0875886  5.00899e+23 
 162    4.1770951  4.15012e+23 
 163    4.2685616  3.43078e+23 
 164    4.3620309  2.81273e+23 
 165    4.4575470  2.25442e+23 
 166    4.5551545  1.82161e+23 
 167    4.6548994  1.43553e+23 
 168    4.7568285  1.11192e+23 
 169    4.8609894  8.57648e+22 
 170    4.9674312  6.52575e+22 
 171    5.0762038  4.95833e+22 
 172    5.1873582  3.81574e+22 
 173    5.3009466  2.88033e+22 
 174    5.4170222  2.16600e+22 
 175    5.5356395  1.63035e+22 
 176    5.6568542  1.22373e+22 
 177    5.7807232  8.80146e+21 
 178    5.9073046  6.23712e+21 
 179    6.0366577  4.46290e+21 
 180    6.1688433  3.01970e+21 
 181    6.3039234  2.03358e+21 
 182    6.4419613  1.18656e+21 
 183    6.5830219  7.62312e+20 
 184    6.7271713  5.20660e+20 
 185    6.8744772  4.01024e+20 
 186    7.0250086  2.72063e+20 
 187    7.1788363  2.06210e+20 
 188    7.3360323  1.60020e+20 
 189    7.4966705  1.23015e+20 


# S-band (filter: Spitzer_IRAC2.dat)
   0    0.1250000  3.86234e+24 
   1    0.1277371  3.87616e+24 
   2    0.1305342  3.89027e+24 
   3    0.1333926  3.90469e+24 
   4    0.1363135  3.86060e+24 
   5    0.1392983  3.87411e+24 
   6    0.1423486  3.79030e+24 
   7    0.1454656  3.68670e+24 
   8    0.1486509  3.66190e+24 
   9    0.1519059  3.62421e+24 
  10    0.1552322  3.55625e+24 
  11    0.1586314  3.47239e+24 
  12    0.1621049  3.42053e+24 
  13    0.1656546  3.34447e+24 
  14    0.1692819  3.26370e+24 
  15    0.1729887  3.16619e+24 
  16    0.1767767  3.07031e+24 
  17    0.1806476  3.01534e+24 
  18    0.1846033  2.97083e+24 
  19    0.1886456  2.90442e+24 
  20    0.1927764  2.81576e+24 
  21    0.1969976  2.72855e+24 
  22    0.2013113  2.65795e+24 
  23    0.2057194  2.54347e+24 
  24    0.2102241  2.47985e+24 
  25    0.2148274  2.43567e+24 
  26    0.2195315  2.38986e+24 
  27    0.2243386  2.33282e+24 
  28    0.2292510  2.32308e+24 
  29    0.2342710  2.22530e+24 
  30    0.2394008  2.14591e+24 
  31    0.2446430  2.11092e+24 
  32    0.2500000  2.04918e+24 
  33    0.2554743  1.99873e+24 
  34    0.2610684  1.92269e+24 
  35    0.2667851  1.87743e+24 
  36    0.2726269  1.84793e+24 
  37    0.2785967  1.80265e+24 
  38    0.2846972  1.78595e+24 
  39    0.2909312  1.76496e+24 
  40    0.2973018  1.73787e+24 
  41    0.3038118  1.73668e+24 
  42    0.3104645  1.72293e+24 
  43    0.3172627  1.73230e+24 
  44    0.3242099  1.73164e+24 
  45    0.3313092  1.73063e+24 
  46    0.3385639  1.75675e+24 
  47    0.3459775  1.79184e+24 
  48    0.3535534  1.81287e+24 
  49    0.3612952  1.83670e+24 
  50    0.3692065  1.88169e+24 
  51    0.3772911  1.90394e+24 
  52    0.3855527  1.95194e+24 
  53    0.3939952  1.98901e+24 
  54    0.4026226  2.02803e+24 
  55    0.4114389  2.06632e+24 
  56    0.4204482  2.11033e+24 
  57    0.4296548  2.14863e+24 
  58    0.4390630  2.16530e+24 
  59    0.4486773  2.17813e+24 
  60    0.4585020  2.18604e+24 
  61    0.4685419  2.18753e+24 
  62    0.4788016  2.17945e+24 
  63    0.4892860  2.16279e+24 
  64    0.5000000  2.13142e+24 
  65    0.5109486  2.11477e+24 
  66    0.5221369  2.06964e+24 
  67    0.5335702  2.02020e+24 
  68    0.5452539  1.95819e+24 
  69    0.5571934  1.89437e+24 
  70    0.5693943  1.81364e+24 
  71    0.5818624  1.72558e+24 
  72    0.5946036  1.64502e+24 
  73    0.6076237  1.57343e+24 
  74    0.6209289  1.48646e+24 
  75    0.6345255  1.41597e+24 
  76    0.6484198  1.34337e+24 
  77    0.6626183  1.26324e+24 
  78    0.6771278  1.20375e+24 
  79    0.6919549  1.14338e+24 
  80    0.7071068  1.09524e+24 
  81    0.7225904  1.04312e+24 
  82    0.7384131  1.00480e+24 
  83    0.7545822  9.73575e+23 
  84    0.7711054  9.51019e+23 
  85    0.7879904  9.20016e+23 
  86    0.8052452  8.98486e+23 
  87    0.8228777  8.78434e+23 
  88    0.8408964  8.61576e+23 
  89    0.8593096  8.40566e+23 
  90    0.8781261  8.20430e+23 
  91    0.8973545  8.09890e+23 
  92    0.9170040  7.98938e+23 
  93    0.9370838  7.85792e+23 
  94    0.9576033  7.87327e+23 
  95    0.9785721  7.77959e+23 
  96    1.0000000  7.58041e+23 
  97    1.0218971  7.48735e+23 
  98    1.0442738  7.36498e+23 
  99    1.0671404  7.21209e+23 
 100    1.0905077  7.06540e+23 
 101    1.1143867  7.00867e+23 
 102    1.1387886  6.88231e+23 
 103    1.1637249  6.70693e+23 
 104    1.1892071  6.59237e+23 
 105    1.2152474  6.42952e+23 
 106    1.2418578  6.22755e+23 
 107    1.2690510  6.07593e+23 
 108    1.2968396  6.04520e+23 
 109    1.3252366  5.87324e+23 
 110    1.3542555  5.73314e+23 
 111    1.3839099  5.65728e+23 
 112    1.4142136  5.56374e+23 
 113    1.4451808  5.43160e+23 
 114    1.4768261  5.31254e+23 
 115    1.5091644  5.27590e+23 
 116    1.5422108  5.19560e+23 
 117    1.5759808  5.12328e+23 
 118    1.6104903  5.05121e+23 
 119    1.6457555  4.98964e+23 
 120    1.6817928  4.83399e+23 
 121    1.7186193  4.76150e+23 
 122    1.7562522  4.62179e+23 
 123    1.7947091  4.53514e+23 
 124    1.8340081  4.47697e+23 
 125    1.8741676  4.37293e+23 
 126    1.9152066  4.29088e+23 
 127    1.9571441  4.18382e+23 
 128    2.0000000  4.12526e+23 
 129    2.0437943  4.02786e+23 
 130    2.0885476  3.96287e+23 
 131    2.1342808  3.91255e+23 
 132    2.1810155  3.86790e+23 
 133    2.2287735  3.85202e+23 
 134    2.2775773  3.82770e+23 
 135    2.3274497  3.81782e+23 
 136    2.3784142  3.78635e+23 
 137    2.4304947  3.76888e+23 
 138    2.4837156  3.76526e+23 
 139    2.5381019  3.73438e+23 
 140    2.5936791  3.71184e+23 
 141    2.6504733  3.66958e+23 
 142    2.7085111  3.62578e+23 
 143    2.7678198  3.57744e+23 
 144    2.8284271  3.47752e+23 
 145    2.8903616  3.38706e+23 
 146    2.9536523  3.27975e+23 
 147    3.0183289  3.17635e+23 
 148    3.0844217  3.07224e+23 
 149    3.1519617  2.94899e+23 
 150    3.2209807  2.84124e+23 
 151    3.2915110  2.73792e+23 
 152    3.3635857  2.63810e+23 
 153    3.4372386  2.55022e+23 
 154    3.5125043  2.46724e+23 
 155    3.5894182  2.40318e+23 
 156    3.6680162  2.35294e+23 
 157    3.7483353  2.31709e+23 
 158    3.8304131  2.27038e+23 
 159    3.9142882  2.22906e+23 
 160    4.0000000  2.18867e+23 
 161    4.0875886  2.15671e+23 
 162    4.1770951  2.11259e+23 
 163    4.2685616  2.06473e+23 
 164    4.3620309  2.01776e+23 
 165    4.4575470  1.95505e+23 
 166    4.5551545  1.89159e+23 
 167    4.6548994  1.81853e+23 
 168    4.7568285  1.74291e+23 
 169    4.8609894  1.65626e+23 
 170    4.9674312  1.57301e+23 
 171    5.0762038  1.47952e+23 
 172    5.1873582  1.38864e+23 
 173    5.3009466  1.29729e+23 
 174    5.4170222  1.20783e+23 
 175    5.5356395  1.11914e+23 
 176    5.6568542  1.03587e+23 
 177    5.7807232  9.59175e+22 
 178    5.9073046  8.79996e+22 
 179    6.0366577  8.09575e+22 
 180    6.1688433  7.43752e+22 
 181    6.3039234  6.81220e+22 
 182    6.4419613  6.25263e+22 
 183    6.5830219  5.76027e+22 
 184    6.7271713  5.30039e+22 
 185    6.8744772  4.89180e+22 
 186    7.0250086  4.49023e+22 
 187    7.1788363  4.09321e+22 
 188    7.3360323  3.72546e+22 
 189    7.4966705  3.40311e+22 


