# 1:iteration 2:time bin[s] 3-k:equiv. isotropic luminosity in k-th angular bin [erg/s]
# bolometric luminosity going in angular bin
   0    0.1250000  4.17238e+41 
   1    0.1277371  4.21601e+41 
   2    0.1305342  4.26059e+41 
   3    0.1333926  4.30614e+41 
   4    0.1363135  4.34703e+41 
   5    0.1392983  4.38511e+41 
   6    0.1423486  4.42074e+41 
   7    0.1454656  4.44835e+41 
   8    0.1486509  4.47359e+41 
   9    0.1519059  4.49471e+41 
  10    0.1552322  4.51293e+41 
  11    0.1586314  4.52991e+41 
  12    0.1621049  4.54155e+41 
  13    0.1656546  4.55281e+41 
  14    0.1692819  4.55993e+41 
  15    0.1729887  4.56722e+41 
  16    0.1767767  4.57212e+41 
  17    0.1806476  4.57583e+41 
  18    0.1846033  4.57676e+41 
  19    0.1886456  4.57888e+41 
  20    0.1927764  4.57965e+41 
  21    0.1969976  4.58069e+41 
  22    0.2013113  4.57948e+41 
  23    0.2057194  4.57996e+41 
  24    0.2102241  4.58214e+41 
  25    0.2148274  4.58245e+41 
  26    0.2195315  4.58268e+41 
  27    0.2243386  4.58246e+41 
  28    0.2292510  4.58830e+41 
  29    0.2342710  4.59149e+41 
  30    0.2394008  4.59427e+41 
  31    0.2446430  4.59929e+41 
  32    0.2500000  4.60069e+41 
  33    0.2554743  4.60360e+41 
  34    0.2610684  4.60278e+41 
  35    0.2667851  4.59674e+41 
  36    0.2726269  4.58943e+41 
  37    0.2785967  4.57905e+41 
  38    0.2846972  4.56197e+41 
  39    0.2909312  4.54348e+41 
  40    0.2973018  4.52091e+41 
  41    0.3038118  4.49291e+41 
  42    0.3104645  4.46629e+41 
  43    0.3172627  4.42942e+41 
  44    0.3242099  4.38769e+41 
  45    0.3313092  4.34358e+41 
  46    0.3385639  4.30082e+41 
  47    0.3459775  4.25774e+41 
  48    0.3535534  4.21217e+41 
  49    0.3612952  4.16393e+41 
  50    0.3692065  4.12302e+41 
  51    0.3772911  4.08118e+41 
  52    0.3855527  4.03945e+41 
  53    0.3939952  4.00401e+41 
  54    0.4026226  3.96571e+41 
  55    0.4114389  3.93386e+41 
  56    0.4204482  3.89490e+41 
  57    0.4296548  3.85980e+41 
  58    0.4390630  3.82486e+41 
  59    0.4486773  3.79137e+41 
  60    0.4585020  3.76413e+41 
  61    0.4685419  3.74076e+41 
  62    0.4788016  3.71496e+41 
  63    0.4892860  3.69323e+41 
  64    0.5000000  3.67092e+41 
  65    0.5109486  3.65432e+41 
  66    0.5221369  3.64003e+41 
  67    0.5335702  3.63314e+41 
  68    0.5452539  3.63339e+41 
  69    0.5571934  3.64178e+41 
  70    0.5693943  3.65040e+41 
  71    0.5818624  3.66255e+41 
  72    0.5946036  3.67943e+41 
  73    0.6076237  3.69853e+41 
  74    0.6209289  3.71980e+41 
  75    0.6345255  3.74535e+41 
  76    0.6484198  3.78327e+41 
  77    0.6626183  3.81655e+41 
  78    0.6771278  3.85720e+41 
  79    0.6919549  3.90395e+41 
  80    0.7071068  3.95298e+41 
  81    0.7225904  4.00755e+41 
  82    0.7384131  4.06674e+41 
  83    0.7545822  4.12298e+41 
  84    0.7711054  4.18396e+41 
  85    0.7879904  4.24420e+41 
  86    0.8052452  4.31091e+41 
  87    0.8228777  4.38000e+41 
  88    0.8408964  4.44726e+41 
  89    0.8593096  4.52086e+41 
  90    0.8781261  4.59892e+41 
  91    0.8973545  4.68338e+41 
  92    0.9170040  4.76906e+41 
  93    0.9370838  4.86540e+41 
  94    0.9576033  4.98387e+41 
  95    0.9785721  5.10255e+41 
  96    1.0000000  5.22549e+41 
  97    1.0218971  5.35044e+41 
  98    1.0442738  5.49000e+41 
  99    1.0671404  5.65302e+41 
 100    1.0905077  5.83921e+41 
 101    1.1143867  6.01715e+41 
 102    1.1387886  6.21050e+41 
 103    1.1637249  6.41674e+41 
 104    1.1892071  6.64319e+41 
 105    1.2152474  6.87918e+41 
 106    1.2418578  7.14587e+41 
 107    1.2690510  7.44638e+41 
 108    1.2968396  7.77250e+41 
 109    1.3252366  8.10479e+41 
 110    1.3542555  8.44386e+41 
 111    1.3839099  8.77134e+41 
 112    1.4142136  9.13785e+41 
 113    1.4451808  9.49926e+41 
 114    1.4768261  9.85575e+41 
 115    1.5091644  1.02268e+42 
 116    1.5422108  1.05568e+42 
 117    1.5759808  1.08888e+42 
 118    1.6104903  1.12045e+42 
 119    1.6457555  1.14866e+42 
 120    1.6817928  1.17350e+42 
 121    1.7186193  1.19819e+42 
 122    1.7562522  1.22179e+42 
 123    1.7947091  1.24486e+42 
 124    1.8340081  1.26311e+42 
 125    1.8741676  1.28037e+42 
 126    1.9152066  1.30022e+42 
 127    1.9571441  1.32435e+42 
 128    2.0000000  1.34816e+42 
 129    2.0437943  1.37386e+42 
 130    2.0885476  1.40188e+42 
 131    2.1342808  1.43573e+42 
 132    2.1810155  1.48351e+42 
 133    2.2287735  1.53879e+42 
 134    2.2775773  1.59531e+42 
 135    2.3274497  1.65983e+42 
 136    2.3784142  1.71431e+42 
 137    2.4304947  1.77438e+42 
 138    2.4837156  1.80856e+42 
 139    2.5381019  1.83165e+42 
 140    2.5936791  1.85806e+42 
 141    2.6504733  1.86802e+42 
 142    2.7085111  1.87721e+42 
 143    2.7678198  1.87345e+42 
 144    2.8284271  1.86911e+42 
 145    2.8903616  1.84995e+42 
 146    2.9536523  1.81067e+42 
 147    3.0183289  1.76748e+42 
 148    3.0844217  1.72535e+42 
 149    3.1519617  1.68674e+42 
 150    3.2209807  1.65267e+42 
 151    3.2915110  1.62594e+42 
 152    3.3635857  1.60240e+42 
 153    3.4372386  1.57620e+42 
 154    3.5125043  1.55537e+42 
 155    3.5894182  1.53143e+42 
 156    3.6680162  1.51037e+42 
 157    3.7483353  1.48961e+42 
 158    3.8304131  1.47500e+42 
 159    3.9142882  1.46120e+42 
 160    4.0000000  1.44118e+42 
 161    4.0875886  1.41663e+42 
 162    4.1770951  1.38873e+42 
 163    4.2685616  1.35026e+42 
 164    4.3620309  1.30338e+42 
 165    4.4575470  1.25188e+42 
 166    4.5551545  1.18974e+42 
 167    4.6548994  1.12308e+42 
 168    4.7568285  1.05068e+42 
 169    4.8609894  9.75876e+41 
 170    4.9674312  9.00261e+41 
 171    5.0762038  8.24650e+41 
 172    5.1873582  7.45509e+41 
 173    5.3009466  6.73511e+41 
 174    5.4170222  6.04701e+41 
 175    5.5356395  5.38993e+41 
 176    5.6568542  4.82228e+41 
 177    5.7807232  4.31200e+41 
 178    5.9073046  3.85442e+41 
 179    6.0366577  3.46404e+41 
 180    6.1688433  3.11909e+41 
 181    6.3039234  2.82078e+41 
 182    6.4419613  2.56110e+41 
 183    6.5830219  2.33183e+41 
 184    6.7271713  2.12964e+41 
 185    6.8744772  1.94674e+41 
 186    7.0250086  1.77070e+41 
 187    7.1788363  1.60404e+41 
 188    7.3360323  1.44382e+41 
 189    7.4966705  1.29283e+41 


# g-band (filter: g_LSST.dat)
   0    0.1250000  8.85105e+26 
   1    0.1277371  8.93459e+26 
   2    0.1305342  9.01997e+26 
   3    0.1333926  9.10721e+26 
   4    0.1363135  9.17784e+26 
   5    0.1392983  9.24219e+26 
   6    0.1423486  9.29090e+26 
   7    0.1454656  9.32106e+26 
   8    0.1486509  9.34386e+26 
   9    0.1519059  9.35076e+26 
  10    0.1552322  9.34089e+26 
  11    0.1586314  9.32587e+26 
  12    0.1621049  9.29419e+26 
  13    0.1656546  9.24642e+26 
  14    0.1692819  9.18852e+26 
  15    0.1729887  9.12767e+26 
  16    0.1767767  9.05242e+26 
  17    0.1806476  8.96877e+26 
  18    0.1846033  8.87387e+26 
  19    0.1886456  8.77641e+26 
  20    0.1927764  8.66552e+26 
  21    0.1969976  8.54736e+26 
  22    0.2013113  8.42390e+26 
  23    0.2057194  8.29456e+26 
  24    0.2102241  8.16029e+26 
  25    0.2148274  8.02793e+26 
  26    0.2195315  7.89244e+26 
  27    0.2243386  7.74742e+26 
  28    0.2292510  7.59884e+26 
  29    0.2342710  7.44768e+26 
  30    0.2394008  7.29434e+26 
  31    0.2446430  7.13519e+26 
  32    0.2500000  6.97268e+26 
  33    0.2554743  6.80585e+26 
  34    0.2610684  6.62986e+26 
  35    0.2667851  6.44387e+26 
  36    0.2726269  6.25076e+26 
  37    0.2785967  6.05046e+26 
  38    0.2846972  5.83742e+26 
  39    0.2909312  5.61789e+26 
  40    0.2973018  5.38794e+26 
  41    0.3038118  5.14903e+26 
  42    0.3104645  4.90506e+26 
  43    0.3172627  4.64886e+26 
  44    0.3242099  4.39605e+26 
  45    0.3313092  4.14250e+26 
  46    0.3385639  3.88675e+26 
  47    0.3459775  3.64295e+26 
  48    0.3535534  3.40347e+26 
  49    0.3612952  3.16391e+26 
  50    0.3692065  2.94181e+26 
  51    0.3772911  2.72707e+26 
  52    0.3855527  2.51974e+26 
  53    0.3939952  2.32875e+26 
  54    0.4026226  2.14990e+26 
  55    0.4114389  1.97956e+26 
  56    0.4204482  1.82283e+26 
  57    0.4296548  1.67603e+26 
  58    0.4390630  1.53988e+26 
  59    0.4486773  1.41129e+26 
  60    0.4585020  1.29727e+26 
  61    0.4685419  1.18992e+26 
  62    0.4788016  1.08849e+26 
  63    0.4892860  9.97728e+25 
  64    0.5000000  9.18881e+25 
  65    0.5109486  8.45410e+25 
  66    0.5221369  7.83076e+25 
  67    0.5335702  7.27245e+25 
  68    0.5452539  6.76609e+25 
  69    0.5571934  6.36665e+25 
  70    0.5693943  6.01118e+25 
  71    0.5818624  5.68905e+25 
  72    0.5946036  5.41095e+25 
  73    0.6076237  5.17630e+25 
  74    0.6209289  4.99730e+25 
  75    0.6345255  4.84457e+25 
  76    0.6484198  4.73779e+25 
  77    0.6626183  4.66617e+25 
  78    0.6771278  4.63702e+25 
  79    0.6919549  4.61951e+25 
  80    0.7071068  4.61303e+25 
  81    0.7225904  4.64732e+25 
  82    0.7384131  4.71835e+25 
  83    0.7545822  4.82501e+25 
  84    0.7711054  4.96365e+25 
  85    0.7879904  5.13371e+25 
  86    0.8052452  5.31344e+25 
  87    0.8228777  5.50871e+25 
  88    0.8408964  5.71759e+25 
  89    0.8593096  5.89918e+25 
  90    0.8781261  6.15699e+25 
  91    0.8973545  6.40454e+25 
  92    0.9170040  6.67077e+25 
  93    0.9370838  6.89767e+25 
  94    0.9576033  7.10385e+25 
  95    0.9785721  7.33192e+25 
  96    1.0000000  7.55678e+25 
  97    1.0218971  7.97666e+25 
  98    1.0442738  8.47647e+25 
  99    1.0671404  8.91976e+25 
 100    1.0905077  9.37261e+25 
 101    1.1143867  9.81829e+25 
 102    1.1387886  1.02228e+26 
 103    1.1637249  1.06997e+26 
 104    1.1892071  1.10763e+26 
 105    1.2152474  1.14730e+26 
 106    1.2418578  1.18278e+26 
 107    1.2690510  1.24182e+26 
 108    1.2968396  1.38856e+26 
 109    1.3252366  1.49554e+26 
 110    1.3542555  1.63149e+26 
 111    1.3839099  1.79408e+26 
 112    1.4142136  1.98659e+26 
 113    1.4451808  2.22542e+26 
 114    1.4768261  2.49688e+26 
 115    1.5091644  2.80321e+26 
 116    1.5422108  3.18441e+26 
 117    1.5759808  3.73283e+26 
 118    1.6104903  4.28983e+26 
 119    1.6457555  4.93950e+26 
 120    1.6817928  5.58865e+26 
 121    1.7186193  6.30506e+26 
 122    1.7562522  7.09719e+26 
 123    1.7947091  7.98328e+26 
 124    1.8340081  8.93556e+26 
 125    1.8741676  9.95693e+26 
 126    1.9152066  1.11106e+27 
 127    1.9571441  1.23376e+27 
 128    2.0000000  1.35934e+27 
 129    2.0437943  1.48295e+27 
 130    2.0885476  1.61055e+27 
 131    2.1342808  1.74857e+27 
 132    2.1810155  1.90061e+27 
 133    2.2287735  2.07374e+27 
 134    2.2775773  2.25013e+27 
 135    2.3274497  2.46513e+27 
 136    2.3784142  2.74319e+27 
 137    2.4304947  3.01145e+27 
 138    2.4837156  3.23450e+27 
 139    2.5381019  3.41431e+27 
 140    2.5936791  3.61496e+27 
 141    2.6504733  3.74270e+27 
 142    2.7085111  3.86311e+27 
 143    2.7678198  3.98480e+27 
 144    2.8284271  4.07628e+27 
 145    2.8903616  4.14998e+27 
 146    2.9536523  4.16767e+27 
 147    3.0183289  4.12516e+27 
 148    3.0844217  4.04607e+27 
 149    3.1519617  3.96171e+27 
 150    3.2209807  3.89364e+27 
 151    3.2915110  3.84005e+27 
 152    3.3635857  3.79877e+27 
 153    3.4372386  3.74948e+27 
 154    3.5125043  3.71530e+27 
 155    3.5894182  3.67038e+27 
 156    3.6680162  3.62879e+27 
 157    3.7483353  3.57739e+27 
 158    3.8304131  3.53828e+27 
 159    3.9142882  3.50015e+27 
 160    4.0000000  3.42609e+27 
 161    4.0875886  3.32513e+27 
 162    4.1770951  3.21016e+27 
 163    4.2685616  3.04127e+27 
 164    4.3620309  2.84192e+27 
 165    4.4575470  2.62233e+27 
 166    4.5551545  2.37778e+27 
 167    4.6548994  2.13014e+27 
 168    4.7568285  1.85733e+27 
 169    4.8609894  1.60873e+27 
 170    4.9674312  1.36890e+27 
 171    5.0762038  1.13934e+27 
 172    5.1873582  9.15104e+26 
 173    5.3009466  7.28393e+26 
 174    5.4170222  5.63639e+26 
 175    5.5356395  4.29218e+26 
 176    5.6568542  3.23329e+26 
 177    5.7807232  2.40011e+26 
 178    5.9073046  1.78105e+26 
 179    6.0366577  1.30472e+26 
 180    6.1688433  9.43786e+25 
 181    6.3039234  6.88940e+25 
 182    6.4419613  4.95355e+25 
 183    6.5830219  3.55971e+25 
 184    6.7271713  2.60888e+25 
 185    6.8744772  1.89631e+25 
 186    7.0250086  1.31412e+25 
 187    7.1788363  8.59026e+24 
 188    7.3360323  4.92329e+24 
 189    7.4966705  2.39731e+24 


# r-band (filter: r_LSST.dat)
   0    0.1250000  7.68334e+26 
   1    0.1277371  7.84423e+26 
   2    0.1305342  8.00864e+26 
   3    0.1333926  8.17666e+26 
   4    0.1363135  8.34085e+26 
   5    0.1392983  8.50200e+26 
   6    0.1423486  8.64929e+26 
   7    0.1454656  8.78239e+26 
   8    0.1486509  8.91434e+26 
   9    0.1519059  9.03957e+26 
  10    0.1552322  9.15677e+26 
  11    0.1586314  9.26558e+26 
  12    0.1621049  9.35595e+26 
  13    0.1656546  9.44231e+26 
  14    0.1692819  9.52290e+26 
  15    0.1729887  9.59223e+26 
  16    0.1767767  9.65084e+26 
  17    0.1806476  9.70131e+26 
  18    0.1846033  9.74178e+26 
  19    0.1886456  9.77211e+26 
  20    0.1927764  9.79168e+26 
  21    0.1969976  9.80396e+26 
  22    0.2013113  9.80029e+26 
  23    0.2057194  9.79085e+26 
  24    0.2102241  9.78098e+26 
  25    0.2148274  9.75607e+26 
  26    0.2195315  9.71419e+26 
  27    0.2243386  9.66957e+26 
  28    0.2292510  9.61624e+26 
  29    0.2342710  9.55806e+26 
  30    0.2394008  9.49142e+26 
  31    0.2446430  9.41770e+26 
  32    0.2500000  9.33794e+26 
  33    0.2554743  9.25437e+26 
  34    0.2610684  9.16690e+26 
  35    0.2667851  9.07713e+26 
  36    0.2726269  8.98002e+26 
  37    0.2785967  8.87919e+26 
  38    0.2846972  8.78061e+26 
  39    0.2909312  8.67645e+26 
  40    0.2973018  8.56716e+26 
  41    0.3038118  8.45242e+26 
  42    0.3104645  8.34170e+26 
  43    0.3172627  8.22720e+26 
  44    0.3242099  8.10992e+26 
  45    0.3313092  7.98775e+26 
  46    0.3385639  7.86495e+26 
  47    0.3459775  7.73417e+26 
  48    0.3535534  7.60403e+26 
  49    0.3612952  7.46979e+26 
  50    0.3692065  7.33421e+26 
  51    0.3772911  7.19268e+26 
  52    0.3855527  7.04769e+26 
  53    0.3939952  6.90763e+26 
  54    0.4026226  6.76551e+26 
  55    0.4114389  6.61811e+26 
  56    0.4204482  6.46732e+26 
  57    0.4296548  6.31773e+26 
  58    0.4390630  6.16618e+26 
  59    0.4486773  6.01748e+26 
  60    0.4585020  5.87276e+26 
  61    0.4685419  5.73186e+26 
  62    0.4788016  5.58731e+26 
  63    0.4892860  5.46075e+26 
  64    0.5000000  5.34270e+26 
  65    0.5109486  5.22067e+26 
  66    0.5221369  5.10413e+26 
  67    0.5335702  5.00914e+26 
  68    0.5452539  4.91813e+26 
  69    0.5571934  4.85565e+26 
  70    0.5693943  4.79544e+26 
  71    0.5818624  4.74616e+26 
  72    0.5946036  4.72619e+26 
  73    0.6076237  4.72305e+26 
  74    0.6209289  4.72680e+26 
  75    0.6345255  4.74885e+26 
  76    0.6484198  4.78907e+26 
  77    0.6626183  4.84228e+26 
  78    0.6771278  4.93583e+26 
  79    0.6919549  5.05217e+26 
  80    0.7071068  5.19204e+26 
  81    0.7225904  5.35577e+26 
  82    0.7384131  5.54598e+26 
  83    0.7545822  5.72531e+26 
  84    0.7711054  5.92906e+26 
  85    0.7879904  6.12095e+26 
  86    0.8052452  6.33829e+26 
  87    0.8228777  6.58509e+26 
  88    0.8408964  6.83411e+26 
  89    0.8593096  7.09562e+26 
  90    0.8781261  7.39255e+26 
  91    0.8973545  7.76700e+26 
  92    0.9170040  8.19724e+26 
  93    0.9370838  8.71978e+26 
  94    0.9576033  9.45677e+26 
  95    0.9785721  1.01790e+27 
  96    1.0000000  1.09222e+27 
  97    1.0218971  1.16469e+27 
  98    1.0442738  1.24604e+27 
  99    1.0671404  1.35444e+27 
 100    1.0905077  1.47965e+27 
 101    1.1143867  1.59694e+27 
 102    1.1387886  1.72917e+27 
 103    1.1637249  1.86426e+27 
 104    1.1892071  2.02005e+27 
 105    1.2152474  2.20113e+27 
 106    1.2418578  2.40713e+27 
 107    1.2690510  2.63795e+27 
 108    1.2968396  2.87204e+27 
 109    1.3252366  3.12068e+27 
 110    1.3542555  3.36204e+27 
 111    1.3839099  3.58834e+27 
 112    1.4142136  3.83765e+27 
 113    1.4451808  4.06698e+27 
 114    1.4768261  4.29020e+27 
 115    1.5091644  4.51367e+27 
 116    1.5422108  4.69046e+27 
 117    1.5759808  4.84243e+27 
 118    1.6104903  4.96850e+27 
 119    1.6457555  5.05173e+27 
 120    1.6817928  5.11008e+27 
 121    1.7186193  5.15847e+27 
 122    1.7562522  5.19365e+27 
 123    1.7947091  5.20594e+27 
 124    1.8340081  5.17844e+27 
 125    1.8741676  5.13090e+27 
 126    1.9152066  5.08776e+27 
 127    1.9571441  5.07563e+27 
 128    2.0000000  5.05760e+27 
 129    2.0437943  5.05315e+27 
 130    2.0885476  5.06158e+27 
 131    2.1342808  5.10548e+27 
 132    2.1810155  5.23956e+27 
 133    2.2287735  5.41327e+27 
 134    2.2775773  5.59170e+27 
 135    2.3274497  5.79367e+27 
 136    2.3784142  5.78005e+27 
 137    2.4304947  5.82296e+27 
 138    2.4837156  5.69880e+27 
 139    2.5381019  5.55312e+27 
 140    2.5936791  5.40426e+27 
 141    2.6504733  5.24181e+27 
 142    2.7085111  5.09945e+27 
 143    2.7678198  4.84180e+27 
 144    2.8284271  4.66366e+27 
 145    2.8903616  4.39471e+27 
 146    2.9536523  4.04497e+27 
 147    3.0183289  3.77004e+27 
 148    3.0844217  3.57506e+27 
 149    3.1519617  3.43469e+27 
 150    3.2209807  3.32346e+27 
 151    3.2915110  3.24626e+27 
 152    3.3635857  3.18342e+27 
 153    3.4372386  3.11445e+27 
 154    3.5125043  3.06889e+27 
 155    3.5894182  3.01822e+27 
 156    3.6680162  2.97832e+27 
 157    3.7483353  2.96300e+27 
 158    3.8304131  2.97970e+27 
 159    3.9142882  3.00510e+27 
 160    4.0000000  3.04111e+27 
 161    4.0875886  3.08177e+27 
 162    4.1770951  3.12340e+27 
 163    4.2685616  3.15944e+27 
 164    4.3620309  3.17215e+27 
 165    4.4575470  3.18108e+27 
 166    4.5551545  3.13468e+27 
 167    4.6548994  3.05540e+27 
 168    4.7568285  2.96654e+27 
 169    4.8609894  2.81885e+27 
 170    4.9674312  2.65041e+27 
 171    5.0762038  2.46499e+27 
 172    5.1873582  2.24076e+27 
 173    5.3009466  2.01964e+27 
 174    5.4170222  1.79047e+27 
 175    5.5356395  1.54141e+27 
 176    5.6568542  1.32327e+27 
 177    5.7807232  1.11814e+27 
 178    5.9073046  9.25354e+26 
 179    6.0366577  7.64131e+26 
 180    6.1688433  6.23211e+26 
 181    6.3039234  5.04698e+26 
 182    6.4419613  4.07549e+26 
 183    6.5830219  3.27475e+26 
 184    6.7271713  2.62801e+26 
 185    6.8744772  2.10537e+26 
 186    7.0250086  1.63024e+26 
 187    7.1788363  1.21313e+26 
 188    7.3360323  8.43996e+25 
 189    7.4966705  5.44974e+25 


# i-band (filter: i_LSST.dat)
   0    0.1250000  4.69934e+26 
   1    0.1277371  4.79384e+26 
   2    0.1305342  4.89041e+26 
   3    0.1333926  4.98909e+26 
   4    0.1363135  5.08930e+26 
   5    0.1392983  5.18527e+26 
   6    0.1423486  5.27857e+26 
   7    0.1454656  5.37088e+26 
   8    0.1486509  5.46105e+26 
   9    0.1519059  5.55304e+26 
  10    0.1552322  5.64135e+26 
  11    0.1586314  5.73197e+26 
  12    0.1621049  5.82155e+26 
  13    0.1656546  5.90732e+26 
  14    0.1692819  5.98385e+26 
  15    0.1729887  6.06674e+26 
  16    0.1767767  6.14531e+26 
  17    0.1806476  6.22206e+26 
  18    0.1846033  6.29512e+26 
  19    0.1886456  6.36629e+26 
  20    0.1927764  6.43772e+26 
  21    0.1969976  6.50563e+26 
  22    0.2013113  6.56696e+26 
  23    0.2057194  6.62162e+26 
  24    0.2102241  6.67998e+26 
  25    0.2148274  6.73082e+26 
  26    0.2195315  6.77670e+26 
  27    0.2243386  6.81573e+26 
  28    0.2292510  6.84541e+26 
  29    0.2342710  6.86271e+26 
  30    0.2394008  6.87715e+26 
  31    0.2446430  6.86670e+26 
  32    0.2500000  6.84705e+26 
  33    0.2554743  6.81949e+26 
  34    0.2610684  6.76923e+26 
  35    0.2667851  6.70797e+26 
  36    0.2726269  6.62645e+26 
  37    0.2785967  6.53122e+26 
  38    0.2846972  6.42096e+26 
  39    0.2909312  6.29560e+26 
  40    0.2973018  6.15805e+26 
  41    0.3038118  6.01076e+26 
  42    0.3104645  5.86164e+26 
  43    0.3172627  5.70141e+26 
  44    0.3242099  5.53950e+26 
  45    0.3313092  5.37989e+26 
  46    0.3385639  5.21895e+26 
  47    0.3459775  5.06908e+26 
  48    0.3535534  4.92898e+26 
  49    0.3612952  4.78885e+26 
  50    0.3692065  4.66114e+26 
  51    0.3772911  4.54514e+26 
  52    0.3855527  4.43423e+26 
  53    0.3939952  4.33937e+26 
  54    0.4026226  4.25523e+26 
  55    0.4114389  4.17443e+26 
  56    0.4204482  4.10551e+26 
  57    0.4296548  4.04573e+26 
  58    0.4390630  3.98881e+26 
  59    0.4486773  3.93860e+26 
  60    0.4585020  3.89696e+26 
  61    0.4685419  3.86809e+26 
  62    0.4788016  3.84611e+26 
  63    0.4892860  3.84265e+26 
  64    0.5000000  3.83812e+26 
  65    0.5109486  3.86128e+26 
  66    0.5221369  3.91149e+26 
  67    0.5335702  3.99134e+26 
  68    0.5452539  4.08034e+26 
  69    0.5571934  4.21742e+26 
  70    0.5693943  4.35245e+26 
  71    0.5818624  4.52704e+26 
  72    0.5946036  4.72880e+26 
  73    0.6076237  4.92670e+26 
  74    0.6209289  5.15364e+26 
  75    0.6345255  5.40896e+26 
  76    0.6484198  5.80695e+26 
  77    0.6626183  6.11922e+26 
  78    0.6771278  6.47044e+26 
  79    0.6919549  6.86761e+26 
  80    0.7071068  7.28464e+26 
  81    0.7225904  7.72536e+26 
  82    0.7384131  8.17433e+26 
  83    0.7545822  8.61665e+26 
  84    0.7711054  9.10043e+26 
  85    0.7879904  9.59745e+26 
  86    0.8052452  1.01223e+27 
  87    0.8228777  1.06409e+27 
  88    0.8408964  1.11320e+27 
  89    0.8593096  1.16874e+27 
  90    0.8781261  1.22764e+27 
  91    0.8973545  1.28670e+27 
  92    0.9170040  1.33824e+27 
  93    0.9370838  1.39440e+27 
  94    0.9576033  1.45223e+27 
  95    0.9785721  1.51295e+27 
  96    1.0000000  1.57457e+27 
  97    1.0218971  1.63866e+27 
  98    1.0442738  1.70620e+27 
  99    1.0671404  1.77360e+27 
 100    1.0905077  1.84634e+27 
 101    1.1143867  1.92067e+27 
 102    1.1387886  1.99139e+27 
 103    1.1637249  2.07276e+27 
 104    1.1892071  2.15549e+27 
 105    1.2152474  2.23695e+27 
 106    1.2418578  2.32081e+27 
 107    1.2690510  2.40037e+27 
 108    1.2968396  2.48322e+27 
 109    1.3252366  2.56627e+27 
 110    1.3542555  2.65267e+27 
 111    1.3839099  2.73629e+27 
 112    1.4142136  2.81937e+27 
 113    1.4451808  2.90091e+27 
 114    1.4768261  2.97735e+27 
 115    1.5091644  3.05543e+27 
 116    1.5422108  3.12469e+27 
 117    1.5759808  3.18318e+27 
 118    1.6104903  3.24132e+27 
 119    1.6457555  3.28264e+27 
 120    1.6817928  3.31412e+27 
 121    1.7186193  3.34010e+27 
 122    1.7562522  3.34782e+27 
 123    1.7947091  3.34430e+27 
 124    1.8340081  3.33137e+27 
 125    1.8741676  3.30743e+27 
 126    1.9152066  3.27607e+27 
 127    1.9571441  3.23427e+27 
 128    2.0000000  3.18616e+27 
 129    2.0437943  3.13440e+27 
 130    2.0885476  3.07966e+27 
 131    2.1342808  3.02289e+27 
 132    2.1810155  2.96087e+27 
 133    2.2287735  2.87990e+27 
 134    2.2775773  2.79214e+27 
 135    2.3274497  2.67351e+27 
 136    2.3784142  2.53685e+27 
 137    2.4304947  2.39617e+27 
 138    2.4837156  2.24099e+27 
 139    2.5381019  2.09194e+27 
 140    2.5936791  1.92915e+27 
 141    2.6504733  1.78831e+27 
 142    2.7085111  1.65100e+27 
 143    2.7678198  1.50034e+27 
 144    2.8284271  1.36268e+27 
 145    2.8903616  1.22598e+27 
 146    2.9536523  1.10553e+27 
 147    3.0183289  1.00919e+27 
 148    3.0844217  9.31018e+26 
 149    3.1519617  8.69933e+26 
 150    3.2209807  8.14688e+26 
 151    3.2915110  7.73566e+26 
 152    3.3635857  7.36390e+26 
 153    3.4372386  7.03494e+26 
 154    3.5125043  6.76150e+26 
 155    3.5894182  6.53302e+26 
 156    3.6680162  6.43567e+26 
 157    3.7483353  6.38150e+26 
 158    3.8304131  6.35746e+26 
 159    3.9142882  6.33879e+26 
 160    4.0000000  6.31902e+26 
 161    4.0875886  6.28886e+26 
 162    4.1770951  6.25752e+26 
 163    4.2685616  6.19804e+26 
 164    4.3620309  6.11452e+26 
 165    4.4575470  6.02038e+26 
 166    4.5551545  5.88207e+26 
 167    4.6548994  5.71854e+26 
 168    4.7568285  5.53791e+26 
 169    4.8609894  5.32845e+26 
 170    4.9674312  5.10517e+26 
 171    5.0762038  4.86920e+26 
 172    5.1873582  4.61166e+26 
 173    5.3009466  4.37652e+26 
 174    5.4170222  4.14790e+26 
 175    5.5356395  3.91995e+26 
 176    5.6568542  3.73828e+26 
 177    5.7807232  3.58150e+26 
 178    5.9073046  3.44739e+26 
 179    6.0366577  3.35022e+26 
 180    6.1688433  3.26751e+26 
 181    6.3039234  3.20802e+26 
 182    6.4419613  3.14241e+26 
 183    6.5830219  3.07170e+26 
 184    6.7271713  3.01274e+26 
 185    6.8744772  2.90695e+26 
 186    7.0250086  2.81048e+26 
 187    7.1788363  2.71584e+26 
 188    7.3360323  2.59749e+26 
 189    7.4966705  2.43174e+26 


# z-band (filter: z_LSST.dat)
   0    0.1250000  3.56888e+26 
   1    0.1277371  3.64902e+26 
   2    0.1305342  3.73092e+26 
   3    0.1333926  3.81460e+26 
   4    0.1363135  3.88915e+26 
   5    0.1392983  3.96970e+26 
   6    0.1423486  4.05869e+26 
   7    0.1454656  4.14573e+26 
   8    0.1486509  4.23214e+26 
   9    0.1519059  4.32323e+26 
  10    0.1552322  4.40942e+26 
  11    0.1586314  4.49876e+26 
  12    0.1621049  4.58785e+26 
  13    0.1656546  4.68727e+26 
  14    0.1692819  4.77033e+26 
  15    0.1729887  4.86553e+26 
  16    0.1767767  4.96514e+26 
  17    0.1806476  5.05392e+26 
  18    0.1846033  5.14431e+26 
  19    0.1886456  5.23291e+26 
  20    0.1927764  5.31120e+26 
  21    0.1969976  5.39560e+26 
  22    0.2013113  5.46364e+26 
  23    0.2057194  5.53842e+26 
  24    0.2102241  5.60986e+26 
  25    0.2148274  5.67083e+26 
  26    0.2195315  5.72502e+26 
  27    0.2243386  5.76993e+26 
  28    0.2292510  5.79576e+26 
  29    0.2342710  5.81252e+26 
  30    0.2394008  5.82124e+26 
  31    0.2446430  5.79888e+26 
  32    0.2500000  5.75903e+26 
  33    0.2554743  5.71200e+26 
  34    0.2610684  5.63188e+26 
  35    0.2667851  5.52362e+26 
  36    0.2726269  5.39406e+26 
  37    0.2785967  5.24168e+26 
  38    0.2846972  5.06143e+26 
  39    0.2909312  4.87220e+26 
  40    0.2973018  4.65927e+26 
  41    0.3038118  4.43802e+26 
  42    0.3104645  4.21495e+26 
  43    0.3172627  3.97490e+26 
  44    0.3242099  3.74603e+26 
  45    0.3313092  3.52404e+26 
  46    0.3385639  3.30412e+26 
  47    0.3459775  3.10569e+26 
  48    0.3535534  2.91603e+26 
  49    0.3612952  2.74213e+26 
  50    0.3692065  2.58916e+26 
  51    0.3772911  2.44842e+26 
  52    0.3855527  2.32244e+26 
  53    0.3939952  2.21481e+26 
  54    0.4026226  2.11646e+26 
  55    0.4114389  2.02920e+26 
  56    0.4204482  1.95120e+26 
  57    0.4296548  1.88355e+26 
  58    0.4390630  1.82109e+26 
  59    0.4486773  1.76435e+26 
  60    0.4585020  1.71144e+26 
  61    0.4685419  1.66373e+26 
  62    0.4788016  1.62252e+26 
  63    0.4892860  1.58641e+26 
  64    0.5000000  1.54983e+26 
  65    0.5109486  1.51787e+26 
  66    0.5221369  1.49064e+26 
  67    0.5335702  1.47210e+26 
  68    0.5452539  1.44907e+26 
  69    0.5571934  1.43579e+26 
  70    0.5693943  1.42414e+26 
  71    0.5818624  1.41646e+26 
  72    0.5946036  1.41623e+26 
  73    0.6076237  1.41702e+26 
  74    0.6209289  1.41644e+26 
  75    0.6345255  1.42430e+26 
  76    0.6484198  1.43073e+26 
  77    0.6626183  1.44003e+26 
  78    0.6771278  1.45610e+26 
  79    0.6919549  1.46620e+26 
  80    0.7071068  1.47777e+26 
  81    0.7225904  1.49563e+26 
  82    0.7384131  1.51088e+26 
  83    0.7545822  1.52751e+26 
  84    0.7711054  1.54363e+26 
  85    0.7879904  1.55983e+26 
  86    0.8052452  1.58402e+26 
  87    0.8228777  1.60671e+26 
  88    0.8408964  1.63480e+26 
  89    0.8593096  1.66626e+26 
  90    0.8781261  1.69588e+26 
  91    0.8973545  1.73572e+26 
  92    0.9170040  1.78256e+26 
  93    0.9370838  1.83448e+26 
  94    0.9576033  1.90090e+26 
  95    0.9785721  1.97687e+26 
  96    1.0000000  2.05968e+26 
  97    1.0218971  2.16024e+26 
  98    1.0442738  2.26917e+26 
  99    1.0671404  2.39092e+26 
 100    1.0905077  2.53255e+26 
 101    1.1143867  2.68758e+26 
 102    1.1387886  2.86361e+26 
 103    1.1637249  3.06551e+26 
 104    1.1892071  3.28324e+26 
 105    1.2152474  3.50842e+26 
 106    1.2418578  3.75695e+26 
 107    1.2690510  4.01685e+26 
 108    1.2968396  4.30861e+26 
 109    1.3252366  4.61953e+26 
 110    1.3542555  4.95467e+26 
 111    1.3839099  5.30560e+26 
 112    1.4142136  5.68082e+26 
 113    1.4451808  6.08634e+26 
 114    1.4768261  6.51596e+26 
 115    1.5091644  6.95371e+26 
 116    1.5422108  7.40856e+26 
 117    1.5759808  7.87712e+26 
 118    1.6104903  8.35141e+26 
 119    1.6457555  8.84581e+26 
 120    1.6817928  9.32818e+26 
 121    1.7186193  9.82023e+26 
 122    1.7562522  1.02907e+27 
 123    1.7947091  1.07584e+27 
 124    1.8340081  1.12164e+27 
 125    1.8741676  1.16675e+27 
 126    1.9152066  1.21188e+27 
 127    1.9571441  1.25521e+27 
 128    2.0000000  1.29828e+27 
 129    2.0437943  1.34149e+27 
 130    2.0885476  1.38718e+27 
 131    2.1342808  1.43118e+27 
 132    2.1810155  1.47167e+27 
 133    2.2287735  1.50294e+27 
 134    2.2775773  1.53413e+27 
 135    2.3274497  1.55138e+27 
 136    2.3784142  1.56212e+27 
 137    2.4304947  1.57050e+27 
 138    2.4837156  1.56814e+27 
 139    2.5381019  1.56105e+27 
 140    2.5936791  1.54633e+27 
 141    2.6504733  1.52815e+27 
 142    2.7085111  1.50379e+27 
 143    2.7678198  1.47327e+27 
 144    2.8284271  1.43708e+27 
 145    2.8903616  1.39944e+27 
 146    2.9536523  1.36165e+27 
 147    3.0183289  1.32443e+27 
 148    3.0844217  1.28920e+27 
 149    3.1519617  1.25548e+27 
 150    3.2209807  1.22187e+27 
 151    3.2915110  1.19234e+27 
 152    3.3635857  1.16389e+27 
 153    3.4372386  1.13546e+27 
 154    3.5125043  1.10855e+27 
 155    3.5894182  1.08233e+27 
 156    3.6680162  1.06115e+27 
 157    3.7483353  1.04040e+27 
 158    3.8304131  1.01923e+27 
 159    3.9142882  9.98566e+26 
 160    4.0000000  9.75593e+26 
 161    4.0875886  9.50695e+26 
 162    4.1770951  9.24504e+26 
 163    4.2685616  8.93924e+26 
 164    4.3620309  8.60045e+26 
 165    4.4575470  8.24119e+26 
 166    4.5551545  7.83600e+26 
 167    4.6548994  7.39668e+26 
 168    4.7568285  6.92689e+26 
 169    4.8609894  6.43541e+26 
 170    4.9674312  5.94483e+26 
 171    5.0762038  5.45615e+26 
 172    5.1873582  4.95044e+26 
 173    5.3009466  4.49296e+26 
 174    5.4170222  4.06125e+26 
 175    5.5356395  3.63850e+26 
 176    5.6568542  3.28164e+26 
 177    5.7807232  2.96228e+26 
 178    5.9073046  2.68197e+26 
 179    6.0366577  2.46108e+26 
 180    6.1688433  2.28197e+26 
 181    6.3039234  2.14325e+26 
 182    6.4419613  2.04952e+26 
 183    6.5830219  1.98589e+26 
 184    6.7271713  1.95138e+26 
 185    6.8744772  1.94399e+26 
 186    7.0250086  1.94114e+26 
 187    7.1788363  1.95680e+26 
 188    7.3360323  1.98585e+26 
 189    7.4966705  2.03376e+26 


# y-band (filter: y_LSST.dat)
   0    0.1250000  2.76753e+26 
   1    0.1277371  2.83010e+26 
   2    0.1305342  2.89404e+26 
   3    0.1333926  2.95939e+26 
   4    0.1363135  3.02652e+26 
   5    0.1392983  3.09519e+26 
   6    0.1423486  3.16807e+26 
   7    0.1454656  3.24465e+26 
   8    0.1486509  3.32333e+26 
   9    0.1519059  3.40956e+26 
  10    0.1552322  3.48890e+26 
  11    0.1586314  3.57478e+26 
  12    0.1621049  3.66417e+26 
  13    0.1656546  3.76998e+26 
  14    0.1692819  3.86888e+26 
  15    0.1729887  3.96507e+26 
  16    0.1767767  4.06844e+26 
  17    0.1806476  4.18695e+26 
  18    0.1846033  4.29939e+26 
  19    0.1886456  4.42085e+26 
  20    0.1927764  4.53925e+26 
  21    0.1969976  4.66198e+26 
  22    0.2013113  4.78386e+26 
  23    0.2057194  4.90988e+26 
  24    0.2102241  5.04672e+26 
  25    0.2148274  5.17452e+26 
  26    0.2195315  5.30455e+26 
  27    0.2243386  5.44551e+26 
  28    0.2292510  5.59580e+26 
  29    0.2342710  5.74209e+26 
  30    0.2394008  5.88881e+26 
  31    0.2446430  6.02553e+26 
  32    0.2500000  6.14040e+26 
  33    0.2554743  6.26493e+26 
  34    0.2610684  6.42066e+26 
  35    0.2667851  6.53236e+26 
  36    0.2726269  6.60794e+26 
  37    0.2785967  6.70409e+26 
  38    0.2846972  6.76313e+26 
  39    0.2909312  6.75149e+26 
  40    0.2973018  6.73717e+26 
  41    0.3038118  6.66923e+26 
  42    0.3104645  6.56554e+26 
  43    0.3172627  6.43435e+26 
  44    0.3242099  6.27455e+26 
  45    0.3313092  6.07474e+26 
  46    0.3385639  5.83849e+26 
  47    0.3459775  5.61266e+26 
  48    0.3535534  5.38875e+26 
  49    0.3612952  5.12362e+26 
  50    0.3692065  4.87412e+26 
  51    0.3772911  4.64543e+26 
  52    0.3855527  4.40792e+26 
  53    0.3939952  4.19097e+26 
  54    0.4026226  3.99250e+26 
  55    0.4114389  3.81291e+26 
  56    0.4204482  3.64263e+26 
  57    0.4296548  3.49819e+26 
  58    0.4390630  3.34342e+26 
  59    0.4486773  3.20500e+26 
  60    0.4585020  3.07535e+26 
  61    0.4685419  2.95603e+26 
  62    0.4788016  2.84820e+26 
  63    0.4892860  2.74844e+26 
  64    0.5000000  2.65925e+26 
  65    0.5109486  2.57029e+26 
  66    0.5221369  2.48721e+26 
  67    0.5335702  2.41356e+26 
  68    0.5452539  2.34641e+26 
  69    0.5571934  2.29059e+26 
  70    0.5693943  2.24147e+26 
  71    0.5818624  2.19562e+26 
  72    0.5946036  2.15389e+26 
  73    0.6076237  2.13176e+26 
  74    0.6209289  2.10523e+26 
  75    0.6345255  2.09139e+26 
  76    0.6484198  2.07817e+26 
  77    0.6626183  2.07030e+26 
  78    0.6771278  2.07521e+26 
  79    0.6919549  2.08273e+26 
  80    0.7071068  2.09218e+26 
  81    0.7225904  2.10004e+26 
  82    0.7384131  2.11694e+26 
  83    0.7545822  2.13294e+26 
  84    0.7711054  2.15418e+26 
  85    0.7879904  2.17021e+26 
  86    0.8052452  2.19905e+26 
  87    0.8228777  2.22616e+26 
  88    0.8408964  2.25777e+26 
  89    0.8593096  2.29205e+26 
  90    0.8781261  2.32208e+26 
  91    0.8973545  2.36226e+26 
  92    0.9170040  2.40771e+26 
  93    0.9370838  2.45782e+26 
  94    0.9576033  2.51015e+26 
  95    0.9785721  2.57607e+26 
  96    1.0000000  2.64519e+26 
  97    1.0218971  2.71506e+26 
  98    1.0442738  2.79260e+26 
  99    1.0671404  2.88023e+26 
 100    1.0905077  2.97970e+26 
 101    1.1143867  3.08573e+26 
 102    1.1387886  3.20711e+26 
 103    1.1637249  3.33083e+26 
 104    1.1892071  3.47121e+26 
 105    1.2152474  3.61326e+26 
 106    1.2418578  3.77343e+26 
 107    1.2690510  3.94374e+26 
 108    1.2968396  4.13222e+26 
 109    1.3252366  4.33840e+26 
 110    1.3542555  4.56519e+26 
 111    1.3839099  4.81556e+26 
 112    1.4142136  5.08164e+26 
 113    1.4451808  5.40427e+26 
 114    1.4768261  5.74596e+26 
 115    1.5091644  6.11897e+26 
 116    1.5422108  6.55118e+26 
 117    1.5759808  7.02588e+26 
 118    1.6104903  7.53245e+26 
 119    1.6457555  8.11272e+26 
 120    1.6817928  8.73624e+26 
 121    1.7186193  9.38564e+26 
 122    1.7562522  1.00639e+27 
 123    1.7947091  1.07901e+27 
 124    1.8340081  1.15672e+27 
 125    1.8741676  1.23739e+27 
 126    1.9152066  1.32142e+27 
 127    1.9571441  1.40672e+27 
 128    2.0000000  1.49305e+27 
 129    2.0437943  1.58074e+27 
 130    2.0885476  1.67029e+27 
 131    2.1342808  1.76147e+27 
 132    2.1810155  1.85045e+27 
 133    2.2287735  1.93316e+27 
 134    2.2775773  2.01726e+27 
 135    2.3274497  2.09144e+27 
 136    2.3784142  2.15866e+27 
 137    2.4304947  2.22359e+27 
 138    2.4837156  2.27262e+27 
 139    2.5381019  2.31027e+27 
 140    2.5936791  2.34188e+27 
 141    2.6504733  2.35682e+27 
 142    2.7085111  2.36198e+27 
 143    2.7678198  2.35915e+27 
 144    2.8284271  2.34441e+27 
 145    2.8903616  2.32591e+27 
 146    2.9536523  2.30263e+27 
 147    3.0183289  2.27121e+27 
 148    3.0844217  2.23897e+27 
 149    3.1519617  2.20588e+27 
 150    3.2209807  2.17098e+27 
 151    3.2915110  2.13988e+27 
 152    3.3635857  2.10970e+27 
 153    3.4372386  2.07933e+27 
 154    3.5125043  2.04985e+27 
 155    3.5894182  2.01987e+27 
 156    3.6680162  1.99252e+27 
 157    3.7483353  1.96488e+27 
 158    3.8304131  1.93653e+27 
 159    3.9142882  1.90796e+27 
 160    4.0000000  1.87800e+27 
 161    4.0875886  1.84608e+27 
 162    4.1770951  1.81208e+27 
 163    4.2685616  1.77364e+27 
 164    4.3620309  1.73100e+27 
 165    4.4575470  1.68603e+27 
 166    4.5551545  1.63118e+27 
 167    4.6548994  1.56901e+27 
 168    4.7568285  1.50277e+27 
 169    4.8609894  1.42357e+27 
 170    4.9674312  1.33633e+27 
 171    5.0762038  1.24326e+27 
 172    5.1873582  1.14278e+27 
 173    5.3009466  1.03874e+27 
 174    5.4170222  9.34237e+26 
 175    5.5356395  8.24259e+26 
 176    5.6568542  7.22899e+26 
 177    5.7807232  6.26999e+26 
 178    5.9073046  5.31316e+26 
 179    6.0366577  4.51116e+26 
 180    6.1688433  3.78662e+26 
 181    6.3039234  3.13155e+26 
 182    6.4419613  2.61282e+26 
 183    6.5830219  2.17657e+26 
 184    6.7271713  1.83239e+26 
 185    6.8744772  1.57058e+26 
 186    7.0250086  1.34439e+26 
 187    7.1788363  1.17204e+26 
 188    7.3360323  1.03862e+26 
 189    7.4966705  9.54423e+25 


# J-band (filter: J_2MASS.dat)
   0    0.1250000  1.51781e+26 
   1    0.1277371  1.54138e+26 
   2    0.1305342  1.56547e+26 
   3    0.1333926  1.59009e+26 
   4    0.1363135  1.61605e+26 
   5    0.1392983  1.63869e+26 
   6    0.1423486  1.67130e+26 
   7    0.1454656  1.69646e+26 
   8    0.1486509  1.72447e+26 
   9    0.1519059  1.75777e+26 
  10    0.1552322  1.79606e+26 
  11    0.1586314  1.83542e+26 
  12    0.1621049  1.87912e+26 
  13    0.1656546  1.92689e+26 
  14    0.1692819  1.98298e+26 
  15    0.1729887  2.04108e+26 
  16    0.1767767  2.10545e+26 
  17    0.1806476  2.18357e+26 
  18    0.1846033  2.27032e+26 
  19    0.1886456  2.36054e+26 
  20    0.1927764  2.45294e+26 
  21    0.1969976  2.56342e+26 
  22    0.2013113  2.67805e+26 
  23    0.2057194  2.83134e+26 
  24    0.2102241  2.99534e+26 
  25    0.2148274  3.18517e+26 
  26    0.2195315  3.37276e+26 
  27    0.2243386  3.57790e+26 
  28    0.2292510  3.81958e+26 
  29    0.2342710  4.07257e+26 
  30    0.2394008  4.35978e+26 
  31    0.2446430  4.67134e+26 
  32    0.2500000  4.94662e+26 
  33    0.2554743  5.26951e+26 
  34    0.2610684  5.57973e+26 
  35    0.2667851  5.87344e+26 
  36    0.2726269  6.16809e+26 
  37    0.2785967  6.48591e+26 
  38    0.2846972  6.78848e+26 
  39    0.2909312  7.11000e+26 
  40    0.2973018  7.42263e+26 
  41    0.3038118  7.70915e+26 
  42    0.3104645  7.98103e+26 
  43    0.3172627  8.23203e+26 
  44    0.3242099  8.47557e+26 
  45    0.3313092  8.69900e+26 
  46    0.3385639  8.96277e+26 
  47    0.3459775  9.23544e+26 
  48    0.3535534  9.47908e+26 
  49    0.3612952  9.71103e+26 
  50    0.3692065  9.96204e+26 
  51    0.3772911  1.02563e+27 
  52    0.3855527  1.05914e+27 
  53    0.3939952  1.09553e+27 
  54    0.4026226  1.12622e+27 
  55    0.4114389  1.16325e+27 
  56    0.4204482  1.18443e+27 
  57    0.4296548  1.20199e+27 
  58    0.4390630  1.22343e+27 
  59    0.4486773  1.24436e+27 
  60    0.4585020  1.26889e+27 
  61    0.4685419  1.29714e+27 
  62    0.4788016  1.32030e+27 
  63    0.4892860  1.34638e+27 
  64    0.5000000  1.36675e+27 
  65    0.5109486  1.39368e+27 
  66    0.5221369  1.42067e+27 
  67    0.5335702  1.45121e+27 
  68    0.5452539  1.49271e+27 
  69    0.5571934  1.53705e+27 
  70    0.5693943  1.58228e+27 
  71    0.5818624  1.62654e+27 
  72    0.5946036  1.67003e+27 
  73    0.6076237  1.71720e+27 
  74    0.6209289  1.76411e+27 
  75    0.6345255  1.80776e+27 
  76    0.6484198  1.85718e+27 
  77    0.6626183  1.90342e+27 
  78    0.6771278  1.94945e+27 
  79    0.6919549  1.99640e+27 
  80    0.7071068  2.04105e+27 
  81    0.7225904  2.08949e+27 
  82    0.7384131  2.13710e+27 
  83    0.7545822  2.18270e+27 
  84    0.7711054  2.22845e+27 
  85    0.7879904  2.27068e+27 
  86    0.8052452  2.31379e+27 
  87    0.8228777  2.35666e+27 
  88    0.8408964  2.39635e+27 
  89    0.8593096  2.43596e+27 
  90    0.8781261  2.47158e+27 
  91    0.8973545  2.50256e+27 
  92    0.9170040  2.53075e+27 
  93    0.9370838  2.55541e+27 
  94    0.9576033  2.57786e+27 
  95    0.9785721  2.60035e+27 
  96    1.0000000  2.61886e+27 
  97    1.0218971  2.63378e+27 
  98    1.0442738  2.64656e+27 
  99    1.0671404  2.65638e+27 
 100    1.0905077  2.66229e+27 
 101    1.1143867  2.66535e+27 
 102    1.1387886  2.66807e+27 
 103    1.1637249  2.67013e+27 
 104    1.1892071  2.67011e+27 
 105    1.2152474  2.66643e+27 
 106    1.2418578  2.66323e+27 
 107    1.2690510  2.65714e+27 
 108    1.2968396  2.65221e+27 
 109    1.3252366  2.64433e+27 
 110    1.3542555  2.63662e+27 
 111    1.3839099  2.62809e+27 
 112    1.4142136  2.61995e+27 
 113    1.4451808  2.61016e+27 
 114    1.4768261  2.60064e+27 
 115    1.5091644  2.59230e+27 
 116    1.5422108  2.58332e+27 
 117    1.5759808  2.57100e+27 
 118    1.6104903  2.55854e+27 
 119    1.6457555  2.54578e+27 
 120    1.6817928  2.53008e+27 
 121    1.7186193  2.51606e+27 
 122    1.7562522  2.50012e+27 
 123    1.7947091  2.48606e+27 
 124    1.8340081  2.47296e+27 
 125    1.8741676  2.46083e+27 
 126    1.9152066  2.45062e+27 
 127    1.9571441  2.44124e+27 
 128    2.0000000  2.43440e+27 
 129    2.0437943  2.43263e+27 
 130    2.0885476  2.43083e+27 
 131    2.1342808  2.43301e+27 
 132    2.1810155  2.43593e+27 
 133    2.2287735  2.43426e+27 
 134    2.2775773  2.43551e+27 
 135    2.3274497  2.43154e+27 
 136    2.3784142  2.43038e+27 
 137    2.4304947  2.42925e+27 
 138    2.4837156  2.43053e+27 
 139    2.5381019  2.43462e+27 
 140    2.5936791  2.43618e+27 
 141    2.6504733  2.44356e+27 
 142    2.7085111  2.44978e+27 
 143    2.7678198  2.45420e+27 
 144    2.8284271  2.45611e+27 
 145    2.8903616  2.45615e+27 
 146    2.9536523  2.45497e+27 
 147    3.0183289  2.45425e+27 
 148    3.0844217  2.44592e+27 
 149    3.1519617  2.43292e+27 
 150    3.2209807  2.41547e+27 
 151    3.2915110  2.39486e+27 
 152    3.3635857  2.37042e+27 
 153    3.4372386  2.34090e+27 
 154    3.5125043  2.31250e+27 
 155    3.5894182  2.28664e+27 
 156    3.6680162  2.25935e+27 
 157    3.7483353  2.24018e+27 
 158    3.8304131  2.22474e+27 
 159    3.9142882  2.21295e+27 
 160    4.0000000  2.20947e+27 
 161    4.0875886  2.21210e+27 
 162    4.1770951  2.21830e+27 
 163    4.2685616  2.22830e+27 
 164    4.3620309  2.23743e+27 
 165    4.4575470  2.25038e+27 
 166    4.5551545  2.25661e+27 
 167    4.6548994  2.26003e+27 
 168    4.7568285  2.26513e+27 
 169    4.8609894  2.26342e+27 
 170    4.9674312  2.26081e+27 
 171    5.0762038  2.25536e+27 
 172    5.1873582  2.24435e+27 
 173    5.3009466  2.23039e+27 
 174    5.4170222  2.20962e+27 
 175    5.5356395  2.18411e+27 
 176    5.6568542  2.14551e+27 
 177    5.7807232  2.09485e+27 
 178    5.9073046  2.03989e+27 
 179    6.0366577  1.96018e+27 
 180    6.1688433  1.86518e+27 
 181    6.3039234  1.76100e+27 
 182    6.4419613  1.63527e+27 
 183    6.5830219  1.50031e+27 
 184    6.7271713  1.35091e+27 
 185    6.8744772  1.20124e+27 
 186    7.0250086  1.04199e+27 
 187    7.1788363  8.65518e+26 
 188    7.3360323  6.83560e+26 
 189    7.4966705  5.01472e+26 


# H-band (filter: H_2MASS.dat)
   0    0.1250000  8.03307e+25 
   1    0.1277371  8.18003e+25 
   2    0.1305342  8.33021e+25 
   3    0.1333926  8.48368e+25 
   4    0.1363135  8.71467e+25 
   5    0.1392983  8.96815e+25 
   6    0.1423486  9.21068e+25 
   7    0.1454656  9.58469e+25 
   8    0.1486509  9.96429e+25 
   9    0.1519059  1.03735e+26 
  10    0.1552322  1.08731e+26 
  11    0.1586314  1.14170e+26 
  12    0.1621049  1.19837e+26 
  13    0.1656546  1.28776e+26 
  14    0.1692819  1.33658e+26 
  15    0.1729887  1.40581e+26 
  16    0.1767767  1.49056e+26 
  17    0.1806476  1.54503e+26 
  18    0.1846033  1.62146e+26 
  19    0.1886456  1.69727e+26 
  20    0.1927764  1.81286e+26 
  21    0.1969976  1.94732e+26 
  22    0.2013113  2.10669e+26 
  23    0.2057194  2.27230e+26 
  24    0.2102241  2.46432e+26 
  25    0.2148274  2.62586e+26 
  26    0.2195315  2.84308e+26 
  27    0.2243386  3.07055e+26 
  28    0.2292510  3.29872e+26 
  29    0.2342710  3.57738e+26 
  30    0.2394008  3.82206e+26 
  31    0.2446430  4.12058e+26 
  32    0.2500000  4.43371e+26 
  33    0.2554743  4.71107e+26 
  34    0.2610684  5.06043e+26 
  35    0.2667851  5.41453e+26 
  36    0.2726269  5.78731e+26 
  37    0.2785967  6.16671e+26 
  38    0.2846972  6.50887e+26 
  39    0.2909312  6.96100e+26 
  40    0.2973018  7.38264e+26 
  41    0.3038118  7.78988e+26 
  42    0.3104645  8.26832e+26 
  43    0.3172627  8.70375e+26 
  44    0.3242099  9.13090e+26 
  45    0.3313092  9.56963e+26 
  46    0.3385639  9.99058e+26 
  47    0.3459775  1.04096e+27 
  48    0.3535534  1.07639e+27 
  49    0.3612952  1.11573e+27 
  50    0.3692065  1.15272e+27 
  51    0.3772911  1.18280e+27 
  52    0.3855527  1.21557e+27 
  53    0.3939952  1.24554e+27 
  54    0.4026226  1.27020e+27 
  55    0.4114389  1.29668e+27 
  56    0.4204482  1.31712e+27 
  57    0.4296548  1.33772e+27 
  58    0.4390630  1.35925e+27 
  59    0.4486773  1.37769e+27 
  60    0.4585020  1.40095e+27 
  61    0.4685419  1.41947e+27 
  62    0.4788016  1.43974e+27 
  63    0.4892860  1.45690e+27 
  64    0.5000000  1.47072e+27 
  65    0.5109486  1.48655e+27 
  66    0.5221369  1.50205e+27 
  67    0.5335702  1.51592e+27 
  68    0.5452539  1.53054e+27 
  69    0.5571934  1.54557e+27 
  70    0.5693943  1.55314e+27 
  71    0.5818624  1.56071e+27 
  72    0.5946036  1.56632e+27 
  73    0.6076237  1.56942e+27 
  74    0.6209289  1.57140e+27 
  75    0.6345255  1.57014e+27 
  76    0.6484198  1.56637e+27 
  77    0.6626183  1.56026e+27 
  78    0.6771278  1.55402e+27 
  79    0.6919549  1.54525e+27 
  80    0.7071068  1.53579e+27 
  81    0.7225904  1.52304e+27 
  82    0.7384131  1.50948e+27 
  83    0.7545822  1.49511e+27 
  84    0.7711054  1.47669e+27 
  85    0.7879904  1.45892e+27 
  86    0.8052452  1.43865e+27 
  87    0.8228777  1.41973e+27 
  88    0.8408964  1.40065e+27 
  89    0.8593096  1.38130e+27 
  90    0.8781261  1.35959e+27 
  91    0.8973545  1.33693e+27 
  92    0.9170040  1.31503e+27 
  93    0.9370838  1.29264e+27 
  94    0.9576033  1.27204e+27 
  95    0.9785721  1.24894e+27 
  96    1.0000000  1.22778e+27 
  97    1.0218971  1.20871e+27 
  98    1.0442738  1.18796e+27 
  99    1.0671404  1.16794e+27 
 100    1.0905077  1.14942e+27 
 101    1.1143867  1.13160e+27 
 102    1.1387886  1.11469e+27 
 103    1.1637249  1.09821e+27 
 104    1.1892071  1.08043e+27 
 105    1.2152474  1.06613e+27 
 106    1.2418578  1.05078e+27 
 107    1.2690510  1.03744e+27 
 108    1.2968396  1.02391e+27 
 109    1.3252366  1.01124e+27 
 110    1.3542555  1.00181e+27 
 111    1.3839099  9.90797e+26 
 112    1.4142136  9.81380e+26 
 113    1.4451808  9.73493e+26 
 114    1.4768261  9.65313e+26 
 115    1.5091644  9.60045e+26 
 116    1.5422108  9.56701e+26 
 117    1.5759808  9.54668e+26 
 118    1.6104903  9.52713e+26 
 119    1.6457555  9.51881e+26 
 120    1.6817928  9.52558e+26 
 121    1.7186193  9.53929e+26 
 122    1.7562522  9.53925e+26 
 123    1.7947091  9.56810e+26 
 124    1.8340081  9.60147e+26 
 125    1.8741676  9.63234e+26 
 126    1.9152066  9.69242e+26 
 127    1.9571441  9.75422e+26 
 128    2.0000000  9.81032e+26 
 129    2.0437943  9.87010e+26 
 130    2.0885476  9.95748e+26 
 131    2.1342808  1.00432e+27 
 132    2.1810155  1.01379e+27 
 133    2.2287735  1.02267e+27 
 134    2.2775773  1.03299e+27 
 135    2.3274497  1.04248e+27 
 136    2.3784142  1.05368e+27 
 137    2.4304947  1.06469e+27 
 138    2.4837156  1.07660e+27 
 139    2.5381019  1.09048e+27 
 140    2.5936791  1.10421e+27 
 141    2.6504733  1.11905e+27 
 142    2.7085111  1.13305e+27 
 143    2.7678198  1.14860e+27 
 144    2.8284271  1.16288e+27 
 145    2.8903616  1.17757e+27 
 146    2.9536523  1.19312e+27 
 147    3.0183289  1.20982e+27 
 148    3.0844217  1.22585e+27 
 149    3.1519617  1.24215e+27 
 150    3.2209807  1.25769e+27 
 151    3.2915110  1.27285e+27 
 152    3.3635857  1.28650e+27 
 153    3.4372386  1.30075e+27 
 154    3.5125043  1.31271e+27 
 155    3.5894182  1.32323e+27 
 156    3.6680162  1.33312e+27 
 157    3.7483353  1.33892e+27 
 158    3.8304131  1.34073e+27 
 159    3.9142882  1.33967e+27 
 160    4.0000000  1.33229e+27 
 161    4.0875886  1.32067e+27 
 162    4.1770951  1.30561e+27 
 163    4.2685616  1.28429e+27 
 164    4.3620309  1.25983e+27 
 165    4.4575470  1.23134e+27 
 166    4.5551545  1.20128e+27 
 167    4.6548994  1.16896e+27 
 168    4.7568285  1.13444e+27 
 169    4.8609894  1.10167e+27 
 170    4.9674312  1.06887e+27 
 171    5.0762038  1.03700e+27 
 172    5.1873582  1.00529e+27 
 173    5.3009466  9.75523e+26 
 174    5.4170222  9.47945e+26 
 175    5.5356395  9.22110e+26 
 176    5.6568542  8.99484e+26 
 177    5.7807232  8.79537e+26 
 178    5.9073046  8.61230e+26 
 179    6.0366577  8.48888e+26 
 180    6.1688433  8.40480e+26 
 181    6.3039234  8.34526e+26 
 182    6.4419613  8.37273e+26 
 183    6.5830219  8.45263e+26 
 184    6.7271713  8.57328e+26 
 185    6.8744772  8.75424e+26 
 186    7.0250086  8.93523e+26 
 187    7.1788363  9.17111e+26 
 188    7.3360323  9.45166e+26 
 189    7.4966705  9.79360e+26 


# K-band (filter: Ks_mosfire.dat)
   0    0.1250000  3.73152e+25 
   1    0.1277371  4.01438e+25 
   2    0.1305342  4.30343e+25 
   3    0.1333926  4.59881e+25 
   4    0.1363135  4.76649e+25 
   5    0.1392983  5.04695e+25 
   6    0.1423486  5.41414e+25 
   7    0.1454656  5.63148e+25 
   8    0.1486509  5.81507e+25 
   9    0.1519059  6.14404e+25 
  10    0.1552322  6.55168e+25 
  11    0.1586314  7.08518e+25 
  12    0.1621049  7.73071e+25 
  13    0.1656546  8.57619e+25 
  14    0.1692819  9.46148e+25 
  15    0.1729887  1.05613e+26 
  16    0.1767767  1.21017e+26 
  17    0.1806476  1.34986e+26 
  18    0.1846033  1.50385e+26 
  19    0.1886456  1.69110e+26 
  20    0.1927764  1.89011e+26 
  21    0.1969976  2.09757e+26 
  22    0.2013113  2.23233e+26 
  23    0.2057194  2.33764e+26 
  24    0.2102241  2.50603e+26 
  25    0.2148274  2.66781e+26 
  26    0.2195315  2.81564e+26 
  27    0.2243386  2.93657e+26 
  28    0.2292510  3.09138e+26 
  29    0.2342710  3.27116e+26 
  30    0.2394008  3.42142e+26 
  31    0.2446430  3.60449e+26 
  32    0.2500000  3.78630e+26 
  33    0.2554743  3.99422e+26 
  34    0.2610684  4.30755e+26 
  35    0.2667851  4.60661e+26 
  36    0.2726269  4.89905e+26 
  37    0.2785967  5.22439e+26 
  38    0.2846972  5.52283e+26 
  39    0.2909312  5.88239e+26 
  40    0.2973018  6.25150e+26 
  41    0.3038118  6.58454e+26 
  42    0.3104645  7.00382e+26 
  43    0.3172627  7.38911e+26 
  44    0.3242099  7.74031e+26 
  45    0.3313092  8.08023e+26 
  46    0.3385639  8.41277e+26 
  47    0.3459775  8.68890e+26 
  48    0.3535534  9.00048e+26 
  49    0.3612952  9.25503e+26 
  50    0.3692065  9.55702e+26 
  51    0.3772911  9.81004e+26 
  52    0.3855527  1.00205e+27 
  53    0.3939952  1.02381e+27 
  54    0.4026226  1.03830e+27 
  55    0.4114389  1.05538e+27 
  56    0.4204482  1.06754e+27 
  57    0.4296548  1.07903e+27 
  58    0.4390630  1.09061e+27 
  59    0.4486773  1.09753e+27 
  60    0.4585020  1.10282e+27 
  61    0.4685419  1.10954e+27 
  62    0.4788016  1.11168e+27 
  63    0.4892860  1.11366e+27 
  64    0.5000000  1.11128e+27 
  65    0.5109486  1.11148e+27 
  66    0.5221369  1.10676e+27 
  67    0.5335702  1.10027e+27 
  68    0.5452539  1.09246e+27 
  69    0.5571934  1.08101e+27 
  70    0.5693943  1.06855e+27 
  71    0.5818624  1.05785e+27 
  72    0.5946036  1.04800e+27 
  73    0.6076237  1.03403e+27 
  74    0.6209289  1.02045e+27 
  75    0.6345255  1.00623e+27 
  76    0.6484198  9.91030e+26 
  77    0.6626183  9.76250e+26 
  78    0.6771278  9.58907e+26 
  79    0.6919549  9.43418e+26 
  80    0.7071068  9.29194e+26 
  81    0.7225904  9.13585e+26 
  82    0.7384131  9.00423e+26 
  83    0.7545822  8.82952e+26 
  84    0.7711054  8.67349e+26 
  85    0.7879904  8.50069e+26 
  86    0.8052452  8.31397e+26 
  87    0.8228777  8.12498e+26 
  88    0.8408964  7.93311e+26 
  89    0.8593096  7.75202e+26 
  90    0.8781261  7.57320e+26 
  91    0.8973545  7.39830e+26 
  92    0.9170040  7.20672e+26 
  93    0.9370838  7.01255e+26 
  94    0.9576033  6.79933e+26 
  95    0.9785721  6.60320e+26 
  96    1.0000000  6.41670e+26 
  97    1.0218971  6.21961e+26 
  98    1.0442738  6.03076e+26 
  99    1.0671404  5.84704e+26 
 100    1.0905077  5.66813e+26 
 101    1.1143867  5.48992e+26 
 102    1.1387886  5.29720e+26 
 103    1.1637249  5.12277e+26 
 104    1.1892071  4.95381e+26 
 105    1.2152474  4.79880e+26 
 106    1.2418578  4.64604e+26 
 107    1.2690510  4.49106e+26 
 108    1.2968396  4.33853e+26 
 109    1.3252366  4.19859e+26 
 110    1.3542555  4.06570e+26 
 111    1.3839099  3.93208e+26 
 112    1.4142136  3.80943e+26 
 113    1.4451808  3.69226e+26 
 114    1.4768261  3.58490e+26 
 115    1.5091644  3.48163e+26 
 116    1.5422108  3.38159e+26 
 117    1.5759808  3.28107e+26 
 118    1.6104903  3.18937e+26 
 119    1.6457555  3.10308e+26 
 120    1.6817928  3.00887e+26 
 121    1.7186193  2.91982e+26 
 122    1.7562522  2.83634e+26 
 123    1.7947091  2.75381e+26 
 124    1.8340081  2.66694e+26 
 125    1.8741676  2.59148e+26 
 126    1.9152066  2.51757e+26 
 127    1.9571441  2.44861e+26 
 128    2.0000000  2.38062e+26 
 129    2.0437943  2.31669e+26 
 130    2.0885476  2.25697e+26 
 131    2.1342808  2.19729e+26 
 132    2.1810155  2.14729e+26 
 133    2.2287735  2.09677e+26 
 134    2.2775773  2.04906e+26 
 135    2.3274497  2.00175e+26 
 136    2.3784142  1.96111e+26 
 137    2.4304947  1.91179e+26 
 138    2.4837156  1.87625e+26 
 139    2.5381019  1.84591e+26 
 140    2.5936791  1.81355e+26 
 141    2.6504733  1.78641e+26 
 142    2.7085111  1.75942e+26 
 143    2.7678198  1.74097e+26 
 144    2.8284271  1.72320e+26 
 145    2.8903616  1.70663e+26 
 146    2.9536523  1.69615e+26 
 147    3.0183289  1.68946e+26 
 148    3.0844217  1.68029e+26 
 149    3.1519617  1.67742e+26 
 150    3.2209807  1.66856e+26 
 151    3.2915110  1.66345e+26 
 152    3.3635857  1.66378e+26 
 153    3.4372386  1.66588e+26 
 154    3.5125043  1.66941e+26 
 155    3.5894182  1.67419e+26 
 156    3.6680162  1.68239e+26 
 157    3.7483353  1.69390e+26 
 158    3.8304131  1.70737e+26 
 159    3.9142882  1.72358e+26 
 160    4.0000000  1.74540e+26 
 161    4.0875886  1.76796e+26 
 162    4.1770951  1.79311e+26 
 163    4.2685616  1.81802e+26 
 164    4.3620309  1.83537e+26 
 165    4.4575470  1.85304e+26 
 166    4.5551545  1.86471e+26 
 167    4.6548994  1.86932e+26 
 168    4.7568285  1.87109e+26 
 169    4.8609894  1.86615e+26 
 170    4.9674312  1.85441e+26 
 171    5.0762038  1.83577e+26 
 172    5.1873582  1.81323e+26 
 173    5.3009466  1.78558e+26 
 174    5.4170222  1.75516e+26 
 175    5.5356395  1.71897e+26 
 176    5.6568542  1.68338e+26 
 177    5.7807232  1.64619e+26 
 178    5.9073046  1.60649e+26 
 179    6.0366577  1.56297e+26 
 180    6.1688433  1.51666e+26 
 181    6.3039234  1.46993e+26 
 182    6.4419613  1.41832e+26 
 183    6.5830219  1.36697e+26 
 184    6.7271713  1.31064e+26 
 185    6.8744772  1.24802e+26 
 186    7.0250086  1.18414e+26 
 187    7.1788363  1.11693e+26 
 188    7.3360323  1.04584e+26 
 189    7.4966705  9.70992e+25 


# S-band (filter: Spitzer_IRAC2.dat)
   0    0.1250000  2.24894e+25 
   1    0.1277371  2.70345e+25 
   2    0.1305342  3.16792e+25 
   3    0.1333926  3.64255e+25 
   4    0.1363135  4.16937e+25 
   5    0.1392983  4.61036e+25 
   6    0.1423486  5.34988e+25 
   7    0.1454656  6.21106e+25 
   8    0.1486509  6.97356e+25 
   9    0.1519059  7.69038e+25 
  10    0.1552322  8.14872e+25 
  11    0.1586314  9.40843e+25 
  12    0.1621049  1.04765e+26 
  13    0.1656546  1.15227e+26 
  14    0.1692819  1.29843e+26 
  15    0.1729887  1.42195e+26 
  16    0.1767767  1.56428e+26 
  17    0.1806476  1.72702e+26 
  18    0.1846033  1.90138e+26 
  19    0.1886456  1.99638e+26 
  20    0.1927764  2.09620e+26 
  21    0.1969976  2.26067e+26 
  22    0.2013113  2.38832e+26 
  23    0.2057194  2.49752e+26 
  24    0.2102241  2.64228e+26 
  25    0.2148274  2.77907e+26 
  26    0.2195315  2.84133e+26 
  27    0.2243386  2.92384e+26 
  28    0.2292510  3.07752e+26 
  29    0.2342710  3.15273e+26 
  30    0.2394008  3.21611e+26 
  31    0.2446430  3.31409e+26 
  32    0.2500000  3.44653e+26 
  33    0.2554743  3.52130e+26 
  34    0.2610684  3.55643e+26 
  35    0.2667851  3.60440e+26 
  36    0.2726269  3.61610e+26 
  37    0.2785967  3.59556e+26 
  38    0.2846972  3.60173e+26 
  39    0.2909312  3.59020e+26 
  40    0.2973018  3.51940e+26 
  41    0.3038118  3.52317e+26 
  42    0.3104645  3.49744e+26 
  43    0.3172627  3.44196e+26 
  44    0.3242099  3.36478e+26 
  45    0.3313092  3.31942e+26 
  46    0.3385639  3.26363e+26 
  47    0.3459775  3.20078e+26 
  48    0.3535534  3.15925e+26 
  49    0.3612952  3.09585e+26 
  50    0.3692065  3.03706e+26 
  51    0.3772911  2.94693e+26 
  52    0.3855527  2.87874e+26 
  53    0.3939952  2.79386e+26 
  54    0.4026226  2.70342e+26 
  55    0.4114389  2.62133e+26 
  56    0.4204482  2.54921e+26 
  57    0.4296548  2.44714e+26 
  58    0.4390630  2.36259e+26 
  59    0.4486773  2.26919e+26 
  60    0.4585020  2.16839e+26 
  61    0.4685419  2.09101e+26 
  62    0.4788016  1.99676e+26 
  63    0.4892860  1.92555e+26 
  64    0.5000000  1.85719e+26 
  65    0.5109486  1.78033e+26 
  66    0.5221369  1.69973e+26 
  67    0.5335702  1.62309e+26 
  68    0.5452539  1.55365e+26 
  69    0.5571934  1.47552e+26 
  70    0.5693943  1.40044e+26 
  71    0.5818624  1.33430e+26 
  72    0.5946036  1.26956e+26 
  73    0.6076237  1.22337e+26 
  74    0.6209289  1.16955e+26 
  75    0.6345255  1.11116e+26 
  76    0.6484198  1.05235e+26 
  77    0.6626183  1.00004e+26 
  78    0.6771278  9.65053e+25 
  79    0.6919549  9.20309e+25 
  80    0.7071068  8.85832e+25 
  81    0.7225904  8.52611e+25 
  82    0.7384131  8.26406e+25 
  83    0.7545822  8.01764e+25 
  84    0.7711054  7.59502e+25 
  85    0.7879904  7.25995e+25 
  86    0.8052452  6.89247e+25 
  87    0.8228777  6.68389e+25 
  88    0.8408964  6.41061e+25 
  89    0.8593096  6.15339e+25 
  90    0.8781261  5.91531e+25 
  91    0.8973545  5.64771e+25 
  92    0.9170040  5.33340e+25 
  93    0.9370838  5.09141e+25 
  94    0.9576033  4.83805e+25 
  95    0.9785721  4.59479e+25 
  96    1.0000000  4.41403e+25 
  97    1.0218971  4.18463e+25 
  98    1.0442738  4.03084e+25 
  99    1.0671404  3.82999e+25 
 100    1.0905077  3.64500e+25 
 101    1.1143867  3.46552e+25 
 102    1.1387886  3.29463e+25 
 103    1.1637249  3.18377e+25 
 104    1.1892071  3.09942e+25 
 105    1.2152474  2.94064e+25 
 106    1.2418578  2.80968e+25 
 107    1.2690510  2.68277e+25 
 108    1.2968396  2.62464e+25 
 109    1.3252366  2.52147e+25 
 110    1.3542555  2.39989e+25 
 111    1.3839099  2.29286e+25 
 112    1.4142136  2.19200e+25 
 113    1.4451808  2.09493e+25 
 114    1.4768261  1.97860e+25 
 115    1.5091644  1.89527e+25 
 116    1.5422108  1.82100e+25 
 117    1.5759808  1.73987e+25 
 118    1.6104903  1.68217e+25 
 119    1.6457555  1.61981e+25 
 120    1.6817928  1.53098e+25 
 121    1.7186193  1.47312e+25 
 122    1.7562522  1.40828e+25 
 123    1.7947091  1.36747e+25 
 124    1.8340081  1.32848e+25 
 125    1.8741676  1.28660e+25 
 126    1.9152066  1.26243e+25 
 127    1.9571441  1.20561e+25 
 128    2.0000000  1.17723e+25 
 129    2.0437943  1.14095e+25 
 130    2.0885476  1.09905e+25 
 131    2.1342808  1.05364e+25 
 132    2.1810155  1.03802e+25 
 133    2.2287735  1.00215e+25 
 134    2.2775773  9.64651e+24 
 135    2.3274497  9.17335e+24 
 136    2.3784142  8.74277e+24 
 137    2.4304947  8.32502e+24 
 138    2.4837156  7.91739e+24 
 139    2.5381019  7.66838e+24 
 140    2.5936791  7.20333e+24 
 141    2.6504733  6.87541e+24 
 142    2.7085111  6.64696e+24 
 143    2.7678198  6.39960e+24 
 144    2.8284271  6.03523e+24 
 145    2.8903616  5.73806e+24 
 146    2.9536523  5.57312e+24 
 147    3.0183289  5.37346e+24 
 148    3.0844217  5.21040e+24 
 149    3.1519617  5.06672e+24 
 150    3.2209807  4.90283e+24 
 151    3.2915110  4.72891e+24 
 152    3.3635857  4.65163e+24 
 153    3.4372386  4.54883e+24 
 154    3.5125043  4.44930e+24 
 155    3.5894182  4.35383e+24 
 156    3.6680162  4.31053e+24 
 157    3.7483353  4.15477e+24 
 158    3.8304131  4.08352e+24 
 159    3.9142882  4.00844e+24 
 160    4.0000000  3.91466e+24 
 161    4.0875886  3.94317e+24 
 162    4.1770951  3.88469e+24 
 163    4.2685616  3.82012e+24 
 164    4.3620309  3.73261e+24 
 165    4.4575470  3.62906e+24 
 166    4.5551545  3.56837e+24 
 167    4.6548994  3.50856e+24 
 168    4.7568285  3.47153e+24 
 169    4.8609894  3.47140e+24 
 170    4.9674312  3.43231e+24 
 171    5.0762038  3.43284e+24 
 172    5.1873582  3.42169e+24 
 173    5.3009466  3.38472e+24 
 174    5.4170222  3.40374e+24 
 175    5.5356395  3.39631e+24 
 176    5.6568542  3.43633e+24 
 177    5.7807232  3.51295e+24 
 178    5.9073046  3.55618e+24 
 179    6.0366577  3.61822e+24 
 180    6.1688433  3.69366e+24 
 181    6.3039234  3.77454e+24 
 182    6.4419613  3.86443e+24 
 183    6.5830219  3.90485e+24 
 184    6.7271713  3.95388e+24 
 185    6.8744772  3.94047e+24 
 186    7.0250086  3.94895e+24 
 187    7.1788363  3.98121e+24 
 188    7.3360323  3.97170e+24 
 189    7.4966705  3.92798e+24 


