# 1:iteration 2:time bin[s] 3-k:equiv. isotropic luminosity in k-th angular bin [erg/s]
# bolometric luminosity going in angular bin
   0    0.1250000  4.28109e+41 
   1    0.1277371  4.32827e+41 
   2    0.1305342  4.37648e+41 
   3    0.1333926  4.42574e+41 
   4    0.1363135  4.47339e+41 
   5    0.1392983  4.51509e+41 
   6    0.1423486  4.55338e+41 
   7    0.1454656  4.58935e+41 
   8    0.1486509  4.62302e+41 
   9    0.1519059  4.65508e+41 
  10    0.1552322  4.68385e+41 
  11    0.1586314  4.70908e+41 
  12    0.1621049  4.72969e+41 
  13    0.1656546  4.74983e+41 
  14    0.1692819  4.76843e+41 
  15    0.1729887  4.78120e+41 
  16    0.1767767  4.79373e+41 
  17    0.1806476  4.80220e+41 
  18    0.1846033  4.80766e+41 
  19    0.1886456  4.80944e+41 
  20    0.1927764  4.80840e+41 
  21    0.1969976  4.80706e+41 
  22    0.2013113  4.80470e+41 
  23    0.2057194  4.80037e+41 
  24    0.2102241  4.79521e+41 
  25    0.2148274  4.78399e+41 
  26    0.2195315  4.77237e+41 
  27    0.2243386  4.76219e+41 
  28    0.2292510  4.75241e+41 
  29    0.2342710  4.74163e+41 
  30    0.2394008  4.72906e+41 
  31    0.2446430  4.71759e+41 
  32    0.2500000  4.70068e+41 
  33    0.2554743  4.68048e+41 
  34    0.2610684  4.65907e+41 
  35    0.2667851  4.63458e+41 
  36    0.2726269  4.60538e+41 
  37    0.2785967  4.57628e+41 
  38    0.2846972  4.53873e+41 
  39    0.2909312  4.49289e+41 
  40    0.2973018  4.44318e+41 
  41    0.3038118  4.38563e+41 
  42    0.3104645  4.31955e+41 
  43    0.3172627  4.24864e+41 
  44    0.3242099  4.16602e+41 
  45    0.3313092  4.07848e+41 
  46    0.3385639  3.98510e+41 
  47    0.3459775  3.88626e+41 
  48    0.3535534  3.78658e+41 
  49    0.3612952  3.68201e+41 
  50    0.3692065  3.58085e+41 
  51    0.3772911  3.48196e+41 
  52    0.3855527  3.38169e+41 
  53    0.3939952  3.28749e+41 
  54    0.4026226  3.19334e+41 
  55    0.4114389  3.10289e+41 
  56    0.4204482  3.01437e+41 
  57    0.4296548  2.92938e+41 
  58    0.4390630  2.84622e+41 
  59    0.4486773  2.76669e+41 
  60    0.4585020  2.68749e+41 
  61    0.4685419  2.61123e+41 
  62    0.4788016  2.53465e+41 
  63    0.4892860  2.46205e+41 
  64    0.5000000  2.38772e+41 
  65    0.5109486  2.31485e+41 
  66    0.5221369  2.24675e+41 
  67    0.5335702  2.18009e+41 
  68    0.5452539  2.11584e+41 
  69    0.5571934  2.05522e+41 
  70    0.5693943  1.99695e+41 
  71    0.5818624  1.94062e+41 
  72    0.5946036  1.88816e+41 
  73    0.6076237  1.83828e+41 
  74    0.6209289  1.79092e+41 
  75    0.6345255  1.74580e+41 
  76    0.6484198  1.70762e+41 
  77    0.6626183  1.67023e+41 
  78    0.6771278  1.63774e+41 
  79    0.6919549  1.60890e+41 
  80    0.7071068  1.58176e+41 
  81    0.7225904  1.55838e+41 
  82    0.7384131  1.53873e+41 
  83    0.7545822  1.51948e+41 
  84    0.7711054  1.50301e+41 
  85    0.7879904  1.48785e+41 
  86    0.8052452  1.47465e+41 
  87    0.8228777  1.46248e+41 
  88    0.8408964  1.45107e+41 
  89    0.8593096  1.44120e+41 
  90    0.8781261  1.43218e+41 
  91    0.8973545  1.42661e+41 
  92    0.9170040  1.42475e+41 
  93    0.9370838  1.42644e+41 
  94    0.9576033  1.44586e+41 
  95    0.9785721  1.47471e+41 
  96    1.0000000  1.50451e+41 
  97    1.0218971  1.54463e+41 
  98    1.0442738  1.59094e+41 
  99    1.0671404  1.64666e+41 
 100    1.0905077  1.70982e+41 
 101    1.1143867  1.77636e+41 
 102    1.1387886  1.83196e+41 
 103    1.1637249  1.88507e+41 
 104    1.1892071  1.90719e+41 
 105    1.2152474  1.92151e+41 
 106    1.2418578  1.92796e+41 
 107    1.2690510  1.91805e+41 
 108    1.2968396  1.91069e+41 
 109    1.3252366  1.88828e+41 
 110    1.3542555  1.87269e+41 
 111    1.3839099  1.85182e+41 
 112    1.4142136  1.81970e+41 
 113    1.4451808  1.79382e+41 
 114    1.4768261  1.76941e+41 
 115    1.5091644  1.76125e+41 
 116    1.5422108  1.75967e+41 
 117    1.5759808  1.76235e+41 
 118    1.6104903  1.77268e+41 
 119    1.6457555  1.78811e+41 
 120    1.6817928  1.80389e+41 
 121    1.7186193  1.81936e+41 
 122    1.7562522  1.83126e+41 
 123    1.7947091  1.82976e+41 
 124    1.8340081  1.81958e+41 
 125    1.8741676  1.81260e+41 
 126    1.9152066  1.80453e+41 
 127    1.9571441  1.80077e+41 
 128    2.0000000  1.79216e+41 
 129    2.0437943  1.79224e+41 
 130    2.0885476  1.79077e+41 
 131    2.1342808  1.78417e+41 
 132    2.1810155  1.77925e+41 
 133    2.2287735  1.76983e+41 
 134    2.2775773  1.76676e+41 
 135    2.3274497  1.76045e+41 
 136    2.3784142  1.75799e+41 
 137    2.4304947  1.75469e+41 
 138    2.4837156  1.74557e+41 
 139    2.5381019  1.72967e+41 
 140    2.5936791  1.70635e+41 
 141    2.6504733  1.67351e+41 
 142    2.7085111  1.63403e+41 
 143    2.7678198  1.59069e+41 
 144    2.8284271  1.54143e+41 
 145    2.8903616  1.48975e+41 
 146    2.9536523  1.43688e+41 
 147    3.0183289  1.37882e+41 
 148    3.0844217  1.32171e+41 
 149    3.1519617  1.26248e+41 
 150    3.2209807  1.20091e+41 
 151    3.2915110  1.14118e+41 
 152    3.3635857  1.08247e+41 
 153    3.4372386  1.02486e+41 
 154    3.5125043  9.67934e+40 
 155    3.5894182  9.11231e+40 
 156    3.6680162  8.54742e+40 
 157    3.7483353  7.97068e+40 
 158    3.8304131  7.38214e+40 
 159    3.9142882  6.78775e+40 
 160    4.0000000  6.17430e+40 
 161    4.0875886  5.56233e+40 
 162    4.1770951  4.94249e+40 
 163    4.2685616  4.35309e+40 
 164    4.3620309  3.79021e+40 
 165    4.4575470  3.22136e+40 
 166    4.5551545  2.72526e+40 
 167    4.6548994  2.26611e+40 
 168    4.7568285  1.82569e+40 
 169    4.8609894  1.46584e+40 
 170    4.9674312  1.15143e+40 
 171    5.0762038  8.85745e+39 
 172    5.1873582  6.71741e+39 
 173    5.3009466  5.03890e+39 
 174    5.4170222  3.69906e+39 
 175    5.5356395  2.71013e+39 
 176    5.6568542  1.95205e+39 
 177    5.7807232  1.39200e+39 
 178    5.9073046  1.02370e+39 
 179    6.0366577  7.49296e+38 
 180    6.1688433  5.61816e+38 
 181    6.3039234  4.44161e+38 
 182    6.4419613  3.56873e+38 
 183    6.5830219  2.95943e+38 
 184    6.7271713  2.54379e+38 
 185    6.8744772  2.21988e+38 
 186    7.0250086  1.94995e+38 
 187    7.1788363  1.73227e+38 
 188    7.3360323  1.54734e+38 
 189    7.4966705  1.40127e+38 


# g-band (filter: g_LSST.dat)
   0    0.1250000  9.04588e+26 
   1    0.1277371  9.13779e+26 
   2    0.1305342  9.23171e+26 
   3    0.1333926  9.32769e+26 
   4    0.1363135  9.40065e+26 
   5    0.1392983  9.47013e+26 
   6    0.1423486  9.53050e+26 
   7    0.1454656  9.57398e+26 
   8    0.1486509  9.60683e+26 
   9    0.1519059  9.63074e+26 
  10    0.1552322  9.63856e+26 
  11    0.1586314  9.63697e+26 
  12    0.1621049  9.61898e+26 
  13    0.1656546  9.59088e+26 
  14    0.1692819  9.54651e+26 
  15    0.1729887  9.49689e+26 
  16    0.1767767  9.44354e+26 
  17    0.1806476  9.37467e+26 
  18    0.1846033  9.29713e+26 
  19    0.1886456  9.21258e+26 
  20    0.1927764  9.11809e+26 
  21    0.1969976  9.01750e+26 
  22    0.2013113  8.90958e+26 
  23    0.2057194  8.79938e+26 
  24    0.2102241  8.68752e+26 
  25    0.2148274  8.56939e+26 
  26    0.2195315  8.44922e+26 
  27    0.2243386  8.32349e+26 
  28    0.2292510  8.19599e+26 
  29    0.2342710  8.06848e+26 
  30    0.2394008  7.93582e+26 
  31    0.2446430  7.80028e+26 
  32    0.2500000  7.66358e+26 
  33    0.2554743  7.52321e+26 
  34    0.2610684  7.37857e+26 
  35    0.2667851  7.23111e+26 
  36    0.2726269  7.07510e+26 
  37    0.2785967  6.91491e+26 
  38    0.2846972  6.74618e+26 
  39    0.2909312  6.56859e+26 
  40    0.2973018  6.38355e+26 
  41    0.3038118  6.18523e+26 
  42    0.3104645  5.97323e+26 
  43    0.3172627  5.75400e+26 
  44    0.3242099  5.51895e+26 
  45    0.3313092  5.27309e+26 
  46    0.3385639  5.01784e+26 
  47    0.3459775  4.75419e+26 
  48    0.3535534  4.48686e+26 
  49    0.3612952  4.21274e+26 
  50    0.3692065  3.94391e+26 
  51    0.3772911  3.67836e+26 
  52    0.3855527  3.40855e+26 
  53    0.3939952  3.15588e+26 
  54    0.4026226  2.91158e+26 
  55    0.4114389  2.67071e+26 
  56    0.4204482  2.44937e+26 
  57    0.4296548  2.24056e+26 
  58    0.4390630  2.04144e+26 
  59    0.4486773  1.85428e+26 
  60    0.4585020  1.68197e+26 
  61    0.4685419  1.52065e+26 
  62    0.4788016  1.36977e+26 
  63    0.4892860  1.23465e+26 
  64    0.5000000  1.10838e+26 
  65    0.5109486  9.90361e+25 
  66    0.5221369  8.84755e+25 
  67    0.5335702  7.87435e+25 
  68    0.5452539  6.96772e+25 
  69    0.5571934  6.14703e+25 
  70    0.5693943  5.41065e+25 
  71    0.5818624  4.73428e+25 
  72    0.5946036  4.14615e+25 
  73    0.6076237  3.62473e+25 
  74    0.6209289  3.14442e+25 
  75    0.6345255  2.73315e+25 
  76    0.6484198  2.37415e+25 
  77    0.6626183  2.05309e+25 
  78    0.6771278  1.78815e+25 
  79    0.6919549  1.55880e+25 
  80    0.7071068  1.36102e+25 
  81    0.7225904  1.20108e+25 
  82    0.7384131  1.06614e+25 
  83    0.7545822  9.48508e+24 
  84    0.7711054  8.54045e+24 
  85    0.7879904  7.70374e+24 
  86    0.8052452  6.94882e+24 
  87    0.8228777  6.31756e+24 
  88    0.8408964  5.77826e+24 
  89    0.8593096  5.27704e+24 
  90    0.8781261  4.83623e+24 
  91    0.8973545  4.44939e+24 
  92    0.9170040  4.10808e+24 
  93    0.9370838  3.81306e+24 
  94    0.9576033  3.55653e+24 
  95    0.9785721  3.36430e+24 
  96    1.0000000  3.16717e+24 
  97    1.0218971  3.01830e+24 
  98    1.0442738  2.88709e+24 
  99    1.0671404  2.78118e+24 
 100    1.0905077  2.69656e+24 
 101    1.1143867  2.62657e+24 
 102    1.1387886  2.58831e+24 
 103    1.1637249  2.58321e+24 
 104    1.1892071  2.59130e+24 
 105    1.2152474  2.60246e+24 
 106    1.2418578  2.62990e+24 
 107    1.2690510  2.64472e+24 
 108    1.2968396  2.67400e+24 
 109    1.3252366  2.71056e+24 
 110    1.3542555  2.76557e+24 
 111    1.3839099  2.83012e+24 
 112    1.4142136  2.89538e+24 
 113    1.4451808  3.00505e+24 
 114    1.4768261  3.08394e+24 
 115    1.5091644  3.18941e+24 
 116    1.5422108  3.31620e+24 
 117    1.5759808  3.45664e+24 
 118    1.6104903  3.62259e+24 
 119    1.6457555  3.84710e+24 
 120    1.6817928  4.10828e+24 
 121    1.7186193  4.40620e+24 
 122    1.7562522  4.75497e+24 
 123    1.7947091  5.12102e+24 
 124    1.8340081  5.51134e+24 
 125    1.8741676  5.91805e+24 
 126    1.9152066  6.34052e+24 
 127    1.9571441  6.78207e+24 
 128    2.0000000  7.25335e+24 
 129    2.0437943  7.73564e+24 
 130    2.0885476  8.21998e+24 
 131    2.1342808  8.70221e+24 
 132    2.1810155  9.16210e+24 
 133    2.2287735  9.59051e+24 
 134    2.2775773  9.99221e+24 
 135    2.3274497  1.03295e+25 
 136    2.3784142  1.06006e+25 
 137    2.4304947  1.08246e+25 
 138    2.4837156  1.08756e+25 
 139    2.5381019  1.07904e+25 
 140    2.5936791  1.06487e+25 
 141    2.6504733  1.02885e+25 
 142    2.7085111  9.81684e+24 
 143    2.7678198  9.24135e+24 
 144    2.8284271  8.56057e+24 
 145    2.8903616  7.81970e+24 
 146    2.9536523  7.04746e+24 
 147    3.0183289  6.18143e+24 
 148    3.0844217  5.38137e+24 
 149    3.1519617  4.61380e+24 
 150    3.2209807  3.86144e+24 
 151    3.2915110  3.21269e+24 
 152    3.3635857  2.62430e+24 
 153    3.4372386  2.11399e+24 
 154    3.5125043  1.69570e+24 
 155    3.5894182  1.34251e+24 
 156    3.6680162  1.06258e+24 
 157    3.7483353  8.40987e+23 
 158    3.8304131  6.66299e+23 
 159    3.9142882  5.29167e+23 
 160    4.0000000  4.21349e+23 
 161    4.0875886  3.38853e+23 
 162    4.1770951  2.75512e+23 
 163    4.2685616  2.27882e+23 
 164    4.3620309  1.93347e+23 
 165    4.4575470  1.65779e+23 
 166    4.5551545  1.44900e+23 
 167    4.6548994  1.28596e+23 
 168    4.7568285  1.18027e+23 
 169    4.8609894  1.08781e+23 
 170    4.9674312  1.01709e+23 
 171    5.0762038  9.62355e+22 
 172    5.1873582  9.15331e+22 
 173    5.3009466  8.74941e+22 
 174    5.4170222  8.38502e+22 
 175    5.5356395  8.04583e+22 
 176    5.6568542  7.75148e+22 
 177    5.7807232  7.45953e+22 
 178    5.9073046  7.20276e+22 
 179    6.0366577  6.95076e+22 
 180    6.1688433  6.72457e+22 
 181    6.3039234  6.50245e+22 
 182    6.4419613  6.29379e+22 
 183    6.5830219  6.09639e+22 
 184    6.7271713  5.89849e+22 
 185    6.8744772  5.71850e+22 
 186    7.0250086  5.53464e+22 
 187    7.1788363  5.35495e+22 
 188    7.3360323  5.17896e+22 
 189    7.4966705  5.00975e+22 


# r-band (filter: r_LSST.dat)
   0    0.1250000  7.96181e+26 
   1    0.1277371  8.13876e+26 
   2    0.1305342  8.31958e+26 
   3    0.1333926  8.50437e+26 
   4    0.1363135  8.68129e+26 
   5    0.1392983  8.85015e+26 
   6    0.1423486  9.01539e+26 
   7    0.1454656  9.17888e+26 
   8    0.1486509  9.33915e+26 
   9    0.1519059  9.48624e+26 
  10    0.1552322  9.63451e+26 
  11    0.1586314  9.77363e+26 
  12    0.1621049  9.89071e+26 
  13    0.1656546  1.00076e+27 
  14    0.1692819  1.01186e+27 
  15    0.1729887  1.02189e+27 
  16    0.1767767  1.03073e+27 
  17    0.1806476  1.03876e+27 
  18    0.1846033  1.04578e+27 
  19    0.1886456  1.05125e+27 
  20    0.1927764  1.05594e+27 
  21    0.1969976  1.06014e+27 
  22    0.2013113  1.06299e+27 
  23    0.2057194  1.06464e+27 
  24    0.2102241  1.06580e+27 
  25    0.2148274  1.06481e+27 
  26    0.2195315  1.06341e+27 
  27    0.2243386  1.06150e+27 
  28    0.2292510  1.05821e+27 
  29    0.2342710  1.05425e+27 
  30    0.2394008  1.04956e+27 
  31    0.2446430  1.04405e+27 
  32    0.2500000  1.03794e+27 
  33    0.2554743  1.03036e+27 
  34    0.2610684  1.02218e+27 
  35    0.2667851  1.01380e+27 
  36    0.2726269  1.00448e+27 
  37    0.2785967  9.95069e+26 
  38    0.2846972  9.85142e+26 
  39    0.2909312  9.74547e+26 
  40    0.2973018  9.63581e+26 
  41    0.3038118  9.52261e+26 
  42    0.3104645  9.40381e+26 
  43    0.3172627  9.28100e+26 
  44    0.3242099  9.15096e+26 
  45    0.3313092  9.01894e+26 
  46    0.3385639  8.88209e+26 
  47    0.3459775  8.73753e+26 
  48    0.3535534  8.59089e+26 
  49    0.3612952  8.43774e+26 
  50    0.3692065  8.28024e+26 
  51    0.3772911  8.11847e+26 
  52    0.3855527  7.95244e+26 
  53    0.3939952  7.77793e+26 
  54    0.4026226  7.59624e+26 
  55    0.4114389  7.41313e+26 
  56    0.4204482  7.22739e+26 
  57    0.4296548  7.03917e+26 
  58    0.4390630  6.84418e+26 
  59    0.4486773  6.64798e+26 
  60    0.4585020  6.44866e+26 
  61    0.4685419  6.24809e+26 
  62    0.4788016  6.04218e+26 
  63    0.4892860  5.83254e+26 
  64    0.5000000  5.62498e+26 
  65    0.5109486  5.41565e+26 
  66    0.5221369  5.20966e+26 
  67    0.5335702  5.00407e+26 
  68    0.5452539  4.79843e+26 
  69    0.5571934  4.59358e+26 
  70    0.5693943  4.39497e+26 
  71    0.5818624  4.19683e+26 
  72    0.5946036  4.00681e+26 
  73    0.6076237  3.81898e+26 
  74    0.6209289  3.63656e+26 
  75    0.6345255  3.46332e+26 
  76    0.6484198  3.29560e+26 
  77    0.6626183  3.13181e+26 
  78    0.6771278  2.98677e+26 
  79    0.6919549  2.85856e+26 
  80    0.7071068  2.73408e+26 
  81    0.7225904  2.62775e+26 
  82    0.7384131  2.53319e+26 
  83    0.7545822  2.43954e+26 
  84    0.7711054  2.35984e+26 
  85    0.7879904  2.28495e+26 
  86    0.8052452  2.22182e+26 
  87    0.8228777  2.17241e+26 
  88    0.8408964  2.13240e+26 
  89    0.8593096  2.10009e+26 
  90    0.8781261  2.07366e+26 
  91    0.8973545  2.07314e+26 
  92    0.9170040  2.10950e+26 
  93    0.9370838  2.17470e+26 
  94    0.9576033  2.39658e+26 
  95    0.9785721  2.68760e+26 
  96    1.0000000  2.97598e+26 
  97    1.0218971  3.31121e+26 
  98    1.0442738  3.67219e+26 
  99    1.0671404  4.10669e+26 
 100    1.0905077  4.58477e+26 
 101    1.1143867  5.10413e+26 
 102    1.1387886  5.57426e+26 
 103    1.1637249  5.99515e+26 
 104    1.1892071  6.20082e+26 
 105    1.2152474  6.34386e+26 
 106    1.2418578  6.42265e+26 
 107    1.2690510  6.38619e+26 
 108    1.2968396  6.38212e+26 
 109    1.3252366  6.29035e+26 
 110    1.3542555  6.25655e+26 
 111    1.3839099  6.19122e+26 
 112    1.4142136  6.04216e+26 
 113    1.4451808  5.92559e+26 
 114    1.4768261  5.79521e+26 
 115    1.5091644  5.79311e+26 
 116    1.5422108  5.81913e+26 
 117    1.5759808  5.86532e+26 
 118    1.6104903  5.96393e+26 
 119    1.6457555  6.08818e+26 
 120    1.6817928  6.24152e+26 
 121    1.7186193  6.38816e+26 
 122    1.7562522  6.54148e+26 
 123    1.7947091  6.57235e+26 
 124    1.8340081  6.50140e+26 
 125    1.8741676  6.46407e+26 
 126    1.9152066  6.37512e+26 
 127    1.9571441  6.31435e+26 
 128    2.0000000  6.22526e+26 
 129    2.0437943  6.17626e+26 
 130    2.0885476  6.11679e+26 
 131    2.1342808  5.99414e+26 
 132    2.1810155  5.87785e+26 
 133    2.2287735  5.70027e+26 
 134    2.2775773  5.55328e+26 
 135    2.3274497  5.38717e+26 
 136    2.3784142  5.26052e+26 
 137    2.4304947  5.13645e+26 
 138    2.4837156  4.98468e+26 
 139    2.5381019  4.79120e+26 
 140    2.5936791  4.55320e+26 
 141    2.6504733  4.27268e+26 
 142    2.7085111  3.96332e+26 
 143    2.7678198  3.63347e+26 
 144    2.8284271  3.29451e+26 
 145    2.8903616  2.96406e+26 
 146    2.9536523  2.64591e+26 
 147    3.0183289  2.31477e+26 
 148    3.0844217  2.02161e+26 
 149    3.1519617  1.73663e+26 
 150    3.2209807  1.45924e+26 
 151    3.2915110  1.22305e+26 
 152    3.3635857  1.01619e+26 
 153    3.4372386  8.37533e+25 
 154    3.5125043  6.88926e+25 
 155    3.5894182  5.61747e+25 
 156    3.6680162  4.56381e+25 
 157    3.7483353  3.69015e+25 
 158    3.8304131  2.97013e+25 
 159    3.9142882  2.37211e+25 
 160    4.0000000  1.88870e+25 
 161    4.0875886  1.49085e+25 
 162    4.1770951  1.15411e+25 
 163    4.2685616  8.92860e+24 
 164    4.3620309  6.76760e+24 
 165    4.4575470  5.04969e+24 
 166    4.5551545  3.75253e+24 
 167    4.6548994  2.75454e+24 
 168    4.7568285  2.05980e+24 
 169    4.8609894  1.55036e+24 
 170    4.9674312  1.18156e+24 
 171    5.0762038  9.21998e+23 
 172    5.1873582  7.56625e+23 
 173    5.3009466  6.33118e+23 
 174    5.4170222  5.41862e+23 
 175    5.5356395  4.85343e+23 
 176    5.6568542  4.39854e+23 
 177    5.7807232  4.06883e+23 
 178    5.9073046  3.81611e+23 
 179    6.0366577  3.60573e+23 
 180    6.1688433  3.43709e+23 
 181    6.3039234  3.29690e+23 
 182    6.4419613  3.17179e+23 
 183    6.5830219  3.05749e+23 
 184    6.7271713  2.95280e+23 
 185    6.8744772  2.85564e+23 
 186    7.0250086  2.75999e+23 
 187    7.1788363  2.66652e+23 
 188    7.3360323  2.57558e+23 
 189    7.4966705  2.48929e+23 


# i-band (filter: i_LSST.dat)
   0    0.1250000  5.01202e+26 
   1    0.1277371  5.12756e+26 
   2    0.1305342  5.24564e+26 
   3    0.1333926  5.36629e+26 
   4    0.1363135  5.49700e+26 
   5    0.1392983  5.61639e+26 
   6    0.1423486  5.73747e+26 
   7    0.1454656  5.86159e+26 
   8    0.1486509  5.99239e+26 
   9    0.1519059  6.11905e+26 
  10    0.1552322  6.25056e+26 
  11    0.1586314  6.38252e+26 
  12    0.1621049  6.51799e+26 
  13    0.1656546  6.64995e+26 
  14    0.1692819  6.78213e+26 
  15    0.1729887  6.91383e+26 
  16    0.1767767  7.04387e+26 
  17    0.1806476  7.17225e+26 
  18    0.1846033  7.29821e+26 
  19    0.1886456  7.41977e+26 
  20    0.1927764  7.53852e+26 
  21    0.1969976  7.65475e+26 
  22    0.2013113  7.77695e+26 
  23    0.2057194  7.89560e+26 
  24    0.2102241  8.00612e+26 
  25    0.2148274  8.11124e+26 
  26    0.2195315  8.21734e+26 
  27    0.2243386  8.31562e+26 
  28    0.2292510  8.40561e+26 
  29    0.2342710  8.49189e+26 
  30    0.2394008  8.57331e+26 
  31    0.2446430  8.63740e+26 
  32    0.2500000  8.69359e+26 
  33    0.2554743  8.73991e+26 
  34    0.2610684  8.75824e+26 
  35    0.2667851  8.76182e+26 
  36    0.2726269  8.74235e+26 
  37    0.2785967  8.70837e+26 
  38    0.2846972  8.63934e+26 
  39    0.2909312  8.54766e+26 
  40    0.2973018  8.43489e+26 
  41    0.3038118  8.28740e+26 
  42    0.3104645  8.11619e+26 
  43    0.3172627  7.92400e+26 
  44    0.3242099  7.70533e+26 
  45    0.3313092  7.47552e+26 
  46    0.3385639  7.22049e+26 
  47    0.3459775  6.95936e+26 
  48    0.3535534  6.70511e+26 
  49    0.3612952  6.43785e+26 
  50    0.3692065  6.18865e+26 
  51    0.3772911  5.94771e+26 
  52    0.3855527  5.70862e+26 
  53    0.3939952  5.49650e+26 
  54    0.4026226  5.30113e+26 
  55    0.4114389  5.11472e+26 
  56    0.4204482  4.95478e+26 
  57    0.4296548  4.80676e+26 
  58    0.4390630  4.67515e+26 
  59    0.4486773  4.55905e+26 
  60    0.4585020  4.45136e+26 
  61    0.4685419  4.35288e+26 
  62    0.4788016  4.26839e+26 
  63    0.4892860  4.19770e+26 
  64    0.5000000  4.13102e+26 
  65    0.5109486  4.07307e+26 
  66    0.5221369  4.03012e+26 
  67    0.5335702  3.99898e+26 
  68    0.5452539  3.97322e+26 
  69    0.5571934  3.96600e+26 
  70    0.5693943  3.96465e+26 
  71    0.5818624  3.97654e+26 
  72    0.5946036  3.99603e+26 
  73    0.6076237  4.01728e+26 
  74    0.6209289  4.05011e+26 
  75    0.6345255  4.09082e+26 
  76    0.6484198  4.17190e+26 
  77    0.6626183  4.23826e+26 
  78    0.6771278  4.31132e+26 
  79    0.6919549  4.38741e+26 
  80    0.7071068  4.46473e+26 
  81    0.7225904  4.54946e+26 
  82    0.7384131  4.64373e+26 
  83    0.7545822  4.72464e+26 
  84    0.7711054  4.81330e+26 
  85    0.7879904  4.90838e+26 
  86    0.8052452  4.99373e+26 
  87    0.8228777  5.07552e+26 
  88    0.8408964  5.13902e+26 
  89    0.8593096  5.21512e+26 
  90    0.8781261  5.29166e+26 
  91    0.8973545  5.37410e+26 
  92    0.9170040  5.44041e+26 
  93    0.9370838  5.51465e+26 
  94    0.9576033  5.60817e+26 
  95    0.9785721  5.74334e+26 
  96    1.0000000  5.88470e+26 
  97    1.0218971  6.08318e+26 
  98    1.0442738  6.31664e+26 
  99    1.0671404  6.56318e+26 
 100    1.0905077  6.82410e+26 
 101    1.1143867  7.05677e+26 
 102    1.1387886  7.23595e+26 
 103    1.1637249  7.44690e+26 
 104    1.1892071  7.55667e+26 
 105    1.2152474  7.63517e+26 
 106    1.2418578  7.68171e+26 
 107    1.2690510  7.65396e+26 
 108    1.2968396  7.59465e+26 
 109    1.3252366  7.45744e+26 
 110    1.3542555  7.30009e+26 
 111    1.3839099  7.10613e+26 
 112    1.4142136  6.87603e+26 
 113    1.4451808  6.65082e+26 
 114    1.4768261  6.43168e+26 
 115    1.5091644  6.21942e+26 
 116    1.5422108  6.02191e+26 
 117    1.5759808  5.83690e+26 
 118    1.6104903  5.66055e+26 
 119    1.6457555  5.48684e+26 
 120    1.6817928  5.27021e+26 
 121    1.7186193  5.04976e+26 
 122    1.7562522  4.75663e+26 
 123    1.7947091  4.45205e+26 
 124    1.8340081  4.17107e+26 
 125    1.8741676  3.87754e+26 
 126    1.9152066  3.63304e+26 
 127    1.9571441  3.40983e+26 
 128    2.0000000  3.15897e+26 
 129    2.0437943  2.96500e+26 
 130    2.0885476  2.76876e+26 
 131    2.1342808  2.60373e+26 
 132    2.1810155  2.46365e+26 
 133    2.2287735  2.35991e+26 
 134    2.2775773  2.30638e+26 
 135    2.3274497  2.26212e+26 
 136    2.3784142  2.22837e+26 
 137    2.4304947  2.19312e+26 
 138    2.4837156  2.15627e+26 
 139    2.5381019  2.11458e+26 
 140    2.5936791  2.06465e+26 
 141    2.6504733  2.00403e+26 
 142    2.7085111  1.93768e+26 
 143    2.7678198  1.87113e+26 
 144    2.8284271  1.80004e+26 
 145    2.8903616  1.72939e+26 
 146    2.9536523  1.65937e+26 
 147    3.0183289  1.58406e+26 
 148    3.0844217  1.51597e+26 
 149    3.1519617  1.44776e+26 
 150    3.2209807  1.37820e+26 
 151    3.2915110  1.31562e+26 
 152    3.3635857  1.25774e+26 
 153    3.4372386  1.20538e+26 
 154    3.5125043  1.15307e+26 
 155    3.5894182  1.10096e+26 
 156    3.6680162  1.05002e+26 
 157    3.7483353  9.89630e+25 
 158    3.8304131  9.23493e+25 
 159    3.9142882  8.55070e+25 
 160    4.0000000  7.77484e+25 
 161    4.0875886  6.99194e+25 
 162    4.1770951  6.16273e+25 
 163    4.2685616  5.38033e+25 
 164    4.3620309  4.62846e+25 
 165    4.4575470  3.83577e+25 
 166    4.5551545  3.17418e+25 
 167    4.6548994  2.55616e+25 
 168    4.7568285  1.97932e+25 
 169    4.8609894  1.52412e+25 
 170    4.9674312  1.14402e+25 
 171    5.0762038  8.41545e+24 
 172    5.1873582  6.24055e+24 
 173    5.3009466  4.56490e+24 
 174    5.4170222  3.30095e+24 
 175    5.5356395  2.44587e+24 
 176    5.6568542  1.79267e+24 
 177    5.7807232  1.33621e+24 
 178    5.9073046  1.04441e+24 
 179    6.0366577  8.25414e+23 
 180    6.1688433  6.75027e+23 
 181    6.3039234  5.76612e+23 
 182    6.4419613  5.03699e+23 
 183    6.5830219  4.53172e+23 
 184    6.7271713  4.18004e+23 
 185    6.8744772  3.89672e+23 
 186    7.0250086  3.65805e+23 
 187    7.1788363  3.45443e+23 
 188    7.3360323  3.27556e+23 
 189    7.4966705  3.12562e+23 


# z-band (filter: z_LSST.dat)
   0    0.1250000  3.54178e+26 
   1    0.1277371  3.60441e+26 
   2    0.1305342  3.66840e+26 
   3    0.1333926  3.73380e+26 
   4    0.1363135  3.80632e+26 
   5    0.1392983  3.87738e+26 
   6    0.1423486  3.94579e+26 
   7    0.1454656  4.01908e+26 
   8    0.1486509  4.09630e+26 
   9    0.1519059  4.17730e+26 
  10    0.1552322  4.26099e+26 
  11    0.1586314  4.34776e+26 
  12    0.1621049  4.43543e+26 
  13    0.1656546  4.52953e+26 
  14    0.1692819  4.62003e+26 
  15    0.1729887  4.71453e+26 
  16    0.1767767  4.80492e+26 
  17    0.1806476  4.89694e+26 
  18    0.1846033  4.99558e+26 
  19    0.1886456  5.09211e+26 
  20    0.1927764  5.18715e+26 
  21    0.1969976  5.28106e+26 
  22    0.2013113  5.37955e+26 
  23    0.2057194  5.48034e+26 
  24    0.2102241  5.58670e+26 
  25    0.2148274  5.68472e+26 
  26    0.2195315  5.77779e+26 
  27    0.2243386  5.87681e+26 
  28    0.2292510  5.97698e+26 
  29    0.2342710  6.06781e+26 
  30    0.2394008  6.15933e+26 
  31    0.2446430  6.23777e+26 
  32    0.2500000  6.31779e+26 
  33    0.2554743  6.38794e+26 
  34    0.2610684  6.44217e+26 
  35    0.2667851  6.47523e+26 
  36    0.2726269  6.48277e+26 
  37    0.2785967  6.48485e+26 
  38    0.2846972  6.45087e+26 
  39    0.2909312  6.37659e+26 
  40    0.2973018  6.28200e+26 
  41    0.3038118  6.13415e+26 
  42    0.3104645  5.95258e+26 
  43    0.3172627  5.74307e+26 
  44    0.3242099  5.49191e+26 
  45    0.3313092  5.22006e+26 
  46    0.3385639  4.91809e+26 
  47    0.3459775  4.61761e+26 
  48    0.3535534  4.31728e+26 
  49    0.3612952  3.99825e+26 
  50    0.3692065  3.71151e+26 
  51    0.3772911  3.43927e+26 
  52    0.3855527  3.17132e+26 
  53    0.3939952  2.94303e+26 
  54    0.4026226  2.73515e+26 
  55    0.4114389  2.54873e+26 
  56    0.4204482  2.38819e+26 
  57    0.4296548  2.24869e+26 
  58    0.4390630  2.12762e+26 
  59    0.4486773  2.02321e+26 
  60    0.4585020  1.92805e+26 
  61    0.4685419  1.84209e+26 
  62    0.4788016  1.76629e+26 
  63    0.4892860  1.69792e+26 
  64    0.5000000  1.63549e+26 
  65    0.5109486  1.57452e+26 
  66    0.5221369  1.52239e+26 
  67    0.5335702  1.47358e+26 
  68    0.5452539  1.42954e+26 
  69    0.5571934  1.39120e+26 
  70    0.5693943  1.35512e+26 
  71    0.5818624  1.32490e+26 
  72    0.5946036  1.29970e+26 
  73    0.6076237  1.27980e+26 
  74    0.6209289  1.26098e+26 
  75    0.6345255  1.24754e+26 
  76    0.6484198  1.23541e+26 
  77    0.6626183  1.22699e+26 
  78    0.6771278  1.21968e+26 
  79    0.6919549  1.21080e+26 
  80    0.7071068  1.20405e+26 
  81    0.7225904  1.19909e+26 
  82    0.7384131  1.19561e+26 
  83    0.7545822  1.19447e+26 
  84    0.7711054  1.19293e+26 
  85    0.7879904  1.19596e+26 
  86    0.8052452  1.20273e+26 
  87    0.8228777  1.21120e+26 
  88    0.8408964  1.23009e+26 
  89    0.8593096  1.25279e+26 
  90    0.8781261  1.28005e+26 
  91    0.8973545  1.31917e+26 
  92    0.9170040  1.36947e+26 
  93    0.9370838  1.42600e+26 
  94    0.9576033  1.50157e+26 
  95    0.9785721  1.58554e+26 
  96    1.0000000  1.68113e+26 
  97    1.0218971  1.79206e+26 
  98    1.0442738  1.90977e+26 
  99    1.0671404  2.02780e+26 
 100    1.0905077  2.13767e+26 
 101    1.1143867  2.23771e+26 
 102    1.1387886  2.32225e+26 
 103    1.1637249  2.40646e+26 
 104    1.1892071  2.45723e+26 
 105    1.2152474  2.49640e+26 
 106    1.2418578  2.51968e+26 
 107    1.2690510  2.52927e+26 
 108    1.2968396  2.52071e+26 
 109    1.3252366  2.49218e+26 
 110    1.3542555  2.45540e+26 
 111    1.3839099  2.41313e+26 
 112    1.4142136  2.36068e+26 
 113    1.4451808  2.31393e+26 
 114    1.4768261  2.27142e+26 
 115    1.5091644  2.22796e+26 
 116    1.5422108  2.19178e+26 
 117    1.5759808  2.15734e+26 
 118    1.6104903  2.12404e+26 
 119    1.6457555  2.09293e+26 
 120    1.6817928  2.04609e+26 
 121    1.7186193  1.99568e+26 
 122    1.7562522  1.92291e+26 
 123    1.7947091  1.84950e+26 
 124    1.8340081  1.78353e+26 
 125    1.8741676  1.71110e+26 
 126    1.9152066  1.65390e+26 
 127    1.9571441  1.60051e+26 
 128    2.0000000  1.53705e+26 
 129    2.0437943  1.49003e+26 
 130    2.0885476  1.44047e+26 
 131    2.1342808  1.39821e+26 
 132    2.1810155  1.36206e+26 
 133    2.2287735  1.33778e+26 
 134    2.2775773  1.32423e+26 
 135    2.3274497  1.30916e+26 
 136    2.3784142  1.29448e+26 
 137    2.4304947  1.27757e+26 
 138    2.4837156  1.25854e+26 
 139    2.5381019  1.23638e+26 
 140    2.5936791  1.20913e+26 
 141    2.6504733  1.17510e+26 
 142    2.7085111  1.13740e+26 
 143    2.7678198  1.09867e+26 
 144    2.8284271  1.05779e+26 
 145    2.8903616  1.01507e+26 
 146    2.9536523  9.73002e+25 
 147    3.0183289  9.29064e+25 
 148    3.0844217  8.89192e+25 
 149    3.1519617  8.50288e+25 
 150    3.2209807  8.11801e+25 
 151    3.2915110  7.79553e+25 
 152    3.3635857  7.51951e+25 
 153    3.4372386  7.27994e+25 
 154    3.5125043  7.08309e+25 
 155    3.5894182  6.90287e+25 
 156    3.6680162  6.75790e+25 
 157    3.7483353  6.60322e+25 
 158    3.8304131  6.42828e+25 
 159    3.9142882  6.25767e+25 
 160    4.0000000  5.98225e+25 
 161    4.0875886  5.65944e+25 
 162    4.1770951  5.32406e+25 
 163    4.2685616  4.92663e+25 
 164    4.3620309  4.51884e+25 
 165    4.4575470  4.05821e+25 
 166    4.5551545  3.61625e+25 
 167    4.6548994  3.16986e+25 
 168    4.7568285  2.69155e+25 
 169    4.8609894  2.26962e+25 
 170    4.9674312  1.87229e+25 
 171    5.0762038  1.51609e+25 
 172    5.1873582  1.21075e+25 
 173    5.3009466  9.63969e+24 
 174    5.4170222  7.52533e+24 
 175    5.5356395  5.78659e+24 
 176    5.6568542  4.38435e+24 
 177    5.7807232  3.26088e+24 
 178    5.9073046  2.43728e+24 
 179    6.0366577  1.81131e+24 
 180    6.1688433  1.34850e+24 
 181    6.3039234  1.03287e+24 
 182    6.4419613  7.93447e+23 
 183    6.5830219  6.21556e+23 
 184    6.7271713  5.00891e+23 
 185    6.8744772  4.07820e+23 
 186    7.0250086  3.35571e+23 
 187    7.1788363  2.84508e+23 
 188    7.3360323  2.45653e+23 
 189    7.4966705  2.18861e+23 


# y-band (filter: y_LSST.dat)
   0    0.1250000  2.60276e+26 
   1    0.1277371  2.65979e+26 
   2    0.1305342  2.71807e+26 
   3    0.1333926  2.77763e+26 
   4    0.1363135  2.83153e+26 
   5    0.1392983  2.88565e+26 
   6    0.1423486  2.93691e+26 
   7    0.1454656  2.99454e+26 
   8    0.1486509  3.05822e+26 
   9    0.1519059  3.12589e+26 
  10    0.1552322  3.18282e+26 
  11    0.1586314  3.23988e+26 
  12    0.1621049  3.30472e+26 
  13    0.1656546  3.37584e+26 
  14    0.1692819  3.44054e+26 
  15    0.1729887  3.50997e+26 
  16    0.1767767  3.58435e+26 
  17    0.1806476  3.66446e+26 
  18    0.1846033  3.74535e+26 
  19    0.1886456  3.82198e+26 
  20    0.1927764  3.90402e+26 
  21    0.1969976  3.98826e+26 
  22    0.2013113  4.08135e+26 
  23    0.2057194  4.17636e+26 
  24    0.2102241  4.27458e+26 
  25    0.2148274  4.37606e+26 
  26    0.2195315  4.48468e+26 
  27    0.2243386  4.59840e+26 
  28    0.2292510  4.74277e+26 
  29    0.2342710  4.87695e+26 
  30    0.2394008  5.01230e+26 
  31    0.2446430  5.15321e+26 
  32    0.2500000  5.28019e+26 
  33    0.2554743  5.41692e+26 
  34    0.2610684  5.60672e+26 
  35    0.2667851  5.77363e+26 
  36    0.2726269  5.92703e+26 
  37    0.2785967  6.10510e+26 
  38    0.2846972  6.25600e+26 
  39    0.2909312  6.35562e+26 
  40    0.2973018  6.46715e+26 
  41    0.3038118  6.55049e+26 
  42    0.3104645  6.61060e+26 
  43    0.3172627  6.65889e+26 
  44    0.3242099  6.67017e+26 
  45    0.3313092  6.63560e+26 
  46    0.3385639  6.56157e+26 
  47    0.3459775  6.46056e+26 
  48    0.3535534  6.33933e+26 
  49    0.3612952  6.17555e+26 
  50    0.3692065  5.99782e+26 
  51    0.3772911  5.82607e+26 
  52    0.3855527  5.61633e+26 
  53    0.3939952  5.39911e+26 
  54    0.4026226  5.17880e+26 
  55    0.4114389  4.95501e+26 
  56    0.4204482  4.72954e+26 
  57    0.4296548  4.51603e+26 
  58    0.4390630  4.29793e+26 
  59    0.4486773  4.08214e+26 
  60    0.4585020  3.87534e+26 
  61    0.4685419  3.67862e+26 
  62    0.4788016  3.48805e+26 
  63    0.4892860  3.30917e+26 
  64    0.5000000  3.14560e+26 
  65    0.5109486  2.98409e+26 
  66    0.5221369  2.83580e+26 
  67    0.5335702  2.69552e+26 
  68    0.5452539  2.56456e+26 
  69    0.5571934  2.44757e+26 
  70    0.5693943  2.33669e+26 
  71    0.5818624  2.23701e+26 
  72    0.5946036  2.14524e+26 
  73    0.6076237  2.06348e+26 
  74    0.6209289  1.98488e+26 
  75    0.6345255  1.91696e+26 
  76    0.6484198  1.85490e+26 
  77    0.6626183  1.79739e+26 
  78    0.6771278  1.74414e+26 
  79    0.6919549  1.69744e+26 
  80    0.7071068  1.65104e+26 
  81    0.7225904  1.60793e+26 
  82    0.7384131  1.56711e+26 
  83    0.7545822  1.52477e+26 
  84    0.7711054  1.48617e+26 
  85    0.7879904  1.44693e+26 
  86    0.8052452  1.41125e+26 
  87    0.8228777  1.37025e+26 
  88    0.8408964  1.33136e+26 
  89    0.8593096  1.29727e+26 
  90    0.8781261  1.26193e+26 
  91    0.8973545  1.22594e+26 
  92    0.9170040  1.19123e+26 
  93    0.9370838  1.15755e+26 
  94    0.9576033  1.12692e+26 
  95    0.9785721  1.09822e+26 
  96    1.0000000  1.07080e+26 
  97    1.0218971  1.04870e+26 
  98    1.0442738  1.02780e+26 
  99    1.0671404  1.01108e+26 
 100    1.0905077  1.00131e+26 
 101    1.1143867  9.98099e+25 
 102    1.1387886  9.99179e+25 
 103    1.1637249  1.00593e+26 
 104    1.1892071  1.02554e+26 
 105    1.2152474  1.05038e+26 
 106    1.2418578  1.08166e+26 
 107    1.2690510  1.11898e+26 
 108    1.2968396  1.16556e+26 
 109    1.3252366  1.21634e+26 
 110    1.3542555  1.27698e+26 
 111    1.3839099  1.34027e+26 
 112    1.4142136  1.41166e+26 
 113    1.4451808  1.48742e+26 
 114    1.4768261  1.57056e+26 
 115    1.5091644  1.65615e+26 
 116    1.5422108  1.74868e+26 
 117    1.5759808  1.84638e+26 
 118    1.6104903  1.94750e+26 
 119    1.6457555  2.05534e+26 
 120    1.6817928  2.16715e+26 
 121    1.7186193  2.28273e+26 
 122    1.7562522  2.39711e+26 
 123    1.7947091  2.51596e+26 
 124    1.8340081  2.63119e+26 
 125    1.8741676  2.74487e+26 
 126    1.9152066  2.85341e+26 
 127    1.9571441  2.95493e+26 
 128    2.0000000  3.05192e+26 
 129    2.0437943  3.13518e+26 
 130    2.0885476  3.21083e+26 
 131    2.1342808  3.27566e+26 
 132    2.1810155  3.32421e+26 
 133    2.2287735  3.36087e+26 
 134    2.2775773  3.38914e+26 
 135    2.3274497  3.39624e+26 
 136    2.3784142  3.38997e+26 
 137    2.4304947  3.37452e+26 
 138    2.4837156  3.33155e+26 
 139    2.5381019  3.27061e+26 
 140    2.5936791  3.19696e+26 
 141    2.6504733  3.09031e+26 
 142    2.7085111  2.96166e+26 
 143    2.7678198  2.81781e+26 
 144    2.8284271  2.64811e+26 
 145    2.8903616  2.46412e+26 
 146    2.9536523  2.26672e+26 
 147    3.0183289  2.05080e+26 
 148    3.0844217  1.83720e+26 
 149    3.1519617  1.62313e+26 
 150    3.2209807  1.40359e+26 
 151    3.2915110  1.20602e+26 
 152    3.3635857  1.02183e+26 
 153    3.4372386  8.44622e+25 
 154    3.5125043  6.97973e+25 
 155    3.5894182  5.69224e+25 
 156    3.6680162  4.56215e+25 
 157    3.7483353  3.66862e+25 
 158    3.8304131  2.93881e+25 
 159    3.9142882  2.38099e+25 
 160    4.0000000  1.95575e+25 
 161    4.0875886  1.62738e+25 
 162    4.1770951  1.39682e+25 
 163    4.2685616  1.21100e+25 
 164    4.3620309  1.07122e+25 
 165    4.4575470  9.67240e+24 
 166    4.5551545  8.73333e+24 
 167    4.6548994  7.92130e+24 
 168    4.7568285  7.17765e+24 
 169    4.8609894  6.45808e+24 
 170    4.9674312  5.77733e+24 
 171    5.0762038  5.12318e+24 
 172    5.1873582  4.46540e+24 
 173    5.3009466  3.89110e+24 
 174    5.4170222  3.35796e+24 
 175    5.5356395  2.84627e+24 
 176    5.6568542  2.40109e+24 
 177    5.7807232  1.99564e+24 
 178    5.9073046  1.65001e+24 
 179    6.0366577  1.35665e+24 
 180    6.1688433  1.10906e+24 
 181    6.3039234  9.04034e+23 
 182    6.4419613  7.41019e+23 
 183    6.5830219  6.02038e+23 
 184    6.7271713  4.90166e+23 
 185    6.8744772  3.98425e+23 
 186    7.0250086  3.15894e+23 
 187    7.1788363  2.51813e+23 
 188    7.3360323  1.99239e+23 
 189    7.4966705  1.61551e+23 


# J-band (filter: J_2MASS.dat)
   0    0.1250000  1.36006e+26 
   1    0.1277371  1.37534e+26 
   2    0.1305342  1.39095e+26 
   3    0.1333926  1.40690e+26 
   4    0.1363135  1.42278e+26 
   5    0.1392983  1.43845e+26 
   6    0.1423486  1.45354e+26 
   7    0.1454656  1.46895e+26 
   8    0.1486509  1.48913e+26 
   9    0.1519059  1.51385e+26 
  10    0.1552322  1.53669e+26 
  11    0.1586314  1.56337e+26 
  12    0.1621049  1.58604e+26 
  13    0.1656546  1.62087e+26 
  14    0.1692819  1.66058e+26 
  15    0.1729887  1.70316e+26 
  16    0.1767767  1.75338e+26 
  17    0.1806476  1.79762e+26 
  18    0.1846033  1.84616e+26 
  19    0.1886456  1.91127e+26 
  20    0.1927764  1.96268e+26 
  21    0.1969976  2.02578e+26 
  22    0.2013113  2.09487e+26 
  23    0.2057194  2.19903e+26 
  24    0.2102241  2.31502e+26 
  25    0.2148274  2.46607e+26 
  26    0.2195315  2.60569e+26 
  27    0.2243386  2.75117e+26 
  28    0.2292510  2.92739e+26 
  29    0.2342710  3.10617e+26 
  30    0.2394008  3.31850e+26 
  31    0.2446430  3.53966e+26 
  32    0.2500000  3.74810e+26 
  33    0.2554743  3.96254e+26 
  34    0.2610684  4.19193e+26 
  35    0.2667851  4.38362e+26 
  36    0.2726269  4.57295e+26 
  37    0.2785967  4.77138e+26 
  38    0.2846972  4.95176e+26 
  39    0.2909312  5.14920e+26 
  40    0.2973018  5.33006e+26 
  41    0.3038118  5.50373e+26 
  42    0.3104645  5.64080e+26 
  43    0.3172627  5.76926e+26 
  44    0.3242099  5.87325e+26 
  45    0.3313092  5.99475e+26 
  46    0.3385639  6.12281e+26 
  47    0.3459775  6.25933e+26 
  48    0.3535534  6.39516e+26 
  49    0.3612952  6.52345e+26 
  50    0.3692065  6.67753e+26 
  51    0.3772911  6.85783e+26 
  52    0.3855527  7.05179e+26 
  53    0.3939952  7.27505e+26 
  54    0.4026226  7.47435e+26 
  55    0.4114389  7.70107e+26 
  56    0.4204482  7.84774e+26 
  57    0.4296548  7.96912e+26 
  58    0.4390630  8.08501e+26 
  59    0.4486773  8.21354e+26 
  60    0.4585020  8.30249e+26 
  61    0.4685419  8.39126e+26 
  62    0.4788016  8.44099e+26 
  63    0.4892860  8.48889e+26 
  64    0.5000000  8.47815e+26 
  65    0.5109486  8.47683e+26 
  66    0.5221369  8.45326e+26 
  67    0.5335702  8.42045e+26 
  68    0.5452539  8.41895e+26 
  69    0.5571934  8.38945e+26 
  70    0.5693943  8.35378e+26 
  71    0.5818624  8.29731e+26 
  72    0.5946036  8.23210e+26 
  73    0.6076237  8.15433e+26 
  74    0.6209289  8.06405e+26 
  75    0.6345255  7.93772e+26 
  76    0.6484198  7.81940e+26 
  77    0.6626183  7.69038e+26 
  78    0.6771278  7.56574e+26 
  79    0.6919549  7.42202e+26 
  80    0.7071068  7.27738e+26 
  81    0.7225904  7.12457e+26 
  82    0.7384131  6.97204e+26 
  83    0.7545822  6.82410e+26 
  84    0.7711054  6.67063e+26 
  85    0.7879904  6.52759e+26 
  86    0.8052452  6.39364e+26 
  87    0.8228777  6.25383e+26 
  88    0.8408964  6.12649e+26 
  89    0.8593096  5.99265e+26 
  90    0.8781261  5.86813e+26 
  91    0.8973545  5.75939e+26 
  92    0.9170040  5.65773e+26 
  93    0.9370838  5.56240e+26 
  94    0.9576033  5.47235e+26 
  95    0.9785721  5.39000e+26 
  96    1.0000000  5.31697e+26 
  97    1.0218971  5.25105e+26 
  98    1.0442738  5.19158e+26 
  99    1.0671404  5.14777e+26 
 100    1.0905077  5.10459e+26 
 101    1.1143867  5.06441e+26 
 102    1.1387886  5.02527e+26 
 103    1.1637249  4.99272e+26 
 104    1.1892071  4.96912e+26 
 105    1.2152474  4.95260e+26 
 106    1.2418578  4.93759e+26 
 107    1.2690510  4.93204e+26 
 108    1.2968396  4.92616e+26 
 109    1.3252366  4.92742e+26 
 110    1.3542555  4.93263e+26 
 111    1.3839099  4.93931e+26 
 112    1.4142136  4.95685e+26 
 113    1.4451808  4.98564e+26 
 114    1.4768261  5.01888e+26 
 115    1.5091644  5.05889e+26 
 116    1.5422108  5.10476e+26 
 117    1.5759808  5.15672e+26 
 118    1.6104903  5.21436e+26 
 119    1.6457555  5.28250e+26 
 120    1.6817928  5.34794e+26 
 121    1.7186193  5.41430e+26 
 122    1.7562522  5.48395e+26 
 123    1.7947091  5.55562e+26 
 124    1.8340081  5.63608e+26 
 125    1.8741676  5.72249e+26 
 126    1.9152066  5.81864e+26 
 127    1.9571441  5.91884e+26 
 128    2.0000000  6.02202e+26 
 129    2.0437943  6.13133e+26 
 130    2.0885476  6.23906e+26 
 131    2.1342808  6.34933e+26 
 132    2.1810155  6.46252e+26 
 133    2.2287735  6.58193e+26 
 134    2.2775773  6.70125e+26 
 135    2.3274497  6.82215e+26 
 136    2.3784142  6.94647e+26 
 137    2.4304947  7.06765e+26 
 138    2.4837156  7.19143e+26 
 139    2.5381019  7.31050e+26 
 140    2.5936791  7.42961e+26 
 141    2.6504733  7.54511e+26 
 142    2.7085111  7.65630e+26 
 143    2.7678198  7.76589e+26 
 144    2.8284271  7.85754e+26 
 145    2.8903616  7.92545e+26 
 146    2.9536523  7.97340e+26 
 147    3.0183289  8.00416e+26 
 148    3.0844217  7.98128e+26 
 149    3.1519617  7.91376e+26 
 150    3.2209807  7.81801e+26 
 151    3.2915110  7.65036e+26 
 152    3.3635857  7.42965e+26 
 153    3.4372386  7.16386e+26 
 154    3.5125043  6.82465e+26 
 155    3.5894182  6.43767e+26 
 156    3.6680162  6.00182e+26 
 157    3.7483353  5.52414e+26 
 158    3.8304131  5.01955e+26 
 159    3.9142882  4.47979e+26 
 160    4.0000000  3.94866e+26 
 161    4.0875886  3.42934e+26 
 162    4.1770951  2.89751e+26 
 163    4.2685616  2.42998e+26 
 164    4.3620309  1.99953e+26 
 165    4.4575470  1.58601e+26 
 166    4.5551545  1.25353e+26 
 167    4.6548994  9.64807e+25 
 168    4.7568285  7.13726e+25 
 169    4.8609894  5.23266e+25 
 170    4.9674312  3.70319e+25 
 171    5.0762038  2.52818e+25 
 172    5.1873582  1.74486e+25 
 173    5.3009466  1.15552e+25 
 174    5.4170222  7.56392e+24 
 175    5.5356395  5.28018e+24 
 176    5.6568542  3.63117e+24 
 177    5.7807232  2.62316e+24 
 178    5.9073046  2.07292e+24 
 179    6.0366577  1.67532e+24 
 180    6.1688433  1.41570e+24 
 181    6.3039234  1.24287e+24 
 182    6.4419613  1.10371e+24 
 183    6.5830219  9.93559e+23 
 184    6.7271713  9.01876e+23 
 185    6.8744772  8.23218e+23 
 186    7.0250086  7.50427e+23 
 187    7.1788363  6.82538e+23 
 188    7.3360323  6.18520e+23 
 189    7.4966705  5.60264e+23 


# H-band (filter: H_2MASS.dat)
   0    0.1250000  7.36399e+25 
   1    0.1277371  7.48405e+25 
   2    0.1305342  7.60674e+25 
   3    0.1333926  7.73211e+25 
   4    0.1363135  8.00783e+25 
   5    0.1392983  8.19464e+25 
   6    0.1423486  8.34510e+25 
   7    0.1454656  8.67162e+25 
   8    0.1486509  9.05582e+25 
   9    0.1519059  9.42748e+25 
  10    0.1552322  1.00782e+26 
  11    0.1586314  1.04827e+26 
  12    0.1621049  1.08866e+26 
  13    0.1656546  1.15923e+26 
  14    0.1692819  1.22969e+26 
  15    0.1729887  1.27713e+26 
  16    0.1767767  1.32379e+26 
  17    0.1806476  1.36458e+26 
  18    0.1846033  1.41864e+26 
  19    0.1886456  1.46782e+26 
  20    0.1927764  1.55954e+26 
  21    0.1969976  1.64025e+26 
  22    0.2013113  1.74037e+26 
  23    0.2057194  1.87258e+26 
  24    0.2102241  2.01757e+26 
  25    0.2148274  2.10503e+26 
  26    0.2195315  2.16871e+26 
  27    0.2243386  2.29425e+26 
  28    0.2292510  2.40822e+26 
  29    0.2342710  2.55099e+26 
  30    0.2394008  2.66616e+26 
  31    0.2446430  2.82488e+26 
  32    0.2500000  2.95670e+26 
  33    0.2554743  3.05565e+26 
  34    0.2610684  3.17609e+26 
  35    0.2667851  3.28789e+26 
  36    0.2726269  3.41265e+26 
  37    0.2785967  3.55522e+26 
  38    0.2846972  3.71539e+26 
  39    0.2909312  3.86369e+26 
  40    0.2973018  4.03653e+26 
  41    0.3038118  4.20131e+26 
  42    0.3104645  4.36933e+26 
  43    0.3172627  4.54910e+26 
  44    0.3242099  4.68680e+26 
  45    0.3313092  4.83641e+26 
  46    0.3385639  4.98104e+26 
  47    0.3459775  5.12845e+26 
  48    0.3535534  5.25612e+26 
  49    0.3612952  5.40063e+26 
  50    0.3692065  5.51883e+26 
  51    0.3772911  5.60255e+26 
  52    0.3855527  5.69732e+26 
  53    0.3939952  5.76551e+26 
  54    0.4026226  5.80857e+26 
  55    0.4114389  5.84355e+26 
  56    0.4204482  5.88424e+26 
  57    0.4296548  5.91748e+26 
  58    0.4390630  5.91847e+26 
  59    0.4486773  5.90190e+26 
  60    0.4585020  5.84744e+26 
  61    0.4685419  5.78061e+26 
  62    0.4788016  5.71273e+26 
  63    0.4892860  5.65166e+26 
  64    0.5000000  5.57550e+26 
  65    0.5109486  5.47665e+26 
  66    0.5221369  5.41241e+26 
  67    0.5335702  5.32853e+26 
  68    0.5452539  5.24785e+26 
  69    0.5571934  5.17046e+26 
  70    0.5693943  5.10180e+26 
  71    0.5818624  5.03902e+26 
  72    0.5946036  4.98730e+26 
  73    0.6076237  4.95475e+26 
  74    0.6209289  4.92653e+26 
  75    0.6345255  4.89822e+26 
  76    0.6484198  4.87831e+26 
  77    0.6626183  4.87503e+26 
  78    0.6771278  4.86712e+26 
  79    0.6919549  4.87324e+26 
  80    0.7071068  4.86895e+26 
  81    0.7225904  4.87633e+26 
  82    0.7384131  4.89221e+26 
  83    0.7545822  4.90994e+26 
  84    0.7711054  4.92326e+26 
  85    0.7879904  4.92613e+26 
  86    0.8052452  4.93149e+26 
  87    0.8228777  4.93147e+26 
  88    0.8408964  4.92254e+26 
  89    0.8593096  4.90167e+26 
  90    0.8781261  4.87724e+26 
  91    0.8973545  4.83911e+26 
  92    0.9170040  4.79317e+26 
  93    0.9370838  4.73878e+26 
  94    0.9576033  4.66736e+26 
  95    0.9785721  4.59188e+26 
  96    1.0000000  4.50971e+26 
  97    1.0218971  4.41825e+26 
  98    1.0442738  4.31684e+26 
  99    1.0671404  4.21504e+26 
 100    1.0905077  4.10320e+26 
 101    1.1143867  3.99427e+26 
 102    1.1387886  3.89265e+26 
 103    1.1637249  3.78423e+26 
 104    1.1892071  3.68775e+26 
 105    1.2152474  3.59513e+26 
 106    1.2418578  3.50379e+26 
 107    1.2690510  3.41743e+26 
 108    1.2968396  3.34247e+26 
 109    1.3252366  3.27724e+26 
 110    1.3542555  3.22272e+26 
 111    1.3839099  3.17514e+26 
 112    1.4142136  3.13466e+26 
 113    1.4451808  3.10723e+26 
 114    1.4768261  3.09283e+26 
 115    1.5091644  3.08320e+26 
 116    1.5422108  3.09833e+26 
 117    1.5759808  3.12091e+26 
 118    1.6104903  3.15369e+26 
 119    1.6457555  3.20394e+26 
 120    1.6817928  3.25589e+26 
 121    1.7186193  3.31632e+26 
 122    1.7562522  3.38393e+26 
 123    1.7947091  3.45581e+26 
 124    1.8340081  3.53893e+26 
 125    1.8741676  3.62399e+26 
 126    1.9152066  3.71367e+26 
 127    1.9571441  3.80536e+26 
 128    2.0000000  3.89737e+26 
 129    2.0437943  3.99671e+26 
 130    2.0885476  4.09446e+26 
 131    2.1342808  4.19596e+26 
 132    2.1810155  4.29948e+26 
 133    2.2287735  4.40242e+26 
 134    2.2775773  4.50909e+26 
 135    2.3274497  4.61937e+26 
 136    2.3784142  4.72739e+26 
 137    2.4304947  4.83446e+26 
 138    2.4837156  4.93841e+26 
 139    2.5381019  5.04126e+26 
 140    2.5936791  5.13807e+26 
 141    2.6504733  5.22838e+26 
 142    2.7085111  5.31166e+26 
 143    2.7678198  5.39011e+26 
 144    2.8284271  5.45177e+26 
 145    2.8903616  5.50748e+26 
 146    2.9536523  5.55283e+26 
 147    3.0183289  5.59004e+26 
 148    3.0844217  5.61190e+26 
 149    3.1519617  5.63349e+26 
 150    3.2209807  5.64067e+26 
 151    3.2915110  5.64556e+26 
 152    3.3635857  5.63941e+26 
 153    3.4372386  5.62457e+26 
 154    3.5125043  5.59388e+26 
 155    3.5894182  5.54812e+26 
 156    3.6680162  5.49266e+26 
 157    3.7483353  5.39625e+26 
 158    3.8304131  5.26361e+26 
 159    3.9142882  5.11218e+26 
 160    4.0000000  4.88843e+26 
 161    4.0875886  4.62249e+26 
 162    4.1770951  4.33052e+26 
 163    4.2685616  3.99354e+26 
 164    4.3620309  3.64104e+26 
 165    4.4575470  3.25081e+26 
 166    4.5551545  2.87115e+26 
 167    4.6548994  2.49323e+26 
 168    4.7568285  2.09544e+26 
 169    4.8609894  1.74925e+26 
 170    4.9674312  1.42789e+26 
 171    5.0762038  1.13966e+26 
 172    5.1873582  8.83826e+25 
 173    5.3009466  6.79942e+25 
 174    5.4170222  5.08140e+25 
 175    5.5356395  3.70155e+25 
 176    5.6568542  2.63832e+25 
 177    5.7807232  1.81603e+25 
 178    5.9073046  1.26103e+25 
 179    6.0366577  8.48604e+24 
 180    6.1688433  5.68902e+24 
 181    6.3039234  4.01973e+24 
 182    6.4419613  2.81876e+24 
 183    6.5830219  2.05043e+24 
 184    6.7271713  1.58723e+24 
 185    6.8744772  1.24668e+24 
 186    7.0250086  9.87142e+23 
 187    7.1788363  7.91786e+23 
 188    7.3360323  6.38275e+23 
 189    7.4966705  5.30349e+23 


# K-band (filter: Ks_mosfire.dat)
   0    0.1250000  3.77893e+25 
   1    0.1277371  3.94199e+25 
   2    0.1305342  4.10862e+25 
   3    0.1333926  4.27890e+25 
   4    0.1363135  4.45768e+25 
   5    0.1392983  4.63809e+25 
   6    0.1423486  4.91197e+25 
   7    0.1454656  5.16102e+25 
   8    0.1486509  5.28806e+25 
   9    0.1519059  5.85764e+25 
  10    0.1552322  6.26037e+25 
  11    0.1586314  6.72393e+25 
  12    0.1621049  7.56631e+25 
  13    0.1656546  8.13237e+25 
  14    0.1692819  9.39474e+25 
  15    0.1729887  1.03706e+26 
  16    0.1767767  1.22897e+26 
  17    0.1806476  1.37136e+26 
  18    0.1846033  1.52094e+26 
  19    0.1886456  1.66844e+26 
  20    0.1927764  1.79119e+26 
  21    0.1969976  1.94918e+26 
  22    0.2013113  2.02538e+26 
  23    0.2057194  2.08820e+26 
  24    0.2102241  2.12873e+26 
  25    0.2148274  2.17987e+26 
  26    0.2195315  2.19163e+26 
  27    0.2243386  2.20181e+26 
  28    0.2292510  2.19406e+26 
  29    0.2342710  2.20144e+26 
  30    0.2394008  2.19331e+26 
  31    0.2446430  2.19799e+26 
  32    0.2500000  2.20520e+26 
  33    0.2554743  2.23031e+26 
  34    0.2610684  2.28455e+26 
  35    0.2667851  2.36515e+26 
  36    0.2726269  2.45695e+26 
  37    0.2785967  2.53843e+26 
  38    0.2846972  2.62516e+26 
  39    0.2909312  2.72245e+26 
  40    0.2973018  2.80067e+26 
  41    0.3038118  2.89289e+26 
  42    0.3104645  2.97981e+26 
  43    0.3172627  3.05747e+26 
  44    0.3242099  3.14548e+26 
  45    0.3313092  3.20922e+26 
  46    0.3385639  3.27578e+26 
  47    0.3459775  3.30783e+26 
  48    0.3535534  3.34637e+26 
  49    0.3612952  3.39640e+26 
  50    0.3692065  3.43522e+26 
  51    0.3772911  3.43356e+26 
  52    0.3855527  3.45995e+26 
  53    0.3939952  3.46818e+26 
  54    0.4026226  3.46113e+26 
  55    0.4114389  3.45420e+26 
  56    0.4204482  3.42033e+26 
  57    0.4296548  3.39247e+26 
  58    0.4390630  3.36560e+26 
  59    0.4486773  3.31869e+26 
  60    0.4585020  3.26213e+26 
  61    0.4685419  3.18956e+26 
  62    0.4788016  3.12583e+26 
  63    0.4892860  3.06419e+26 
  64    0.5000000  2.97564e+26 
  65    0.5109486  2.88748e+26 
  66    0.5221369  2.81367e+26 
  67    0.5335702  2.73464e+26 
  68    0.5452539  2.65297e+26 
  69    0.5571934  2.57578e+26 
  70    0.5693943  2.49712e+26 
  71    0.5818624  2.42339e+26 
  72    0.5946036  2.34871e+26 
  73    0.6076237  2.28895e+26 
  74    0.6209289  2.22429e+26 
  75    0.6345255  2.17020e+26 
  76    0.6484198  2.13248e+26 
  77    0.6626183  2.10036e+26 
  78    0.6771278  2.06971e+26 
  79    0.6919549  2.05869e+26 
  80    0.7071068  2.05378e+26 
  81    0.7225904  2.05169e+26 
  82    0.7384131  2.06141e+26 
  83    0.7545822  2.07813e+26 
  84    0.7711054  2.10382e+26 
  85    0.7879904  2.11784e+26 
  86    0.8052452  2.13172e+26 
  87    0.8228777  2.14909e+26 
  88    0.8408964  2.15888e+26 
  89    0.8593096  2.16516e+26 
  90    0.8781261  2.16580e+26 
  91    0.8973545  2.15233e+26 
  92    0.9170040  2.13415e+26 
  93    0.9370838  2.10833e+26 
  94    0.9576033  2.06796e+26 
  95    0.9785721  2.01560e+26 
  96    1.0000000  1.95641e+26 
  97    1.0218971  1.88872e+26 
  98    1.0442738  1.81913e+26 
  99    1.0671404  1.74263e+26 
 100    1.0905077  1.65963e+26 
 101    1.1143867  1.57435e+26 
 102    1.1387886  1.48924e+26 
 103    1.1637249  1.40178e+26 
 104    1.1892071  1.31524e+26 
 105    1.2152474  1.23148e+26 
 106    1.2418578  1.15022e+26 
 107    1.2690510  1.07350e+26 
 108    1.2968396  1.00521e+26 
 109    1.3252366  9.38686e+25 
 110    1.3542555  8.79271e+25 
 111    1.3839099  8.22194e+25 
 112    1.4142136  7.71034e+25 
 113    1.4451808  7.24193e+25 
 114    1.4768261  6.80327e+25 
 115    1.5091644  6.39635e+25 
 116    1.5422108  6.04888e+25 
 117    1.5759808  5.72212e+25 
 118    1.6104903  5.40613e+25 
 119    1.6457555  5.13223e+25 
 120    1.6817928  4.87255e+25 
 121    1.7186193  4.63554e+25 
 122    1.7562522  4.41874e+25 
 123    1.7947091  4.21234e+25 
 124    1.8340081  4.03339e+25 
 125    1.8741676  3.86471e+25 
 126    1.9152066  3.72123e+25 
 127    1.9571441  3.57315e+25 
 128    2.0000000  3.44091e+25 
 129    2.0437943  3.31428e+25 
 130    2.0885476  3.20556e+25 
 131    2.1342808  3.09153e+25 
 132    2.1810155  2.99843e+25 
 133    2.2287735  2.89998e+25 
 134    2.2775773  2.80055e+25 
 135    2.3274497  2.70472e+25 
 136    2.3784142  2.62277e+25 
 137    2.4304947  2.54092e+25 
 138    2.4837156  2.45644e+25 
 139    2.5381019  2.37669e+25 
 140    2.5936791  2.29910e+25 
 141    2.6504733  2.23011e+25 
 142    2.7085111  2.15586e+25 
 143    2.7678198  2.09146e+25 
 144    2.8284271  2.02761e+25 
 145    2.8903616  1.96087e+25 
 146    2.9536523  1.90672e+25 
 147    3.0183289  1.85287e+25 
 148    3.0844217  1.78825e+25 
 149    3.1519617  1.72484e+25 
 150    3.2209807  1.66586e+25 
 151    3.2915110  1.60031e+25 
 152    3.3635857  1.52473e+25 
 153    3.4372386  1.45154e+25 
 154    3.5125043  1.37409e+25 
 155    3.5894182  1.29172e+25 
 156    3.6680162  1.20009e+25 
 157    3.7483353  1.11257e+25 
 158    3.8304131  1.01386e+25 
 159    3.9142882  9.11649e+24 
 160    4.0000000  8.11927e+24 
 161    4.0875886  7.12816e+24 
 162    4.1770951  6.11061e+24 
 163    4.2685616  5.20032e+24 
 164    4.3620309  4.37877e+24 
 165    4.4575470  3.57091e+24 
 166    4.5551545  2.92825e+24 
 167    4.6548994  2.33408e+24 
 168    4.7568285  1.81256e+24 
 169    4.8609894  1.40106e+24 
 170    4.9674312  1.06540e+24 
 171    5.0762038  7.96953e+23 
 172    5.1873582  6.18875e+23 
 173    5.3009466  4.82388e+23 
 174    5.4170222  3.85560e+23 
 175    5.5356395  3.24510e+23 
 176    5.6568542  2.77319e+23 
 177    5.7807232  2.40453e+23 
 178    5.9073046  2.05400e+23 
 179    6.0366577  1.80170e+23 
 180    6.1688433  1.55352e+23 
 181    6.3039234  1.35271e+23 
 182    6.4419613  1.16271e+23 
 183    6.5830219  1.00611e+23 
 184    6.7271713  8.83238e+22 
 185    6.8744772  7.61660e+22 
 186    7.0250086  6.62622e+22 
 187    7.1788363  5.45411e+22 
 188    7.3360323  4.40976e+22 
 189    7.4966705  3.60297e+22 


# S-band (filter: Spitzer_IRAC2.dat)
   0    0.1250000  1.85416e+25 
   1    0.1277371  2.18579e+25 
   2    0.1305342  2.52469e+25 
   3    0.1333926  2.87100e+25 
   4    0.1363135  3.49364e+25 
   5    0.1392983  4.20508e+25 
   6    0.1423486  4.76988e+25 
   7    0.1454656  5.31301e+25 
   8    0.1486509  5.89606e+25 
   9    0.1519059  6.86950e+25 
  10    0.1552322  8.15494e+25 
  11    0.1586314  9.27720e+25 
  12    0.1621049  1.02554e+26 
  13    0.1656546  1.16084e+26 
  14    0.1692819  1.25803e+26 
  15    0.1729887  1.36171e+26 
  16    0.1767767  1.44557e+26 
  17    0.1806476  1.55907e+26 
  18    0.1846033  1.68021e+26 
  19    0.1886456  1.76337e+26 
  20    0.1927764  1.84140e+26 
  21    0.1969976  1.90391e+26 
  22    0.2013113  1.95528e+26 
  23    0.2057194  1.95914e+26 
  24    0.2102241  1.98561e+26 
  25    0.2148274  2.00248e+26 
  26    0.2195315  2.04287e+26 
  27    0.2243386  2.06158e+26 
  28    0.2292510  2.05267e+26 
  29    0.2342710  2.03553e+26 
  30    0.2394008  2.01615e+26 
  31    0.2446430  2.01908e+26 
  32    0.2500000  1.98046e+26 
  33    0.2554743  1.94712e+26 
  34    0.2610684  1.90555e+26 
  35    0.2667851  1.90925e+26 
  36    0.2726269  1.86544e+26 
  37    0.2785967  1.81831e+26 
  38    0.2846972  1.74626e+26 
  39    0.2909312  1.69379e+26 
  40    0.2973018  1.63330e+26 
  41    0.3038118  1.56330e+26 
  42    0.3104645  1.49421e+26 
  43    0.3172627  1.42840e+26 
  44    0.3242099  1.38063e+26 
  45    0.3313092  1.32041e+26 
  46    0.3385639  1.25589e+26 
  47    0.3459775  1.18325e+26 
  48    0.3535534  1.12727e+26 
  49    0.3612952  1.07603e+26 
  50    0.3692065  1.03132e+26 
  51    0.3772911  9.64187e+25 
  52    0.3855527  9.12303e+25 
  53    0.3939952  8.62362e+25 
  54    0.4026226  8.10418e+25 
  55    0.4114389  7.58382e+25 
  56    0.4204482  7.12014e+25 
  57    0.4296548  6.68311e+25 
  58    0.4390630  6.27455e+25 
  59    0.4486773  5.89741e+25 
  60    0.4585020  5.47861e+25 
  61    0.4685419  5.13155e+25 
  62    0.4788016  4.74964e+25 
  63    0.4892860  4.52212e+25 
  64    0.5000000  4.25877e+25 
  65    0.5109486  4.02440e+25 
  66    0.5221369  3.80502e+25 
  67    0.5335702  3.59532e+25 
  68    0.5452539  3.38538e+25 
  69    0.5571934  3.21849e+25 
  70    0.5693943  3.03913e+25 
  71    0.5818624  2.89150e+25 
  72    0.5946036  2.72710e+25 
  73    0.6076237  2.64204e+25 
  74    0.6209289  2.57173e+25 
  75    0.6345255  2.49478e+25 
  76    0.6484198  2.42402e+25 
  77    0.6626183  2.36922e+25 
  78    0.6771278  2.31973e+25 
  79    0.6919549  2.26756e+25 
  80    0.7071068  2.24970e+25 
  81    0.7225904  2.22494e+25 
  82    0.7384131  2.25145e+25 
  83    0.7545822  2.25122e+25 
  84    0.7711054  2.27244e+25 
  85    0.7879904  2.25014e+25 
  86    0.8052452  2.25458e+25 
  87    0.8228777  2.26175e+25 
  88    0.8408964  2.27272e+25 
  89    0.8593096  2.29525e+25 
  90    0.8781261  2.29987e+25 
  91    0.8973545  2.30403e+25 
  92    0.9170040  2.31241e+25 
  93    0.9370838  2.29971e+25 
  94    0.9576033  2.25230e+25 
  95    0.9785721  2.20749e+25 
  96    1.0000000  2.16035e+25 
  97    1.0218971  2.11062e+25 
  98    1.0442738  2.04833e+25 
  99    1.0671404  1.97983e+25 
 100    1.0905077  1.90138e+25 
 101    1.1143867  1.82753e+25 
 102    1.1387886  1.74169e+25 
 103    1.1637249  1.65031e+25 
 104    1.1892071  1.55852e+25 
 105    1.2152474  1.47695e+25 
 106    1.2418578  1.39271e+25 
 107    1.2690510  1.31601e+25 
 108    1.2968396  1.23154e+25 
 109    1.3252366  1.16403e+25 
 110    1.3542555  1.10270e+25 
 111    1.3839099  1.03411e+25 
 112    1.4142136  9.72977e+24 
 113    1.4451808  9.10110e+24 
 114    1.4768261  8.58678e+24 
 115    1.5091644  8.22159e+24 
 116    1.5422108  7.76315e+24 
 117    1.5759808  7.42884e+24 
 118    1.6104903  7.13714e+24 
 119    1.6457555  6.87915e+24 
 120    1.6817928  6.65974e+24 
 121    1.7186193  6.40970e+24 
 122    1.7562522  6.20289e+24 
 123    1.7947091  6.03858e+24 
 124    1.8340081  5.87959e+24 
 125    1.8741676  5.80253e+24 
 126    1.9152066  5.67800e+24 
 127    1.9571441  5.51682e+24 
 128    2.0000000  5.45190e+24 
 129    2.0437943  5.28532e+24 
 130    2.0885476  5.14427e+24 
 131    2.1342808  5.02928e+24 
 132    2.1810155  4.86030e+24 
 133    2.2287735  4.73930e+24 
 134    2.2775773  4.61882e+24 
 135    2.3274497  4.49992e+24 
 136    2.3784142  4.40411e+24 
 137    2.4304947  4.25182e+24 
 138    2.4837156  4.12042e+24 
 139    2.5381019  4.00475e+24 
 140    2.5936791  3.87729e+24 
 141    2.6504733  3.75513e+24 
 142    2.7085111  3.59025e+24 
 143    2.7678198  3.49218e+24 
 144    2.8284271  3.41278e+24 
 145    2.8903616  3.28552e+24 
 146    2.9536523  3.19752e+24 
 147    3.0183289  3.08605e+24 
 148    3.0844217  2.95669e+24 
 149    3.1519617  2.86228e+24 
 150    3.2209807  2.76758e+24 
 151    3.2915110  2.65105e+24 
 152    3.3635857  2.56346e+24 
 153    3.4372386  2.48052e+24 
 154    3.5125043  2.38535e+24 
 155    3.5894182  2.25128e+24 
 156    3.6680162  2.14317e+24 
 157    3.7483353  2.03119e+24 
 158    3.8304131  1.86229e+24 
 159    3.9142882  1.71402e+24 
 160    4.0000000  1.56170e+24 
 161    4.0875886  1.39825e+24 
 162    4.1770951  1.21757e+24 
 163    4.2685616  1.05610e+24 
 164    4.3620309  8.89309e+23 
 165    4.4575470  7.20571e+23 
 166    4.5551545  5.88161e+23 
 167    4.6548994  4.71722e+23 
 168    4.7568285  3.51124e+23 
 169    4.8609894  2.57426e+23 
 170    4.9674312  1.88376e+23 
 171    5.0762038  1.24886e+23 
 172    5.1873582  8.46467e+22 
 173    5.3009466  5.06448e+22 
 174    5.4170222  3.22957e+22 
 175    5.5356395  1.96566e+22 
 176    5.6568542  1.29248e+22 
 177    5.7807232  8.52898e+21 
 178    5.9073046  6.67970e+21 
 179    6.0366577  4.79264e+21 
 180    6.1688433  4.24345e+21 
 181    6.3039234  3.63875e+21 
 182    6.4419613  3.40486e+21 
 183    6.5830219  2.77884e+21 
 184    6.7271713  2.31423e+21 
 185    6.8744772  2.03364e+21 
 186    7.0250086  1.87460e+21 
 187    7.1788363  1.53889e+21 
 188    7.3360323  1.40635e+21 
 189    7.4966705  1.38782e+21 


