# 1:iteration 2:time bin[s] 3-k:equiv. isotropic luminosity in k-th angular bin [erg/s]
# bolometric luminosity going in angular bin
   0    0.1250000  4.27627e+41 
   1    0.1277371  4.36027e+41 
   2    0.1305342  4.44612e+41 
   3    0.1333926  4.53384e+41 
   4    0.1363135  4.63047e+41 
   5    0.1392983  4.72466e+41 
   6    0.1423486  4.84234e+41 
   7    0.1454656  4.95652e+41 
   8    0.1486509  5.08719e+41 
   9    0.1519059  5.24341e+41 
  10    0.1552322  5.37961e+41 
  11    0.1586314  5.51264e+41 
  12    0.1621049  5.67340e+41 
  13    0.1656546  5.90898e+41 
  14    0.1692819  6.09864e+41 
  15    0.1729887  6.37118e+41 
  16    0.1767767  6.62763e+41 
  17    0.1806476  6.89298e+41 
  18    0.1846033  7.21138e+41 
  19    0.1886456  7.57078e+41 
  20    0.1927764  7.97357e+41 
  21    0.1969976  8.37273e+41 
  22    0.2013113  8.77979e+41 
  23    0.2057194  9.30435e+41 
  24    0.2102241  9.76824e+41 
  25    0.2148274  1.02537e+42 
  26    0.2195315  1.09431e+42 
  27    0.2243386  1.15757e+42 
  28    0.2292510  1.22082e+42 
  29    0.2342710  1.29231e+42 
  30    0.2394008  1.36491e+42 
  31    0.2446430  1.45217e+42 
  32    0.2500000  1.53835e+42 
  33    0.2554743  1.62974e+42 
  34    0.2610684  1.73392e+42 
  35    0.2667851  1.85034e+42 
  36    0.2726269  1.97643e+42 
  37    0.2785967  2.11215e+42 
  38    0.2846972  2.26321e+42 
  39    0.2909312  2.41289e+42 
  40    0.2973018  2.57521e+42 
  41    0.3038118  2.74795e+42 
  42    0.3104645  2.92208e+42 
  43    0.3172627  3.11092e+42 
  44    0.3242099  3.30504e+42 
  45    0.3313092  3.50910e+42 
  46    0.3385639  3.71070e+42 
  47    0.3459775  3.92480e+42 
  48    0.3535534  4.15565e+42 
  49    0.3612952  4.38261e+42 
  50    0.3692065  4.62130e+42 
  51    0.3772911  4.86656e+42 
  52    0.3855527  5.12508e+42 
  53    0.3939952  5.40055e+42 
  54    0.4026226  5.70165e+42 
  55    0.4114389  6.02947e+42 
  56    0.4204482  6.33733e+42 
  57    0.4296548  6.62783e+42 
  58    0.4390630  6.94275e+42 
  59    0.4486773  7.26331e+42 
  60    0.4585020  7.56638e+42 
  61    0.4685419  7.88625e+42 
  62    0.4788016  8.21060e+42 
  63    0.4892860  8.54098e+42 
  64    0.5000000  8.85926e+42 
  65    0.5109486  9.16950e+42 
  66    0.5221369  9.48414e+42 
  67    0.5335702  9.77422e+42 
  68    0.5452539  1.00861e+43 
  69    0.5571934  1.04034e+43 
  70    0.5693943  1.07303e+43 
  71    0.5818624  1.10433e+43 
  72    0.5946036  1.13358e+43 
  73    0.6076237  1.16393e+43 
  74    0.6209289  1.19495e+43 
  75    0.6345255  1.22582e+43 
  76    0.6484198  1.25664e+43 
  77    0.6626183  1.28552e+43 
  78    0.6771278  1.31558e+43 
  79    0.6919549  1.34346e+43 
  80    0.7071068  1.37057e+43 
  81    0.7225904  1.39641e+43 
  82    0.7384131  1.42177e+43 
  83    0.7545822  1.44830e+43 
  84    0.7711054  1.47357e+43 
  85    0.7879904  1.49928e+43 
  86    0.8052452  1.52392e+43 
  87    0.8228777  1.54853e+43 
  88    0.8408964  1.57239e+43 
  89    0.8593096  1.59928e+43 
  90    0.8781261  1.62855e+43 
  91    0.8973545  1.65768e+43 
  92    0.9170040  1.68943e+43 
  93    0.9370838  1.72575e+43 
  94    0.9576033  1.76593e+43 
  95    0.9785721  1.80633e+43 
  96    1.0000000  1.84880e+43 
  97    1.0218971  1.89477e+43 
  98    1.0442738  1.94681e+43 
  99    1.0671404  2.00601e+43 
 100    1.0905077  2.07234e+43 
 101    1.1143867  2.13889e+43 
 102    1.1387886  2.20719e+43 
 103    1.1637249  2.28533e+43 
 104    1.1892071  2.38473e+43 
 105    1.2152474  2.52338e+43 
 106    1.2418578  2.64322e+43 
 107    1.2690510  2.76889e+43 
 108    1.2968396  2.88515e+43 
 109    1.3252366  3.01726e+43 
 110    1.3542555  3.14599e+43 
 111    1.3839099  3.31230e+43 
 112    1.4142136  3.47543e+43 
 113    1.4451808  3.63093e+43 
 114    1.4768261  3.80028e+43 
 115    1.5091644  3.96875e+43 
 116    1.5422108  4.16021e+43 
 117    1.5759808  4.35283e+43 
 118    1.6104903  4.54230e+43 
 119    1.6457555  4.68605e+43 
 120    1.6817928  4.83436e+43 
 121    1.7186193  5.00807e+43 
 122    1.7562522  5.19015e+43 
 123    1.7947091  5.30054e+43 
 124    1.8340081  5.38135e+43 
 125    1.8741676  5.47269e+43 
 126    1.9152066  5.57412e+43 
 127    1.9571441  5.73013e+43 
 128    2.0000000  5.83935e+43 
 129    2.0437943  5.97033e+43 
 130    2.0885476  6.18592e+43 
 131    2.1342808  6.41697e+43 
 132    2.1810155  6.69013e+43 
 133    2.2287735  6.91872e+43 
 134    2.2775773  7.19855e+43 
 135    2.3274497  7.45906e+43 
 136    2.3784142  7.75220e+43 
 137    2.4304947  8.05895e+43 
 138    2.4837156  8.35134e+43 
 139    2.5381019  8.60992e+43 
 140    2.5936791  8.85436e+43 
 141    2.6504733  9.08150e+43 
 142    2.7085111  9.27161e+43 
 143    2.7678198  9.44105e+43 
 144    2.8284271  9.60777e+43 
 145    2.8903616  9.79443e+43 
 146    2.9536523  9.97030e+43 
 147    3.0183289  1.01410e+44 
 148    3.0844217  1.03184e+44 
 149    3.1519617  1.05055e+44 
 150    3.2209807  1.06910e+44 
 151    3.2915110  1.08824e+44 
 152    3.3635857  1.10532e+44 
 153    3.4372386  1.12300e+44 
 154    3.5125043  1.13627e+44 
 155    3.5894182  1.14648e+44 
 156    3.6680162  1.15536e+44 
 157    3.7483353  1.15794e+44 
 158    3.8304131  1.15954e+44 
 159    3.9142882  1.15881e+44 
 160    4.0000000  1.15782e+44 
 161    4.0875886  1.15431e+44 
 162    4.1770951  1.14691e+44 
 163    4.2685616  1.13908e+44 
 164    4.3620309  1.13333e+44 
 165    4.4575470  1.12625e+44 
 166    4.5551545  1.10994e+44 
 167    4.6548994  1.07816e+44 
 168    4.7568285  1.04785e+44 
 169    4.8609894  1.00299e+44 
 170    4.9674312  9.56181e+43 
 171    5.0762038  9.00531e+43 
 172    5.1873582  8.36526e+43 
 173    5.3009466  7.68207e+43 
 174    5.4170222  7.00096e+43 
 175    5.5356395  6.23300e+43 
 176    5.6568542  5.56426e+43 
 177    5.7807232  4.90862e+43 
 178    5.9073046  4.30503e+43 
 179    6.0366577  3.84661e+43 
 180    6.1688433  3.44120e+43 
 181    6.3039234  3.08547e+43 
 182    6.4419613  2.78503e+43 
 183    6.5830219  2.55619e+43 
 184    6.7271713  2.41206e+43 
 185    6.8744772  2.29596e+43 
 186    7.0250086  2.21378e+43 
 187    7.1788363  2.14229e+43 
 188    7.3360323  2.07200e+43 
 189    7.4966705  2.00288e+43 


# g-band (filter: g_LSST.dat)
   0    0.1250000  8.84538e+26 
   1    0.1277371  8.93824e+26 
   2    0.1305342  9.03313e+26 
   3    0.1333926  9.13010e+26 
   4    0.1363135  9.20387e+26 
   5    0.1392983  9.26522e+26 
   6    0.1423486  9.32802e+26 
   7    0.1454656  9.35272e+26 
   8    0.1486509  9.37971e+26 
   9    0.1519059  9.38309e+26 
  10    0.1552322  9.38209e+26 
  11    0.1586314  9.36804e+26 
  12    0.1621049  9.31244e+26 
  13    0.1656546  9.28699e+26 
  14    0.1692819  9.21120e+26 
  15    0.1729887  9.15091e+26 
  16    0.1767767  9.09053e+26 
  17    0.1806476  9.03352e+26 
  18    0.1846033  8.93354e+26 
  19    0.1886456  8.87001e+26 
  20    0.1927764  8.79364e+26 
  21    0.1969976  8.70238e+26 
  22    0.2013113  8.57035e+26 
  23    0.2057194  8.44179e+26 
  24    0.2102241  8.32188e+26 
  25    0.2148274  8.19763e+26 
  26    0.2195315  8.07936e+26 
  27    0.2243386  7.94271e+26 
  28    0.2292510  7.82960e+26 
  29    0.2342710  7.71826e+26 
  30    0.2394008  7.58959e+26 
  31    0.2446430  7.44249e+26 
  32    0.2500000  7.28014e+26 
  33    0.2554743  7.14226e+26 
  34    0.2610684  7.02223e+26 
  35    0.2667851  6.94054e+26 
  36    0.2726269  6.84390e+26 
  37    0.2785967  6.70540e+26 
  38    0.2846972  6.56360e+26 
  39    0.2909312  6.48416e+26 
  40    0.2973018  6.35372e+26 
  41    0.3038118  6.21277e+26 
  42    0.3104645  6.06406e+26 
  43    0.3172627  5.91044e+26 
  44    0.3242099  5.80317e+26 
  45    0.3313092  5.69725e+26 
  46    0.3385639  5.56906e+26 
  47    0.3459775  5.41846e+26 
  48    0.3535534  5.32475e+26 
  49    0.3612952  5.20748e+26 
  50    0.3692065  5.03456e+26 
  51    0.3772911  4.90042e+26 
  52    0.3855527  4.81165e+26 
  53    0.3939952  4.76184e+26 
  54    0.4026226  4.72738e+26 
  55    0.4114389  4.64535e+26 
  56    0.4204482  4.57516e+26 
  57    0.4296548  4.56786e+26 
  58    0.4390630  4.63332e+26 
  59    0.4486773  4.69093e+26 
  60    0.4585020  4.78865e+26 
  61    0.4685419  4.95770e+26 
  62    0.4788016  5.14517e+26 
  63    0.4892860  5.29215e+26 
  64    0.5000000  5.41230e+26 
  65    0.5109486  5.67300e+26 
  66    0.5221369  5.98902e+26 
  67    0.5335702  6.47302e+26 
  68    0.5452539  6.93722e+26 
  69    0.5571934  7.34861e+26 
  70    0.5693943  7.79116e+26 
  71    0.5818624  8.29163e+26 
  72    0.5946036  8.71664e+26 
  73    0.6076237  9.26794e+26 
  74    0.6209289  9.87708e+26 
  75    0.6345255  1.04504e+27 
  76    0.6484198  1.11839e+27 
  77    0.6626183  1.18526e+27 
  78    0.6771278  1.26022e+27 
  79    0.6919549  1.32716e+27 
  80    0.7071068  1.39339e+27 
  81    0.7225904  1.46505e+27 
  82    0.7384131  1.53917e+27 
  83    0.7545822  1.62288e+27 
  84    0.7711054  1.69872e+27 
  85    0.7879904  1.77881e+27 
  86    0.8052452  1.86558e+27 
  87    0.8228777  1.97015e+27 
  88    0.8408964  2.06557e+27 
  89    0.8593096  2.15754e+27 
  90    0.8781261  2.26200e+27 
  91    0.8973545  2.38185e+27 
  92    0.9170040  2.48939e+27 
  93    0.9370838  2.61051e+27 
  94    0.9576033  2.72070e+27 
  95    0.9785721  2.84447e+27 
  96    1.0000000  2.97687e+27 
  97    1.0218971  3.16062e+27 
  98    1.0442738  3.32747e+27 
  99    1.0671404  3.48546e+27 
 100    1.0905077  3.64736e+27 
 101    1.1143867  3.82682e+27 
 102    1.1387886  3.99504e+27 
 103    1.1637249  4.16944e+27 
 104    1.1892071  4.32171e+27 
 105    1.2152474  4.45033e+27 
 106    1.2418578  4.58132e+27 
 107    1.2690510  4.79456e+27 
 108    1.2968396  5.09894e+27 
 109    1.3252366  5.35949e+27 
 110    1.3542555  5.71889e+27 
 111    1.3839099  6.26627e+27 
 112    1.4142136  6.82334e+27 
 113    1.4451808  7.54968e+27 
 114    1.4768261  8.36366e+27 
 115    1.5091644  9.35854e+27 
 116    1.5422108  1.07968e+28 
 117    1.5759808  1.24667e+28 
 118    1.6104903  1.42874e+28 
 119    1.6457555  1.64744e+28 
 120    1.6817928  1.86379e+28 
 121    1.7186193  2.10183e+28 
 122    1.7562522  2.35568e+28 
 123    1.7947091  2.62321e+28 
 124    1.8340081  2.91063e+28 
 125    1.8741676  3.21736e+28 
 126    1.9152066  3.53198e+28 
 127    1.9571441  3.83090e+28 
 128    2.0000000  4.12318e+28 
 129    2.0437943  4.40512e+28 
 130    2.0885476  4.68280e+28 
 131    2.1342808  4.96338e+28 
 132    2.1810155  5.24093e+28 
 133    2.2287735  5.50217e+28 
 134    2.2775773  5.75919e+28 
 135    2.3274497  6.00004e+28 
 136    2.3784142  6.22455e+28 
 137    2.4304947  6.44123e+28 
 138    2.4837156  6.63794e+28 
 139    2.5381019  6.83100e+28 
 140    2.5936791  7.01486e+28 
 141    2.6504733  7.17066e+28 
 142    2.7085111  7.30877e+28 
 143    2.7678198  7.44428e+28 
 144    2.8284271  7.56002e+28 
 145    2.8903616  7.68440e+28 
 146    2.9536523  7.78816e+28 
 147    3.0183289  7.87809e+28 
 148    3.0844217  7.95129e+28 
 149    3.1519617  7.99575e+28 
 150    3.2209807  8.02967e+28 
 151    3.2915110  8.02579e+28 
 152    3.3635857  8.01166e+28 
 153    3.4372386  7.98724e+28 
 154    3.5125043  7.93374e+28 
 155    3.5894182  7.84114e+28 
 156    3.6680162  7.72432e+28 
 157    3.7483353  7.56057e+28 
 158    3.8304131  7.37724e+28 
 159    3.9142882  7.17483e+28 
 160    4.0000000  6.96450e+28 
 161    4.0875886  6.76150e+28 
 162    4.1770951  6.55044e+28 
 163    4.2685616  6.40445e+28 
 164    4.3620309  6.42709e+28 
 165    4.4575470  6.55191e+28 
 166    4.5551545  6.69876e+28 
 167    4.6548994  6.40715e+28 
 168    4.7568285  6.24662e+28 
 169    4.8609894  5.91067e+28 
 170    4.9674312  5.70486e+28 
 171    5.0762038  5.35749e+28 
 172    5.1873582  4.97167e+28 
 173    5.3009466  4.54777e+28 
 174    5.4170222  4.15551e+28 
 175    5.5356395  3.59865e+28 
 176    5.6568542  3.11641e+28 
 177    5.7807232  2.44792e+28 
 178    5.9073046  1.99504e+28 
 179    6.0366577  1.73012e+28 
 180    6.1688433  1.51674e+28 
 181    6.3039234  1.29985e+28 
 182    6.4419613  1.08304e+28 
 183    6.5830219  9.82943e+27 
 184    6.7271713  9.53664e+27 
 185    6.8744772  9.48807e+27 
 186    7.0250086  9.67121e+27 
 187    7.1788363  9.93560e+27 
 188    7.3360323  1.02365e+28 
 189    7.4966705  1.05819e+28 


# r-band (filter: r_LSST.dat)
   0    0.1250000  7.73044e+26 
   1    0.1277371  7.90568e+26 
   2    0.1305342  8.08475e+26 
   3    0.1333926  8.26775e+26 
   4    0.1363135  8.41316e+26 
   5    0.1392983  8.57675e+26 
   6    0.1423486  8.75534e+26 
   7    0.1454656  8.87387e+26 
   8    0.1486509  9.00484e+26 
   9    0.1519059  9.12343e+26 
  10    0.1552322  9.21567e+26 
  11    0.1586314  9.30928e+26 
  12    0.1621049  9.45657e+26 
  13    0.1656546  9.49075e+26 
  14    0.1692819  9.55976e+26 
  15    0.1729887  9.65943e+26 
  16    0.1767767  9.75739e+26 
  17    0.1806476  9.78768e+26 
  18    0.1846033  9.80577e+26 
  19    0.1886456  9.88481e+26 
  20    0.1927764  9.91590e+26 
  21    0.1969976  9.92624e+26 
  22    0.2013113  9.94182e+26 
  23    0.2057194  1.00281e+27 
  24    0.2102241  1.00090e+27 
  25    0.2148274  1.00020e+27 
  26    0.2195315  9.97764e+26 
  27    0.2243386  9.91649e+26 
  28    0.2292510  9.87154e+26 
  29    0.2342710  9.82843e+26 
  30    0.2394008  9.80002e+26 
  31    0.2446430  9.73086e+26 
  32    0.2500000  9.67832e+26 
  33    0.2554743  9.62501e+26 
  34    0.2610684  9.54051e+26 
  35    0.2667851  9.42302e+26 
  36    0.2726269  9.35213e+26 
  37    0.2785967  9.25681e+26 
  38    0.2846972  9.21782e+26 
  39    0.2909312  9.21090e+26 
  40    0.2973018  9.10854e+26 
  41    0.3038118  9.03191e+26 
  42    0.3104645  8.94684e+26 
  43    0.3172627  8.90812e+26 
  44    0.3242099  8.82602e+26 
  45    0.3313092  8.78545e+26 
  46    0.3385639  8.70429e+26 
  47    0.3459775  8.69014e+26 
  48    0.3535534  8.74513e+26 
  49    0.3612952  8.73485e+26 
  50    0.3692065  8.72463e+26 
  51    0.3772911  8.66061e+26 
  52    0.3855527  8.67214e+26 
  53    0.3939952  8.68575e+26 
  54    0.4026226  8.76862e+26 
  55    0.4114389  8.81742e+26 
  56    0.4204482  8.91973e+26 
  57    0.4296548  9.08776e+26 
  58    0.4390630  9.30544e+26 
  59    0.4486773  9.45345e+26 
  60    0.4585020  9.62092e+26 
  61    0.4685419  9.77017e+26 
  62    0.4788016  1.00381e+27 
  63    0.4892860  1.03048e+27 
  64    0.5000000  1.05231e+27 
  65    0.5109486  1.07364e+27 
  66    0.5221369  1.11623e+27 
  67    0.5335702  1.15696e+27 
  68    0.5452539  1.19104e+27 
  69    0.5571934  1.24892e+27 
  70    0.5693943  1.29951e+27 
  71    0.5818624  1.35965e+27 
  72    0.5946036  1.41835e+27 
  73    0.6076237  1.51218e+27 
  74    0.6209289  1.60205e+27 
  75    0.6345255  1.71696e+27 
  76    0.6484198  1.82584e+27 
  77    0.6626183  1.94639e+27 
  78    0.6771278  2.17331e+27 
  79    0.6919549  2.43723e+27 
  80    0.7071068  2.70395e+27 
  81    0.7225904  2.96021e+27 
  82    0.7384131  3.16906e+27 
  83    0.7545822  3.40050e+27 
  84    0.7711054  3.66962e+27 
  85    0.7879904  3.89763e+27 
  86    0.8052452  4.15506e+27 
  87    0.8228777  4.41008e+27 
  88    0.8408964  4.69496e+27 
  89    0.8593096  5.13107e+27 
  90    0.8781261  5.66260e+27 
  91    0.8973545  6.13550e+27 
  92    0.9170040  6.92942e+27 
  93    0.9370838  8.15559e+27 
  94    0.9576033  9.85986e+27 
  95    0.9785721  1.14898e+28 
  96    1.0000000  1.32556e+28 
  97    1.0218971  1.51901e+28 
  98    1.0442738  1.76815e+28 
  99    1.0671404  2.08962e+28 
 100    1.0905077  2.47023e+28 
 101    1.1143867  2.85735e+28 
 102    1.1387886  3.27461e+28 
 103    1.1637249  3.76159e+28 
 104    1.1892071  4.49071e+28 
 105    1.2152474  5.54317e+28 
 106    1.2418578  6.38409e+28 
 107    1.2690510  7.28820e+28 
 108    1.2968396  8.08486e+28 
 109    1.3252366  9.02460e+28 
 110    1.3542555  9.89081e+28 
 111    1.3839099  1.10971e+29 
 112    1.4142136  1.21823e+29 
 113    1.4451808  1.31147e+29 
 114    1.4768261  1.41395e+29 
 115    1.5091644  1.51012e+29 
 116    1.5422108  1.61806e+29 
 117    1.5759808  1.71581e+29 
 118    1.6104903  1.80864e+29 
 119    1.6457555  1.85129e+29 
 120    1.6817928  1.89895e+29 
 121    1.7186193  1.96330e+29 
 122    1.7562522  2.04065e+29 
 123    1.7947091  2.03632e+29 
 124    1.8340081  2.00397e+29 
 125    1.8741676  1.97843e+29 
 126    1.9152066  1.95680e+29 
 127    1.9571441  1.98269e+29 
 128    2.0000000  1.96417e+29 
 129    2.0437943  1.95726e+29 
 130    2.0885476  2.02329e+29 
 131    2.1342808  2.09645e+29 
 132    2.1810155  2.20492e+29 
 133    2.2287735  2.27164e+29 
 134    2.2775773  2.37602e+29 
 135    2.3274497  2.46015e+29 
 136    2.3784142  2.56639e+29 
 137    2.4304947  2.68045e+29 
 138    2.4837156  2.75675e+29 
 139    2.5381019  2.77743e+29 
 140    2.5936791  2.78831e+29 
 141    2.6504733  2.77722e+29 
 142    2.7085111  2.73607e+29 
 143    2.7678198  2.66340e+29 
 144    2.8284271  2.58831e+29 
 145    2.8903616  2.50395e+29 
 146    2.9536523  2.40867e+29 
 147    3.0183289  2.30389e+29 
 148    3.0844217  2.19985e+29 
 149    3.1519617  2.08673e+29 
 150    3.2209807  1.98176e+29 
 151    3.2915110  1.88232e+29 
 152    3.3635857  1.79059e+29 
 153    3.4372386  1.69649e+29 
 154    3.5125043  1.60830e+29 
 155    3.5894182  1.52205e+29 
 156    3.6680162  1.43333e+29 
 157    3.7483353  1.34945e+29 
 158    3.8304131  1.26775e+29 
 159    3.9142882  1.18971e+29 
 160    4.0000000  1.11435e+29 
 161    4.0875886  1.04314e+29 
 162    4.1770951  9.76103e+28 
 163    4.2685616  9.18982e+28 
 164    4.3620309  8.63247e+28 
 165    4.4575470  7.93811e+28 
 166    4.5551545  7.16454e+28 
 167    4.6548994  6.44096e+28 
 168    4.7568285  5.76417e+28 
 169    4.8609894  5.16608e+28 
 170    4.9674312  4.57588e+28 
 171    5.0762038  4.01037e+28 
 172    5.1873582  3.42297e+28 
 173    5.3009466  2.91332e+28 
 174    5.4170222  2.42129e+28 
 175    5.5356395  1.93590e+28 
 176    5.6568542  1.51795e+28 
 177    5.7807232  1.28287e+28 
 178    5.9073046  1.06239e+28 
 179    6.0366577  8.98484e+27 
 180    6.1688433  7.41911e+27 
 181    6.3039234  6.17001e+27 
 182    6.4419613  5.29702e+27 
 183    6.5830219  4.70787e+27 
 184    6.7271713  4.44625e+27 
 185    6.8744772  4.28353e+27 
 186    7.0250086  4.20439e+27 
 187    7.1788363  4.14143e+27 
 188    7.3360323  4.08292e+27 
 189    7.4966705  4.03443e+27 


# i-band (filter: i_LSST.dat)
   0    0.1250000  4.76035e+26 
   1    0.1277371  4.84796e+26 
   2    0.1305342  4.93750e+26 
   3    0.1333926  5.02900e+26 
   4    0.1363135  5.12317e+26 
   5    0.1392983  5.24804e+26 
   6    0.1423486  5.33162e+26 
   7    0.1454656  5.45383e+26 
   8    0.1486509  5.52429e+26 
   9    0.1519059  5.60444e+26 
  10    0.1552322  5.67880e+26 
  11    0.1586314  5.77032e+26 
  12    0.1621049  5.86152e+26 
  13    0.1656546  5.94425e+26 
  14    0.1692819  6.02425e+26 
  15    0.1729887  6.13082e+26 
  16    0.1767767  6.19948e+26 
  17    0.1806476  6.25744e+26 
  18    0.1846033  6.33201e+26 
  19    0.1886456  6.39215e+26 
  20    0.1927764  6.44756e+26 
  21    0.1969976  6.55982e+26 
  22    0.2013113  6.61454e+26 
  23    0.2057194  6.69027e+26 
  24    0.2102241  6.73030e+26 
  25    0.2148274  6.81590e+26 
  26    0.2195315  6.90908e+26 
  27    0.2243386  6.95379e+26 
  28    0.2292510  7.03400e+26 
  29    0.2342710  7.09972e+26 
  30    0.2394008  7.17894e+26 
  31    0.2446430  7.22458e+26 
  32    0.2500000  7.26842e+26 
  33    0.2554743  7.27968e+26 
  34    0.2610684  7.30256e+26 
  35    0.2667851  7.31483e+26 
  36    0.2726269  7.33037e+26 
  37    0.2785967  7.33589e+26 
  38    0.2846972  7.31716e+26 
  39    0.2909312  7.33282e+26 
  40    0.2973018  7.33244e+26 
  41    0.3038118  7.26891e+26 
  42    0.3104645  7.22954e+26 
  43    0.3172627  7.21215e+26 
  44    0.3242099  7.13110e+26 
  45    0.3313092  7.08286e+26 
  46    0.3385639  6.94234e+26 
  47    0.3459775  6.88396e+26 
  48    0.3535534  6.74435e+26 
  49    0.3612952  6.64796e+26 
  50    0.3692065  6.58522e+26 
  51    0.3772911  6.53985e+26 
  52    0.3855527  6.40698e+26 
  53    0.3939952  6.44154e+26 
  54    0.4026226  6.37791e+26 
  55    0.4114389  6.40761e+26 
  56    0.4204482  6.38355e+26 
  57    0.4296548  6.45808e+26 
  58    0.4390630  6.55909e+26 
  59    0.4486773  6.66994e+26 
  60    0.4585020  6.89908e+26 
  61    0.4685419  7.19649e+26 
  62    0.4788016  7.44179e+26 
  63    0.4892860  7.86296e+26 
  64    0.5000000  8.55656e+26 
  65    0.5109486  9.25754e+26 
  66    0.5221369  1.07434e+27 
  67    0.5335702  1.34216e+27 
  68    0.5452539  1.62856e+27 
  69    0.5571934  2.09690e+27 
  70    0.5693943  2.82249e+27 
  71    0.5818624  3.37996e+27 
  72    0.5946036  3.87445e+27 
  73    0.6076237  4.34581e+27 
  74    0.6209289  5.13318e+27 
  75    0.6345255  6.17193e+27 
  76    0.6484198  6.74485e+27 
  77    0.6626183  7.52639e+27 
  78    0.6771278  8.16405e+27 
  79    0.6919549  8.45860e+27 
  80    0.7071068  8.77987e+27 
  81    0.7225904  8.99412e+27 
  82    0.7384131  9.05434e+27 
  83    0.7545822  9.31360e+27 
  84    0.7711054  9.46963e+27 
  85    0.7879904  9.80059e+27 
  86    0.8052452  9.84590e+27 
  87    0.8228777  9.95098e+27 
  88    0.8408964  1.02668e+28 
  89    0.8593096  1.05822e+28 
  90    0.8781261  1.13003e+28 
  91    0.8973545  1.19183e+28 
  92    0.9170040  1.23996e+28 
  93    0.9370838  1.30455e+28 
  94    0.9576033  1.37160e+28 
  95    0.9785721  1.45354e+28 
  96    1.0000000  1.54052e+28 
  97    1.0218971  1.64155e+28 
  98    1.0442738  1.75825e+28 
  99    1.0671404  1.87668e+28 
 100    1.0905077  2.03122e+28 
 101    1.1143867  2.19555e+28 
 102    1.1387886  2.35060e+28 
 103    1.1637249  2.55724e+28 
 104    1.1892071  2.79644e+28 
 105    1.2152474  3.06194e+28 
 106    1.2418578  3.34024e+28 
 107    1.2690510  3.62678e+28 
 108    1.2968396  3.94306e+28 
 109    1.3252366  4.28506e+28 
 110    1.3542555  4.65532e+28 
 111    1.3839099  5.04327e+28 
 112    1.4142136  5.44800e+28 
 113    1.4451808  5.88189e+28 
 114    1.4768261  6.33478e+28 
 115    1.5091644  6.80161e+28 
 116    1.5422108  7.27334e+28 
 117    1.5759808  7.73107e+28 
 118    1.6104903  8.20675e+28 
 119    1.6457555  8.64752e+28 
 120    1.6817928  9.06945e+28 
 121    1.7186193  9.48384e+28 
 122    1.7562522  9.83888e+28 
 123    1.7947091  1.01673e+29 
 124    1.8340081  1.04649e+29 
 125    1.8741676  1.07195e+29 
 126    1.9152066  1.09132e+29 
 127    1.9571441  1.10668e+29 
 128    2.0000000  1.11753e+29 
 129    2.0437943  1.12369e+29 
 130    2.0885476  1.12566e+29 
 131    2.1342808  1.12445e+29 
 132    2.1810155  1.11893e+29 
 133    2.2287735  1.10910e+29 
 134    2.2775773  1.09682e+29 
 135    2.3274497  1.08082e+29 
 136    2.3784142  1.06157e+29 
 137    2.4304947  1.03978e+29 
 138    2.4837156  1.01517e+29 
 139    2.5381019  9.88230e+28 
 140    2.5936791  9.59812e+28 
 141    2.6504733  9.29273e+28 
 142    2.7085111  8.98037e+28 
 143    2.7678198  8.64927e+28 
 144    2.8284271  8.31289e+28 
 145    2.8903616  7.97443e+28 
 146    2.9536523  7.62751e+28 
 147    3.0183289  7.27438e+28 
 148    3.0844217  6.92383e+28 
 149    3.1519617  6.57682e+28 
 150    3.2209807  6.23278e+28 
 151    3.2915110  5.90033e+28 
 152    3.3635857  5.56973e+28 
 153    3.4372386  5.24134e+28 
 154    3.5125043  4.92685e+28 
 155    3.5894182  4.62178e+28 
 156    3.6680162  4.32281e+28 
 157    3.7483353  4.04086e+28 
 158    3.8304131  3.76910e+28 
 159    3.9142882  3.50662e+28 
 160    4.0000000  3.26284e+28 
 161    4.0875886  3.03133e+28 
 162    4.1770951  2.80645e+28 
 163    4.2685616  2.60066e+28 
 164    4.3620309  2.40553e+28 
 165    4.4575470  2.21273e+28 
 166    4.5551545  2.01432e+28 
 167    4.6548994  1.81786e+28 
 168    4.7568285  1.63202e+28 
 169    4.8609894  1.45504e+28 
 170    4.9674312  1.28963e+28 
 171    5.0762038  1.12913e+28 
 172    5.1873582  9.69633e+27 
 173    5.3009466  8.33073e+27 
 174    5.4170222  7.08578e+27 
 175    5.5356395  5.88855e+27 
 176    5.6568542  4.91537e+27 
 177    5.7807232  4.11838e+27 
 178    5.9073046  3.50069e+27 
 179    6.0366577  3.04504e+27 
 180    6.1688433  2.67443e+27 
 181    6.3039234  2.41294e+27 
 182    6.4419613  2.20516e+27 
 183    6.5830219  2.08620e+27 
 184    6.7271713  2.03004e+27 
 185    6.8744772  1.98589e+27 
 186    7.0250086  1.94983e+27 
 187    7.1788363  1.91571e+27 
 188    7.3360323  1.88102e+27 
 189    7.4966705  1.84410e+27 


# z-band (filter: z_LSST.dat)
   0    0.1250000  3.59715e+26 
   1    0.1277371  3.67724e+26 
   2    0.1305342  3.75907e+26 
   3    0.1333926  3.84270e+26 
   4    0.1363135  3.91549e+26 
   5    0.1392983  3.99621e+26 
   6    0.1423486  4.11792e+26 
   7    0.1454656  4.21655e+26 
   8    0.1486509  4.28866e+26 
   9    0.1519059  4.36617e+26 
  10    0.1552322  4.45659e+26 
  11    0.1586314  4.54104e+26 
  12    0.1621049  4.62594e+26 
  13    0.1656546  4.73425e+26 
  14    0.1692819  4.87000e+26 
  15    0.1729887  4.97776e+26 
  16    0.1767767  5.10140e+26 
  17    0.1806476  5.17888e+26 
  18    0.1846033  5.24737e+26 
  19    0.1886456  5.31700e+26 
  20    0.1927764  5.44596e+26 
  21    0.1969976  5.52079e+26 
  22    0.2013113  5.59584e+26 
  23    0.2057194  5.69366e+26 
  24    0.2102241  5.81350e+26 
  25    0.2148274  5.91491e+26 
  26    0.2195315  5.98888e+26 
  27    0.2243386  6.03188e+26 
  28    0.2292510  6.09412e+26 
  29    0.2342710  6.20738e+26 
  30    0.2394008  6.23905e+26 
  31    0.2446430  6.32628e+26 
  32    0.2500000  6.40800e+26 
  33    0.2554743  6.46163e+26 
  34    0.2610684  6.47380e+26 
  35    0.2667851  6.39062e+26 
  36    0.2726269  6.29321e+26 
  37    0.2785967  6.27155e+26 
  38    0.2846972  6.27262e+26 
  39    0.2909312  6.28076e+26 
  40    0.2973018  6.29302e+26 
  41    0.3038118  6.17693e+26 
  42    0.3104645  6.08923e+26 
  43    0.3172627  5.95848e+26 
  44    0.3242099  5.79298e+26 
  45    0.3313092  5.66006e+26 
  46    0.3385639  5.43882e+26 
  47    0.3459775  5.28630e+26 
  48    0.3535534  5.20931e+26 
  49    0.3612952  4.99604e+26 
  50    0.3692065  4.80374e+26 
  51    0.3772911  4.60853e+26 
  52    0.3855527  4.37083e+26 
  53    0.3939952  4.33877e+26 
  54    0.4026226  4.25541e+26 
  55    0.4114389  4.23725e+26 
  56    0.4204482  4.40934e+26 
  57    0.4296548  4.66994e+26 
  58    0.4390630  5.06037e+26 
  59    0.4486773  5.59776e+26 
  60    0.4585020  6.26394e+26 
  61    0.4685419  8.05119e+26 
  62    0.4788016  9.33273e+26 
  63    0.4892860  1.05746e+27 
  64    0.5000000  1.19861e+27 
  65    0.5109486  1.44298e+27 
  66    0.5221369  1.85751e+27 
  67    0.5335702  1.93187e+27 
  68    0.5452539  2.08109e+27 
  69    0.5571934  2.13786e+27 
  70    0.5693943  2.25536e+27 
  71    0.5818624  2.37425e+27 
  72    0.5946036  2.47807e+27 
  73    0.6076237  2.59086e+27 
  74    0.6209289  2.67661e+27 
  75    0.6345255  2.84695e+27 
  76    0.6484198  3.01419e+27 
  77    0.6626183  3.11093e+27 
  78    0.6771278  3.14488e+27 
  79    0.6919549  3.37304e+27 
  80    0.7071068  3.61925e+27 
  81    0.7225904  3.88219e+27 
  82    0.7384131  4.16009e+27 
  83    0.7545822  4.49194e+27 
  84    0.7711054  4.80442e+27 
  85    0.7879904  5.12246e+27 
  86    0.8052452  5.55546e+27 
  87    0.8228777  5.97186e+27 
  88    0.8408964  6.47017e+27 
  89    0.8593096  7.08283e+27 
  90    0.8781261  7.74110e+27 
  91    0.8973545  8.55509e+27 
  92    0.9170040  9.48374e+27 
  93    0.9370838  1.04933e+28 
  94    0.9576033  1.16860e+28 
  95    0.9785721  1.30610e+28 
  96    1.0000000  1.46084e+28 
  97    1.0218971  1.64508e+28 
  98    1.0442738  1.83511e+28 
  99    1.0671404  2.05218e+28 
 100    1.0905077  2.29358e+28 
 101    1.1143867  2.56085e+28 
 102    1.1387886  2.85114e+28 
 103    1.1637249  3.16162e+28 
 104    1.1892071  3.49153e+28 
 105    1.2152474  3.84749e+28 
 106    1.2418578  4.22339e+28 
 107    1.2690510  4.62345e+28 
 108    1.2968396  5.02203e+28 
 109    1.3252366  5.45090e+28 
 110    1.3542555  5.89516e+28 
 111    1.3839099  6.34798e+28 
 112    1.4142136  6.81416e+28 
 113    1.4451808  7.27828e+28 
 114    1.4768261  7.74452e+28 
 115    1.5091644  8.22314e+28 
 116    1.5422108  8.67371e+28 
 117    1.5759808  9.07575e+28 
 118    1.6104903  9.47331e+28 
 119    1.6457555  9.78535e+28 
 120    1.6817928  1.00679e+29 
 121    1.7186193  1.03197e+29 
 122    1.7562522  1.04935e+29 
 123    1.7947091  1.06140e+29 
 124    1.8340081  1.06830e+29 
 125    1.8741676  1.06995e+29 
 126    1.9152066  1.06587e+29 
 127    1.9571441  1.05596e+29 
 128    2.0000000  1.04214e+29 
 129    2.0437943  1.02573e+29 
 130    2.0885476  1.00681e+29 
 131    2.1342808  9.84455e+28 
 132    2.1810155  9.60394e+28 
 133    2.2287735  9.32956e+28 
 134    2.2775773  9.04569e+28 
 135    2.3274497  8.74856e+28 
 136    2.3784142  8.43734e+28 
 137    2.4304947  8.11115e+28 
 138    2.4837156  7.78204e+28 
 139    2.5381019  7.45124e+28 
 140    2.5936791  7.11042e+28 
 141    2.6504733  6.77658e+28 
 142    2.7085111  6.43739e+28 
 143    2.7678198  6.10032e+28 
 144    2.8284271  5.77210e+28 
 145    2.8903616  5.45290e+28 
 146    2.9536523  5.13886e+28 
 147    3.0183289  4.82701e+28 
 148    3.0844217  4.53043e+28 
 149    3.1519617  4.24298e+28 
 150    3.2209807  3.96445e+28 
 151    3.2915110  3.70304e+28 
 152    3.3635857  3.44842e+28 
 153    3.4372386  3.19888e+28 
 154    3.5125043  2.96851e+28 
 155    3.5894182  2.74861e+28 
 156    3.6680162  2.53612e+28 
 157    3.7483353  2.34206e+28 
 158    3.8304131  2.15808e+28 
 159    3.9142882  1.98319e+28 
 160    4.0000000  1.82661e+28 
 161    4.0875886  1.67821e+28 
 162    4.1770951  1.53775e+28 
 163    4.2685616  1.40978e+28 
 164    4.3620309  1.28953e+28 
 165    4.4575470  1.17503e+28 
 166    4.5551545  1.05951e+28 
 167    4.6548994  9.47143e+27 
 168    4.7568285  8.41376e+27 
 169    4.8609894  7.44826e+27 
 170    4.9674312  6.54476e+27 
 171    5.0762038  5.68789e+27 
 172    5.1873582  4.84539e+27 
 173    5.3009466  4.14679e+27 
 174    5.4170222  3.52266e+27 
 175    5.5356395  2.93646e+27 
 176    5.6568542  2.48709e+27 
 177    5.7807232  2.13254e+27 
 178    5.9073046  1.88527e+27 
 179    6.0366577  1.71736e+27 
 180    6.1688433  1.59930e+27 
 181    6.3039234  1.53534e+27 
 182    6.4419613  1.49740e+27 
 183    6.5830219  1.49480e+27 
 184    6.7271713  1.52805e+27 
 185    6.8744772  1.56045e+27 
 186    7.0250086  1.59288e+27 
 187    7.1788363  1.62775e+27 
 188    7.3360323  1.65858e+27 
 189    7.4966705  1.68162e+27 


# y-band (filter: y_LSST.dat)
   0    0.1250000  2.73131e+26 
   1    0.1277371  2.79696e+26 
   2    0.1305342  2.86404e+26 
   3    0.1333926  2.93259e+26 
   4    0.1363135  3.00702e+26 
   5    0.1392983  3.07327e+26 
   6    0.1423486  3.20601e+26 
   7    0.1454656  3.27066e+26 
   8    0.1486509  3.35552e+26 
   9    0.1519059  3.44450e+26 
  10    0.1552322  3.55945e+26 
  11    0.1586314  3.67839e+26 
  12    0.1621049  3.75931e+26 
  13    0.1656546  3.83870e+26 
  14    0.1692819  3.91496e+26 
  15    0.1729887  4.01056e+26 
  16    0.1767767  4.10095e+26 
  17    0.1806476  4.21512e+26 
  18    0.1846033  4.33651e+26 
  19    0.1886456  4.46555e+26 
  20    0.1927764  4.57330e+26 
  21    0.1969976  4.69393e+26 
  22    0.2013113  4.89286e+26 
  23    0.2057194  5.09774e+26 
  24    0.2102241  5.23353e+26 
  25    0.2148274  5.35328e+26 
  26    0.2195315  5.54883e+26 
  27    0.2243386  5.73033e+26 
  28    0.2292510  5.83130e+26 
  29    0.2342710  5.97984e+26 
  30    0.2394008  6.11650e+26 
  31    0.2446430  6.31253e+26 
  32    0.2500000  6.53582e+26 
  33    0.2554743  6.77388e+26 
  34    0.2610684  7.05169e+26 
  35    0.2667851  7.25400e+26 
  36    0.2726269  7.66403e+26 
  37    0.2785967  8.24167e+26 
  38    0.2846972  8.45590e+26 
  39    0.2909312  8.78023e+26 
  40    0.2973018  9.17929e+26 
  41    0.3038118  9.53769e+26 
  42    0.3104645  9.68405e+26 
  43    0.3172627  9.94991e+26 
  44    0.3242099  1.01950e+27 
  45    0.3313092  1.01990e+27 
  46    0.3385639  1.03105e+27 
  47    0.3459775  1.02733e+27 
  48    0.3535534  1.03446e+27 
  49    0.3612952  1.01883e+27 
  50    0.3692065  1.03355e+27 
  51    0.3772911  1.04703e+27 
  52    0.3855527  1.06621e+27 
  53    0.3939952  1.07783e+27 
  54    0.4026226  1.13464e+27 
  55    0.4114389  1.19361e+27 
  56    0.4204482  1.33104e+27 
  57    0.4296548  1.50457e+27 
  58    0.4390630  1.65879e+27 
  59    0.4486773  1.86471e+27 
  60    0.4585020  2.10581e+27 
  61    0.4685419  2.53632e+27 
  62    0.4788016  2.93321e+27 
  63    0.4892860  3.26421e+27 
  64    0.5000000  3.62327e+27 
  65    0.5109486  4.03947e+27 
  66    0.5221369  4.47807e+27 
  67    0.5335702  5.02645e+27 
  68    0.5452539  5.59886e+27 
  69    0.5571934  6.28828e+27 
  70    0.5693943  7.10826e+27 
  71    0.5818624  7.85412e+27 
  72    0.5946036  8.88080e+27 
  73    0.6076237  9.90953e+27 
  74    0.6209289  1.10796e+28 
  75    0.6345255  1.23995e+28 
  76    0.6484198  1.39357e+28 
  77    0.6626183  1.55437e+28 
  78    0.6771278  1.74120e+28 
  79    0.6919549  1.93869e+28 
  80    0.7071068  2.13927e+28 
  81    0.7225904  2.36554e+28 
  82    0.7384131  2.60494e+28 
  83    0.7545822  2.86833e+28 
  84    0.7711054  3.13344e+28 
  85    0.7879904  3.42264e+28 
  86    0.8052452  3.72774e+28 
  87    0.8228777  4.03841e+28 
  88    0.8408964  4.35738e+28 
  89    0.8593096  4.69476e+28 
  90    0.8781261  5.03668e+28 
  91    0.8973545  5.38193e+28 
  92    0.9170040  5.75240e+28 
  93    0.9370838  6.13159e+28 
  94    0.9576033  6.52013e+28 
  95    0.9785721  6.90124e+28 
  96    1.0000000  7.29723e+28 
  97    1.0218971  7.70596e+28 
  98    1.0442738  8.10508e+28 
  99    1.0671404  8.51543e+28 
 100    1.0905077  8.90690e+28 
 101    1.1143867  9.29945e+28 
 102    1.1387886  9.68520e+28 
 103    1.1637249  1.00626e+29 
 104    1.1892071  1.03968e+29 
 105    1.2152474  1.07214e+29 
 106    1.2418578  1.10457e+29 
 107    1.2690510  1.13267e+29 
 108    1.2968396  1.15863e+29 
 109    1.3252366  1.18254e+29 
 110    1.3542555  1.20351e+29 
 111    1.3839099  1.22434e+29 
 112    1.4142136  1.24083e+29 
 113    1.4451808  1.25371e+29 
 114    1.4768261  1.26299e+29 
 115    1.5091644  1.27201e+29 
 116    1.5422108  1.27563e+29 
 117    1.5759808  1.27252e+29 
 118    1.6104903  1.26763e+29 
 119    1.6457555  1.25359e+29 
 120    1.6817928  1.23660e+29 
 121    1.7186193  1.21393e+29 
 122    1.7562522  1.18754e+29 
 123    1.7947091  1.15668e+29 
 124    1.8340081  1.12285e+29 
 125    1.8741676  1.08421e+29 
 126    1.9152066  1.04567e+29 
 127    1.9571441  1.00306e+29 
 128    2.0000000  9.59129e+28 
 129    2.0437943  9.16639e+28 
 130    2.0885476  8.74198e+28 
 131    2.1342808  8.32267e+28 
 132    2.1810155  7.90919e+28 
 133    2.2287735  7.50508e+28 
 134    2.2775773  7.10883e+28 
 135    2.3274497  6.72244e+28 
 136    2.3784142  6.35746e+28 
 137    2.4304947  5.99313e+28 
 138    2.4837156  5.64444e+28 
 139    2.5381019  5.31531e+28 
 140    2.5936791  4.98636e+28 
 141    2.6504733  4.67434e+28 
 142    2.7085111  4.37902e+28 
 143    2.7678198  4.08758e+28 
 144    2.8284271  3.81566e+28 
 145    2.8903616  3.55929e+28 
 146    2.9536523  3.31243e+28 
 147    3.0183289  3.07418e+28 
 148    3.0844217  2.85381e+28 
 149    3.1519617  2.64597e+28 
 150    3.2209807  2.44600e+28 
 151    3.2915110  2.26297e+28 
 152    3.3635857  2.09319e+28 
 153    3.4372386  1.92956e+28 
 154    3.5125043  1.77741e+28 
 155    3.5894182  1.63735e+28 
 156    3.6680162  1.50356e+28 
 157    3.7483353  1.38205e+28 
 158    3.8304131  1.26886e+28 
 159    3.9142882  1.16177e+28 
 160    4.0000000  1.06685e+28 
 161    4.0875886  9.78673e+27 
 162    4.1770951  8.94423e+27 
 163    4.2685616  8.19440e+27 
 164    4.3620309  7.47744e+27 
 165    4.4575470  6.80366e+27 
 166    4.5551545  6.12963e+27 
 167    4.6548994  5.48505e+27 
 168    4.7568285  4.88433e+27 
 169    4.8609894  4.33976e+27 
 170    4.9674312  3.84163e+27 
 171    5.0762038  3.36501e+27 
 172    5.1873582  2.89534e+27 
 173    5.3009466  2.50797e+27 
 174    5.4170222  2.17291e+27 
 175    5.5356395  1.85539e+27 
 176    5.6568542  1.62417e+27 
 177    5.7807232  1.45215e+27 
 178    5.9073046  1.33534e+27 
 179    6.0366577  1.27105e+27 
 180    6.1688433  1.24978e+27 
 181    6.3039234  1.25995e+27 
 182    6.4419613  1.29633e+27 
 183    6.5830219  1.36571e+27 
 184    6.7271713  1.45152e+27 
 185    6.8744772  1.54512e+27 
 186    7.0250086  1.64438e+27 
 187    7.1788363  1.75379e+27 
 188    7.3360323  1.86729e+27 
 189    7.4966705  1.98394e+27 


# J-band (filter: J_2MASS.dat)
   0    0.1250000  1.51185e+26 
   1    0.1277371  1.53176e+26 
   2    0.1305342  1.55210e+26 
   3    0.1333926  1.57289e+26 
   4    0.1363135  1.59411e+26 
   5    0.1392983  1.61420e+26 
   6    0.1423486  1.63516e+26 
   7    0.1454656  1.65714e+26 
   8    0.1486509  1.68572e+26 
   9    0.1519059  1.72411e+26 
  10    0.1552322  1.75398e+26 
  11    0.1586314  1.78195e+26 
  12    0.1621049  1.82819e+26 
  13    0.1656546  1.87160e+26 
  14    0.1692819  1.91695e+26 
  15    0.1729887  1.96185e+26 
  16    0.1767767  2.02546e+26 
  17    0.1806476  2.26369e+26 
  18    0.1846033  2.34875e+26 
  19    0.1886456  2.46212e+26 
  20    0.1927764  2.52725e+26 
  21    0.1969976  2.61546e+26 
  22    0.2013113  2.72166e+26 
  23    0.2057194  2.94560e+26 
  24    0.2102241  3.33387e+26 
  25    0.2148274  3.52055e+26 
  26    0.2195315  4.02366e+26 
  27    0.2243386  4.33028e+26 
  28    0.2292510  4.76395e+26 
  29    0.2342710  5.21086e+26 
  30    0.2394008  5.95468e+26 
  31    0.2446430  6.69981e+26 
  32    0.2500000  7.40012e+26 
  33    0.2554743  8.23178e+26 
  34    0.2610684  8.83160e+26 
  35    0.2667851  9.52600e+26 
  36    0.2726269  1.07158e+27 
  37    0.2785967  1.31644e+27 
  38    0.2846972  1.87999e+27 
  39    0.2909312  1.96990e+27 
  40    0.2973018  2.15661e+27 
  41    0.3038118  2.22143e+27 
  42    0.3104645  2.33319e+27 
  43    0.3172627  2.45566e+27 
  44    0.3242099  2.54408e+27 
  45    0.3313092  2.66904e+27 
  46    0.3385639  2.75972e+27 
  47    0.3459775  2.96547e+27 
  48    0.3535534  3.16784e+27 
  49    0.3612952  3.22920e+27 
  50    0.3692065  3.23057e+27 
  51    0.3772911  3.56531e+27 
  52    0.3855527  3.95109e+27 
  53    0.3939952  4.46767e+27 
  54    0.4026226  5.25399e+27 
  55    0.4114389  6.56371e+27 
  56    0.4204482  7.43884e+27 
  57    0.4296548  7.92414e+27 
  58    0.4390630  8.50150e+27 
  59    0.4486773  9.22537e+27 
  60    0.4585020  9.84351e+27 
  61    0.4685419  1.07039e+28 
  62    0.4788016  1.15459e+28 
  63    0.4892860  1.25777e+28 
  64    0.5000000  1.37110e+28 
  65    0.5109486  1.47352e+28 
  66    0.5221369  1.59197e+28 
  67    0.5335702  1.67505e+28 
  68    0.5452539  1.83370e+28 
  69    0.5571934  2.01045e+28 
  70    0.5693943  2.19847e+28 
  71    0.5818624  2.39931e+28 
  72    0.5946036  2.60681e+28 
  73    0.6076237  2.82840e+28 
  74    0.6209289  3.06557e+28 
  75    0.6345255  3.29970e+28 
  76    0.6484198  3.56790e+28 
  77    0.6626183  3.81659e+28 
  78    0.6771278  4.07927e+28 
  79    0.6919549  4.35734e+28 
  80    0.7071068  4.63102e+28 
  81    0.7225904  4.90772e+28 
  82    0.7384131  5.19774e+28 
  83    0.7545822  5.47007e+28 
  84    0.7711054  5.76339e+28 
  85    0.7879904  6.04420e+28 
  86    0.8052452  6.32589e+28 
  87    0.8228777  6.60877e+28 
  88    0.8408964  6.87109e+28 
  89    0.8593096  7.14861e+28 
  90    0.8781261  7.40918e+28 
  91    0.8973545  7.66563e+28 
  92    0.9170040  7.90445e+28 
  93    0.9370838  8.15563e+28 
  94    0.9576033  8.36334e+28 
  95    0.9785721  8.58015e+28 
  96    1.0000000  8.77716e+28 
  97    1.0218971  8.96094e+28 
  98    1.0442738  9.13180e+28 
  99    1.0671404  9.29315e+28 
 100    1.0905077  9.41362e+28 
 101    1.1143867  9.51632e+28 
 102    1.1387886  9.60870e+28 
 103    1.1637249  9.68657e+28 
 104    1.1892071  9.72269e+28 
 105    1.2152474  9.74730e+28 
 106    1.2418578  9.75549e+28 
 107    1.2690510  9.74119e+28 
 108    1.2968396  9.70574e+28 
 109    1.3252366  9.64759e+28 
 110    1.3542555  9.57235e+28 
 111    1.3839099  9.47589e+28 
 112    1.4142136  9.37205e+28 
 113    1.4451808  9.25804e+28 
 114    1.4768261  9.12472e+28 
 115    1.5091644  8.96876e+28 
 116    1.5422108  8.80480e+28 
 117    1.5759808  8.61244e+28 
 118    1.6104903  8.40390e+28 
 119    1.6457555  8.15615e+28 
 120    1.6817928  7.89425e+28 
 121    1.7186193  7.61698e+28 
 122    1.7562522  7.32217e+28 
 123    1.7947091  7.03282e+28 
 124    1.8340081  6.71178e+28 
 125    1.8741676  6.39154e+28 
 126    1.9152066  6.07301e+28 
 127    1.9571441  5.76515e+28 
 128    2.0000000  5.44360e+28 
 129    2.0437943  5.13409e+28 
 130    2.0885476  4.84123e+28 
 131    2.1342808  4.55643e+28 
 132    2.1810155  4.28504e+28 
 133    2.2287735  4.02858e+28 
 134    2.2775773  3.77967e+28 
 135    2.3274497  3.54135e+28 
 136    2.3784142  3.32032e+28 
 137    2.4304947  3.10023e+28 
 138    2.4837156  2.89579e+28 
 139    2.5381019  2.69643e+28 
 140    2.5936791  2.50964e+28 
 141    2.6504733  2.33736e+28 
 142    2.7085111  2.17357e+28 
 143    2.7678198  2.01545e+28 
 144    2.8284271  1.87268e+28 
 145    2.8903616  1.73614e+28 
 146    2.9536523  1.60749e+28 
 147    3.0183289  1.48611e+28 
 148    3.0844217  1.37769e+28 
 149    3.1519617  1.27413e+28 
 150    3.2209807  1.17687e+28 
 151    3.2915110  1.08796e+28 
 152    3.3635857  1.00295e+28 
 153    3.4372386  9.25969e+27 
 154    3.5125043  8.53345e+27 
 155    3.5894182  7.85964e+27 
 156    3.6680162  7.22262e+27 
 157    3.7483353  6.64239e+27 
 158    3.8304131  6.10044e+27 
 159    3.9142882  5.60273e+27 
 160    4.0000000  5.14610e+27 
 161    4.0875886  4.72598e+27 
 162    4.1770951  4.33403e+27 
 163    4.2685616  3.98439e+27 
 164    4.3620309  3.66822e+27 
 165    4.4575470  3.35819e+27 
 166    4.5551545  3.05536e+27 
 167    4.6548994  2.77030e+27 
 168    4.7568285  2.50676e+27 
 169    4.8609894  2.26711e+27 
 170    4.9674312  2.04625e+27 
 171    5.0762038  1.83275e+27 
 172    5.1873582  1.62509e+27 
 173    5.3009466  1.44958e+27 
 174    5.4170222  1.29412e+27 
 175    5.5356395  1.14485e+27 
 176    5.6568542  1.02263e+27 
 177    5.7807232  9.24855e+26 
 178    5.9073046  8.53181e+26 
 179    6.0366577  8.02845e+26 
 180    6.1688433  7.64553e+26 
 181    6.3039234  7.37011e+26 
 182    6.4419613  7.24251e+26 
 183    6.5830219  7.23883e+26 
 184    6.7271713  7.33606e+26 
 185    6.8744772  7.51823e+26 
 186    7.0250086  7.74863e+26 
 187    7.1788363  7.98309e+26 
 188    7.3360323  8.25687e+26 
 189    7.4966705  8.59451e+26 


# H-band (filter: H_2MASS.dat)
   0    0.1250000  8.24607e+25 
   1    0.1277371  8.26510e+25 
   2    0.1305342  8.28455e+25 
   3    0.1333926  8.30442e+25 
   4    0.1363135  8.37791e+25 
   5    0.1392983  8.41865e+25 
   6    0.1423486  8.41908e+25 
   7    0.1454656  8.46772e+25 
   8    0.1486509  8.57030e+25 
   9    0.1519059  8.68743e+25 
  10    0.1552322  9.17573e+25 
  11    0.1586314  9.38782e+25 
  12    0.1621049  1.03899e+26 
  13    0.1656546  1.16868e+26 
  14    0.1692819  1.15588e+26 
  15    0.1729887  1.22506e+26 
  16    0.1767767  1.24033e+26 
  17    0.1806476  1.34153e+26 
  18    0.1846033  1.47777e+26 
  19    0.1886456  1.81914e+26 
  20    0.1927764  2.24634e+26 
  21    0.1969976  2.69451e+26 
  22    0.2013113  3.20205e+26 
  23    0.2057194  3.94980e+26 
  24    0.2102241  4.80376e+26 
  25    0.2148274  5.24860e+26 
  26    0.2195315  6.25466e+26 
  27    0.2243386  7.23734e+26 
  28    0.2292510  8.29802e+26 
  29    0.2342710  9.54524e+26 
  30    0.2394008  1.13961e+27 
  31    0.2446430  1.36712e+27 
  32    0.2500000  1.67497e+27 
  33    0.2554743  1.94223e+27 
  34    0.2610684  2.26164e+27 
  35    0.2667851  2.74491e+27 
  36    0.2726269  3.22077e+27 
  37    0.2785967  3.77744e+27 
  38    0.2846972  4.25709e+27 
  39    0.2909312  4.98893e+27 
  40    0.2973018  5.79085e+27 
  41    0.3038118  6.78185e+27 
  42    0.3104645  7.71940e+27 
  43    0.3172627  8.73414e+27 
  44    0.3242099  9.85540e+27 
  45    0.3313092  1.11431e+28 
  46    0.3385639  1.24656e+28 
  47    0.3459775  1.38074e+28 
  48    0.3535534  1.54784e+28 
  49    0.3612952  1.71992e+28 
  50    0.3692065  1.92205e+28 
  51    0.3772911  2.11339e+28 
  52    0.3855527  2.32314e+28 
  53    0.3939952  2.54580e+28 
  54    0.4026226  2.76744e+28 
  55    0.4114389  3.01300e+28 
  56    0.4204482  3.26016e+28 
  57    0.4296548  3.51019e+28 
  58    0.4390630  3.78457e+28 
  59    0.4486773  4.07773e+28 
  60    0.4585020  4.34657e+28 
  61    0.4685419  4.61976e+28 
  62    0.4788016  4.91147e+28 
  63    0.4892860  5.21786e+28 
  64    0.5000000  5.48666e+28 
  65    0.5109486  5.78528e+28 
  66    0.5221369  6.04804e+28 
  67    0.5335702  6.30261e+28 
  68    0.5452539  6.53810e+28 
  69    0.5571934  6.77295e+28 
  70    0.5693943  6.98746e+28 
  71    0.5818624  7.17683e+28 
  72    0.5946036  7.35124e+28 
  73    0.6076237  7.49070e+28 
  74    0.6209289  7.61294e+28 
  75    0.6345255  7.68314e+28 
  76    0.6484198  7.76842e+28 
  77    0.6626183  7.82168e+28 
  78    0.6771278  7.88188e+28 
  79    0.6919549  7.89531e+28 
  80    0.7071068  7.90465e+28 
  81    0.7225904  7.87668e+28 
  82    0.7384131  7.85012e+28 
  83    0.7545822  7.79191e+28 
  84    0.7711054  7.72102e+28 
  85    0.7879904  7.64535e+28 
  86    0.8052452  7.56259e+28 
  87    0.8228777  7.47461e+28 
  88    0.8408964  7.34761e+28 
  89    0.8593096  7.21267e+28 
  90    0.8781261  7.06588e+28 
  91    0.8973545  6.91525e+28 
  92    0.9170040  6.76721e+28 
  93    0.9370838  6.61715e+28 
  94    0.9576033  6.44543e+28 
  95    0.9785721  6.27844e+28 
  96    1.0000000  6.09938e+28 
  97    1.0218971  5.91737e+28 
  98    1.0442738  5.73000e+28 
  99    1.0671404  5.53802e+28 
 100    1.0905077  5.36512e+28 
 101    1.1143867  5.18856e+28 
 102    1.1387886  5.00406e+28 
 103    1.1637249  4.82441e+28 
 104    1.1892071  4.64113e+28 
 105    1.2152474  4.45871e+28 
 106    1.2418578  4.28518e+28 
 107    1.2690510  4.11131e+28 
 108    1.2968396  3.94417e+28 
 109    1.3252366  3.78433e+28 
 110    1.3542555  3.62204e+28 
 111    1.3839099  3.45284e+28 
 112    1.4142136  3.29619e+28 
 113    1.4451808  3.14364e+28 
 114    1.4768261  3.01093e+28 
 115    1.5091644  2.86789e+28 
 116    1.5422108  2.73251e+28 
 117    1.5759808  2.59328e+28 
 118    1.6104903  2.46204e+28 
 119    1.6457555  2.33804e+28 
 120    1.6817928  2.20780e+28 
 121    1.7186193  2.07922e+28 
 122    1.7562522  1.95584e+28 
 123    1.7947091  1.84231e+28 
 124    1.8340081  1.72933e+28 
 125    1.8741676  1.61449e+28 
 126    1.9152066  1.50050e+28 
 127    1.9571441  1.39511e+28 
 128    2.0000000  1.28889e+28 
 129    2.0437943  1.19975e+28 
 130    2.0885476  1.10659e+28 
 131    2.1342808  1.02158e+28 
 132    2.1810155  9.46775e+27 
 133    2.2287735  8.77017e+27 
 134    2.2775773  8.09858e+27 
 135    2.3274497  7.48343e+27 
 136    2.3784142  6.93146e+27 
 137    2.4304947  6.39749e+27 
 138    2.4837156  5.93581e+27 
 139    2.5381019  5.51284e+27 
 140    2.5936791  5.09930e+27 
 141    2.6504733  4.73341e+27 
 142    2.7085111  4.38635e+27 
 143    2.7678198  4.06029e+27 
 144    2.8284271  3.74787e+27 
 145    2.8903616  3.47982e+27 
 146    2.9536523  3.23546e+27 
 147    3.0183289  3.00797e+27 
 148    3.0844217  2.79162e+27 
 149    3.1519617  2.59088e+27 
 150    3.2209807  2.40949e+27 
 151    3.2915110  2.23883e+27 
 152    3.3635857  2.09029e+27 
 153    3.4372386  1.94532e+27 
 154    3.5125043  1.82295e+27 
 155    3.5894182  1.70351e+27 
 156    3.6680162  1.60300e+27 
 157    3.7483353  1.50256e+27 
 158    3.8304131  1.40930e+27 
 159    3.9142882  1.31983e+27 
 160    4.0000000  1.24336e+27 
 161    4.0875886  1.17410e+27 
 162    4.1770951  1.11007e+27 
 163    4.2685616  1.05124e+27 
 164    4.3620309  9.93268e+26 
 165    4.4575470  9.41112e+26 
 166    4.5551545  8.87186e+26 
 167    4.6548994  8.34496e+26 
 168    4.7568285  7.82899e+26 
 169    4.8609894  7.37507e+26 
 170    4.9674312  6.95681e+26 
 171    5.0762038  6.56061e+26 
 172    5.1873582  6.16705e+26 
 173    5.3009466  5.83588e+26 
 174    5.4170222  5.54259e+26 
 175    5.5356395  5.27375e+26 
 176    5.6568542  5.06529e+26 
 177    5.7807232  4.87975e+26 
 178    5.9073046  4.75045e+26 
 179    6.0366577  4.66992e+26 
 180    6.1688433  4.65049e+26 
 181    6.3039234  4.62359e+26 
 182    6.4419613  4.61751e+26 
 183    6.5830219  4.61955e+26 
 184    6.7271713  4.61692e+26 
 185    6.8744772  4.62385e+26 
 186    7.0250086  4.63402e+26 
 187    7.1788363  4.64624e+26 
 188    7.3360323  4.65728e+26 
 189    7.4966705  4.67773e+26 


# K-band (filter: Ks_mosfire.dat)
   0    0.1250000  3.76584e+25 
   1    0.1277371  3.83263e+25 
   2    0.1305342  3.90088e+25 
   3    0.1333926  3.97063e+25 
   4    0.1363135  4.01585e+25 
   5    0.1392983  4.02171e+25 
   6    0.1423486  5.11151e+25 
   7    0.1454656  5.73685e+25 
   8    0.1486509  7.93137e+25 
   9    0.1519059  8.55107e+25 
  10    0.1552322  8.74501e+25 
  11    0.1586314  9.02675e+25 
  12    0.1621049  9.64602e+25 
  13    0.1656546  9.83245e+25 
  14    0.1692819  1.33946e+26 
  15    0.1729887  2.40872e+26 
  16    0.1767767  2.75942e+26 
  17    0.1806476  3.07638e+26 
  18    0.1846033  3.76935e+26 
  19    0.1886456  4.62609e+26 
  20    0.1927764  5.24002e+26 
  21    0.1969976  6.56562e+26 
  22    0.2013113  7.90266e+26 
  23    0.2057194  8.77770e+26 
  24    0.2102241  9.55308e+26 
  25    0.2148274  1.14850e+27 
  26    0.2195315  1.35997e+27 
  27    0.2243386  1.47390e+27 
  28    0.2292510  1.64649e+27 
  29    0.2342710  1.88676e+27 
  30    0.2394008  2.08784e+27 
  31    0.2446430  2.39106e+27 
  32    0.2500000  2.74020e+27 
  33    0.2554743  3.15431e+27 
  34    0.2610684  3.63257e+27 
  35    0.2667851  4.33466e+27 
  36    0.2726269  5.03315e+27 
  37    0.2785967  5.71652e+27 
  38    0.2846972  6.69525e+27 
  39    0.2909312  7.76005e+27 
  40    0.2973018  8.81511e+27 
  41    0.3038118  1.02092e+28 
  42    0.3104645  1.15414e+28 
  43    0.3172627  1.29475e+28 
  44    0.3242099  1.43168e+28 
  45    0.3313092  1.57772e+28 
  46    0.3385639  1.72745e+28 
  47    0.3459775  1.90258e+28 
  48    0.3535534  2.07144e+28 
  49    0.3612952  2.24814e+28 
  50    0.3692065  2.40606e+28 
  51    0.3772911  2.57211e+28 
  52    0.3855527  2.75032e+28 
  53    0.3939952  2.93560e+28 
  54    0.4026226  3.13196e+28 
  55    0.4114389  3.33096e+28 
  56    0.4204482  3.52693e+28 
  57    0.4296548  3.71027e+28 
  58    0.4390630  3.90794e+28 
  59    0.4486773  4.09855e+28 
  60    0.4585020  4.28313e+28 
  61    0.4685419  4.44383e+28 
  62    0.4788016  4.62633e+28 
  63    0.4892860  4.78110e+28 
  64    0.5000000  4.89993e+28 
  65    0.5109486  5.03032e+28 
  66    0.5221369  5.14230e+28 
  67    0.5335702  5.24031e+28 
  68    0.5452539  5.32178e+28 
  69    0.5571934  5.39848e+28 
  70    0.5693943  5.45202e+28 
  71    0.5818624  5.50583e+28 
  72    0.5946036  5.52074e+28 
  73    0.6076237  5.54271e+28 
  74    0.6209289  5.52814e+28 
  75    0.6345255  5.52963e+28 
  76    0.6484198  5.53172e+28 
  77    0.6626183  5.49356e+28 
  78    0.6771278  5.43197e+28 
  79    0.6919549  5.39540e+28 
  80    0.7071068  5.32405e+28 
  81    0.7225904  5.24899e+28 
  82    0.7384131  5.17482e+28 
  83    0.7545822  5.07285e+28 
  84    0.7711054  4.98752e+28 
  85    0.7879904  4.88476e+28 
  86    0.8052452  4.78249e+28 
  87    0.8228777  4.65299e+28 
  88    0.8408964  4.53344e+28 
  89    0.8593096  4.41261e+28 
  90    0.8781261  4.27922e+28 
  91    0.8973545  4.15488e+28 
  92    0.9170040  4.04498e+28 
  93    0.9370838  3.92099e+28 
  94    0.9576033  3.78590e+28 
  95    0.9785721  3.66435e+28 
  96    1.0000000  3.54051e+28 
  97    1.0218971  3.40808e+28 
  98    1.0442738  3.27783e+28 
  99    1.0671404  3.16255e+28 
 100    1.0905077  3.04259e+28 
 101    1.1143867  2.91885e+28 
 102    1.1387886  2.80436e+28 
 103    1.1637249  2.67688e+28 
 104    1.1892071  2.55519e+28 
 105    1.2152474  2.43757e+28 
 106    1.2418578  2.33054e+28 
 107    1.2690510  2.22844e+28 
 108    1.2968396  2.12430e+28 
 109    1.3252366  2.02763e+28 
 110    1.3542555  1.93137e+28 
 111    1.3839099  1.83085e+28 
 112    1.4142136  1.73534e+28 
 113    1.4451808  1.64721e+28 
 114    1.4768261  1.56425e+28 
 115    1.5091644  1.48090e+28 
 116    1.5422108  1.41001e+28 
 117    1.5759808  1.33676e+28 
 118    1.6104903  1.26028e+28 
 119    1.6457555  1.18488e+28 
 120    1.6817928  1.11271e+28 
 121    1.7186193  1.05012e+28 
 122    1.7562522  9.82358e+27 
 123    1.7947091  9.23476e+27 
 124    1.8340081  8.64877e+27 
 125    1.8741676  8.07873e+27 
 126    1.9152066  7.49752e+27 
 127    1.9571441  6.95986e+27 
 128    2.0000000  6.42176e+27 
 129    2.0437943  5.95630e+27 
 130    2.0885476  5.49392e+27 
 131    2.1342808  5.05606e+27 
 132    2.1810155  4.67059e+27 
 133    2.2287735  4.29763e+27 
 134    2.2775773  3.96618e+27 
 135    2.3274497  3.63685e+27 
 136    2.3784142  3.33157e+27 
 137    2.4304947  3.06024e+27 
 138    2.4837156  2.83575e+27 
 139    2.5381019  2.60683e+27 
 140    2.5936791  2.40224e+27 
 141    2.6504733  2.21217e+27 
 142    2.7085111  2.03617e+27 
 143    2.7678198  1.87678e+27 
 144    2.8284271  1.71411e+27 
 145    2.8903616  1.57337e+27 
 146    2.9536523  1.45338e+27 
 147    3.0183289  1.32926e+27 
 148    3.0844217  1.23712e+27 
 149    3.1519617  1.13285e+27 
 150    3.2209807  1.03801e+27 
 151    3.2915110  9.56274e+26 
 152    3.3635857  8.69823e+26 
 153    3.4372386  7.93166e+26 
 154    3.5125043  7.33731e+26 
 155    3.5894182  6.77426e+26 
 156    3.6680162  6.23231e+26 
 157    3.7483353  5.73868e+26 
 158    3.8304131  5.23129e+26 
 159    3.9142882  4.78208e+26 
 160    4.0000000  4.31708e+26 
 161    4.0875886  3.95086e+26 
 162    4.1770951  3.62848e+26 
 163    4.2685616  3.29794e+26 
 164    4.3620309  3.04520e+26 
 165    4.4575470  2.75479e+26 
 166    4.5551545  2.48661e+26 
 167    4.6548994  2.24002e+26 
 168    4.7568285  2.01205e+26 
 169    4.8609894  1.80969e+26 
 170    4.9674312  1.66078e+26 
 171    5.0762038  1.51667e+26 
 172    5.1873582  1.37729e+26 
 173    5.3009466  1.24844e+26 
 174    5.4170222  1.12969e+26 
 175    5.5356395  1.03661e+26 
 176    5.6568542  9.52802e+25 
 177    5.7807232  9.00382e+25 
 178    5.9073046  8.54398e+25 
 179    6.0366577  8.10796e+25 
 180    6.1688433  7.92211e+25 
 181    6.3039234  7.81699e+25 
 182    6.4419613  7.76304e+25 
 183    6.5830219  7.90483e+25 
 184    6.7271713  8.23210e+25 
 185    6.8744772  8.62530e+25 
 186    7.0250086  8.91559e+25 
 187    7.1788363  9.33103e+25 
 188    7.3360323  9.80252e+25 
 189    7.4966705  1.04240e+26 


# S-band (filter: Spitzer_IRAC2.dat)
   0    0.1250000  3.67682e+26 
   1    0.1277371  5.16688e+26 
   2    0.1305342  6.68956e+26 
   3    0.1333926  8.24558e+26 
   4    0.1363135  9.93325e+26 
   5    0.1392983  1.16513e+27 
   6    0.1423486  1.33755e+27 
   7    0.1454656  1.55713e+27 
   8    0.1486509  1.75942e+27 
   9    0.1519059  2.03067e+27 
  10    0.1552322  2.36838e+27 
  11    0.1586314  2.71217e+27 
  12    0.1621049  3.07940e+27 
  13    0.1656546  3.57866e+27 
  14    0.1692819  3.96648e+27 
  15    0.1729887  4.51132e+27 
  16    0.1767767  5.14309e+27 
  17    0.1806476  5.70798e+27 
  18    0.1846033  6.47885e+27 
  19    0.1886456  7.07404e+27 
  20    0.1927764  8.01899e+27 
  21    0.1969976  8.79720e+27 
  22    0.2013113  9.49119e+27 
  23    0.2057194  1.04132e+28 
  24    0.2102241  1.12828e+28 
  25    0.2148274  1.19242e+28 
  26    0.2195315  1.29271e+28 
  27    0.2243386  1.39962e+28 
  28    0.2292510  1.45800e+28 
  29    0.2342710  1.53497e+28 
  30    0.2394008  1.59636e+28 
  31    0.2446430  1.67518e+28 
  32    0.2500000  1.72409e+28 
  33    0.2554743  1.78398e+28 
  34    0.2610684  1.85346e+28 
  35    0.2667851  1.91470e+28 
  36    0.2726269  1.96489e+28 
  37    0.2785967  1.99783e+28 
  38    0.2846972  2.01508e+28 
  39    0.2909312  2.03714e+28 
  40    0.2973018  2.05659e+28 
  41    0.3038118  2.06053e+28 
  42    0.3104645  2.04263e+28 
  43    0.3172627  2.06309e+28 
  44    0.3242099  2.08398e+28 
  45    0.3313092  2.07952e+28 
  46    0.3385639  2.08401e+28 
  47    0.3459775  2.06130e+28 
  48    0.3535534  2.03936e+28 
  49    0.3612952  2.02744e+28 
  50    0.3692065  2.01068e+28 
  51    0.3772911  1.98355e+28 
  52    0.3855527  1.95957e+28 
  53    0.3939952  1.93390e+28 
  54    0.4026226  1.90378e+28 
  55    0.4114389  1.84747e+28 
  56    0.4204482  1.80533e+28 
  57    0.4296548  1.75665e+28 
  58    0.4390630  1.70280e+28 
  59    0.4486773  1.64092e+28 
  60    0.4585020  1.58525e+28 
  61    0.4685419  1.52947e+28 
  62    0.4788016  1.47591e+28 
  63    0.4892860  1.41631e+28 
  64    0.5000000  1.37050e+28 
  65    0.5109486  1.31215e+28 
  66    0.5221369  1.25897e+28 
  67    0.5335702  1.21598e+28 
  68    0.5452539  1.16701e+28 
  69    0.5571934  1.11739e+28 
  70    0.5693943  1.07551e+28 
  71    0.5818624  1.04172e+28 
  72    0.5946036  9.90606e+27 
  73    0.6076237  9.54127e+27 
  74    0.6209289  9.06763e+27 
  75    0.6345255  8.68696e+27 
  76    0.6484198  8.28962e+27 
  77    0.6626183  7.91831e+27 
  78    0.6771278  7.62337e+27 
  79    0.6919549  7.18071e+27 
  80    0.7071068  6.81941e+27 
  81    0.7225904  6.50539e+27 
  82    0.7384131  6.14774e+27 
  83    0.7545822  5.79087e+27 
  84    0.7711054  5.54585e+27 
  85    0.7879904  5.27962e+27 
  86    0.8052452  5.04980e+27 
  87    0.8228777  4.82737e+27 
  88    0.8408964  4.55649e+27 
  89    0.8593096  4.30240e+27 
  90    0.8781261  4.06000e+27 
  91    0.8973545  3.85418e+27 
  92    0.9170040  3.64327e+27 
  93    0.9370838  3.43400e+27 
  94    0.9576033  3.23423e+27 
  95    0.9785721  3.07127e+27 
  96    1.0000000  2.87279e+27 
  97    1.0218971  2.66829e+27 
  98    1.0442738  2.49808e+27 
  99    1.0671404  2.32356e+27 
 100    1.0905077  2.20578e+27 
 101    1.1143867  2.05937e+27 
 102    1.1387886  1.94602e+27 
 103    1.1637249  1.81398e+27 
 104    1.1892071  1.72355e+27 
 105    1.2152474  1.61143e+27 
 106    1.2418578  1.51695e+27 
 107    1.2690510  1.44856e+27 
 108    1.2968396  1.37094e+27 
 109    1.3252366  1.29830e+27 
 110    1.3542555  1.22647e+27 
 111    1.3839099  1.14835e+27 
 112    1.4142136  1.07559e+27 
 113    1.4451808  1.02058e+27 
 114    1.4768261  9.60441e+26 
 115    1.5091644  8.97671e+26 
 116    1.5422108  8.38760e+26 
 117    1.5759808  7.85872e+26 
 118    1.6104903  7.33077e+26 
 119    1.6457555  6.76134e+26 
 120    1.6817928  6.33694e+26 
 121    1.7186193  5.88868e+26 
 122    1.7562522  5.41851e+26 
 123    1.7947091  4.96687e+26 
 124    1.8340081  4.64310e+26 
 125    1.8741676  4.24936e+26 
 126    1.9152066  4.01377e+26 
 127    1.9571441  3.71426e+26 
 128    2.0000000  3.37448e+26 
 129    2.0437943  3.14413e+26 
 130    2.0885476  2.81591e+26 
 131    2.1342808  2.62473e+26 
 132    2.1810155  2.36908e+26 
 133    2.2287735  2.19858e+26 
 134    2.2775773  2.00780e+26 
 135    2.3274497  1.90906e+26 
 136    2.3784142  1.77833e+26 
 137    2.4304947  1.59369e+26 
 138    2.4837156  1.46507e+26 
 139    2.5381019  1.37921e+26 
 140    2.5936791  1.28763e+26 
 141    2.6504733  1.13968e+26 
 142    2.7085111  1.03788e+26 
 143    2.7678198  9.40528e+25 
 144    2.8284271  8.66328e+25 
 145    2.8903616  7.77954e+25 
 146    2.9536523  7.03863e+25 
 147    3.0183289  6.34053e+25 
 148    3.0844217  5.54528e+25 
 149    3.1519617  5.19604e+25 
 150    3.2209807  4.40318e+25 
 151    3.2915110  3.77259e+25 
 152    3.3635857  3.61436e+25 
 153    3.4372386  3.33146e+25 
 154    3.5125043  3.11524e+25 
 155    3.5894182  2.84451e+25 
 156    3.6680162  2.68267e+25 
 157    3.7483353  2.54278e+25 
 158    3.8304131  2.27219e+25 
 159    3.9142882  2.07219e+25 
 160    4.0000000  1.96556e+25 
 161    4.0875886  1.84077e+25 
 162    4.1770951  1.73046e+25 
 163    4.2685616  1.57932e+25 
 164    4.3620309  1.37747e+25 
 165    4.4575470  1.24365e+25 
 166    4.5551545  1.11502e+25 
 167    4.6548994  9.76676e+24 
 168    4.7568285  8.90546e+24 
 169    4.8609894  7.33720e+24 
 170    4.9674312  6.77686e+24 
 171    5.0762038  6.05883e+24 
 172    5.1873582  5.29954e+24 
 173    5.3009466  4.38343e+24 
 174    5.4170222  3.49257e+24 
 175    5.5356395  3.07840e+24 
 176    5.6568542  2.55761e+24 
 177    5.7807232  2.50039e+24 
 178    5.9073046  2.18914e+24 
 179    6.0366577  2.03495e+24 
 180    6.1688433  1.82533e+24 
 181    6.3039234  1.82459e+24 
 182    6.4419613  1.75388e+24 
 183    6.5830219  1.69401e+24 
 184    6.7271713  1.62424e+24 
 185    6.8744772  1.85011e+24 
 186    7.0250086  1.87790e+24 
 187    7.1788363  1.83695e+24 
 188    7.3360323  1.77453e+24 
 189    7.4966705  1.82103e+24 


