# 1:iteration 2:time bin[s] 3-k:equiv. isotropic luminosity in k-th angular bin [erg/s]
# bolometric luminosity going in angular bin
   0    0.1250000  3.25337e+41 
   1    0.1277371  3.44218e+41 
   2    0.1305342  3.63512e+41 
   3    0.1333926  3.83229e+41 
   4    0.1363135  3.96864e+41 
   5    0.1392983  4.08639e+41 
   6    0.1423486  4.06649e+41 
   7    0.1454656  3.97099e+41 
   8    0.1486509  3.89784e+41 
   9    0.1519059  3.80667e+41 
  10    0.1552322  3.72030e+41 
  11    0.1586314  3.57678e+41 
  12    0.1621049  3.49125e+41 
  13    0.1656546  3.39932e+41 
  14    0.1692819  3.29873e+41 
  15    0.1729887  3.19866e+41 
  16    0.1767767  3.11916e+41 
  17    0.1806476  3.07377e+41 
  18    0.1846033  3.10307e+41 
  19    0.1886456  3.15613e+41 
  20    0.1927764  3.20864e+41 
  21    0.1969976  3.26407e+41 
  22    0.2013113  3.32040e+41 
  23    0.2057194  3.37369e+41 
  24    0.2102241  3.42676e+41 
  25    0.2148274  3.47876e+41 
  26    0.2195315  3.53371e+41 
  27    0.2243386  3.58668e+41 
  28    0.2292510  3.63505e+41 
  29    0.2342710  3.68514e+41 
  30    0.2394008  3.74306e+41 
  31    0.2446430  3.79635e+41 
  32    0.2500000  3.84710e+41 
  33    0.2554743  3.89604e+41 
  34    0.2610684  3.94913e+41 
  35    0.2667851  4.00078e+41 
  36    0.2726269  4.05756e+41 
  37    0.2785967  4.12441e+41 
  38    0.2846972  4.18448e+41 
  39    0.2909312  4.25551e+41 
  40    0.2973018  4.33159e+41 
  41    0.3038118  4.41942e+41 
  42    0.3104645  4.50865e+41 
  43    0.3172627  4.60847e+41 
  44    0.3242099  4.72054e+41 
  45    0.3313092  4.84773e+41 
  46    0.3385639  4.99771e+41 
  47    0.3459775  5.16407e+41 
  48    0.3535534  5.34358e+41 
  49    0.3612952  5.52532e+41 
  50    0.3692065  5.73679e+41 
  51    0.3772911  6.00981e+41 
  52    0.3855527  6.37328e+41 
  53    0.3939952  6.72378e+41 
  54    0.4026226  7.06507e+41 
  55    0.4114389  7.41735e+41 
  56    0.4204482  7.74600e+41 
  57    0.4296548  8.09881e+41 
  58    0.4390630  8.53155e+41 
  59    0.4486773  8.96906e+41 
  60    0.4585020  9.37892e+41 
  61    0.4685419  9.82320e+41 
  62    0.4788016  1.02633e+42 
  63    0.4892860  1.07748e+42 
  64    0.5000000  1.12988e+42 
  65    0.5109486  1.18505e+42 
  66    0.5221369  1.23741e+42 
  67    0.5335702  1.29119e+42 
  68    0.5452539  1.35056e+42 
  69    0.5571934  1.41493e+42 
  70    0.5693943  1.45846e+42 
  71    0.5818624  1.50133e+42 
  72    0.5946036  1.53991e+42 
  73    0.6076237  1.58819e+42 
  74    0.6209289  1.64077e+42 
  75    0.6345255  1.71392e+42 
  76    0.6484198  1.77404e+42 
  77    0.6626183  1.84674e+42 
  78    0.6771278  1.95052e+42 
  79    0.6919549  2.05497e+42 
  80    0.7071068  2.15326e+42 
  81    0.7225904  2.26833e+42 
  82    0.7384131  2.38577e+42 
  83    0.7545822  2.51750e+42 
  84    0.7711054  2.65803e+42 
  85    0.7879904  2.80423e+42 
  86    0.8052452  2.93649e+42 
  87    0.8228777  3.07656e+42 
  88    0.8408964  3.22764e+42 
  89    0.8593096  3.37576e+42 
  90    0.8781261  3.52435e+42 
  91    0.8973545  3.67996e+42 
  92    0.9170040  3.83820e+42 
  93    0.9370838  4.00091e+42 
  94    0.9576033  4.16653e+42 
  95    0.9785721  4.34146e+42 
  96    1.0000000  4.52138e+42 
  97    1.0218971  4.71609e+42 
  98    1.0442738  4.93244e+42 
  99    1.0671404  5.15115e+42 
 100    1.0905077  5.38553e+42 
 101    1.1143867  5.62533e+42 
 102    1.1387886  5.86198e+42 
 103    1.1637249  6.10746e+42 
 104    1.1892071  6.33965e+42 
 105    1.2152474  6.56618e+42 
 106    1.2418578  6.80372e+42 
 107    1.2690510  7.02182e+42 
 108    1.2968396  7.22612e+42 
 109    1.3252366  7.41572e+42 
 110    1.3542555  7.62002e+42 
 111    1.3839099  7.86570e+42 
 112    1.4142136  8.10195e+42 
 113    1.4451808  8.38234e+42 
 114    1.4768261  8.58074e+42 
 115    1.5091644  8.75011e+42 
 116    1.5422108  8.81915e+42 
 117    1.5759808  8.84271e+42 
 118    1.6104903  8.85279e+42 
 119    1.6457555  8.72337e+42 
 120    1.6817928  8.58489e+42 
 121    1.7186193  8.38005e+42 
 122    1.7562522  8.01920e+42 
 123    1.7947091  7.55368e+42 
 124    1.8340081  7.00494e+42 
 125    1.8741676  6.39561e+42 
 126    1.9152066  5.83434e+42 
 127    1.9571441  5.34308e+42 
 128    2.0000000  4.80758e+42 
 129    2.0437943  4.38051e+42 
 130    2.0885476  3.99547e+42 
 131    2.1342808  3.62191e+42 
 132    2.1810155  3.30391e+42 
 133    2.2287735  3.02317e+42 
 134    2.2775773  2.85225e+42 
 135    2.3274497  2.70575e+42 
 136    2.3784142  2.60599e+42 
 137    2.4304947  2.53506e+42 
 138    2.4837156  2.46342e+42 
 139    2.5381019  2.38946e+42 
 140    2.5936791  2.31152e+42 
 141    2.6504733  2.23101e+42 
 142    2.7085111  2.14740e+42 
 143    2.7678198  2.06048e+42 
 144    2.8284271  1.97153e+42 
 145    2.8903616  1.88025e+42 
 146    2.9536523  1.78798e+42 
 147    3.0183289  1.69425e+42 
 148    3.0844217  1.60074e+42 
 149    3.1519617  1.50639e+42 
 150    3.2209807  1.41025e+42 
 151    3.2915110  1.31420e+42 
 152    3.3635857  1.21807e+42 
 153    3.4372386  1.12168e+42 
 154    3.5125043  1.02845e+42 
 155    3.5894182  9.38204e+41 
 156    3.6680162  8.48478e+41 
 157    3.7483353  7.65103e+41 
 158    3.8304131  6.84904e+41 
 159    3.9142882  6.06092e+41 
 160    4.0000000  5.33601e+41 
 161    4.0875886  4.65288e+41 
 162    4.1770951  4.00856e+41 
 163    4.2685616  3.43864e+41 
 164    4.3620309  2.92641e+41 
 165    4.4575470  2.44998e+41 
 166    4.5551545  2.05321e+41 
 167    4.6548994  1.70417e+41 
 168    4.7568285  1.38642e+41 
 169    4.8609894  1.13442e+41 
 170    4.9674312  9.20749e+40 
 171    5.0762038  7.43611e+40 
 172    5.1873582  6.06819e+40 
 173    5.3009466  4.98131e+40 
 174    5.4170222  4.14015e+40 
 175    5.5356395  3.53371e+40 
 176    5.6568542  3.04968e+40 
 177    5.7807232  2.67815e+40 
 178    5.9073046  2.39875e+40 
 179    6.0366577  2.15931e+40 
 180    6.1688433  1.95869e+40 
 181    6.3039234  1.78505e+40 
 182    6.4419613  1.62658e+40 
 183    6.5830219  1.48047e+40 
 184    6.7271713  1.34246e+40 
 185    6.8744772  1.21349e+40 
 186    7.0250086  1.08596e+40 
 187    7.1788363  9.59524e+39 
 188    7.3360323  8.35166e+39 
 189    7.4966705  7.17061e+39 


# g-band (filter: g_LSST.dat)
   0    0.1250000  1.61365e+26 
   1    0.1277371  1.62027e+26 
   2    0.1305342  1.62703e+26 
   3    0.1333926  1.63395e+26 
   4    0.1363135  1.63837e+26 
   5    0.1392983  1.64183e+26 
   6    0.1423486  1.64407e+26 
   7    0.1454656  1.64214e+26 
   8    0.1486509  1.63816e+26 
   9    0.1519059  1.63014e+26 
  10    0.1552322  1.62053e+26 
  11    0.1586314  1.60888e+26 
  12    0.1621049  1.59354e+26 
  13    0.1656546  1.57361e+26 
  14    0.1692819  1.55484e+26 
  15    0.1729887  1.53307e+26 
  16    0.1767767  1.50864e+26 
  17    0.1806476  1.48074e+26 
  18    0.1846033  1.45074e+26 
  19    0.1886456  1.42083e+26 
  20    0.1927764  1.38761e+26 
  21    0.1969976  1.35353e+26 
  22    0.2013113  1.31621e+26 
  23    0.2057194  1.27817e+26 
  24    0.2102241  1.23919e+26 
  25    0.2148274  1.20279e+26 
  26    0.2195315  1.16404e+26 
  27    0.2243386  1.12357e+26 
  28    0.2292510  1.08609e+26 
  29    0.2342710  1.05040e+26 
  30    0.2394008  1.01395e+26 
  31    0.2446430  9.75399e+25 
  32    0.2500000  9.39900e+25 
  33    0.2554743  9.05645e+25 
  34    0.2610684  8.77585e+25 
  35    0.2667851  8.51432e+25 
  36    0.2726269  8.28829e+25 
  37    0.2785967  8.11325e+25 
  38    0.2846972  8.00908e+25 
  39    0.2909312  7.94897e+25 
  40    0.2973018  7.87277e+25 
  41    0.3038118  7.86456e+25 
  42    0.3104645  7.96611e+25 
  43    0.3172627  8.09374e+25 
  44    0.3242099  8.38631e+25 
  45    0.3313092  8.67890e+25 
  46    0.3385639  8.99469e+25 
  47    0.3459775  9.34302e+25 
  48    0.3535534  9.73381e+25 
  49    0.3612952  1.01450e+26 
  50    0.3692065  1.06011e+26 
  51    0.3772911  1.10780e+26 
  52    0.3855527  1.16222e+26 
  53    0.3939952  1.22295e+26 
  54    0.4026226  1.32011e+26 
  55    0.4114389  1.42355e+26 
  56    0.4204482  1.53739e+26 
  57    0.4296548  1.66725e+26 
  58    0.4390630  1.85012e+26 
  59    0.4486773  2.04339e+26 
  60    0.4585020  2.27647e+26 
  61    0.4685419  2.54688e+26 
  62    0.4788016  2.86993e+26 
  63    0.4892860  3.33282e+26 
  64    0.5000000  3.85141e+26 
  65    0.5109486  4.39636e+26 
  66    0.5221369  5.05336e+26 
  67    0.5335702  5.71627e+26 
  68    0.5452539  6.44537e+26 
  69    0.5571934  7.24595e+26 
  70    0.5693943  8.11377e+26 
  71    0.5818624  9.05611e+26 
  72    0.5946036  1.00966e+27 
  73    0.6076237  1.12174e+27 
  74    0.6209289  1.23293e+27 
  75    0.6345255  1.34488e+27 
  76    0.6484198  1.46130e+27 
  77    0.6626183  1.58306e+27 
  78    0.6771278  1.70967e+27 
  79    0.6919549  1.84282e+27 
  80    0.7071068  1.97807e+27 
  81    0.7225904  2.11785e+27 
  82    0.7384131  2.26054e+27 
  83    0.7545822  2.40360e+27 
  84    0.7711054  2.54687e+27 
  85    0.7879904  2.68782e+27 
  86    0.8052452  2.83391e+27 
  87    0.8228777  2.98251e+27 
  88    0.8408964  3.12773e+27 
  89    0.8593096  3.27738e+27 
  90    0.8781261  3.42950e+27 
  91    0.8973545  3.59071e+27 
  92    0.9170040  3.76284e+27 
  93    0.9370838  3.93135e+27 
  94    0.9576033  4.10506e+27 
  95    0.9785721  4.28108e+27 
  96    1.0000000  4.46193e+27 
  97    1.0218971  4.62980e+27 
  98    1.0442738  4.79554e+27 
  99    1.0671404  4.96856e+27 
 100    1.0905077  5.12589e+27 
 101    1.1143867  5.27359e+27 
 102    1.1387886  5.40142e+27 
 103    1.1637249  5.51629e+27 
 104    1.1892071  5.60004e+27 
 105    1.2152474  5.66799e+27 
 106    1.2418578  5.72385e+27 
 107    1.2690510  5.75919e+27 
 108    1.2968396  5.79134e+27 
 109    1.3252366  5.81341e+27 
 110    1.3542555  5.87263e+27 
 111    1.3839099  6.11851e+27 
 112    1.4142136  6.51221e+27 
 113    1.4451808  7.17849e+27 
 114    1.4768261  7.28363e+27 
 115    1.5091644  7.43333e+27 
 116    1.5422108  7.28081e+27 
 117    1.5759808  7.11171e+27 
 118    1.6104903  7.00350e+27 
 119    1.6457555  6.77544e+27 
 120    1.6817928  6.71079e+27 
 121    1.7186193  6.48168e+27 
 122    1.7562522  6.13481e+27 
 123    1.7947091  5.62859e+27 
 124    1.8340081  4.78270e+27 
 125    1.8741676  4.06175e+27 
 126    1.9152066  3.51693e+27 
 127    1.9571441  3.12836e+27 
 128    2.0000000  2.73177e+27 
 129    2.0437943  2.44506e+27 
 130    2.0885476  2.20321e+27 
 131    2.1342808  1.92022e+27 
 132    2.1810155  1.64679e+27 
 133    2.2287735  1.40822e+27 
 134    2.2775773  1.33065e+27 
 135    2.3274497  1.27555e+27 
 136    2.3784142  1.25813e+27 
 137    2.4304947  1.26856e+27 
 138    2.4837156  1.28843e+27 
 139    2.5381019  1.31399e+27 
 140    2.5936791  1.34270e+27 
 141    2.6504733  1.37968e+27 
 142    2.7085111  1.42275e+27 
 143    2.7678198  1.47023e+27 
 144    2.8284271  1.52586e+27 
 145    2.8903616  1.58487e+27 
 146    2.9536523  1.64581e+27 
 147    3.0183289  1.71097e+27 
 148    3.0844217  1.76944e+27 
 149    3.1519617  1.82076e+27 
 150    3.2209807  1.87130e+27 
 151    3.2915110  1.90029e+27 
 152    3.3635857  1.91496e+27 
 153    3.4372386  1.92152e+27 
 154    3.5125043  1.89983e+27 
 155    3.5894182  1.86060e+27 
 156    3.6680162  1.80508e+27 
 157    3.7483353  1.72515e+27 
 158    3.8304131  1.62735e+27 
 159    3.9142882  1.51234e+27 
 160    4.0000000  1.38442e+27 
 161    4.0875886  1.25006e+27 
 162    4.1770951  1.10563e+27 
 163    4.2685616  9.69377e+26 
 164    4.3620309  8.38663e+26 
 165    4.4575470  7.05226e+26 
 166    4.5551545  5.92933e+26 
 167    4.6548994  4.90522e+26 
 168    4.7568285  3.94221e+26 
 169    4.8609894  3.17698e+26 
 170    4.9674312  2.52608e+26 
 171    5.0762038  1.99030e+26 
 172    5.1873582  1.58712e+26 
 173    5.3009466  1.26261e+26 
 174    5.4170222  1.00802e+26 
 175    5.5356395  8.20984e+25 
 176    5.6568542  6.63506e+25 
 177    5.7807232  5.38823e+25 
 178    5.9073046  4.38759e+25 
 179    6.0366577  3.56293e+25 
 180    6.1688433  2.88174e+25 
 181    6.3039234  2.25384e+25 
 182    6.4419613  1.76392e+25 
 183    6.5830219  1.33187e+25 
 184    6.7271713  9.61189e+24 
 185    6.8744772  6.74943e+24 
 186    7.0250086  4.26604e+24 
 187    7.1788363  2.58488e+24 
 188    7.3360323  1.37624e+24 
 189    7.4966705  6.63280e+23 


# r-band (filter: r_LSST.dat)
   0    0.1250000  1.93899e+26 
   1    0.1277371  1.98164e+26 
   2    0.1305342  2.02521e+26 
   3    0.1333926  2.06975e+26 
   4    0.1363135  2.10911e+26 
   5    0.1392983  2.14762e+26 
   6    0.1423486  2.15870e+26 
   7    0.1454656  2.16713e+26 
   8    0.1486509  2.17714e+26 
   9    0.1519059  2.17906e+26 
  10    0.1552322  2.17694e+26 
  11    0.1586314  2.16886e+26 
  12    0.1621049  2.16331e+26 
  13    0.1656546  2.15356e+26 
  14    0.1692819  2.14282e+26 
  15    0.1729887  2.12627e+26 
  16    0.1767767  2.10693e+26 
  17    0.1806476  2.09140e+26 
  18    0.1846033  2.08757e+26 
  19    0.1886456  2.08025e+26 
  20    0.1927764  2.07327e+26 
  21    0.1969976  2.06735e+26 
  22    0.2013113  2.05994e+26 
  23    0.2057194  2.04613e+26 
  24    0.2102241  2.03379e+26 
  25    0.2148274  2.04182e+26 
  26    0.2195315  2.04599e+26 
  27    0.2243386  2.05402e+26 
  28    0.2292510  2.07038e+26 
  29    0.2342710  2.07734e+26 
  30    0.2394008  2.08926e+26 
  31    0.2446430  2.09431e+26 
  32    0.2500000  2.10733e+26 
  33    0.2554743  2.12295e+26 
  34    0.2610684  2.14329e+26 
  35    0.2667851  2.17238e+26 
  36    0.2726269  2.23830e+26 
  37    0.2785967  2.33479e+26 
  38    0.2846972  2.42150e+26 
  39    0.2909312  2.61157e+26 
  40    0.2973018  2.86093e+26 
  41    0.3038118  3.21001e+26 
  42    0.3104645  3.59123e+26 
  43    0.3172627  4.02180e+26 
  44    0.3242099  4.49141e+26 
  45    0.3313092  5.10647e+26 
  46    0.3385639  5.89101e+26 
  47    0.3459775  6.83302e+26 
  48    0.3535534  7.87830e+26 
  49    0.3612952  8.95725e+26 
  50    0.3692065  1.02277e+27 
  51    0.3772911  1.21451e+27 
  52    0.3855527  1.48377e+27 
  53    0.3939952  1.70900e+27 
  54    0.4026226  1.93179e+27 
  55    0.4114389  2.16368e+27 
  56    0.4204482  2.36657e+27 
  57    0.4296548  2.58569e+27 
  58    0.4390630  2.88039e+27 
  59    0.4486773  3.15016e+27 
  60    0.4585020  3.38909e+27 
  61    0.4685419  3.65799e+27 
  62    0.4788016  3.90580e+27 
  63    0.4892860  4.19152e+27 
  64    0.5000000  4.45946e+27 
  65    0.5109486  4.74662e+27 
  66    0.5221369  4.96527e+27 
  67    0.5335702  5.20341e+27 
  68    0.5452539  5.47866e+27 
  69    0.5571934  5.80768e+27 
  70    0.5693943  5.92222e+27 
  71    0.5818624  6.02190e+27 
  72    0.5946036  6.06238e+27 
  73    0.6076237  6.17092e+27 
  74    0.6209289  6.31963e+27 
  75    0.6345255  6.64335e+27 
  76    0.6484198  6.85028e+27 
  77    0.6626183  7.16747e+27 
  78    0.6771278  7.74594e+27 
  79    0.6919549  8.30914e+27 
  80    0.7071068  8.79384e+27 
  81    0.7225904  9.41178e+27 
  82    0.7384131  1.00141e+28 
  83    0.7545822  1.07107e+28 
  84    0.7711054  1.14500e+28 
  85    0.7879904  1.21027e+28 
  86    0.8052452  1.25662e+28 
  87    0.8228777  1.30571e+28 
  88    0.8408964  1.35488e+28 
  89    0.8593096  1.39433e+28 
  90    0.8781261  1.42616e+28 
  91    0.8973545  1.45684e+28 
  92    0.9170040  1.48137e+28 
  93    0.9370838  1.50202e+28 
  94    0.9576033  1.51847e+28 
  95    0.9785721  1.53087e+28 
  96    1.0000000  1.54034e+28 
  97    1.0218971  1.54278e+28 
  98    1.0442738  1.54612e+28 
  99    1.0671404  1.54546e+28 
 100    1.0905077  1.53943e+28 
 101    1.1143867  1.52828e+28 
 102    1.1387886  1.51626e+28 
 103    1.1637249  1.49891e+28 
 104    1.1892071  1.47738e+28 
 105    1.2152474  1.44961e+28 
 106    1.2418578  1.41920e+28 
 107    1.2690510  1.38406e+28 
 108    1.2968396  1.34706e+28 
 109    1.3252366  1.30813e+28 
 110    1.3542555  1.27367e+28 
 111    1.3839099  1.21803e+28 
 112    1.4142136  1.14028e+28 
 113    1.4451808  1.04086e+28 
 114    1.4768261  9.51568e+27 
 115    1.5091644  8.61914e+27 
 116    1.5422108  7.85338e+27 
 117    1.5759808  7.13565e+27 
 118    1.6104903  6.31425e+27 
 119    1.6457555  5.65924e+27 
 120    1.6817928  4.99061e+27 
 121    1.7186193  4.29042e+27 
 122    1.7562522  3.55888e+27 
 123    1.7947091  2.92471e+27 
 124    1.8340081  2.60072e+27 
 125    1.8741676  2.26496e+27 
 126    1.9152066  1.97972e+27 
 127    1.9571441  1.70555e+27 
 128    2.0000000  1.41758e+27 
 129    2.0437943  1.20126e+27 
 130    2.0885476  1.00681e+27 
 131    2.1342808  8.34201e+26 
 132    2.1810155  6.95165e+26 
 133    2.2287735  6.13382e+26 
 134    2.2775773  5.73410e+26 
 135    2.3274497  5.43586e+26 
 136    2.3784142  5.33309e+26 
 137    2.4304947  5.31163e+26 
 138    2.4837156  5.29150e+26 
 139    2.5381019  5.27045e+26 
 140    2.5936791  5.24444e+26 
 141    2.6504733  5.23286e+26 
 142    2.7085111  5.23388e+26 
 143    2.7678198  5.23061e+26 
 144    2.8284271  5.26573e+26 
 145    2.8903616  5.33072e+26 
 146    2.9536523  5.42717e+26 
 147    3.0183289  5.55105e+26 
 148    3.0844217  5.73516e+26 
 149    3.1519617  5.96809e+26 
 150    3.2209807  6.23780e+26 
 151    3.2915110  6.55045e+26 
 152    3.3635857  6.87710e+26 
 153    3.4372386  7.23135e+26 
 154    3.5125043  7.54587e+26 
 155    3.5894182  7.82689e+26 
 156    3.6680162  8.10927e+26 
 157    3.7483353  8.25643e+26 
 158    3.8304131  8.30937e+26 
 159    3.9142882  8.30117e+26 
 160    4.0000000  8.09353e+26 
 161    4.0875886  7.76555e+26 
 162    4.1770951  7.34363e+26 
 163    4.2685616  6.79550e+26 
 164    4.3620309  6.20280e+26 
 165    4.4575470  5.51455e+26 
 166    4.5551545  4.86522e+26 
 167    4.6548994  4.22779e+26 
 168    4.7568285  3.53985e+26 
 169    4.8609894  2.97449e+26 
 170    4.9674312  2.45082e+26 
 171    5.0762038  1.98569e+26 
 172    5.1873582  1.60120e+26 
 173    5.3009466  1.29959e+26 
 174    5.4170222  1.06945e+26 
 175    5.5356395  9.10034e+25 
 176    5.6568542  7.92121e+25 
 177    5.7807232  7.06880e+25 
 178    5.9073046  6.51213e+25 
 179    6.0366577  5.99876e+25 
 180    6.1688433  5.58393e+25 
 181    6.3039234  5.27283e+25 
 182    6.4419613  4.92765e+25 
 183    6.5830219  4.61605e+25 
 184    6.7271713  4.28512e+25 
 185    6.8744772  3.93831e+25 
 186    7.0250086  3.54472e+25 
 187    7.1788363  3.08746e+25 
 188    7.3360323  2.61323e+25 
 189    7.4966705  2.14800e+25 


# i-band (filter: i_LSST.dat)
   0    0.1250000  1.63745e+26 
   1    0.1277371  1.69076e+26 
   2    0.1305342  1.74524e+26 
   3    0.1333926  1.80091e+26 
   4    0.1363135  1.84178e+26 
   5    0.1392983  1.87062e+26 
   6    0.1423486  1.89213e+26 
   7    0.1454656  1.89408e+26 
   8    0.1486509  1.89989e+26 
   9    0.1519059  1.89983e+26 
  10    0.1552322  1.89446e+26 
  11    0.1586314  1.88194e+26 
  12    0.1621049  1.86971e+26 
  13    0.1656546  1.88069e+26 
  14    0.1692819  1.92246e+26 
  15    0.1729887  1.95584e+26 
  16    0.1767767  2.02044e+26 
  17    0.1806476  2.12181e+26 
  18    0.1846033  2.19125e+26 
  19    0.1886456  2.23265e+26 
  20    0.1927764  2.27853e+26 
  21    0.1969976  2.35866e+26 
  22    0.2013113  2.45620e+26 
  23    0.2057194  2.50116e+26 
  24    0.2102241  2.55467e+26 
  25    0.2148274  2.58544e+26 
  26    0.2195315  2.56485e+26 
  27    0.2243386  2.54143e+26 
  28    0.2292510  2.50762e+26 
  29    0.2342710  2.44072e+26 
  30    0.2394008  2.40990e+26 
  31    0.2446430  2.39482e+26 
  32    0.2500000  2.39203e+26 
  33    0.2554743  2.35799e+26 
  34    0.2610684  2.33930e+26 
  35    0.2667851  2.36671e+26 
  36    0.2726269  2.41560e+26 
  37    0.2785967  2.54234e+26 
  38    0.2846972  2.64424e+26 
  39    0.2909312  2.71198e+26 
  40    0.2973018  2.81898e+26 
  41    0.3038118  2.94955e+26 
  42    0.3104645  3.12221e+26 
  43    0.3172627  3.31034e+26 
  44    0.3242099  3.55443e+26 
  45    0.3313092  3.83123e+26 
  46    0.3385639  4.13927e+26 
  47    0.3459775  4.53031e+26 
  48    0.3535534  4.94822e+26 
  49    0.3612952  5.39396e+26 
  50    0.3692065  5.95021e+26 
  51    0.3772911  6.59631e+26 
  52    0.3855527  7.28656e+26 
  53    0.3939952  8.10553e+26 
  54    0.4026226  8.94078e+26 
  55    0.4114389  9.82890e+26 
  56    0.4204482  1.08202e+27 
  57    0.4296548  1.19252e+27 
  58    0.4390630  1.30565e+27 
  59    0.4486773  1.42606e+27 
  60    0.4585020  1.55375e+27 
  61    0.4685419  1.68438e+27 
  62    0.4788016  1.82375e+27 
  63    0.4892860  1.96885e+27 
  64    0.5000000  2.11276e+27 
  65    0.5109486  2.26550e+27 
  66    0.5221369  2.42243e+27 
  67    0.5335702  2.57702e+27 
  68    0.5452539  2.73394e+27 
  69    0.5571934  2.88974e+27 
  70    0.5693943  3.04335e+27 
  71    0.5818624  3.19606e+27 
  72    0.5946036  3.34500e+27 
  73    0.6076237  3.48912e+27 
  74    0.6209289  3.63059e+27 
  75    0.6345255  3.75316e+27 
  76    0.6484198  3.87462e+27 
  77    0.6626183  3.99183e+27 
  78    0.6771278  4.09293e+27 
  79    0.6919549  4.18604e+27 
  80    0.7071068  4.26701e+27 
  81    0.7225904  4.33477e+27 
  82    0.7384131  4.39161e+27 
  83    0.7545822  4.43780e+27 
  84    0.7711054  4.47250e+27 
  85    0.7879904  4.49146e+27 
  86    0.8052452  4.49588e+27 
  87    0.8228777  4.49585e+27 
  88    0.8408964  4.48029e+27 
  89    0.8593096  4.45084e+27 
  90    0.8781261  4.41200e+27 
  91    0.8973545  4.36216e+27 
  92    0.9170040  4.30319e+27 
  93    0.9370838  4.24108e+27 
  94    0.9576033  4.16924e+27 
  95    0.9785721  4.08551e+27 
  96    1.0000000  3.99772e+27 
  97    1.0218971  3.90656e+27 
  98    1.0442738  3.81042e+27 
  99    1.0671404  3.71058e+27 
 100    1.0905077  3.60379e+27 
 101    1.1143867  3.49806e+27 
 102    1.1387886  3.38928e+27 
 103    1.1637249  3.27767e+27 
 104    1.1892071  3.16594e+27 
 105    1.2152474  3.04917e+27 
 106    1.2418578  2.93496e+27 
 107    1.2690510  2.82258e+27 
 108    1.2968396  2.71053e+27 
 109    1.3252366  2.59765e+27 
 110    1.3542555  2.48978e+27 
 111    1.3839099  2.37735e+27 
 112    1.4142136  2.26097e+27 
 113    1.4451808  2.13144e+27 
 114    1.4768261  1.99689e+27 
 115    1.5091644  1.86276e+27 
 116    1.5422108  1.72231e+27 
 117    1.5759808  1.58389e+27 
 118    1.6104903  1.43925e+27 
 119    1.6457555  1.30353e+27 
 120    1.6817928  1.17122e+27 
 121    1.7186193  1.02946e+27 
 122    1.7562522  8.93418e+26 
 123    1.7947091  7.64379e+26 
 124    1.8340081  6.50118e+26 
 125    1.8741676  5.46765e+26 
 126    1.9152066  4.63809e+26 
 127    1.9571441  3.92702e+26 
 128    2.0000000  3.30164e+26 
 129    2.0437943  2.83342e+26 
 130    2.0885476  2.43822e+26 
 131    2.1342808  2.13671e+26 
 132    2.1810155  1.89038e+26 
 133    2.2287735  1.74200e+26 
 134    2.2775773  1.69226e+26 
 135    2.3274497  1.65884e+26 
 136    2.3784142  1.64835e+26 
 137    2.4304947  1.64926e+26 
 138    2.4837156  1.64596e+26 
 139    2.5381019  1.64276e+26 
 140    2.5936791  1.63615e+26 
 141    2.6504733  1.62611e+26 
 142    2.7085111  1.61304e+26 
 143    2.7678198  1.59777e+26 
 144    2.8284271  1.58258e+26 
 145    2.8903616  1.56630e+26 
 146    2.9536523  1.54837e+26 
 147    3.0183289  1.53261e+26 
 148    3.0844217  1.52075e+26 
 149    3.1519617  1.51241e+26 
 150    3.2209807  1.50526e+26 
 151    3.2915110  1.50727e+26 
 152    3.3635857  1.51617e+26 
 153    3.4372386  1.53104e+26 
 154    3.5125043  1.55935e+26 
 155    3.5894182  1.60064e+26 
 156    3.6680162  1.65073e+26 
 157    3.7483353  1.71493e+26 
 158    3.8304131  1.78000e+26 
 159    3.9142882  1.84685e+26 
 160    4.0000000  1.88499e+26 
 161    4.0875886  1.89007e+26 
 162    4.1770951  1.89097e+26 
 163    4.2685616  1.82584e+26 
 164    4.3620309  1.73802e+26 
 165    4.4575470  1.63386e+26 
 166    4.5551545  1.50176e+26 
 167    4.6548994  1.36332e+26 
 168    4.7568285  1.18772e+26 
 169    4.8609894  1.03294e+26 
 170    4.9674312  8.79824e+25 
 171    5.0762038  7.31664e+25 
 172    5.1873582  5.91090e+25 
 173    5.3009466  4.82963e+25 
 174    5.4170222  3.98040e+25 
 175    5.5356395  3.39878e+25 
 176    5.6568542  3.02039e+25 
 177    5.7807232  2.81571e+25 
 178    5.9073046  2.77108e+25 
 179    6.0366577  2.75918e+25 
 180    6.1688433  2.77610e+25 
 181    6.3039234  2.85211e+25 
 182    6.4419613  2.86721e+25 
 183    6.5830219  2.84821e+25 
 184    6.7271713  2.81526e+25 
 185    6.8744772  2.74065e+25 
 186    7.0250086  2.66605e+25 
 187    7.1788363  2.53059e+25 
 188    7.3360323  2.35130e+25 
 189    7.4966705  2.12749e+25 


# z-band (filter: z_LSST.dat)
   0    0.1250000  1.64799e+26 
   1    0.1277371  1.84514e+26 
   2    0.1305342  2.04662e+26 
   3    0.1333926  2.25251e+26 
   4    0.1363135  2.42944e+26 
   5    0.1392983  2.53917e+26 
   6    0.1423486  2.47224e+26 
   7    0.1454656  2.44399e+26 
   8    0.1486509  2.43182e+26 
   9    0.1519059  2.46080e+26 
  10    0.1552322  2.43151e+26 
  11    0.1586314  2.36288e+26 
  12    0.1621049  2.37495e+26 
  13    0.1656546  2.43293e+26 
  14    0.1692819  2.34286e+26 
  15    0.1729887  2.27097e+26 
  16    0.1767767  2.11185e+26 
  17    0.1806476  2.07396e+26 
  18    0.1846033  2.06177e+26 
  19    0.1886456  2.05680e+26 
  20    0.1927764  2.02265e+26 
  21    0.1969976  1.94587e+26 
  22    0.2013113  1.90824e+26 
  23    0.2057194  1.86758e+26 
  24    0.2102241  1.75321e+26 
  25    0.2148274  1.61320e+26 
  26    0.2195315  1.56939e+26 
  27    0.2243386  1.53630e+26 
  28    0.2292510  1.49068e+26 
  29    0.2342710  1.44319e+26 
  30    0.2394008  1.39948e+26 
  31    0.2446430  1.35241e+26 
  32    0.2500000  1.31022e+26 
  33    0.2554743  1.26748e+26 
  34    0.2610684  1.24384e+26 
  35    0.2667851  1.23638e+26 
  36    0.2726269  1.23687e+26 
  37    0.2785967  1.25389e+26 
  38    0.2846972  1.30053e+26 
  39    0.2909312  1.35826e+26 
  40    0.2973018  1.45314e+26 
  41    0.3038118  1.59437e+26 
  42    0.3104645  1.76595e+26 
  43    0.3172627  1.97614e+26 
  44    0.3242099  2.26799e+26 
  45    0.3313092  2.61442e+26 
  46    0.3385639  2.99692e+26 
  47    0.3459775  3.47636e+26 
  48    0.3535534  4.03514e+26 
  49    0.3612952  4.64570e+26 
  50    0.3692065  5.38635e+26 
  51    0.3772911  6.16424e+26 
  52    0.3855527  7.02553e+26 
  53    0.3939952  7.98464e+26 
  54    0.4026226  8.99221e+26 
  55    0.4114389  1.00674e+27 
  56    0.4204482  1.12078e+27 
  57    0.4296548  1.23740e+27 
  58    0.4390630  1.35954e+27 
  59    0.4486773  1.48759e+27 
  60    0.4585020  1.61374e+27 
  61    0.4685419  1.73851e+27 
  62    0.4788016  1.86321e+27 
  63    0.4892860  1.99278e+27 
  64    0.5000000  2.11834e+27 
  65    0.5109486  2.24397e+27 
  66    0.5221369  2.37290e+27 
  67    0.5335702  2.49578e+27 
  68    0.5452539  2.61308e+27 
  69    0.5571934  2.73330e+27 
  70    0.5693943  2.84074e+27 
  71    0.5818624  2.94714e+27 
  72    0.5946036  3.04606e+27 
  73    0.6076237  3.13880e+27 
  74    0.6209289  3.22874e+27 
  75    0.6345255  3.30350e+27 
  76    0.6484198  3.36768e+27 
  77    0.6626183  3.42774e+27 
  78    0.6771278  3.47214e+27 
  79    0.6919549  3.50088e+27 
  80    0.7071068  3.52210e+27 
  81    0.7225904  3.52865e+27 
  82    0.7384131  3.52429e+27 
  83    0.7545822  3.50860e+27 
  84    0.7711054  3.48220e+27 
  85    0.7879904  3.44447e+27 
  86    0.8052452  3.39356e+27 
  87    0.8228777  3.33507e+27 
  88    0.8408964  3.27224e+27 
  89    0.8593096  3.20190e+27 
  90    0.8781261  3.12192e+27 
  91    0.8973545  3.03781e+27 
  92    0.9170040  2.94965e+27 
  93    0.9370838  2.86148e+27 
  94    0.9576033  2.76991e+27 
  95    0.9785721  2.67695e+27 
  96    1.0000000  2.58170e+27 
  97    1.0218971  2.48800e+27 
  98    1.0442738  2.39519e+27 
  99    1.0671404  2.30045e+27 
 100    1.0905077  2.20598e+27 
 101    1.1143867  2.11154e+27 
 102    1.1387886  2.02023e+27 
 103    1.1637249  1.92887e+27 
 104    1.1892071  1.84135e+27 
 105    1.2152474  1.75353e+27 
 106    1.2418578  1.66735e+27 
 107    1.2690510  1.58454e+27 
 108    1.2968396  1.50351e+27 
 109    1.3252366  1.42476e+27 
 110    1.3542555  1.34952e+27 
 111    1.3839099  1.27226e+27 
 112    1.4142136  1.19414e+27 
 113    1.4451808  1.11014e+27 
 114    1.4768261  1.02461e+27 
 115    1.5091644  9.40658e+26 
 116    1.5422108  8.55700e+26 
 117    1.5759808  7.73694e+26 
 118    1.6104903  6.88614e+26 
 119    1.6457555  6.11124e+26 
 120    1.6817928  5.36941e+26 
 121    1.7186193  4.58056e+26 
 122    1.7562522  3.84009e+26 
 123    1.7947091  3.15587e+26 
 124    1.8340081  2.56051e+26 
 125    1.8741676  2.03748e+26 
 126    1.9152066  1.61795e+26 
 127    1.9571441  1.26394e+26 
 128    2.0000000  9.52386e+25 
 129    2.0437943  7.17990e+25 
 130    2.0885476  5.20920e+25 
 131    2.1342808  3.69410e+25 
 132    2.1810155  2.45462e+25 
 133    2.2287735  1.71917e+25 
 134    2.2775773  1.45700e+25 
 135    2.3274497  1.29536e+25 
 136    2.3784142  1.26601e+25 
 137    2.4304947  1.28346e+25 
 138    2.4837156  1.30387e+25 
 139    2.5381019  1.33820e+25 
 140    2.5936791  1.37170e+25 
 141    2.6504733  1.42231e+25 
 142    2.7085111  1.46353e+25 
 143    2.7678198  1.51747e+25 
 144    2.8284271  1.57309e+25 
 145    2.8903616  1.63636e+25 
 146    2.9536523  1.70203e+25 
 147    3.0183289  1.76869e+25 
 148    3.0844217  1.85303e+25 
 149    3.1519617  1.94033e+25 
 150    3.2209807  2.03636e+25 
 151    3.2915110  2.14529e+25 
 152    3.3635857  2.29444e+25 
 153    3.4372386  2.44945e+25 
 154    3.5125043  2.67591e+25 
 155    3.5894182  2.91942e+25 
 156    3.6680162  3.17545e+25 
 157    3.7483353  3.43944e+25 
 158    3.8304131  3.68275e+25 
 159    3.9142882  3.93245e+25 
 160    4.0000000  4.04716e+25 
 161    4.0875886  4.08897e+25 
 162    4.1770951  4.12388e+25 
 163    4.2685616  4.01299e+25 
 164    4.3620309  3.84649e+25 
 165    4.4575470  3.60710e+25 
 166    4.5551545  3.31074e+25 
 167    4.6548994  2.98642e+25 
 168    4.7568285  2.58529e+25 
 169    4.8609894  2.22683e+25 
 170    4.9674312  1.86089e+25 
 171    5.0762038  1.51126e+25 
 172    5.1873582  1.19210e+25 
 173    5.3009466  9.29514e+24 
 174    5.4170222  7.10311e+24 
 175    5.5356395  5.39605e+24 
 176    5.6568542  4.17049e+24 
 177    5.7807232  3.54545e+24 
 178    5.9073046  3.24527e+24 
 179    6.0366577  3.68103e+24 
 180    6.1688433  4.56172e+24 
 181    6.3039234  5.59863e+24 
 182    6.4419613  6.91585e+24 
 183    6.5830219  8.15151e+24 
 184    6.7271713  9.62741e+24 
 185    6.8744772  1.06807e+25 
 186    7.0250086  1.20238e+25 
 187    7.1788363  1.36988e+25 
 188    7.3360323  1.52691e+25 
 189    7.4966705  1.63667e+25 


# y-band (filter: y_LSST.dat)
   0    0.1250000  3.32821e+26 
   1    0.1277371  3.99355e+26 
   2    0.1305342  4.67345e+26 
   3    0.1333926  5.36823e+26 
   4    0.1363135  5.85270e+26 
   5    0.1392983  6.26986e+26 
   6    0.1423486  6.03210e+26 
   7    0.1454656  5.73529e+26 
   8    0.1486509  5.60634e+26 
   9    0.1519059  5.38964e+26 
  10    0.1552322  5.19148e+26 
  11    0.1586314  4.75651e+26 
  12    0.1621049  4.51038e+26 
  13    0.1656546  4.25440e+26 
  14    0.1692819  3.73327e+26 
  15    0.1729887  3.23162e+26 
  16    0.1767767  2.89178e+26 
  17    0.1806476  2.82247e+26 
  18    0.1846033  2.96716e+26 
  19    0.1886456  3.18408e+26 
  20    0.1927764  3.40942e+26 
  21    0.1969976  3.66449e+26 
  22    0.2013113  3.98028e+26 
  23    0.2057194  4.36288e+26 
  24    0.2102241  4.77107e+26 
  25    0.2148274  5.21592e+26 
  26    0.2195315  5.68967e+26 
  27    0.2243386  6.21764e+26 
  28    0.2292510  6.75326e+26 
  29    0.2342710  7.30663e+26 
  30    0.2394008  7.89700e+26 
  31    0.2446430  8.51025e+26 
  32    0.2500000  9.12155e+26 
  33    0.2554743  9.77149e+26 
  34    0.2610684  1.04537e+27 
  35    0.2667851  1.10636e+27 
  36    0.2726269  1.17060e+27 
  37    0.2785967  1.23958e+27 
  38    0.2846972  1.31096e+27 
  39    0.2909312  1.38235e+27 
  40    0.2973018  1.45660e+27 
  41    0.3038118  1.53255e+27 
  42    0.3104645  1.60966e+27 
  43    0.3172627  1.68872e+27 
  44    0.3242099  1.77764e+27 
  45    0.3313092  1.86351e+27 
  46    0.3385639  1.95461e+27 
  47    0.3459775  2.04384e+27 
  48    0.3535534  2.13414e+27 
  49    0.3612952  2.22131e+27 
  50    0.3692065  2.30605e+27 
  51    0.3772911  2.38310e+27 
  52    0.3855527  2.46566e+27 
  53    0.3939952  2.54639e+27 
  54    0.4026226  2.62939e+27 
  55    0.4114389  2.70585e+27 
  56    0.4204482  2.76933e+27 
  57    0.4296548  2.82617e+27 
  58    0.4390630  2.87950e+27 
  59    0.4486773  2.93686e+27 
  60    0.4585020  2.98395e+27 
  61    0.4685419  3.01831e+27 
  62    0.4788016  3.06161e+27 
  63    0.4892860  3.10439e+27 
  64    0.5000000  3.13744e+27 
  65    0.5109486  3.17008e+27 
  66    0.5221369  3.19520e+27 
  67    0.5335702  3.21520e+27 
  68    0.5452539  3.23376e+27 
  69    0.5571934  3.24831e+27 
  70    0.5693943  3.25405e+27 
  71    0.5818624  3.25604e+27 
  72    0.5946036  3.24853e+27 
  73    0.6076237  3.23940e+27 
  74    0.6209289  3.21863e+27 
  75    0.6345255  3.19148e+27 
  76    0.6484198  3.15097e+27 
  77    0.6626183  3.10408e+27 
  78    0.6771278  3.04576e+27 
  79    0.6919549  2.98557e+27 
  80    0.7071068  2.92089e+27 
  81    0.7225904  2.84689e+27 
  82    0.7384131  2.77074e+27 
  83    0.7545822  2.68989e+27 
  84    0.7711054  2.60521e+27 
  85    0.7879904  2.51918e+27 
  86    0.8052452  2.43215e+27 
  87    0.8228777  2.34306e+27 
  88    0.8408964  2.25424e+27 
  89    0.8593096  2.16663e+27 
  90    0.8781261  2.07861e+27 
  91    0.8973545  1.99216e+27 
  92    0.9170040  1.90787e+27 
  93    0.9370838  1.82496e+27 
  94    0.9576033  1.74259e+27 
  95    0.9785721  1.66359e+27 
  96    1.0000000  1.58548e+27 
  97    1.0218971  1.51139e+27 
  98    1.0442738  1.43846e+27 
  99    1.0671404  1.36559e+27 
 100    1.0905077  1.29712e+27 
 101    1.1143867  1.23045e+27 
 102    1.1387886  1.16760e+27 
 103    1.1637249  1.10544e+27 
 104    1.1892071  1.04548e+27 
 105    1.2152474  9.88135e+26 
 106    1.2418578  9.33116e+26 
 107    1.2690510  8.82188e+26 
 108    1.2968396  8.32798e+26 
 109    1.3252366  7.84815e+26 
 110    1.3542555  7.38852e+26 
 111    1.3839099  6.93411e+26 
 112    1.4142136  6.48164e+26 
 113    1.4451808  6.00727e+26 
 114    1.4768261  5.51009e+26 
 115    1.5091644  5.02945e+26 
 116    1.5422108  4.56203e+26 
 117    1.5759808  4.10754e+26 
 118    1.6104903  3.64113e+26 
 119    1.6457555  3.21587e+26 
 120    1.6817928  2.80337e+26 
 121    1.7186193  2.38140e+26 
 122    1.7562522  1.99149e+26 
 123    1.7947091  1.63006e+26 
 124    1.8340081  1.31528e+26 
 125    1.8741676  1.04304e+26 
 126    1.9152066  8.29113e+25 
 127    1.9571441  6.48025e+25 
 128    2.0000000  4.90036e+25 
 129    2.0437943  3.70862e+25 
 130    2.0885476  2.70413e+25 
 131    2.1342808  1.92916e+25 
 132    2.1810155  1.31930e+25 
 133    2.2287735  9.43941e+24 
 134    2.2775773  7.98147e+24 
 135    2.3274497  7.12623e+24 
 136    2.3784142  6.84514e+24 
 137    2.4304947  6.72964e+24 
 138    2.4837156  6.58922e+24 
 139    2.5381019  6.46591e+24 
 140    2.5936791  6.34957e+24 
 141    2.6504733  6.32144e+24 
 142    2.7085111  6.25803e+24 
 143    2.7678198  6.21585e+24 
 144    2.8284271  6.15164e+24 
 145    2.8903616  6.08897e+24 
 146    2.9536523  6.09324e+24 
 147    3.0183289  6.02930e+24 
 148    3.0844217  6.01903e+24 
 149    3.1519617  6.01273e+24 
 150    3.2209807  6.04631e+24 
 151    3.2915110  6.24309e+24 
 152    3.3635857  6.55687e+24 
 153    3.4372386  6.97721e+24 
 154    3.5125043  8.31565e+24 
 155    3.5894182  1.04925e+25 
 156    3.6680162  1.29825e+25 
 157    3.7483353  1.68824e+25 
 158    3.8304131  2.18530e+25 
 159    3.9142882  2.72306e+25 
 160    4.0000000  3.29061e+25 
 161    4.0875886  3.82401e+25 
 162    4.1770951  4.41187e+25 
 163    4.2685616  4.77139e+25 
 164    4.3620309  5.01219e+25 
 165    4.4575470  5.25095e+25 
 166    4.5551545  5.20183e+25 
 167    4.6548994  5.06427e+25 
 168    4.7568285  4.80207e+25 
 169    4.8609894  4.45209e+25 
 170    4.9674312  4.02876e+25 
 171    5.0762038  3.54421e+25 
 172    5.1873582  2.96043e+25 
 173    5.3009466  2.45168e+25 
 174    5.4170222  1.95879e+25 
 175    5.5356395  1.51043e+25 
 176    5.6568542  1.14775e+25 
 177    5.7807232  8.50565e+24 
 178    5.9073046  6.29910e+24 
 179    6.0366577  4.58842e+24 
 180    6.1688433  3.31979e+24 
 181    6.3039234  2.44595e+24 
 182    6.4419613  1.85572e+24 
 183    6.5830219  1.62944e+24 
 184    6.7271713  1.58148e+24 
 185    6.8744772  1.86891e+24 
 186    7.0250086  2.19120e+24 
 187    7.1788363  2.58652e+24 
 188    7.3360323  3.13624e+24 
 189    7.4966705  3.94747e+24 


# J-band (filter: J_2MASS.dat)
   0    0.1250000  6.59763e+26 
   1    0.1277371  7.24935e+26 
   2    0.1305342  7.91534e+26 
   3    0.1333926  8.59592e+26 
   4    0.1363135  8.84987e+26 
   5    0.1392983  9.07556e+26 
   6    0.1423486  8.81195e+26 
   7    0.1454656  8.40709e+26 
   8    0.1486509  7.96784e+26 
   9    0.1519059  7.55011e+26 
  10    0.1552322  7.13518e+26 
  11    0.1586314  6.43696e+26 
  12    0.1621049  5.99730e+26 
  13    0.1656546  5.57185e+26 
  14    0.1692819  5.26776e+26 
  15    0.1729887  5.09359e+26 
  16    0.1767767  5.00347e+26 
  17    0.1806476  5.06664e+26 
  18    0.1846033  5.41604e+26 
  19    0.1886456  5.86802e+26 
  20    0.1927764  6.34899e+26 
  21    0.1969976  6.89422e+26 
  22    0.2013113  7.45826e+26 
  23    0.2057194  8.05496e+26 
  24    0.2102241  8.66570e+26 
  25    0.2148274  9.33021e+26 
  26    0.2195315  1.00291e+27 
  27    0.2243386  1.07449e+27 
  28    0.2292510  1.15066e+27 
  29    0.2342710  1.22970e+27 
  30    0.2394008  1.30826e+27 
  31    0.2446430  1.38917e+27 
  32    0.2500000  1.47223e+27 
  33    0.2554743  1.55284e+27 
  34    0.2610684  1.63408e+27 
  35    0.2667851  1.71401e+27 
  36    0.2726269  1.79530e+27 
  37    0.2785967  1.87689e+27 
  38    0.2846972  1.95572e+27 
  39    0.2909312  2.03637e+27 
  40    0.2973018  2.11032e+27 
  41    0.3038118  2.18066e+27 
  42    0.3104645  2.24622e+27 
  43    0.3172627  2.31376e+27 
  44    0.3242099  2.36639e+27 
  45    0.3313092  2.42205e+27 
  46    0.3385639  2.47621e+27 
  47    0.3459775  2.51919e+27 
  48    0.3535534  2.56073e+27 
  49    0.3612952  2.59419e+27 
  50    0.3692065  2.62119e+27 
  51    0.3772911  2.64595e+27 
  52    0.3855527  2.66820e+27 
  53    0.3939952  2.68227e+27 
  54    0.4026226  2.68977e+27 
  55    0.4114389  2.69477e+27 
  56    0.4204482  2.69520e+27 
  57    0.4296548  2.68757e+27 
  58    0.4390630  2.67420e+27 
  59    0.4486773  2.66099e+27 
  60    0.4585020  2.63873e+27 
  61    0.4685419  2.61243e+27 
  62    0.4788016  2.58230e+27 
  63    0.4892860  2.54863e+27 
  64    0.5000000  2.50928e+27 
  65    0.5109486  2.46942e+27 
  66    0.5221369  2.42440e+27 
  67    0.5335702  2.37829e+27 
  68    0.5452539  2.32898e+27 
  69    0.5571934  2.27791e+27 
  70    0.5693943  2.22414e+27 
  71    0.5818624  2.16829e+27 
  72    0.5946036  2.11162e+27 
  73    0.6076237  2.05455e+27 
  74    0.6209289  1.99480e+27 
  75    0.6345255  1.93526e+27 
  76    0.6484198  1.87380e+27 
  77    0.6626183  1.81043e+27 
  78    0.6771278  1.74566e+27 
  79    0.6919549  1.68171e+27 
  80    0.7071068  1.62007e+27 
  81    0.7225904  1.55581e+27 
  82    0.7384131  1.49390e+27 
  83    0.7545822  1.43512e+27 
  84    0.7711054  1.37395e+27 
  85    0.7879904  1.31445e+27 
  86    0.8052452  1.25726e+27 
  87    0.8228777  1.20006e+27 
  88    0.8408964  1.14445e+27 
  89    0.8593096  1.09222e+27 
  90    0.8781261  1.03989e+27 
  91    0.8973545  9.88537e+26 
  92    0.9170040  9.39565e+26 
  93    0.9370838  8.91258e+26 
  94    0.9576033  8.45847e+26 
  95    0.9785721  7.99591e+26 
  96    1.0000000  7.56942e+26 
  97    1.0218971  7.15901e+26 
  98    1.0442738  6.75794e+26 
  99    1.0671404  6.36638e+26 
 100    1.0905077  6.00122e+26 
 101    1.1143867  5.65407e+26 
 102    1.1387886  5.33602e+26 
 103    1.1637249  5.01978e+26 
 104    1.1892071  4.71342e+26 
 105    1.2152474  4.42123e+26 
 106    1.2418578  4.14288e+26 
 107    1.2690510  3.89192e+26 
 108    1.2968396  3.64732e+26 
 109    1.3252366  3.41128e+26 
 110    1.3542555  3.19413e+26 
 111    1.3839099  2.98586e+26 
 112    1.4142136  2.77429e+26 
 113    1.4451808  2.55161e+26 
 114    1.4768261  2.32314e+26 
 115    1.5091644  2.10953e+26 
 116    1.5422108  1.89862e+26 
 117    1.5759808  1.70750e+26 
 118    1.6104903  1.50597e+26 
 119    1.6457555  1.32349e+26 
 120    1.6817928  1.15238e+26 
 121    1.7186193  9.73791e+25 
 122    1.7562522  8.08795e+25 
 123    1.7947091  6.55003e+25 
 124    1.8340081  5.24552e+25 
 125    1.8741676  4.12247e+25 
 126    1.9152066  3.24577e+25 
 127    1.9571441  2.52489e+25 
 128    2.0000000  1.87828e+25 
 129    2.0437943  1.36928e+25 
 130    2.0885476  9.73041e+24 
 131    2.1342808  6.53623e+24 
 132    2.1810155  3.98931e+24 
 133    2.2287735  2.40759e+24 
 134    2.2775773  1.85022e+24 
 135    2.3274497  1.47371e+24 
 136    2.3784142  1.36030e+24 
 137    2.4304947  1.33268e+24 
 138    2.4837156  1.32175e+24 
 139    2.5381019  1.30517e+24 
 140    2.5936791  1.29551e+24 
 141    2.6504733  1.29688e+24 
 142    2.7085111  1.29624e+24 
 143    2.7678198  1.33159e+24 
 144    2.8284271  1.37691e+24 
 145    2.8903616  1.41342e+24 
 146    2.9536523  1.48269e+24 
 147    3.0183289  1.55702e+24 
 148    3.0844217  1.63197e+24 
 149    3.1519617  1.71306e+24 
 150    3.2209807  1.79675e+24 
 151    3.2915110  1.89226e+24 
 152    3.3635857  1.96547e+24 
 153    3.4372386  2.04607e+24 
 154    3.5125043  2.12395e+24 
 155    3.5894182  2.15862e+24 
 156    3.6680162  2.18105e+24 
 157    3.7483353  2.24268e+24 
 158    3.8304131  2.32092e+24 
 159    3.9142882  2.44145e+24 
 160    4.0000000  2.89058e+24 
 161    4.0875886  3.93777e+24 
 162    4.1770951  5.23239e+24 
 163    4.2685616  8.18673e+24 
 164    4.3620309  1.26045e+25 
 165    4.4575470  1.76577e+25 
 166    4.5551545  2.54609e+25 
 167    4.6548994  3.46897e+25 
 168    4.7568285  4.48004e+25 
 169    4.8609894  5.57343e+25 
 170    4.9674312  6.62028e+25 
 171    5.0762038  7.52153e+25 
 172    5.1873582  8.50106e+25 
 173    5.3009466  9.05992e+25 
 174    5.4170222  9.41789e+25 
 175    5.5356395  9.65849e+25 
 176    5.6568542  9.53891e+25 
 177    5.7807232  9.25298e+25 
 178    5.9073046  8.67129e+25 
 179    6.0366577  7.98585e+25 
 180    6.1688433  7.18287e+25 
 181    6.3039234  6.18259e+25 
 182    6.4419613  5.26940e+25 
 183    6.5830219  4.38698e+25 
 184    6.7271713  3.52276e+25 
 185    6.8744772  2.80605e+25 
 186    7.0250086  2.10878e+25 
 187    7.1788363  1.48973e+25 
 188    7.3360323  9.48185e+24 
 189    7.4966705  5.41938e+24 


# H-band (filter: H_2MASS.dat)
   0    0.1250000  1.57980e+27 
   1    0.1277371  1.69054e+27 
   2    0.1305342  1.80371e+27 
   3    0.1333926  1.91935e+27 
   4    0.1363135  2.01222e+27 
   5    0.1392983  2.09505e+27 
   6    0.1423486  2.10152e+27 
   7    0.1454656  2.05211e+27 
   8    0.1486509  2.01145e+27 
   9    0.1519059  1.95923e+27 
  10    0.1552322  1.91412e+27 
  11    0.1586314  1.84165e+27 
  12    0.1621049  1.80655e+27 
  13    0.1656546  1.77305e+27 
  14    0.1692819  1.72954e+27 
  15    0.1729887  1.67638e+27 
  16    0.1767767  1.63436e+27 
  17    0.1806476  1.60656e+27 
  18    0.1846033  1.62802e+27 
  19    0.1886456  1.66179e+27 
  20    0.1927764  1.70080e+27 
  21    0.1969976  1.73684e+27 
  22    0.2013113  1.77224e+27 
  23    0.2057194  1.79630e+27 
  24    0.2102241  1.82040e+27 
  25    0.2148274  1.84192e+27 
  26    0.2195315  1.85978e+27 
  27    0.2243386  1.87520e+27 
  28    0.2292510  1.87856e+27 
  29    0.2342710  1.87771e+27 
  30    0.2394008  1.88419e+27 
  31    0.2446430  1.88355e+27 
  32    0.2500000  1.87645e+27 
  33    0.2554743  1.86604e+27 
  34    0.2610684  1.85226e+27 
  35    0.2667851  1.83625e+27 
  36    0.2726269  1.81546e+27 
  37    0.2785967  1.78761e+27 
  38    0.2846972  1.75356e+27 
  39    0.2909312  1.72674e+27 
  40    0.2973018  1.69203e+27 
  41    0.3038118  1.66009e+27 
  42    0.3104645  1.61563e+27 
  43    0.3172627  1.57544e+27 
  44    0.3242099  1.53909e+27 
  45    0.3313092  1.49544e+27 
  46    0.3385639  1.45884e+27 
  47    0.3459775  1.41821e+27 
  48    0.3535534  1.37531e+27 
  49    0.3612952  1.33509e+27 
  50    0.3692065  1.29395e+27 
  51    0.3772911  1.24995e+27 
  52    0.3855527  1.21407e+27 
  53    0.3939952  1.17225e+27 
  54    0.4026226  1.13720e+27 
  55    0.4114389  1.09506e+27 
  56    0.4204482  1.05609e+27 
  57    0.4296548  1.02037e+27 
  58    0.4390630  9.81707e+26 
  59    0.4486773  9.43828e+26 
  60    0.4585020  9.07615e+26 
  61    0.4685419  8.74449e+26 
  62    0.4788016  8.40976e+26 
  63    0.4892860  8.11111e+26 
  64    0.5000000  7.78801e+26 
  65    0.5109486  7.49819e+26 
  66    0.5221369  7.23450e+26 
  67    0.5335702  6.97109e+26 
  68    0.5452539  6.70170e+26 
  69    0.5571934  6.43659e+26 
  70    0.5693943  6.17864e+26 
  71    0.5818624  5.95814e+26 
  72    0.5946036  5.74009e+26 
  73    0.6076237  5.52593e+26 
  74    0.6209289  5.31463e+26 
  75    0.6345255  5.09515e+26 
  76    0.6484198  4.89874e+26 
  77    0.6626183  4.70390e+26 
  78    0.6771278  4.50719e+26 
  79    0.6919549  4.31847e+26 
  80    0.7071068  4.14143e+26 
  81    0.7225904  3.97293e+26 
  82    0.7384131  3.81989e+26 
  83    0.7545822  3.65687e+26 
  84    0.7711054  3.49796e+26 
  85    0.7879904  3.34787e+26 
  86    0.8052452  3.20576e+26 
  87    0.8228777  3.06232e+26 
  88    0.8408964  2.93250e+26 
  89    0.8593096  2.80282e+26 
  90    0.8781261  2.68185e+26 
  91    0.8973545  2.55556e+26 
  92    0.9170040  2.43280e+26 
  93    0.9370838  2.31130e+26 
  94    0.9576033  2.19755e+26 
  95    0.9785721  2.09445e+26 
  96    1.0000000  1.98620e+26 
  97    1.0218971  1.87868e+26 
  98    1.0442738  1.78276e+26 
  99    1.0671404  1.68489e+26 
 100    1.0905077  1.58693e+26 
 101    1.1143867  1.49004e+26 
 102    1.1387886  1.39444e+26 
 103    1.1637249  1.31160e+26 
 104    1.1892071  1.22845e+26 
 105    1.2152474  1.14762e+26 
 106    1.2418578  1.06625e+26 
 107    1.2690510  9.88234e+25 
 108    1.2968396  9.20585e+25 
 109    1.3252366  8.48297e+25 
 110    1.3542555  7.76685e+25 
 111    1.3839099  7.10556e+25 
 112    1.4142136  6.43664e+25 
 113    1.4451808  5.81540e+25 
 114    1.4768261  5.23653e+25 
 115    1.5091644  4.63211e+25 
 116    1.5422108  4.10970e+25 
 117    1.5759808  3.61963e+25 
 118    1.6104903  3.13153e+25 
 119    1.6457555  2.70844e+25 
 120    1.6817928  2.29576e+25 
 121    1.7186193  1.91419e+25 
 122    1.7562522  1.58347e+25 
 123    1.7947091  1.28031e+25 
 124    1.8340081  1.03765e+25 
 125    1.8741676  8.19789e+24 
 126    1.9152066  6.48158e+24 
 127    1.9571441  5.05196e+24 
 128    2.0000000  3.81861e+24 
 129    2.0437943  2.85220e+24 
 130    2.0885476  2.06649e+24 
 131    2.1342808  1.47518e+24 
 132    2.1810155  1.01314e+24 
 133    2.2287735  7.76896e+23 
 134    2.2775773  6.75279e+23 
 135    2.3274497  5.91058e+23 
 136    2.3784142  5.49446e+23 
 137    2.4304947  5.26006e+23 
 138    2.4837156  4.84864e+23 
 139    2.5381019  4.77064e+23 
 140    2.5936791  4.74218e+23 
 141    2.6504733  4.69486e+23 
 142    2.7085111  4.64461e+23 
 143    2.7678198  4.45167e+23 
 144    2.8284271  4.40234e+23 
 145    2.8903616  4.24615e+23 
 146    2.9536523  4.05682e+23 
 147    3.0183289  4.13816e+23 
 148    3.0844217  4.14073e+23 
 149    3.1519617  4.19329e+23 
 150    3.2209807  4.38601e+23 
 151    3.2915110  4.38042e+23 
 152    3.3635857  4.32399e+23 
 153    3.4372386  4.40539e+23 
 154    3.5125043  4.44026e+23 
 155    3.5894182  4.50452e+23 
 156    3.6680162  4.63723e+23 
 157    3.7483353  4.72512e+23 
 158    3.8304131  4.92149e+23 
 159    3.9142882  4.97199e+23 
 160    4.0000000  5.21961e+23 
 161    4.0875886  5.38136e+23 
 162    4.1770951  5.47285e+23 
 163    4.2685616  5.77977e+23 
 164    4.3620309  5.80934e+23 
 165    4.4575470  5.80491e+23 
 166    4.5551545  5.73871e+23 
 167    4.6548994  5.67862e+23 
 168    4.7568285  5.62787e+23 
 169    4.8609894  5.73284e+23 
 170    4.9674312  5.89370e+23 
 171    5.0762038  6.65436e+23 
 172    5.1873582  7.66754e+23 
 173    5.3009466  1.14841e+24 
 174    5.4170222  2.02784e+24 
 175    5.5356395  3.09283e+24 
 176    5.6568542  5.38791e+24 
 177    5.7807232  8.57657e+24 
 178    5.9073046  1.21796e+25 
 179    6.0366577  1.68841e+25 
 180    6.1688433  2.18163e+25 
 181    6.3039234  2.72484e+25 
 182    6.4419613  3.20005e+25 
 183    6.5830219  3.58949e+25 
 184    6.7271713  4.03354e+25 
 185    6.8744772  4.24950e+25 
 186    7.0250086  4.52373e+25 
 187    7.1788363  4.79400e+25 
 188    7.3360323  4.94619e+25 
 189    7.4966705  4.86409e+25 


# K-band (filter: Ks_mosfire.dat)
   0    0.1250000  1.14679e+27 
   1    0.1277371  1.21322e+27 
   2    0.1305342  1.28109e+27 
   3    0.1333926  1.35045e+27 
   4    0.1363135  1.40456e+27 
   5    0.1392983  1.45442e+27 
   6    0.1423486  1.47739e+27 
   7    0.1454656  1.45056e+27 
   8    0.1486509  1.43377e+27 
   9    0.1519059  1.40524e+27 
  10    0.1552322  1.37572e+27 
  11    0.1586314  1.33026e+27 
  12    0.1621049  1.30061e+27 
  13    0.1656546  1.27249e+27 
  14    0.1692819  1.24235e+27 
  15    0.1729887  1.20558e+27 
  16    0.1767767  1.17594e+27 
  17    0.1806476  1.14222e+27 
  18    0.1846033  1.14481e+27 
  19    0.1886456  1.15900e+27 
  20    0.1927764  1.17044e+27 
  21    0.1969976  1.17874e+27 
  22    0.2013113  1.19132e+27 
  23    0.2057194  1.19838e+27 
  24    0.2102241  1.20313e+27 
  25    0.2148274  1.20245e+27 
  26    0.2195315  1.19582e+27 
  27    0.2243386  1.19172e+27 
  28    0.2292510  1.18755e+27 
  29    0.2342710  1.17841e+27 
  30    0.2394008  1.16702e+27 
  31    0.2446430  1.15422e+27 
  32    0.2500000  1.13575e+27 
  33    0.2554743  1.11827e+27 
  34    0.2610684  1.10008e+27 
  35    0.2667851  1.07943e+27 
  36    0.2726269  1.05662e+27 
  37    0.2785967  1.03321e+27 
  38    0.2846972  1.00907e+27 
  39    0.2909312  9.87480e+26 
  40    0.2973018  9.61881e+26 
  41    0.3038118  9.39062e+26 
  42    0.3104645  9.09006e+26 
  43    0.3172627  8.80412e+26 
  44    0.3242099  8.53976e+26 
  45    0.3313092  8.27679e+26 
  46    0.3385639  7.98276e+26 
  47    0.3459775  7.71430e+26 
  48    0.3535534  7.43046e+26 
  49    0.3612952  7.15155e+26 
  50    0.3692065  6.91620e+26 
  51    0.3772911  6.63060e+26 
  52    0.3855527  6.35450e+26 
  53    0.3939952  6.10800e+26 
  54    0.4026226  5.83349e+26 
  55    0.4114389  5.60866e+26 
  56    0.4204482  5.35686e+26 
  57    0.4296548  5.12564e+26 
  58    0.4390630  4.89681e+26 
  59    0.4486773  4.67506e+26 
  60    0.4585020  4.47011e+26 
  61    0.4685419  4.29670e+26 
  62    0.4788016  4.10480e+26 
  63    0.4892860  3.92493e+26 
  64    0.5000000  3.75355e+26 
  65    0.5109486  3.56855e+26 
  66    0.5221369  3.41560e+26 
  67    0.5335702  3.25732e+26 
  68    0.5452539  3.10585e+26 
  69    0.5571934  2.95907e+26 
  70    0.5693943  2.81651e+26 
  71    0.5818624  2.68265e+26 
  72    0.5946036  2.56521e+26 
  73    0.6076237  2.43725e+26 
  74    0.6209289  2.31852e+26 
  75    0.6345255  2.20088e+26 
  76    0.6484198  2.08408e+26 
  77    0.6626183  1.99079e+26 
  78    0.6771278  1.89095e+26 
  79    0.6919549  1.79048e+26 
  80    0.7071068  1.71597e+26 
  81    0.7225904  1.62520e+26 
  82    0.7384131  1.53524e+26 
  83    0.7545822  1.46532e+26 
  84    0.7711054  1.38643e+26 
  85    0.7879904  1.31873e+26 
  86    0.8052452  1.25168e+26 
  87    0.8228777  1.18912e+26 
  88    0.8408964  1.12612e+26 
  89    0.8593096  1.07187e+26 
  90    0.8781261  1.01540e+26 
  91    0.8973545  9.72360e+25 
  92    0.9170040  9.15972e+25 
  93    0.9370838  8.72070e+25 
  94    0.9576033  8.34554e+25 
  95    0.9785721  7.85043e+25 
  96    1.0000000  7.42617e+25 
  97    1.0218971  7.02869e+25 
  98    1.0442738  6.63122e+25 
  99    1.0671404  6.28778e+25 
 100    1.0905077  6.00331e+25 
 101    1.1143867  5.67902e+25 
 102    1.1387886  5.38441e+25 
 103    1.1637249  5.07379e+25 
 104    1.1892071  4.81675e+25 
 105    1.2152474  4.56139e+25 
 106    1.2418578  4.30986e+25 
 107    1.2690510  4.11106e+25 
 108    1.2968396  3.87665e+25 
 109    1.3252366  3.67153e+25 
 110    1.3542555  3.49996e+25 
 111    1.3839099  3.30843e+25 
 112    1.4142136  3.10200e+25 
 113    1.4451808  2.88608e+25 
 114    1.4768261  2.65892e+25 
 115    1.5091644  2.46577e+25 
 116    1.5422108  2.25653e+25 
 117    1.5759808  2.05484e+25 
 118    1.6104903  1.84196e+25 
 119    1.6457555  1.65725e+25 
 120    1.6817928  1.49240e+25 
 121    1.7186193  1.28881e+25 
 122    1.7562522  1.10950e+25 
 123    1.7947091  9.36668e+24 
 124    1.8340081  7.93344e+24 
 125    1.8741676  6.69629e+24 
 126    1.9152066  5.62216e+24 
 127    1.9571441  4.76109e+24 
 128    2.0000000  3.88272e+24 
 129    2.0437943  3.20205e+24 
 130    2.0885476  2.64527e+24 
 131    2.1342808  2.07353e+24 
 132    2.1810155  1.61415e+24 
 133    2.2287735  1.28081e+24 
 134    2.2775773  1.02307e+24 
 135    2.3274497  8.25311e+23 
 136    2.3784142  6.52047e+23 
 137    2.4304947  5.22043e+23 
 138    2.4837156  4.13188e+23 
 139    2.5381019  3.31181e+23 
 140    2.5936791  2.72587e+23 
 141    2.6504733  2.13473e+23 
 142    2.7085111  1.80686e+23 
 143    2.7678198  1.47608e+23 
 144    2.8284271  1.32904e+23 
 145    2.8903616  1.14600e+23 
 146    2.9536523  9.85674e+22 
 147    3.0183289  8.90550e+22 
 148    3.0844217  7.54384e+22 
 149    3.1519617  6.77003e+22 
 150    3.2209807  6.25760e+22 
 151    3.2915110  5.20324e+22 
 152    3.3635857  4.97719e+22 
 153    3.4372386  5.22025e+22 
 154    3.5125043  4.71067e+22 
 155    3.5894182  4.64997e+22 
 156    3.6680162  4.00700e+22 
 157    3.7483353  4.83465e+22 
 158    3.8304131  5.44131e+22 
 159    3.9142882  6.44934e+22 
 160    4.0000000  7.07371e+22 
 161    4.0875886  7.35814e+22 
 162    4.1770951  8.36372e+22 
 163    4.2685616  1.02543e+23 
 164    4.3620309  1.16148e+23 
 165    4.4575470  1.30558e+23 
 166    4.5551545  1.68761e+23 
 167    4.6548994  2.19353e+23 
 168    4.7568285  2.55701e+23 
 169    4.8609894  3.19192e+23 
 170    4.9674312  3.63424e+23 
 171    5.0762038  4.10466e+23 
 172    5.1873582  4.66805e+23 
 173    5.3009466  4.93968e+23 
 174    5.4170222  5.20184e+23 
 175    5.5356395  5.47065e+23 
 176    5.6568542  5.49215e+23 
 177    5.7807232  5.46941e+23 
 178    5.9073046  5.24171e+23 
 179    6.0366577  4.97280e+23 
 180    6.1688433  4.62036e+23 
 181    6.3039234  4.12249e+23 
 182    6.4419613  3.70663e+23 
 183    6.5830219  3.27998e+23 
 184    6.7271713  2.83245e+23 
 185    6.8744772  2.61509e+23 
 186    7.0250086  2.39752e+23 
 187    7.1788363  2.15510e+23 
 188    7.3360323  2.00467e+23 
 189    7.4966705  1.97667e+23 


# S-band (filter: Spitzer_IRAC2.dat)
   0    0.1250000  2.91382e+26 
   1    0.1277371  2.90661e+26 
   2    0.1305342  2.89925e+26 
   3    0.1333926  2.89172e+26 
   4    0.1363135  2.94251e+26 
   5    0.1392983  2.93012e+26 
   6    0.1423486  2.89404e+26 
   7    0.1454656  2.80986e+26 
   8    0.1486509  2.77568e+26 
   9    0.1519059  2.69807e+26 
  10    0.1552322  2.64826e+26 
  11    0.1586314  2.61116e+26 
  12    0.1621049  2.53272e+26 
  13    0.1656546  2.48015e+26 
  14    0.1692819  2.43904e+26 
  15    0.1729887  2.33691e+26 
  16    0.1767767  2.24857e+26 
  17    0.1806476  2.17222e+26 
  18    0.1846033  2.11258e+26 
  19    0.1886456  2.04244e+26 
  20    0.1927764  1.96172e+26 
  21    0.1969976  1.90035e+26 
  22    0.2013113  1.81629e+26 
  23    0.2057194  1.74301e+26 
  24    0.2102241  1.69787e+26 
  25    0.2148274  1.64359e+26 
  26    0.2195315  1.57868e+26 
  27    0.2243386  1.52795e+26 
  28    0.2292510  1.47193e+26 
  29    0.2342710  1.42203e+26 
  30    0.2394008  1.36020e+26 
  31    0.2446430  1.30654e+26 
  32    0.2500000  1.24417e+26 
  33    0.2554743  1.17684e+26 
  34    0.2610684  1.12992e+26 
  35    0.2667851  1.08143e+26 
  36    0.2726269  1.03009e+26 
  37    0.2785967  9.80748e+25 
  38    0.2846972  9.15187e+25 
  39    0.2909312  8.45469e+25 
  40    0.2973018  7.93078e+25 
  41    0.3038118  7.55349e+25 
  42    0.3104645  7.19421e+25 
  43    0.3172627  6.73902e+25 
  44    0.3242099  6.44883e+25 
  45    0.3313092  6.06784e+25 
  46    0.3385639  5.85109e+25 
  47    0.3459775  5.51423e+25 
  48    0.3535534  5.21727e+25 
  49    0.3612952  4.91334e+25 
  50    0.3692065  4.72731e+25 
  51    0.3772911  4.53857e+25 
  52    0.3855527  4.33664e+25 
  53    0.3939952  4.08515e+25 
  54    0.4026226  3.81963e+25 
  55    0.4114389  3.60522e+25 
  56    0.4204482  3.41724e+25 
  57    0.4296548  3.20362e+25 
  58    0.4390630  2.99888e+25 
  59    0.4486773  2.80518e+25 
  60    0.4585020  2.60162e+25 
  61    0.4685419  2.49047e+25 
  62    0.4788016  2.28470e+25 
  63    0.4892860  2.21244e+25 
  64    0.5000000  2.08893e+25 
  65    0.5109486  1.98719e+25 
  66    0.5221369  1.87149e+25 
  67    0.5335702  1.76550e+25 
  68    0.5452539  1.72542e+25 
  69    0.5571934  1.64906e+25 
  70    0.5693943  1.56655e+25 
  71    0.5818624  1.50497e+25 
  72    0.5946036  1.45152e+25 
  73    0.6076237  1.35651e+25 
  74    0.6209289  1.29478e+25 
  75    0.6345255  1.22217e+25 
  76    0.6484198  1.16724e+25 
  77    0.6626183  1.11514e+25 
  78    0.6771278  1.07784e+25 
  79    0.6919549  1.01654e+25 
  80    0.7071068  9.16152e+24 
  81    0.7225904  8.66547e+24 
  82    0.7384131  7.96800e+24 
  83    0.7545822  7.60621e+24 
  84    0.7711054  7.06774e+24 
  85    0.7879904  6.80201e+24 
  86    0.8052452  6.22814e+24 
  87    0.8228777  5.63061e+24 
  88    0.8408964  5.19161e+24 
  89    0.8593096  4.87361e+24 
  90    0.8781261  4.44432e+24 
  91    0.8973545  4.22585e+24 
  92    0.9170040  4.03553e+24 
  93    0.9370838  3.78785e+24 
  94    0.9576033  3.67925e+24 
  95    0.9785721  3.33202e+24 
  96    1.0000000  3.13798e+24 
  97    1.0218971  2.85815e+24 
  98    1.0442738  2.75389e+24 
  99    1.0671404  2.56667e+24 
 100    1.0905077  2.46121e+24 
 101    1.1143867  2.28453e+24 
 102    1.1387886  2.27260e+24 
 103    1.1637249  2.10640e+24 
 104    1.1892071  1.89189e+24 
 105    1.2152474  1.86199e+24 
 106    1.2418578  1.70243e+24 
 107    1.2690510  1.66626e+24 
 108    1.2968396  1.55156e+24 
 109    1.3252366  1.47367e+24 
 110    1.3542555  1.42519e+24 
 111    1.3839099  1.29196e+24 
 112    1.4142136  1.18903e+24 
 113    1.4451808  1.11810e+24 
 114    1.4768261  9.57161e+23 
 115    1.5091644  8.36477e+23 
 116    1.5422108  7.91342e+23 
 117    1.5759808  6.85075e+23 
 118    1.6104903  6.00224e+23 
 119    1.6457555  5.22475e+23 
 120    1.6817928  4.86379e+23 
 121    1.7186193  4.20601e+23 
 122    1.7562522  3.15728e+23 
 123    1.7947091  2.78886e+23 
 124    1.8340081  2.31036e+23 
 125    1.8741676  1.80024e+23 
 126    1.9152066  1.56963e+23 
 127    1.9571441  1.29371e+23 
 128    2.0000000  1.00621e+23 
 129    2.0437943  8.36748e+22 
 130    2.0885476  6.36017e+22 
 131    2.1342808  4.02982e+22 
 132    2.1810155  1.01739e+22 
 133    2.2287735  1.01783e+22 
 134    2.2775773  8.83120e+21 
 135    2.3274497  8.53548e+21 
 136    2.3784142  2.29272e+21 
 137    2.4304947  1.92798e+21 
 138    2.4837156  1.96923e+21 
 139    2.5381019  4.41270e+18 
 140    2.5936791  3.89521e+18 
 141    2.6504733  3.83292e+18 
 142    2.7085111  3.97876e+18 
 143    2.7678198  3.03234e+18 
 144    2.8284271  0.00000e+00 
 145    2.8903616  0.00000e+00 
 146    2.9536523  0.00000e+00 
 147    3.0183289  0.00000e+00 
 148    3.0844217  0.00000e+00 
 149    3.1519617  0.00000e+00 
 150    3.2209807  2.32146e+16 
 151    3.2915110  4.05336e+16 
 152    3.3635857  3.68438e+16 
 153    3.4372386  4.02865e+16 
 154    3.5125043  5.04208e+16 
 155    3.5894182  8.59382e+16 
 156    3.6680162  8.66112e+18 
 157    3.7483353  9.85595e+18 
 158    3.8304131  9.52323e+20 
 159    3.9142882  1.07319e+21 
 160    4.0000000  2.80255e+21 
 161    4.0875886  6.63989e+21 
 162    4.1770951  9.11857e+21 
 163    4.2685616  1.03129e+22 
 164    4.3620309  1.22300e+22 
 165    4.4575470  1.80709e+22 
 166    4.5551545  1.83507e+22 
 167    4.6548994  2.17510e+22 
 168    4.7568285  2.42518e+22 
 169    4.8609894  2.99339e+22 
 170    4.9674312  3.66636e+22 
 171    5.0762038  4.55163e+22 
 172    5.1873582  4.90095e+22 
 173    5.3009466  5.54566e+22 
 174    5.4170222  6.82915e+22 
 175    5.5356395  7.82140e+22 
 176    5.6568542  7.98812e+22 
 177    5.7807232  8.36430e+22 
 178    5.9073046  9.01499e+22 
 179    6.0366577  9.18870e+22 
 180    6.1688433  9.28950e+22 
 181    6.3039234  8.86387e+22 
 182    6.4419613  8.25114e+22 
 183    6.5830219  7.57550e+22 
 184    6.7271713  6.85252e+22 
 185    6.8744772  6.14329e+22 
 186    7.0250086  4.84486e+22 
 187    7.1788363  3.84495e+22 
 188    7.3360323  2.78371e+22 
 189    7.4966705  1.56772e+22 


