# 1:iteration 2:time bin[s] 3-k:AB magnitude for k-th angular bin
# g-band (filter: g_LSST.dat)
   0    0.1250000 -1.48804e+01 
   1    0.1277371 -1.48863e+01 
   2    0.1305342 -1.48923e+01 
   3    0.1333926 -1.48984e+01 
   4    0.1363135 -1.49029e+01 
   5    0.1392983 -1.49062e+01 
   6    0.1423486 -1.49080e+01 
   7    0.1454656 -1.49080e+01 
   8    0.1486509 -1.49072e+01 
   9    0.1519059 -1.49049e+01 
  10    0.1552322 -1.49008e+01 
  11    0.1586314 -1.48957e+01 
  12    0.1621049 -1.48894e+01 
  13    0.1656546 -1.48820e+01 
  14    0.1692819 -1.48739e+01 
  15    0.1729887 -1.48644e+01 
  16    0.1767767 -1.48536e+01 
  17    0.1806476 -1.48418e+01 
  18    0.1846033 -1.48292e+01 
  19    0.1886456 -1.48152e+01 
  20    0.1927764 -1.47997e+01 
  21    0.1969976 -1.47837e+01 
  22    0.2013113 -1.47655e+01 
  23    0.2057194 -1.47462e+01 
  24    0.2102241 -1.47253e+01 
  25    0.2148274 -1.47020e+01 
  26    0.2195315 -1.46762e+01 
  27    0.2243386 -1.46489e+01 
  28    0.2292510 -1.46181e+01 
  29    0.2342710 -1.45840e+01 
  30    0.2394008 -1.45478e+01 
  31    0.2446430 -1.45069e+01 
  32    0.2500000 -1.44621e+01 
  33    0.2554743 -1.44139e+01 
  34    0.2610684 -1.43602e+01 
  35    0.2667851 -1.43006e+01 
  36    0.2726269 -1.42357e+01 
  37    0.2785967 -1.41670e+01 
  38    0.2846972 -1.40919e+01 
  39    0.2909312 -1.40119e+01 
  40    0.2973018 -1.39271e+01 
  41    0.3038118 -1.38377e+01 
  42    0.3104645 -1.37444e+01 
  43    0.3172627 -1.36460e+01 
  44    0.3242099 -1.35447e+01 
  45    0.3313092 -1.34391e+01 
  46    0.3385639 -1.33299e+01 
  47    0.3459775 -1.32171e+01 
  48    0.3535534 -1.31002e+01 
  49    0.3612952 -1.29801e+01 
  50    0.3692065 -1.28530e+01 
  51    0.3772911 -1.27196e+01 
  52    0.3855527 -1.25807e+01 
  53    0.3939952 -1.24261e+01 
  54    0.4026226 -1.22598e+01 
  55    0.4114389 -1.20865e+01 
  56    0.4204482 -1.18984e+01 
  57    0.4296548 -1.17064e+01 
  58    0.4390630 -1.15136e+01 
  59    0.4486773 -1.13110e+01 
  60    0.4585020 -1.11181e+01 
  61    0.4685419 -1.09243e+01 
  62    0.4788016 -1.07266e+01 
  63    0.4892860 -1.05400e+01 
  64    0.5000000 -1.03560e+01 
  65    0.5109486 -1.01805e+01 
  66    0.5221369 -1.00094e+01 
  67    0.5335702 -9.84957e+00 
  68    0.5452539 -9.69623e+00 
  69    0.5571934 -9.55139e+00 
  70    0.5693943 -9.41467e+00 
  71    0.5818624 -9.27844e+00 
  72    0.5946036 -9.14586e+00 
  73    0.6076237 -9.02521e+00 
  74    0.6209289 -8.90621e+00 
  75    0.6345255 -8.79380e+00 
  76    0.6484198 -8.68940e+00 
  77    0.6626183 -8.58884e+00 
  78    0.6771278 -8.49793e+00 
  79    0.6919549 -8.41361e+00 
  80    0.7071068 -8.33420e+00 
  81    0.7225904 -8.25845e+00 
  82    0.7384131 -8.18810e+00 
  83    0.7545822 -8.12757e+00 
  84    0.7711054 -8.07113e+00 
  85    0.7879904 -8.01688e+00 
  86    0.8052452 -7.96467e+00 
  87    0.8228777 -7.91851e+00 
  88    0.8408964 -7.87619e+00 
  89    0.8593096 -7.83647e+00 
  90    0.8781261 -7.79827e+00 
  91    0.8973545 -7.76276e+00 
  92    0.9170040 -7.73072e+00 
  93    0.9370838 -7.69990e+00 
  94    0.9576033 -7.66898e+00 
  95    0.9785721 -7.63908e+00 
  96    1.0000000 -7.60849e+00 
  97    1.0218971 -7.57748e+00 
  98    1.0442738 -7.54743e+00 
  99    1.0671404 -7.51598e+00 
 100    1.0905077 -7.48342e+00 
 101    1.1143867 -7.44874e+00 
 102    1.1387886 -7.41299e+00 
 103    1.1637249 -7.37688e+00 
 104    1.1892071 -7.33778e+00 
 105    1.2152474 -7.29758e+00 
 106    1.2418578 -7.25658e+00 
 107    1.2690510 -7.21315e+00 
 108    1.2968396 -7.16867e+00 
 109    1.3252366 -7.12399e+00 
 110    1.3542555 -7.07759e+00 
 111    1.3839099 -7.03146e+00 
 112    1.4142136 -6.98475e+00 
 113    1.4451808 -6.93952e+00 
 114    1.4768261 -6.89301e+00 
 115    1.5091644 -6.84635e+00 
 116    1.5422108 -6.79985e+00 
 117    1.5759808 -6.75242e+00 
 118    1.6104903 -6.70617e+00 
 119    1.6457555 -6.66023e+00 
 120    1.6817928 -6.61482e+00 
 121    1.7186193 -6.56799e+00 
 122    1.7562522 -6.52315e+00 
 123    1.7947091 -6.47776e+00 
 124    1.8340081 -6.43213e+00 
 125    1.8741676 -6.38598e+00 
 126    1.9152066 -6.34067e+00 
 127    1.9571441 -6.29540e+00 
 128    2.0000000 -6.24948e+00 
 129    2.0437943 -6.20464e+00 
 130    2.0885476 -6.15917e+00 
 131    2.1342808 -6.11308e+00 
 132    2.1810155 -6.06701e+00 
 133    2.2287735 -6.02089e+00 
 134    2.2775773 -5.97440e+00 
 135    2.3274497 -5.92886e+00 
 136    2.3784142 -5.88187e+00 
 137    2.4304947 -5.83556e+00 
 138    2.4837156 -5.78899e+00 
 139    2.5381019 -5.74116e+00 
 140    2.5936791 -5.69369e+00 
 141    2.6504733 -5.64535e+00 
 142    2.7085111 -5.59745e+00 
 143    2.7678198 -5.54917e+00 
 144    2.8284271 -5.50187e+00 
 145    2.8903616 -5.45436e+00 
 146    2.9536523 -5.40627e+00 
 147    3.0183289 -5.35812e+00 
 148    3.0844217 -5.30980e+00 
 149    3.1519617 -5.26117e+00 
 150    3.2209807 -5.21248e+00 
 151    3.2915110 -5.16454e+00 
 152    3.3635857 -5.11558e+00 
 153    3.4372386 -5.06712e+00 
 154    3.5125043 -5.01823e+00 
 155    3.5894182 -4.96949e+00 
 156    3.6680162 -4.92029e+00 
 157    3.7483353 -4.87135e+00 
 158    3.8304131 -4.82216e+00 
 159    3.9142882 -4.77219e+00 
 160    4.0000000 -4.72324e+00 
 161    4.0875886 -4.67437e+00 
 162    4.1770951 -4.62486e+00 
 163    4.2685616 -4.57570e+00 
 164    4.3620309 -4.52682e+00 
 165    4.4575470 -4.47696e+00 
 166    4.5551545 -4.42785e+00 
 167    4.6548994 -4.37878e+00 
 168    4.7568285 -4.32887e+00 
 169    4.8609894 -4.27945e+00 
 170    4.9674312 -4.22990e+00 
 171    5.0762038 -4.18012e+00 
 172    5.1873582 -4.13001e+00 
 173    5.3009466 -4.08001e+00 
 174    5.4170222 -4.03006e+00 
 175    5.5356395 -3.97952e+00 
 176    5.6568542 -3.92892e+00 
 177    5.7807232 -3.87869e+00 
 178    5.9073046 -3.82733e+00 
 179    6.0366577 -3.77636e+00 
 180    6.1688433 -3.72521e+00 
 181    6.3039234 -3.67312e+00 
 182    6.4419613 -3.62109e+00 
 183    6.5830219 -3.56967e+00 
 184    6.7271713 -3.51738e+00 
 185    6.8744772 -3.46511e+00 
 186    7.0250086 -3.41215e+00 
 187    7.1788363 -3.35835e+00 
 188    7.3360323 -3.30396e+00 
 189    7.4966705 -3.24969e+00 


# r-band (filter: r_LSST.dat)
   0    0.1250000 -1.49168e+01 
   1    0.1277371 -1.49326e+01 
   2    0.1305342 -1.49488e+01 
   3    0.1333926 -1.49653e+01 
   4    0.1363135 -1.49809e+01 
   5    0.1392983 -1.49951e+01 
   6    0.1423486 -1.50081e+01 
   7    0.1454656 -1.50198e+01 
   8    0.1486509 -1.50302e+01 
   9    0.1519059 -1.50397e+01 
  10    0.1552322 -1.50481e+01 
  11    0.1586314 -1.50556e+01 
  12    0.1621049 -1.50623e+01 
  13    0.1656546 -1.50677e+01 
  14    0.1692819 -1.50719e+01 
  15    0.1729887 -1.50756e+01 
  16    0.1767767 -1.50781e+01 
  17    0.1806476 -1.50801e+01 
  18    0.1846033 -1.50810e+01 
  19    0.1886456 -1.50809e+01 
  20    0.1927764 -1.50802e+01 
  21    0.1969976 -1.50786e+01 
  22    0.2013113 -1.50758e+01 
  23    0.2057194 -1.50724e+01 
  24    0.2102241 -1.50684e+01 
  25    0.2148274 -1.50630e+01 
  26    0.2195315 -1.50566e+01 
  27    0.2243386 -1.50495e+01 
  28    0.2292510 -1.50413e+01 
  29    0.2342710 -1.50317e+01 
  30    0.2394008 -1.50210e+01 
  31    0.2446430 -1.50088e+01 
  32    0.2500000 -1.49956e+01 
  33    0.2554743 -1.49813e+01 
  34    0.2610684 -1.49654e+01 
  35    0.2667851 -1.49478e+01 
  36    0.2726269 -1.49289e+01 
  37    0.2785967 -1.49091e+01 
  38    0.2846972 -1.48876e+01 
  39    0.2909312 -1.48650e+01 
  40    0.2973018 -1.48410e+01 
  41    0.3038118 -1.48159e+01 
  42    0.3104645 -1.47896e+01 
  43    0.3172627 -1.47618e+01 
  44    0.3242099 -1.47324e+01 
  45    0.3313092 -1.47015e+01 
  46    0.3385639 -1.46694e+01 
  47    0.3459775 -1.46353e+01 
  48    0.3535534 -1.45998e+01 
  49    0.3612952 -1.45630e+01 
  50    0.3692065 -1.45244e+01 
  51    0.3772911 -1.44839e+01 
  52    0.3855527 -1.44418e+01 
  53    0.3939952 -1.43973e+01 
  54    0.4026226 -1.43505e+01 
  55    0.4114389 -1.43014e+01 
  56    0.4204482 -1.42466e+01 
  57    0.4296548 -1.41884e+01 
  58    0.4390630 -1.41267e+01 
  59    0.4486773 -1.40619e+01 
  60    0.4585020 -1.39916e+01 
  61    0.4685419 -1.39176e+01 
  62    0.4788016 -1.38393e+01 
  63    0.4892860 -1.37580e+01 
  64    0.5000000 -1.36754e+01 
  65    0.5109486 -1.35889e+01 
  66    0.5221369 -1.35044e+01 
  67    0.5335702 -1.34203e+01 
  68    0.5452539 -1.33342e+01 
  69    0.5571934 -1.32501e+01 
  70    0.5693943 -1.31673e+01 
  71    0.5818624 -1.30871e+01 
  72    0.5946036 -1.30171e+01 
  73    0.6076237 -1.29578e+01 
  74    0.6209289 -1.29001e+01 
  75    0.6345255 -1.28483e+01 
  76    0.6484198 -1.27910e+01 
  77    0.6626183 -1.27346e+01 
  78    0.6771278 -1.26562e+01 
  79    0.6919549 -1.25631e+01 
  80    0.7071068 -1.24698e+01 
  81    0.7225904 -1.23783e+01 
  82    0.7384131 -1.22903e+01 
  83    0.7545822 -1.22080e+01 
  84    0.7711054 -1.21088e+01 
  85    0.7879904 -1.20229e+01 
  86    0.8052452 -1.19336e+01 
  87    0.8228777 -1.18455e+01 
  88    0.8408964 -1.17671e+01 
  89    0.8593096 -1.16954e+01 
  90    0.8781261 -1.16402e+01 
  91    0.8973545 -1.15951e+01 
  92    0.9170040 -1.15581e+01 
  93    0.9370838 -1.15218e+01 
  94    0.9576033 -1.14818e+01 
  95    0.9785721 -1.14299e+01 
  96    1.0000000 -1.13781e+01 
  97    1.0218971 -1.13071e+01 
  98    1.0442738 -1.12271e+01 
  99    1.0671404 -1.11424e+01 
 100    1.0905077 -1.10448e+01 
 101    1.1143867 -1.09433e+01 
 102    1.1387886 -1.08354e+01 
 103    1.1637249 -1.07135e+01 
 104    1.1892071 -1.05879e+01 
 105    1.2152474 -1.04525e+01 
 106    1.2418578 -1.03127e+01 
 107    1.2690510 -1.01673e+01 
 108    1.2968396 -1.00174e+01 
 109    1.3252366 -9.86649e+00 
 110    1.3542555 -9.71340e+00 
 111    1.3839099 -9.56326e+00 
 112    1.4142136 -9.40972e+00 
 113    1.4451808 -9.26530e+00 
 114    1.4768261 -9.12654e+00 
 115    1.5091644 -8.98589e+00 
 116    1.5422108 -8.86269e+00 
 117    1.5759808 -8.74777e+00 
 118    1.6104903 -8.63835e+00 
 119    1.6457555 -8.54489e+00 
 120    1.6817928 -8.46002e+00 
 121    1.7186193 -8.38580e+00 
 122    1.7562522 -8.31944e+00 
 123    1.7947091 -8.25958e+00 
 124    1.8340081 -8.20499e+00 
 125    1.8741676 -8.15573e+00 
 126    1.9152066 -8.10872e+00 
 127    1.9571441 -8.06417e+00 
 128    2.0000000 -8.01979e+00 
 129    2.0437943 -7.97685e+00 
 130    2.0885476 -7.93389e+00 
 131    2.1342808 -7.89090e+00 
 132    2.1810155 -7.84840e+00 
 133    2.2287735 -7.80594e+00 
 134    2.2775773 -7.76348e+00 
 135    2.3274497 -7.72082e+00 
 136    2.3784142 -7.67864e+00 
 137    2.4304947 -7.63596e+00 
 138    2.4837156 -7.59302e+00 
 139    2.5381019 -7.54987e+00 
 140    2.5936791 -7.50667e+00 
 141    2.6504733 -7.46313e+00 
 142    2.7085111 -7.41984e+00 
 143    2.7678198 -7.37573e+00 
 144    2.8284271 -7.33116e+00 
 145    2.8903616 -7.28638e+00 
 146    2.9536523 -7.24137e+00 
 147    3.0183289 -7.19550e+00 
 148    3.0844217 -7.14952e+00 
 149    3.1519617 -7.10328e+00 
 150    3.2209807 -7.05643e+00 
 151    3.2915110 -7.00961e+00 
 152    3.3635857 -6.96245e+00 
 153    3.4372386 -6.91492e+00 
 154    3.5125043 -6.86722e+00 
 155    3.5894182 -6.81932e+00 
 156    3.6680162 -6.77103e+00 
 157    3.7483353 -6.72288e+00 
 158    3.8304131 -6.67453e+00 
 159    3.9142882 -6.62594e+00 
 160    4.0000000 -6.57740e+00 
 161    4.0875886 -6.52839e+00 
 162    4.1770951 -6.47900e+00 
 163    4.2685616 -6.42972e+00 
 164    4.3620309 -6.38072e+00 
 165    4.4575470 -6.33112e+00 
 166    4.5551545 -6.28187e+00 
 167    4.6548994 -6.23280e+00 
 168    4.7568285 -6.18327e+00 
 169    4.8609894 -6.13412e+00 
 170    4.9674312 -6.08515e+00 
 171    5.0762038 -6.03620e+00 
 172    5.1873582 -5.98737e+00 
 173    5.3009466 -5.93902e+00 
 174    5.4170222 -5.89101e+00 
 175    5.5356395 -5.84323e+00 
 176    5.6568542 -5.79593e+00 
 177    5.7807232 -5.74903e+00 
 178    5.9073046 -5.70193e+00 
 179    6.0366577 -5.65570e+00 
 180    6.1688433 -5.60987e+00 
 181    6.3039234 -5.56381e+00 
 182    6.4419613 -5.51834e+00 
 183    6.5830219 -5.47345e+00 
 184    6.7271713 -5.42832e+00 
 185    6.8744772 -5.38387e+00 
 186    7.0250086 -5.33873e+00 
 187    7.1788363 -5.29295e+00 
 188    7.3360323 -5.24698e+00 
 189    7.4966705 -5.20119e+00 


# i-band (filter: i_LSST.dat)
   0    0.1250000 -1.44838e+01 
   1    0.1277371 -1.45046e+01 
   2    0.1305342 -1.45257e+01 
   3    0.1333926 -1.45474e+01 
   4    0.1363135 -1.45682e+01 
   5    0.1392983 -1.45883e+01 
   6    0.1423486 -1.46079e+01 
   7    0.1454656 -1.46261e+01 
   8    0.1486509 -1.46439e+01 
   9    0.1519059 -1.46605e+01 
  10    0.1552322 -1.46765e+01 
  11    0.1586314 -1.46926e+01 
  12    0.1621049 -1.47080e+01 
  13    0.1656546 -1.47238e+01 
  14    0.1692819 -1.47394e+01 
  15    0.1729887 -1.47543e+01 
  16    0.1767767 -1.47689e+01 
  17    0.1806476 -1.47824e+01 
  18    0.1846033 -1.47962e+01 
  19    0.1886456 -1.48087e+01 
  20    0.1927764 -1.48193e+01 
  21    0.1969976 -1.48305e+01 
  22    0.2013113 -1.48392e+01 
  23    0.2057194 -1.48462e+01 
  24    0.2102241 -1.48526e+01 
  25    0.2148274 -1.48554e+01 
  26    0.2195315 -1.48556e+01 
  27    0.2243386 -1.48540e+01 
  28    0.2292510 -1.48469e+01 
  29    0.2342710 -1.48359e+01 
  30    0.2394008 -1.48227e+01 
  31    0.2446430 -1.48038e+01 
  32    0.2500000 -1.47813e+01 
  33    0.2554743 -1.47555e+01 
  34    0.2610684 -1.47247e+01 
  35    0.2667851 -1.46912e+01 
  36    0.2726269 -1.46547e+01 
  37    0.2785967 -1.46157e+01 
  38    0.2846972 -1.45773e+01 
  39    0.2909312 -1.45395e+01 
  40    0.2973018 -1.45004e+01 
  41    0.3038118 -1.44651e+01 
  42    0.3104645 -1.44307e+01 
  43    0.3172627 -1.43971e+01 
  44    0.3242099 -1.43674e+01 
  45    0.3313092 -1.43395e+01 
  46    0.3385639 -1.43139e+01 
  47    0.3459775 -1.42911e+01 
  48    0.3535534 -1.42717e+01 
  49    0.3612952 -1.42536e+01 
  50    0.3692065 -1.42362e+01 
  51    0.3772911 -1.42199e+01 
  52    0.3855527 -1.42042e+01 
  53    0.3939952 -1.41882e+01 
  54    0.4026226 -1.41733e+01 
  55    0.4114389 -1.41581e+01 
  56    0.4204482 -1.41418e+01 
  57    0.4296548 -1.41257e+01 
  58    0.4390630 -1.41086e+01 
  59    0.4486773 -1.40904e+01 
  60    0.4585020 -1.40705e+01 
  61    0.4685419 -1.40497e+01 
  62    0.4788016 -1.40282e+01 
  63    0.4892860 -1.40072e+01 
  64    0.5000000 -1.39840e+01 
  65    0.5109486 -1.39592e+01 
  66    0.5221369 -1.39324e+01 
  67    0.5335702 -1.39041e+01 
  68    0.5452539 -1.38747e+01 
  69    0.5571934 -1.38426e+01 
  70    0.5693943 -1.38095e+01 
  71    0.5818624 -1.37750e+01 
  72    0.5946036 -1.37376e+01 
  73    0.6076237 -1.36966e+01 
  74    0.6209289 -1.36519e+01 
  75    0.6345255 -1.35961e+01 
  76    0.6484198 -1.35294e+01 
  77    0.6626183 -1.34588e+01 
  78    0.6771278 -1.33719e+01 
  79    0.6919549 -1.32820e+01 
  80    0.7071068 -1.31934e+01 
  81    0.7225904 -1.30977e+01 
  82    0.7384131 -1.30104e+01 
  83    0.7545822 -1.29239e+01 
  84    0.7711054 -1.28319e+01 
  85    0.7879904 -1.27507e+01 
  86    0.8052452 -1.26709e+01 
  87    0.8228777 -1.25981e+01 
  88    0.8408964 -1.25328e+01 
  89    0.8593096 -1.24739e+01 
  90    0.8781261 -1.24244e+01 
  91    0.8973545 -1.23797e+01 
  92    0.9170040 -1.23406e+01 
  93    0.9370838 -1.23024e+01 
  94    0.9576033 -1.22645e+01 
  95    0.9785721 -1.22205e+01 
  96    1.0000000 -1.21755e+01 
  97    1.0218971 -1.21178e+01 
  98    1.0442738 -1.20546e+01 
  99    1.0671404 -1.19918e+01 
 100    1.0905077 -1.19209e+01 
 101    1.1143867 -1.18504e+01 
 102    1.1387886 -1.17793e+01 
 103    1.1637249 -1.17003e+01 
 104    1.1892071 -1.16243e+01 
 105    1.2152474 -1.15441e+01 
 106    1.2418578 -1.14628e+01 
 107    1.2690510 -1.13803e+01 
 108    1.2968396 -1.12957e+01 
 109    1.3252366 -1.12114e+01 
 110    1.3542555 -1.11154e+01 
 111    1.3839099 -1.10059e+01 
 112    1.4142136 -1.08919e+01 
 113    1.4451808 -1.07521e+01 
 114    1.4768261 -1.06009e+01 
 115    1.5091644 -1.04380e+01 
 116    1.5422108 -1.02641e+01 
 117    1.5759808 -1.00823e+01 
 118    1.6104903 -9.88717e+00 
 119    1.6457555 -9.70014e+00 
 120    1.6817928 -9.51680e+00 
 121    1.7186193 -9.32782e+00 
 122    1.7562522 -9.16172e+00 
 123    1.7947091 -9.00758e+00 
 124    1.8340081 -8.86826e+00 
 125    1.8741676 -8.74082e+00 
 126    1.9152066 -8.63188e+00 
 127    1.9571441 -8.53398e+00 
 128    2.0000000 -8.45040e+00 
 129    2.0437943 -8.37723e+00 
 130    2.0885476 -8.31241e+00 
 131    2.1342808 -8.25628e+00 
 132    2.1810155 -8.20333e+00 
 133    2.2287735 -8.15422e+00 
 134    2.2775773 -8.10804e+00 
 135    2.3274497 -8.06334e+00 
 136    2.3784142 -8.01858e+00 
 137    2.4304947 -7.97421e+00 
 138    2.4837156 -7.93068e+00 
 139    2.5381019 -7.88780e+00 
 140    2.5936791 -7.84459e+00 
 141    2.6504733 -7.80190e+00 
 142    2.7085111 -7.75842e+00 
 143    2.7678198 -7.71528e+00 
 144    2.8284271 -7.67221e+00 
 145    2.8903616 -7.62929e+00 
 146    2.9536523 -7.58528e+00 
 147    3.0183289 -7.54129e+00 
 148    3.0844217 -7.49763e+00 
 149    3.1519617 -7.45336e+00 
 150    3.2209807 -7.40837e+00 
 151    3.2915110 -7.36266e+00 
 152    3.3635857 -7.31680e+00 
 153    3.4372386 -7.27052e+00 
 154    3.5125043 -7.22419e+00 
 155    3.5894182 -7.17721e+00 
 156    3.6680162 -7.12949e+00 
 157    3.7483353 -7.08137e+00 
 158    3.8304131 -7.03301e+00 
 159    3.9142882 -6.98367e+00 
 160    4.0000000 -6.93416e+00 
 161    4.0875886 -6.88449e+00 
 162    4.1770951 -6.83435e+00 
 163    4.2685616 -6.78452e+00 
 164    4.3620309 -6.73464e+00 
 165    4.4575470 -6.68379e+00 
 166    4.5551545 -6.63308e+00 
 167    4.6548994 -6.58144e+00 
 168    4.7568285 -6.52998e+00 
 169    4.8609894 -6.47898e+00 
 170    4.9674312 -6.42730e+00 
 171    5.0762038 -6.37566e+00 
 172    5.1873582 -6.32355e+00 
 173    5.3009466 -6.27193e+00 
 174    5.4170222 -6.22001e+00 
 175    5.5356395 -6.16782e+00 
 176    5.6568542 -6.11570e+00 
 177    5.7807232 -6.06409e+00 
 178    5.9073046 -6.01239e+00 
 179    6.0366577 -5.96161e+00 
 180    6.1688433 -5.91069e+00 
 181    6.3039234 -5.85960e+00 
 182    6.4419613 -5.80968e+00 
 183    6.5830219 -5.76014e+00 
 184    6.7271713 -5.71050e+00 
 185    6.8744772 -5.66191e+00 
 186    7.0250086 -5.61245e+00 
 187    7.1788363 -5.56265e+00 
 188    7.3360323 -5.51276e+00 
 189    7.4966705 -5.46330e+00 


# z-band (filter: z_LSST.dat)
   0    0.1250000 -1.41116e+01 
   1    0.1277371 -1.41314e+01 
   2    0.1305342 -1.41517e+01 
   3    0.1333926 -1.41724e+01 
   4    0.1363135 -1.41913e+01 
   5    0.1392983 -1.42095e+01 
   6    0.1423486 -1.42261e+01 
   7    0.1454656 -1.42420e+01 
   8    0.1486509 -1.42575e+01 
   9    0.1519059 -1.42728e+01 
  10    0.1552322 -1.42881e+01 
  11    0.1586314 -1.43024e+01 
  12    0.1621049 -1.43186e+01 
  13    0.1656546 -1.43346e+01 
  14    0.1692819 -1.43515e+01 
  15    0.1729887 -1.43677e+01 
  16    0.1767767 -1.43860e+01 
  17    0.1806476 -1.44035e+01 
  18    0.1846033 -1.44216e+01 
  19    0.1886456 -1.44395e+01 
  20    0.1927764 -1.44562e+01 
  21    0.1969976 -1.44734e+01 
  22    0.2013113 -1.44904e+01 
  23    0.2057194 -1.45055e+01 
  24    0.2102241 -1.45186e+01 
  25    0.2148274 -1.45269e+01 
  26    0.2195315 -1.45289e+01 
  27    0.2243386 -1.45295e+01 
  28    0.2292510 -1.45197e+01 
  29    0.2342710 -1.45039e+01 
  30    0.2394008 -1.44846e+01 
  31    0.2446430 -1.44542e+01 
  32    0.2500000 -1.44159e+01 
  33    0.2554743 -1.43716e+01 
  34    0.2610684 -1.43166e+01 
  35    0.2667851 -1.42540e+01 
  36    0.2726269 -1.41861e+01 
  37    0.2785967 -1.41121e+01 
  38    0.2846972 -1.40372e+01 
  39    0.2909312 -1.39622e+01 
  40    0.2973018 -1.38831e+01 
  41    0.3038118 -1.38092e+01 
  42    0.3104645 -1.37364e+01 
  43    0.3172627 -1.36645e+01 
  44    0.3242099 -1.35982e+01 
  45    0.3313092 -1.35356e+01 
  46    0.3385639 -1.34760e+01 
  47    0.3459775 -1.34202e+01 
  48    0.3535534 -1.33674e+01 
  49    0.3612952 -1.33182e+01 
  50    0.3692065 -1.32709e+01 
  51    0.3772911 -1.32252e+01 
  52    0.3855527 -1.31802e+01 
  53    0.3939952 -1.31378e+01 
  54    0.4026226 -1.30964e+01 
  55    0.4114389 -1.30545e+01 
  56    0.4204482 -1.30152e+01 
  57    0.4296548 -1.29767e+01 
  58    0.4390630 -1.29408e+01 
  59    0.4486773 -1.29058e+01 
  60    0.4585020 -1.28737e+01 
  61    0.4685419 -1.28444e+01 
  62    0.4788016 -1.28176e+01 
  63    0.4892860 -1.27942e+01 
  64    0.5000000 -1.27744e+01 
  65    0.5109486 -1.27569e+01 
  66    0.5221369 -1.27440e+01 
  67    0.5335702 -1.27350e+01 
  68    0.5452539 -1.27287e+01 
  69    0.5571934 -1.27263e+01 
  70    0.5693943 -1.27253e+01 
  71    0.5818624 -1.27267e+01 
  72    0.5946036 -1.27295e+01 
  73    0.6076237 -1.27298e+01 
  74    0.6209289 -1.27304e+01 
  75    0.6345255 -1.27219e+01 
  76    0.6484198 -1.27057e+01 
  77    0.6626183 -1.26872e+01 
  78    0.6771278 -1.26532e+01 
  79    0.6919549 -1.26142e+01 
  80    0.7071068 -1.25704e+01 
  81    0.7225904 -1.25178e+01 
  82    0.7384131 -1.24611e+01 
  83    0.7545822 -1.23990e+01 
  84    0.7711054 -1.23290e+01 
  85    0.7879904 -1.22583e+01 
  86    0.8052452 -1.21838e+01 
  87    0.8228777 -1.21078e+01 
  88    0.8408964 -1.20309e+01 
  89    0.8593096 -1.19554e+01 
  90    0.8781261 -1.18808e+01 
  91    0.8973545 -1.18094e+01 
  92    0.9170040 -1.17399e+01 
  93    0.9370838 -1.16706e+01 
  94    0.9576033 -1.16044e+01 
  95    0.9785721 -1.15320e+01 
  96    1.0000000 -1.14581e+01 
  97    1.0218971 -1.13732e+01 
  98    1.0442738 -1.12810e+01 
  99    1.0671404 -1.11907e+01 
 100    1.0905077 -1.10908e+01 
 101    1.1143867 -1.09920e+01 
 102    1.1387886 -1.08935e+01 
 103    1.1637249 -1.07857e+01 
 104    1.1892071 -1.06838e+01 
 105    1.2152474 -1.05804e+01 
 106    1.2418578 -1.04744e+01 
 107    1.2690510 -1.03762e+01 
 108    1.2968396 -1.02805e+01 
 109    1.3252366 -1.01902e+01 
 110    1.3542555 -1.01018e+01 
 111    1.3839099 -1.00118e+01 
 112    1.4142136 -9.92474e+00 
 113    1.4451808 -9.83678e+00 
 114    1.4768261 -9.74586e+00 
 115    1.5091644 -9.65129e+00 
 116    1.5422108 -9.55251e+00 
 117    1.5759808 -9.45015e+00 
 118    1.6104903 -9.34367e+00 
 119    1.6457555 -9.23470e+00 
 120    1.6817928 -9.12385e+00 
 121    1.7186193 -9.01148e+00 
 122    1.7562522 -8.90236e+00 
 123    1.7947091 -8.79759e+00 
 124    1.8340081 -8.69753e+00 
 125    1.8741676 -8.59707e+00 
 126    1.9152066 -8.50769e+00 
 127    1.9571441 -8.42450e+00 
 128    2.0000000 -8.34466e+00 
 129    2.0437943 -8.27121e+00 
 130    2.0885476 -8.20193e+00 
 131    2.1342808 -8.13880e+00 
 132    2.1810155 -8.07821e+00 
 133    2.2287735 -8.02046e+00 
 134    2.2775773 -7.96541e+00 
 135    2.3274497 -7.91191e+00 
 136    2.3784142 -7.85860e+00 
 137    2.4304947 -7.80516e+00 
 138    2.4837156 -7.75284e+00 
 139    2.5381019 -7.69912e+00 
 140    2.5936791 -7.64637e+00 
 141    2.6504733 -7.59448e+00 
 142    2.7085111 -7.54200e+00 
 143    2.7678198 -7.48963e+00 
 144    2.8284271 -7.43831e+00 
 145    2.8903616 -7.38650e+00 
 146    2.9536523 -7.33489e+00 
 147    3.0183289 -7.28271e+00 
 148    3.0844217 -7.23058e+00 
 149    3.1519617 -7.17832e+00 
 150    3.2209807 -7.12504e+00 
 151    3.2915110 -7.07225e+00 
 152    3.3635857 -7.01907e+00 
 153    3.4372386 -6.96535e+00 
 154    3.5125043 -6.91195e+00 
 155    3.5894182 -6.85858e+00 
 156    3.6680162 -6.80417e+00 
 157    3.7483353 -6.74959e+00 
 158    3.8304131 -6.69547e+00 
 159    3.9142882 -6.64075e+00 
 160    4.0000000 -6.58566e+00 
 161    4.0875886 -6.52977e+00 
 162    4.1770951 -6.47414e+00 
 163    4.2685616 -6.41784e+00 
 164    4.3620309 -6.36149e+00 
 165    4.4575470 -6.30424e+00 
 166    4.5551545 -6.24791e+00 
 167    4.6548994 -6.19076e+00 
 168    4.7568285 -6.13320e+00 
 169    4.8609894 -6.07673e+00 
 170    4.9674312 -6.01895e+00 
 171    5.0762038 -5.96162e+00 
 172    5.1873582 -5.90391e+00 
 173    5.3009466 -5.84699e+00 
 174    5.4170222 -5.78990e+00 
 175    5.5356395 -5.73241e+00 
 176    5.6568542 -5.67589e+00 
 177    5.7807232 -5.61918e+00 
 178    5.9073046 -5.56225e+00 
 179    6.0366577 -5.50652e+00 
 180    6.1688433 -5.45043e+00 
 181    6.3039234 -5.39425e+00 
 182    6.4419613 -5.33869e+00 
 183    6.5830219 -5.28333e+00 
 184    6.7271713 -5.22830e+00 
 185    6.8744772 -5.17399e+00 
 186    7.0250086 -5.11873e+00 
 187    7.1788363 -5.06297e+00 
 188    7.3360323 -5.00678e+00 
 189    7.4966705 -4.95080e+00 


# y-band (filter: y_LSST.dat)
   0    0.1250000 -1.38411e+01 
   1    0.1277371 -1.38602e+01 
   2    0.1305342 -1.38798e+01 
   3    0.1333926 -1.38998e+01 
   4    0.1363135 -1.39196e+01 
   5    0.1392983 -1.39378e+01 
   6    0.1423486 -1.39551e+01 
   7    0.1454656 -1.39718e+01 
   8    0.1486509 -1.39877e+01 
   9    0.1519059 -1.40043e+01 
  10    0.1552322 -1.40207e+01 
  11    0.1586314 -1.40382e+01 
  12    0.1621049 -1.40577e+01 
  13    0.1656546 -1.40770e+01 
  14    0.1692819 -1.40973e+01 
  15    0.1729887 -1.41192e+01 
  16    0.1767767 -1.41425e+01 
  17    0.1806476 -1.41669e+01 
  18    0.1846033 -1.41921e+01 
  19    0.1886456 -1.42179e+01 
  20    0.1927764 -1.42452e+01 
  21    0.1969976 -1.42739e+01 
  22    0.2013113 -1.43041e+01 
  23    0.2057194 -1.43315e+01 
  24    0.2102241 -1.43594e+01 
  25    0.2148274 -1.43858e+01 
  26    0.2195315 -1.44114e+01 
  27    0.2243386 -1.44364e+01 
  28    0.2292510 -1.44578e+01 
  29    0.2342710 -1.44780e+01 
  30    0.2394008 -1.44973e+01 
  31    0.2446430 -1.45134e+01 
  32    0.2500000 -1.45257e+01 
  33    0.2554743 -1.45354e+01 
  34    0.2610684 -1.45395e+01 
  35    0.2667851 -1.45397e+01 
  36    0.2726269 -1.45355e+01 
  37    0.2785967 -1.45277e+01 
  38    0.2846972 -1.45120e+01 
  39    0.2909312 -1.44907e+01 
  40    0.2973018 -1.44649e+01 
  41    0.3038118 -1.44312e+01 
  42    0.3104645 -1.43924e+01 
  43    0.3172627 -1.43487e+01 
  44    0.3242099 -1.43001e+01 
  45    0.3313092 -1.42478e+01 
  46    0.3385639 -1.41907e+01 
  47    0.3459775 -1.41323e+01 
  48    0.3535534 -1.40728e+01 
  49    0.3612952 -1.40105e+01 
  50    0.3692065 -1.39498e+01 
  51    0.3772911 -1.38898e+01 
  52    0.3855527 -1.38289e+01 
  53    0.3939952 -1.37712e+01 
  54    0.4026226 -1.37138e+01 
  55    0.4114389 -1.36576e+01 
  56    0.4204482 -1.36026e+01 
  57    0.4296548 -1.35481e+01 
  58    0.4390630 -1.34949e+01 
  59    0.4486773 -1.34424e+01 
  60    0.4585020 -1.33906e+01 
  61    0.4685419 -1.33393e+01 
  62    0.4788016 -1.32880e+01 
  63    0.4892860 -1.32375e+01 
  64    0.5000000 -1.31882e+01 
  65    0.5109486 -1.31375e+01 
  66    0.5221369 -1.30881e+01 
  67    0.5335702 -1.30390e+01 
  68    0.5452539 -1.29903e+01 
  69    0.5571934 -1.29416e+01 
  70    0.5693943 -1.28943e+01 
  71    0.5818624 -1.28459e+01 
  72    0.5946036 -1.27980e+01 
  73    0.6076237 -1.27501e+01 
  74    0.6209289 -1.27022e+01 
  75    0.6345255 -1.26546e+01 
  76    0.6484198 -1.26059e+01 
  77    0.6626183 -1.25572e+01 
  78    0.6771278 -1.25078e+01 
  79    0.6919549 -1.24577e+01 
  80    0.7071068 -1.24078e+01 
  81    0.7225904 -1.23563e+01 
  82    0.7384131 -1.23035e+01 
  83    0.7545822 -1.22523e+01 
  84    0.7711054 -1.21991e+01 
  85    0.7879904 -1.21489e+01 
  86    0.8052452 -1.20975e+01 
  87    0.8228777 -1.20460e+01 
  88    0.8408964 -1.19951e+01 
  89    0.8593096 -1.19469e+01 
  90    0.8781261 -1.18978e+01 
  91    0.8973545 -1.18503e+01 
  92    0.9170040 -1.18030e+01 
  93    0.9370838 -1.17575e+01 
  94    0.9576033 -1.17113e+01 
  95    0.9785721 -1.16619e+01 
  96    1.0000000 -1.16125e+01 
  97    1.0218971 -1.15558e+01 
  98    1.0442738 -1.14935e+01 
  99    1.0671404 -1.14277e+01 
 100    1.0905077 -1.13513e+01 
 101    1.1143867 -1.12646e+01 
 102    1.1387886 -1.11712e+01 
 103    1.1637249 -1.10701e+01 
 104    1.1892071 -1.09579e+01 
 105    1.2152474 -1.08383e+01 
 106    1.2418578 -1.07101e+01 
 107    1.2690510 -1.05785e+01 
 108    1.2968396 -1.04432e+01 
 109    1.3252366 -1.03028e+01 
 110    1.3542555 -1.01679e+01 
 111    1.3839099 -1.00347e+01 
 112    1.4142136 -9.90082e+00 
 113    1.4451808 -9.77809e+00 
 114    1.4768261 -9.66202e+00 
 115    1.5091644 -9.54870e+00 
 116    1.5422108 -9.44625e+00 
 117    1.5759808 -9.35031e+00 
 118    1.6104903 -9.26050e+00 
 119    1.6457555 -9.17853e+00 
 120    1.6817928 -9.10116e+00 
 121    1.7186193 -9.02933e+00 
 122    1.7562522 -8.96003e+00 
 123    1.7947091 -8.89482e+00 
 124    1.8340081 -8.83082e+00 
 125    1.8741676 -8.76840e+00 
 126    1.9152066 -8.70615e+00 
 127    1.9571441 -8.64452e+00 
 128    2.0000000 -8.58272e+00 
 129    2.0437943 -8.52007e+00 
 130    2.0885476 -8.45662e+00 
 131    2.1342808 -8.39324e+00 
 132    2.1810155 -8.32875e+00 
 133    2.2287735 -8.26301e+00 
 134    2.2775773 -8.19725e+00 
 135    2.3274497 -8.12963e+00 
 136    2.3784142 -8.06175e+00 
 137    2.4304947 -7.99283e+00 
 138    2.4837156 -7.92401e+00 
 139    2.5381019 -7.85459e+00 
 140    2.5936791 -7.78406e+00 
 141    2.6504733 -7.71425e+00 
 142    2.7085111 -7.64382e+00 
 143    2.7678198 -7.57218e+00 
 144    2.8284271 -7.50114e+00 
 145    2.8903616 -7.42938e+00 
 146    2.9536523 -7.35641e+00 
 147    3.0183289 -7.28392e+00 
 148    3.0844217 -7.21134e+00 
 149    3.1519617 -7.13788e+00 
 150    3.2209807 -7.06362e+00 
 151    3.2915110 -6.98916e+00 
 152    3.3635857 -6.91456e+00 
 153    3.4372386 -6.83884e+00 
 154    3.5125043 -6.76236e+00 
 155    3.5894182 -6.68597e+00 
 156    3.6680162 -6.60848e+00 
 157    3.7483353 -6.53065e+00 
 158    3.8304131 -6.45244e+00 
 159    3.9142882 -6.37314e+00 
 160    4.0000000 -6.29414e+00 
 161    4.0875886 -6.21401e+00 
 162    4.1770951 -6.13296e+00 
 163    4.2685616 -6.05194e+00 
 164    4.3620309 -5.97045e+00 
 165    4.4575470 -5.88794e+00 
 166    4.5551545 -5.80631e+00 
 167    4.6548994 -5.72329e+00 
 168    4.7568285 -5.63970e+00 
 169    4.8609894 -5.55685e+00 
 170    4.9674312 -5.47415e+00 
 171    5.0762038 -5.39113e+00 
 172    5.1873582 -5.30802e+00 
 173    5.3009466 -5.22685e+00 
 174    5.4170222 -5.14594e+00 
 175    5.5356395 -5.06435e+00 
 176    5.6568542 -4.98520e+00 
 177    5.7807232 -4.90691e+00 
 178    5.9073046 -4.82875e+00 
 179    6.0366577 -4.75324e+00 
 180    6.1688433 -4.67900e+00 
 181    6.3039234 -4.60511e+00 
 182    6.4419613 -4.53278e+00 
 183    6.5830219 -4.46187e+00 
 184    6.7271713 -4.39147e+00 
 185    6.8744772 -4.32357e+00 
 186    7.0250086 -4.25530e+00 
 187    7.1788363 -4.18650e+00 
 188    7.3360323 -4.11771e+00 
 189    7.4966705 -4.05022e+00 


# J-band (filter: J_2MASS.dat)
   0    0.1250000 -1.32684e+01 
   1    0.1277371 -1.32813e+01 
   2    0.1305342 -1.32944e+01 
   3    0.1333926 -1.33078e+01 
   4    0.1363135 -1.33216e+01 
   5    0.1392983 -1.33281e+01 
   6    0.1423486 -1.33348e+01 
   7    0.1454656 -1.33395e+01 
   8    0.1486509 -1.33378e+01 
   9    0.1519059 -1.33393e+01 
  10    0.1552322 -1.33427e+01 
  11    0.1586314 -1.33488e+01 
  12    0.1621049 -1.33602e+01 
  13    0.1656546 -1.33758e+01 
  14    0.1692819 -1.33934e+01 
  15    0.1729887 -1.34137e+01 
  16    0.1767767 -1.34344e+01 
  17    0.1806476 -1.34599e+01 
  18    0.1846033 -1.34880e+01 
  19    0.1886456 -1.35192e+01 
  20    0.1927764 -1.35525e+01 
  21    0.1969976 -1.35861e+01 
  22    0.2013113 -1.36201e+01 
  23    0.2057194 -1.36562e+01 
  24    0.2102241 -1.36932e+01 
  25    0.2148274 -1.37315e+01 
  26    0.2195315 -1.37706e+01 
  27    0.2243386 -1.38113e+01 
  28    0.2292510 -1.38526e+01 
  29    0.2342710 -1.38947e+01 
  30    0.2394008 -1.39372e+01 
  31    0.2446430 -1.39793e+01 
  32    0.2500000 -1.40213e+01 
  33    0.2554743 -1.40649e+01 
  34    0.2610684 -1.41067e+01 
  35    0.2667851 -1.41470e+01 
  36    0.2726269 -1.41865e+01 
  37    0.2785967 -1.42247e+01 
  38    0.2846972 -1.42600e+01 
  39    0.2909312 -1.42938e+01 
  40    0.2973018 -1.43249e+01 
  41    0.3038118 -1.43513e+01 
  42    0.3104645 -1.43748e+01 
  43    0.3172627 -1.43964e+01 
  44    0.3242099 -1.44131e+01 
  45    0.3313092 -1.44269e+01 
  46    0.3385639 -1.44385e+01 
  47    0.3459775 -1.44473e+01 
  48    0.3535534 -1.44533e+01 
  49    0.3612952 -1.44566e+01 
  50    0.3692065 -1.44578e+01 
  51    0.3772911 -1.44570e+01 
  52    0.3855527 -1.44551e+01 
  53    0.3939952 -1.44514e+01 
  54    0.4026226 -1.44461e+01 
  55    0.4114389 -1.44402e+01 
  56    0.4204482 -1.44326e+01 
  57    0.4296548 -1.44236e+01 
  58    0.4390630 -1.44132e+01 
  59    0.4486773 -1.44015e+01 
  60    0.4585020 -1.43881e+01 
  61    0.4685419 -1.43728e+01 
  62    0.4788016 -1.43561e+01 
  63    0.4892860 -1.43368e+01 
  64    0.5000000 -1.43147e+01 
  65    0.5109486 -1.42907e+01 
  66    0.5221369 -1.42638e+01 
  67    0.5335702 -1.42345e+01 
  68    0.5452539 -1.42033e+01 
  69    0.5571934 -1.41697e+01 
  70    0.5693943 -1.41341e+01 
  71    0.5818624 -1.40959e+01 
  72    0.5946036 -1.40565e+01 
  73    0.6076237 -1.40154e+01 
  74    0.6209289 -1.39726e+01 
  75    0.6345255 -1.39287e+01 
  76    0.6484198 -1.38844e+01 
  77    0.6626183 -1.38401e+01 
  78    0.6771278 -1.37967e+01 
  79    0.6919549 -1.37540e+01 
  80    0.7071068 -1.37127e+01 
  81    0.7225904 -1.36717e+01 
  82    0.7384131 -1.36341e+01 
  83    0.7545822 -1.35980e+01 
  84    0.7711054 -1.35624e+01 
  85    0.7879904 -1.35309e+01 
  86    0.8052452 -1.35015e+01 
  87    0.8228777 -1.34733e+01 
  88    0.8408964 -1.34488e+01 
  89    0.8593096 -1.34258e+01 
  90    0.8781261 -1.34044e+01 
  91    0.8973545 -1.33855e+01 
  92    0.9170040 -1.33683e+01 
  93    0.9370838 -1.33523e+01 
  94    0.9576033 -1.33381e+01 
  95    0.9785721 -1.33251e+01 
  96    1.0000000 -1.33138e+01 
  97    1.0218971 -1.33016e+01 
  98    1.0442738 -1.32885e+01 
  99    1.0671404 -1.32758e+01 
 100    1.0905077 -1.32600e+01 
 101    1.1143867 -1.32421e+01 
 102    1.1387886 -1.32214e+01 
 103    1.1637249 -1.31984e+01 
 104    1.1892071 -1.31693e+01 
 105    1.2152474 -1.31340e+01 
 106    1.2418578 -1.30947e+01 
 107    1.2690510 -1.30450e+01 
 108    1.2968396 -1.29877e+01 
 109    1.3252366 -1.29246e+01 
 110    1.3542555 -1.28486e+01 
 111    1.3839099 -1.27631e+01 
 112    1.4142136 -1.26697e+01 
 113    1.4451808 -1.25604e+01 
 114    1.4768261 -1.24392e+01 
 115    1.5091644 -1.23078e+01 
 116    1.5422108 -1.21588e+01 
 117    1.5759808 -1.19988e+01 
 118    1.6104903 -1.18296e+01 
 119    1.6457555 -1.16521e+01 
 120    1.6817928 -1.14736e+01 
 121    1.7186193 -1.12880e+01 
 122    1.7562522 -1.11140e+01 
 123    1.7947091 -1.09474e+01 
 124    1.8340081 -1.07869e+01 
 125    1.8741676 -1.06292e+01 
 126    1.9152066 -1.04900e+01 
 127    1.9571441 -1.03603e+01 
 128    2.0000000 -1.02429e+01 
 129    2.0437943 -1.01375e+01 
 130    2.0885476 -1.00420e+01 
 131    2.1342808 -9.95715e+00 
 132    2.1810155 -9.87732e+00 
 133    2.2287735 -9.80284e+00 
 134    2.2775773 -9.73212e+00 
 135    2.3274497 -9.66237e+00 
 136    2.3784142 -9.59412e+00 
 137    2.4304947 -9.52583e+00 
 138    2.4837156 -9.45785e+00 
 139    2.5381019 -9.38958e+00 
 140    2.5936791 -9.32061e+00 
 141    2.6504733 -9.25198e+00 
 142    2.7085111 -9.18286e+00 
 143    2.7678198 -9.11320e+00 
 144    2.8284271 -9.04321e+00 
 145    2.8903616 -8.97232e+00 
 146    2.9536523 -8.90146e+00 
 147    3.0183289 -8.82976e+00 
 148    3.0844217 -8.75741e+00 
 149    3.1519617 -8.68431e+00 
 150    3.2209807 -8.61036e+00 
 151    3.2915110 -8.53603e+00 
 152    3.3635857 -8.46127e+00 
 153    3.4372386 -8.38489e+00 
 154    3.5125043 -8.30842e+00 
 155    3.5894182 -8.23098e+00 
 156    3.6680162 -8.15261e+00 
 157    3.7483353 -8.07366e+00 
 158    3.8304131 -7.99374e+00 
 159    3.9142882 -7.91287e+00 
 160    4.0000000 -7.83137e+00 
 161    4.0875886 -7.74900e+00 
 162    4.1770951 -7.66546e+00 
 163    4.2685616 -7.58092e+00 
 164    4.3620309 -7.49538e+00 
 165    4.4575470 -7.40873e+00 
 166    4.5551545 -7.32065e+00 
 167    4.6548994 -7.23153e+00 
 168    4.7568285 -7.14094e+00 
 169    4.8609894 -7.04909e+00 
 170    4.9674312 -6.95582e+00 
 171    5.0762038 -6.86076e+00 
 172    5.1873582 -6.76441e+00 
 173    5.3009466 -6.66641e+00 
 174    5.4170222 -6.56683e+00 
 175    5.5356395 -6.46537e+00 
 176    5.6568542 -6.36209e+00 
 177    5.7807232 -6.25698e+00 
 178    5.9073046 -6.14981e+00 
 179    6.0366577 -6.03991e+00 
 180    6.1688433 -5.92812e+00 
 181    6.3039234 -5.81433e+00 
 182    6.4419613 -5.69757e+00 
 183    6.5830219 -5.57874e+00 
 184    6.7271713 -5.45714e+00 
 185    6.8744772 -5.33239e+00 
 186    7.0250086 -5.20507e+00 
 187    7.1788363 -5.07496e+00 
 188    7.3360323 -4.94191e+00 
 189    7.4966705 -4.80589e+00 


# H-band (filter: H_2MASS.dat)
   0    0.1250000 -1.32702e+01 
   1    0.1277371 -1.32474e+01 
   2    0.1305342 -1.32242e+01 
   3    0.1333926 -1.32004e+01 
   4    0.1363135 -1.31649e+01 
   5    0.1392983 -1.31247e+01 
   6    0.1423486 -1.30738e+01 
   7    0.1454656 -1.30193e+01 
   8    0.1486509 -1.29561e+01 
   9    0.1519059 -1.29039e+01 
  10    0.1552322 -1.28545e+01 
  11    0.1586314 -1.27979e+01 
  12    0.1621049 -1.27534e+01 
  13    0.1656546 -1.27194e+01 
  14    0.1692819 -1.26916e+01 
  15    0.1729887 -1.26704e+01 
  16    0.1767767 -1.26565e+01 
  17    0.1806476 -1.26504e+01 
  18    0.1846033 -1.26551e+01 
  19    0.1886456 -1.26691e+01 
  20    0.1927764 -1.26840e+01 
  21    0.1969976 -1.27074e+01 
  22    0.2013113 -1.27397e+01 
  23    0.2057194 -1.27767e+01 
  24    0.2102241 -1.28162e+01 
  25    0.2148274 -1.28575e+01 
  26    0.2195315 -1.28970e+01 
  27    0.2243386 -1.29422e+01 
  28    0.2292510 -1.29882e+01 
  29    0.2342710 -1.30317e+01 
  30    0.2394008 -1.30766e+01 
  31    0.2446430 -1.31146e+01 
  32    0.2500000 -1.31538e+01 
  33    0.2554743 -1.31906e+01 
  34    0.2610684 -1.32178e+01 
  35    0.2667851 -1.32443e+01 
  36    0.2726269 -1.32661e+01 
  37    0.2785967 -1.32851e+01 
  38    0.2846972 -1.33006e+01 
  39    0.2909312 -1.33116e+01 
  40    0.2973018 -1.33186e+01 
  41    0.3038118 -1.33196e+01 
  42    0.3104645 -1.33175e+01 
  43    0.3172627 -1.33118e+01 
  44    0.3242099 -1.33003e+01 
  45    0.3313092 -1.32846e+01 
  46    0.3385639 -1.32678e+01 
  47    0.3459775 -1.32493e+01 
  48    0.3535534 -1.32297e+01 
  49    0.3612952 -1.32087e+01 
  50    0.3692065 -1.31922e+01 
  51    0.3772911 -1.31774e+01 
  52    0.3855527 -1.31640e+01 
  53    0.3939952 -1.31598e+01 
  54    0.4026226 -1.31602e+01 
  55    0.4114389 -1.31658e+01 
  56    0.4204482 -1.31815e+01 
  57    0.4296548 -1.32047e+01 
  58    0.4390630 -1.32332e+01 
  59    0.4486773 -1.32685e+01 
  60    0.4585020 -1.33092e+01 
  61    0.4685419 -1.33534e+01 
  62    0.4788016 -1.34029e+01 
  63    0.4892860 -1.34528e+01 
  64    0.5000000 -1.35040e+01 
  65    0.5109486 -1.35576e+01 
  66    0.5221369 -1.36086e+01 
  67    0.5335702 -1.36571e+01 
  68    0.5452539 -1.37053e+01 
  69    0.5571934 -1.37477e+01 
  70    0.5693943 -1.37859e+01 
  71    0.5818624 -1.38216e+01 
  72    0.5946036 -1.38501e+01 
  73    0.6076237 -1.38733e+01 
  74    0.6209289 -1.38928e+01 
  75    0.6345255 -1.39054e+01 
  76    0.6484198 -1.39121e+01 
  77    0.6626183 -1.39141e+01 
  78    0.6771278 -1.39074e+01 
  79    0.6919549 -1.38950e+01 
  80    0.7071068 -1.38780e+01 
  81    0.7225904 -1.38557e+01 
  82    0.7384131 -1.38279e+01 
  83    0.7545822 -1.37969e+01 
  84    0.7711054 -1.37612e+01 
  85    0.7879904 -1.37235e+01 
  86    0.8052452 -1.36824e+01 
  87    0.8228777 -1.36379e+01 
  88    0.8408964 -1.35930e+01 
  89    0.8593096 -1.35474e+01 
  90    0.8781261 -1.35010e+01 
  91    0.8973545 -1.34545e+01 
  92    0.9170040 -1.34076e+01 
  93    0.9370838 -1.33615e+01 
  94    0.9576033 -1.33159e+01 
  95    0.9785721 -1.32705e+01 
  96    1.0000000 -1.32252e+01 
  97    1.0218971 -1.31810e+01 
  98    1.0442738 -1.31381e+01 
  99    1.0671404 -1.30955e+01 
 100    1.0905077 -1.30539e+01 
 101    1.1143867 -1.30135e+01 
 102    1.1387886 -1.29749e+01 
 103    1.1637249 -1.29366e+01 
 104    1.1892071 -1.28986e+01 
 105    1.2152474 -1.28599e+01 
 106    1.2418578 -1.28211e+01 
 107    1.2690510 -1.27797e+01 
 108    1.2968396 -1.27364e+01 
 109    1.3252366 -1.26913e+01 
 110    1.3542555 -1.26378e+01 
 111    1.3839099 -1.25774e+01 
 112    1.4142136 -1.25127e+01 
 113    1.4451808 -1.24342e+01 
 114    1.4768261 -1.23453e+01 
 115    1.5091644 -1.22494e+01 
 116    1.5422108 -1.21361e+01 
 117    1.5759808 -1.20113e+01 
 118    1.6104903 -1.18760e+01 
 119    1.6457555 -1.17250e+01 
 120    1.6817928 -1.15638e+01 
 121    1.7186193 -1.13931e+01 
 122    1.7562522 -1.12171e+01 
 123    1.7947091 -1.10386e+01 
 124    1.8340081 -1.08611e+01 
 125    1.8741676 -1.06788e+01 
 126    1.9152066 -1.05100e+01 
 127    1.9571441 -1.03471e+01 
 128    2.0000000 -1.01873e+01 
 129    2.0437943 -1.00441e+01 
 130    2.0885476 -9.91076e+00 
 131    2.1342808 -9.78722e+00 
 132    2.1810155 -9.67566e+00 
 133    2.2287735 -9.57300e+00 
 134    2.2775773 -9.48060e+00 
 135    2.3274497 -9.39498e+00 
 136    2.3784142 -9.31484e+00 
 137    2.4304947 -9.23884e+00 
 138    2.4837156 -9.16583e+00 
 139    2.5381019 -9.09469e+00 
 140    2.5936791 -9.02489e+00 
 141    2.6504733 -8.95580e+00 
 142    2.7085111 -8.88690e+00 
 143    2.7678198 -8.81766e+00 
 144    2.8284271 -8.74945e+00 
 145    2.8903616 -8.68039e+00 
 146    2.9536523 -8.61125e+00 
 147    3.0183289 -8.54154e+00 
 148    3.0844217 -8.47220e+00 
 149    3.1519617 -8.40239e+00 
 150    3.2209807 -8.33208e+00 
 151    3.2915110 -8.26193e+00 
 152    3.3635857 -8.19117e+00 
 153    3.4372386 -8.11995e+00 
 154    3.5125043 -8.04833e+00 
 155    3.5894182 -7.97625e+00 
 156    3.6680162 -7.90363e+00 
 157    3.7483353 -7.83060e+00 
 158    3.8304131 -7.75707e+00 
 159    3.9142882 -7.68260e+00 
 160    4.0000000 -7.60737e+00 
 161    4.0875886 -7.53155e+00 
 162    4.1770951 -7.45440e+00 
 163    4.2685616 -7.37744e+00 
 164    4.3620309 -7.29921e+00 
 165    4.4575470 -7.22033e+00 
 166    4.5551545 -7.14063e+00 
 167    4.6548994 -7.06023e+00 
 168    4.7568285 -6.97869e+00 
 169    4.8609894 -6.89635e+00 
 170    4.9674312 -6.81324e+00 
 171    5.0762038 -6.72930e+00 
 172    5.1873582 -6.64382e+00 
 173    5.3009466 -6.55724e+00 
 174    5.4170222 -6.47003e+00 
 175    5.5356395 -6.38065e+00 
 176    5.6568542 -6.29001e+00 
 177    5.7807232 -6.19771e+00 
 178    5.9073046 -6.10471e+00 
 179    6.0366577 -6.00968e+00 
 180    6.1688433 -5.91297e+00 
 181    6.3039234 -5.81407e+00 
 182    6.4419613 -5.71331e+00 
 183    6.5830219 -5.61017e+00 
 184    6.7271713 -5.50540e+00 
 185    6.8744772 -5.39764e+00 
 186    7.0250086 -5.28742e+00 
 187    7.1788363 -5.17553e+00 
 188    7.3360323 -5.06087e+00 
 189    7.4966705 -4.94304e+00 


# K-band (filter: Ks_mosfire.dat)
   0    0.1250000 -1.26838e+01 
   1    0.1277371 -1.26757e+01 
   2    0.1305342 -1.26674e+01 
   3    0.1333926 -1.26588e+01 
   4    0.1363135 -1.26375e+01 
   5    0.1392983 -1.25939e+01 
   6    0.1423486 -1.25357e+01 
   7    0.1454656 -1.24817e+01 
   8    0.1486509 -1.24208e+01 
   9    0.1519059 -1.23600e+01 
  10    0.1552322 -1.22935e+01 
  11    0.1586314 -1.22254e+01 
  12    0.1621049 -1.21570e+01 
  13    0.1656546 -1.20961e+01 
  14    0.1692819 -1.20520e+01 
  15    0.1729887 -1.19977e+01 
  16    0.1767767 -1.19539e+01 
  17    0.1806476 -1.19289e+01 
  18    0.1846033 -1.19077e+01 
  19    0.1886456 -1.18893e+01 
  20    0.1927764 -1.18768e+01 
  21    0.1969976 -1.18658e+01 
  22    0.2013113 -1.18729e+01 
  23    0.2057194 -1.18778e+01 
  24    0.2102241 -1.18935e+01 
  25    0.2148274 -1.19151e+01 
  26    0.2195315 -1.19259e+01 
  27    0.2243386 -1.19515e+01 
  28    0.2292510 -1.19744e+01 
  29    0.2342710 -1.19941e+01 
  30    0.2394008 -1.20168e+01 
  31    0.2446430 -1.20369e+01 
  32    0.2500000 -1.20543e+01 
  33    0.2554743 -1.20688e+01 
  34    0.2610684 -1.20779e+01 
  35    0.2667851 -1.20900e+01 
  36    0.2726269 -1.20912e+01 
  37    0.2785967 -1.20938e+01 
  38    0.2846972 -1.20922e+01 
  39    0.2909312 -1.20854e+01 
  40    0.2973018 -1.20770e+01 
  41    0.3038118 -1.20668e+01 
  42    0.3104645 -1.20439e+01 
  43    0.3172627 -1.20231e+01 
  44    0.3242099 -1.19970e+01 
  45    0.3313092 -1.19648e+01 
  46    0.3385639 -1.19307e+01 
  47    0.3459775 -1.18926e+01 
  48    0.3535534 -1.18527e+01 
  49    0.3612952 -1.18096e+01 
  50    0.3692065 -1.17711e+01 
  51    0.3772911 -1.17348e+01 
  52    0.3855527 -1.16965e+01 
  53    0.3939952 -1.16635e+01 
  54    0.4026226 -1.16417e+01 
  55    0.4114389 -1.16175e+01 
  56    0.4204482 -1.16081e+01 
  57    0.4296548 -1.16088e+01 
  58    0.4390630 -1.16187e+01 
  59    0.4486773 -1.16366e+01 
  60    0.4585020 -1.16698e+01 
  61    0.4685419 -1.17100e+01 
  62    0.4788016 -1.17586e+01 
  63    0.4892860 -1.18185e+01 
  64    0.5000000 -1.18862e+01 
  65    0.5109486 -1.19610e+01 
  66    0.5221369 -1.20371e+01 
  67    0.5335702 -1.21177e+01 
  68    0.5452539 -1.22011e+01 
  69    0.5571934 -1.22800e+01 
  70    0.5693943 -1.23574e+01 
  71    0.5818624 -1.24342e+01 
  72    0.5946036 -1.25019e+01 
  73    0.6076237 -1.25637e+01 
  74    0.6209289 -1.26200e+01 
  75    0.6345255 -1.26631e+01 
  76    0.6484198 -1.26977e+01 
  77    0.6626183 -1.27249e+01 
  78    0.6771278 -1.27375e+01 
  79    0.6919549 -1.27414e+01 
  80    0.7071068 -1.27359e+01 
  81    0.7225904 -1.27212e+01 
  82    0.7384131 -1.26944e+01 
  83    0.7545822 -1.26587e+01 
  84    0.7711054 -1.26142e+01 
  85    0.7879904 -1.25596e+01 
  86    0.8052452 -1.24970e+01 
  87    0.8228777 -1.24282e+01 
  88    0.8408964 -1.23514e+01 
  89    0.8593096 -1.22691e+01 
  90    0.8781261 -1.21783e+01 
  91    0.8973545 -1.20833e+01 
  92    0.9170040 -1.19849e+01 
  93    0.9370838 -1.18825e+01 
  94    0.9576033 -1.17766e+01 
  95    0.9785721 -1.16702e+01 
  96    1.0000000 -1.15588e+01 
  97    1.0218971 -1.14478e+01 
  98    1.0442738 -1.13385e+01 
  99    1.0671404 -1.12286e+01 
 100    1.0905077 -1.11194e+01 
 101    1.1143867 -1.10115e+01 
 102    1.1387886 -1.09050e+01 
 103    1.1637249 -1.07980e+01 
 104    1.1892071 -1.06922e+01 
 105    1.2152474 -1.05879e+01 
 106    1.2418578 -1.04805e+01 
 107    1.2690510 -1.03703e+01 
 108    1.2968396 -1.02607e+01 
 109    1.3252366 -1.01456e+01 
 110    1.3542555 -1.00173e+01 
 111    1.3839099 -9.87558e+00 
 112    1.4142136 -9.72651e+00 
 113    1.4451808 -9.54151e+00 
 114    1.4768261 -9.33307e+00 
 115    1.5091644 -9.11282e+00 
 116    1.5422108 -8.86867e+00 
 117    1.5759808 -8.61875e+00 
 118    1.6104903 -8.35480e+00 
 119    1.6457555 -8.09708e+00 
 120    1.6817928 -7.85394e+00 
 121    1.7186193 -7.59549e+00 
 122    1.7562522 -7.37215e+00 
 123    1.7947091 -7.15945e+00 
 124    1.8340081 -6.96098e+00 
 125    1.8741676 -6.78745e+00 
 126    1.9152066 -6.63502e+00 
 127    1.9571441 -6.50094e+00 
 128    2.0000000 -6.38920e+00 
 129    2.0437943 -6.28837e+00 
 130    2.0885476 -6.19981e+00 
 131    2.1342808 -6.11931e+00 
 132    2.1810155 -6.03886e+00 
 133    2.2287735 -5.96294e+00 
 134    2.2775773 -5.88836e+00 
 135    2.3274497 -5.81305e+00 
 136    2.3784142 -5.73994e+00 
 137    2.4304947 -5.66941e+00 
 138    2.4837156 -5.59896e+00 
 139    2.5381019 -5.52543e+00 
 140    2.5936791 -5.45094e+00 
 141    2.6504733 -5.37821e+00 
 142    2.7085111 -5.30589e+00 
 143    2.7678198 -5.23321e+00 
 144    2.8284271 -5.16025e+00 
 145    2.8903616 -5.08791e+00 
 146    2.9536523 -5.01499e+00 
 147    3.0183289 -4.94326e+00 
 148    3.0844217 -4.87157e+00 
 149    3.1519617 -4.79493e+00 
 150    3.2209807 -4.71927e+00 
 151    3.2915110 -4.64597e+00 
 152    3.3635857 -4.57044e+00 
 153    3.4372386 -4.49463e+00 
 154    3.5125043 -4.41872e+00 
 155    3.5894182 -4.34274e+00 
 156    3.6680162 -4.26588e+00 
 157    3.7483353 -4.18860e+00 
 158    3.8304131 -4.11358e+00 
 159    3.9142882 -4.03314e+00 
 160    4.0000000 -3.95525e+00 
 161    4.0875886 -3.87753e+00 
 162    4.1770951 -3.79834e+00 
 163    4.2685616 -3.71662e+00 
 164    4.3620309 -3.63608e+00 
 165    4.4575470 -3.55393e+00 
 166    4.5551545 -3.46969e+00 
 167    4.6548994 -3.38532e+00 
 168    4.7568285 -3.30006e+00 
 169    4.8609894 -3.21273e+00 
 170    4.9674312 -3.12390e+00 
 171    5.0762038 -3.03412e+00 
 172    5.1873582 -2.94332e+00 
 173    5.3009466 -2.84888e+00 
 174    5.4170222 -2.75089e+00 
 175    5.5356395 -2.65434e+00 
 176    5.6568542 -2.55360e+00 
 177    5.7807232 -2.45149e+00 
 178    5.9073046 -2.34714e+00 
 179    6.0366577 -2.23689e+00 
 180    6.1688433 -2.12960e+00 
 181    6.3039234 -2.01481e+00 
 182    6.4419613 -1.89525e+00 
 183    6.5830219 -1.77553e+00 
 184    6.7271713 -1.65285e+00 
 185    6.8744772 -1.52557e+00 
 186    7.0250086 -1.39604e+00 
 187    7.1788363 -1.26333e+00 
 188    7.3360323 -1.12719e+00 
 189    7.4966705 -9.87353e-01 


# S-band (filter: Spitzer_IRAC2.dat)
   0    0.1250000 -1.07176e+01 
   1    0.1277371 -1.07462e+01 
   2    0.1305342 -1.07755e+01 
   3    0.1333926 -1.08054e+01 
   4    0.1363135 -1.08370e+01 
   5    0.1392983 -1.08377e+01 
   6    0.1423486 -1.08257e+01 
   7    0.1454656 -1.08359e+01 
   8    0.1486509 -1.08318e+01 
   9    0.1519059 -1.08054e+01 
  10    0.1552322 -1.07790e+01 
  11    0.1586314 -1.07469e+01 
  12    0.1621049 -1.07094e+01 
  13    0.1656546 -1.06595e+01 
  14    0.1692819 -1.06148e+01 
  15    0.1729887 -1.05499e+01 
  16    0.1767767 -1.04970e+01 
  17    0.1806476 -1.04505e+01 
  18    0.1846033 -1.04068e+01 
  19    0.1886456 -1.03443e+01 
  20    0.1927764 -1.02823e+01 
  21    0.1969976 -1.02374e+01 
  22    0.2013113 -1.01736e+01 
  23    0.2057194 -1.01013e+01 
  24    0.2102241 -1.00588e+01 
  25    0.2148274 -9.99056e+00 
  26    0.2195315 -9.95058e+00 
  27    0.2243386 -9.88872e+00 
  28    0.2292510 -9.83132e+00 
  29    0.2342710 -9.78371e+00 
  30    0.2394008 -9.72111e+00 
  31    0.2446430 -9.61601e+00 
  32    0.2500000 -9.55898e+00 
  33    0.2554743 -9.47861e+00 
  34    0.2610684 -9.40313e+00 
  35    0.2667851 -9.33853e+00 
  36    0.2726269 -9.26545e+00 
  37    0.2785967 -9.19086e+00 
  38    0.2846972 -9.10745e+00 
  39    0.2909312 -9.05409e+00 
  40    0.2973018 -8.99052e+00 
  41    0.3038118 -8.90613e+00 
  42    0.3104645 -8.85784e+00 
  43    0.3172627 -8.79342e+00 
  44    0.3242099 -8.74109e+00 
  45    0.3313092 -8.69910e+00 
  46    0.3385639 -8.63797e+00 
  47    0.3459775 -8.59307e+00 
  48    0.3535534 -8.56748e+00 
  49    0.3612952 -8.54973e+00 
  50    0.3692065 -8.55459e+00 
  51    0.3772911 -8.55372e+00 
  52    0.3855527 -8.57313e+00 
  53    0.3939952 -8.60608e+00 
  54    0.4026226 -8.64374e+00 
  55    0.4114389 -8.70221e+00 
  56    0.4204482 -8.76341e+00 
  57    0.4296548 -8.83444e+00 
  58    0.4390630 -8.93154e+00 
  59    0.4486773 -9.02984e+00 
  60    0.4585020 -9.12717e+00 
  61    0.4685419 -9.22730e+00 
  62    0.4788016 -9.32603e+00 
  63    0.4892860 -9.42130e+00 
  64    0.5000000 -9.52367e+00 
  65    0.5109486 -9.62529e+00 
  66    0.5221369 -9.71622e+00 
  67    0.5335702 -9.80846e+00 
  68    0.5452539 -9.89742e+00 
  69    0.5571934 -9.97737e+00 
  70    0.5693943 -1.00456e+01 
  71    0.5818624 -1.01073e+01 
  72    0.5946036 -1.01622e+01 
  73    0.6076237 -1.02065e+01 
  74    0.6209289 -1.02497e+01 
  75    0.6345255 -1.02834e+01 
  76    0.6484198 -1.03015e+01 
  77    0.6626183 -1.03186e+01 
  78    0.6771278 -1.03259e+01 
  79    0.6919549 -1.03200e+01 
  80    0.7071068 -1.03106e+01 
  81    0.7225904 -1.02961e+01 
  82    0.7384131 -1.02659e+01 
  83    0.7545822 -1.02271e+01 
  84    0.7711054 -1.01861e+01 
  85    0.7879904 -1.01264e+01 
  86    0.8052452 -1.00627e+01 
  87    0.8228777 -9.98953e+00 
  88    0.8408964 -9.90994e+00 
  89    0.8593096 -9.83420e+00 
  90    0.8781261 -9.74772e+00 
  91    0.8973545 -9.65502e+00 
  92    0.9170040 -9.55563e+00 
  93    0.9370838 -9.45550e+00 
  94    0.9576033 -9.35980e+00 
  95    0.9785721 -9.26640e+00 
  96    1.0000000 -9.16797e+00 
  97    1.0218971 -9.08757e+00 
  98    1.0442738 -8.99720e+00 
  99    1.0671404 -8.91169e+00 
 100    1.0905077 -8.82720e+00 
 101    1.1143867 -8.74767e+00 
 102    1.1387886 -8.67103e+00 
 103    1.1637249 -8.59476e+00 
 104    1.1892071 -8.52543e+00 
 105    1.2152474 -8.44750e+00 
 106    1.2418578 -8.37292e+00 
 107    1.2690510 -8.29502e+00 
 108    1.2968396 -8.20067e+00 
 109    1.3252366 -8.10412e+00 
 110    1.3542555 -7.99151e+00 
 111    1.3839099 -7.88106e+00 
 112    1.4142136 -7.75016e+00 
 113    1.4451808 -7.57350e+00 
 114    1.4768261 -7.36241e+00 
 115    1.5091644 -7.14310e+00 
 116    1.5422108 -6.83973e+00 
 117    1.5759808 -6.54564e+00 
 118    1.6104903 -6.21263e+00 
 119    1.6457555 -5.81847e+00 
 120    1.6817928 -5.45334e+00 
 121    1.7186193 -5.05951e+00 
 122    1.7562522 -4.66487e+00 
 123    1.7947091 -4.27834e+00 
 124    1.8340081 -3.93496e+00 
 125    1.8741676 -3.56574e+00 
 126    1.9152066 -3.25749e+00 
 127    1.9571441 -2.98951e+00 
 128    2.0000000 -2.73221e+00 
 129    2.0437943 -2.52026e+00 
 130    2.0885476 -2.35309e+00 
 131    2.1342808 -2.23418e+00 
 132    2.1810155 -2.11258e+00 
 133    2.2287735 -2.01954e+00 
 134    2.2775773 -1.95850e+00 
 135    2.3274497 -1.90482e+00 
 136    2.3784142 -1.83885e+00 
 137    2.4304947 -1.80275e+00 
 138    2.4837156 -1.76170e+00 
 139    2.5381019 -1.72720e+00 
 140    2.5936791 -1.68596e+00 
 141    2.6504733 -1.65371e+00 
 142    2.7085111 -1.62111e+00 
 143    2.7678198 -1.57255e+00 
 144    2.8284271 -1.52358e+00 
 145    2.8903616 -1.46642e+00 
 146    2.9536523 -1.41552e+00 
 147    3.0183289 -1.36164e+00 
 148    3.0844217 -1.30601e+00 
 149    3.1519617 -1.26628e+00 
 150    3.2209807 -1.21265e+00 
 151    3.2915110 -1.16213e+00 
 152    3.3635857 -1.11571e+00 
 153    3.4372386 -1.06497e+00 
 154    3.5125043 -1.00517e+00 
 155    3.5894182 -9.52483e-01 
 156    3.6680162 -9.06691e-01 
 157    3.7483353 -8.61000e-01 
 158    3.8304131 -8.01338e-01 
 159    3.9142882 -7.40593e-01 
 160    4.0000000 -6.95796e-01 
 161    4.0875886 -6.31176e-01 
 162    4.1770951 -5.70928e-01 
 163    4.2685616 -5.13861e-01 
 164    4.3620309 -4.58831e-01 
 165    4.4575470 -3.94827e-01 
 166    4.5551545 -3.36997e-01 
 167    4.6548994 -2.77949e-01 
 168    4.7568285 -2.11833e-01 
 169    4.8609894 -1.54470e-01 
 170    4.9674312 -9.61890e-02 
 171    5.0762038 -2.50028e-02 
 172    5.1873582  5.06233e-02 
 173    5.3009466  1.12948e-01 
 174    5.4170222  1.82112e-01 
 175    5.5356395  2.47901e-01 
 176    5.6568542  3.30721e-01 
 177    5.7807232  4.04682e-01 
 178    5.9073046  4.96331e-01 
 179    6.0366577  5.80435e-01 
 180    6.1688433  6.76791e-01 
 181    6.3039234  7.64348e-01 
 182    6.4419613  8.63084e-01 
 183    6.5830219  9.53486e-01 
 184    6.7271713  1.05565e+00 
 185    6.8744772  1.17388e+00 
 186    7.0250086  1.28789e+00 
 187    7.1788363  1.40392e+00 
 188    7.3360323  1.52124e+00 
 189    7.4966705  1.63930e+00 


