# 1:iteration 2:time bin[s] 3-k:AB magnitude for k-th angular bin
# g-band (filter: g_LSST.dat)
   0    0.1250000 -1.48294e+01 
   1    0.1277371 -1.48340e+01 
   2    0.1305342 -1.48386e+01 
   3    0.1333926 -1.48433e+01 
   4    0.1363135 -1.48466e+01 
   5    0.1392983 -1.48486e+01 
   6    0.1423486 -1.48483e+01 
   7    0.1454656 -1.48466e+01 
   8    0.1486509 -1.48434e+01 
   9    0.1519059 -1.48387e+01 
  10    0.1552322 -1.48330e+01 
  11    0.1586314 -1.48258e+01 
  12    0.1621049 -1.48170e+01 
  13    0.1656546 -1.48064e+01 
  14    0.1692819 -1.47942e+01 
  15    0.1729887 -1.47809e+01 
  16    0.1767767 -1.47656e+01 
  17    0.1806476 -1.47488e+01 
  18    0.1846033 -1.47309e+01 
  19    0.1886456 -1.47106e+01 
  20    0.1927764 -1.46884e+01 
  21    0.1969976 -1.46642e+01 
  22    0.2013113 -1.46372e+01 
  23    0.2057194 -1.46076e+01 
  24    0.2102241 -1.45758e+01 
  25    0.2148274 -1.45400e+01 
  26    0.2195315 -1.45006e+01 
  27    0.2243386 -1.44589e+01 
  28    0.2292510 -1.44116e+01 
  29    0.2342710 -1.43601e+01 
  30    0.2394008 -1.43053e+01 
  31    0.2446430 -1.42443e+01 
  32    0.2500000 -1.41793e+01 
  33    0.2554743 -1.41101e+01 
  34    0.2610684 -1.40355e+01 
  35    0.2667851 -1.39562e+01 
  36    0.2726269 -1.38737e+01 
  37    0.2785967 -1.37860e+01 
  38    0.2846972 -1.36946e+01 
  39    0.2909312 -1.35980e+01 
  40    0.2973018 -1.34981e+01 
  41    0.3038118 -1.33930e+01 
  42    0.3104645 -1.32830e+01 
  43    0.3172627 -1.31694e+01 
  44    0.3242099 -1.30494e+01 
  45    0.3313092 -1.29255e+01 
  46    0.3385639 -1.27968e+01 
  47    0.3459775 -1.26628e+01 
  48    0.3535534 -1.25245e+01 
  49    0.3612952 -1.23841e+01 
  50    0.3692065 -1.22453e+01 
  51    0.3772911 -1.21068e+01 
  52    0.3855527 -1.19632e+01 
  53    0.3939952 -1.18199e+01 
  54    0.4026226 -1.16752e+01 
  55    0.4114389 -1.15304e+01 
  56    0.4204482 -1.13821e+01 
  57    0.4296548 -1.12313e+01 
  58    0.4390630 -1.10850e+01 
  59    0.4486773 -1.09380e+01 
  60    0.4585020 -1.07970e+01 
  61    0.4685419 -1.06576e+01 
  62    0.4788016 -1.05163e+01 
  63    0.4892860 -1.03844e+01 
  64    0.5000000 -1.02577e+01 
  65    0.5109486 -1.01328e+01 
  66    0.5221369 -1.00215e+01 
  67    0.5335702 -9.91111e+00 
  68    0.5452539 -9.80952e+00 
  69    0.5571934 -9.71516e+00 
  70    0.5693943 -9.62411e+00 
  71    0.5818624 -9.53771e+00 
  72    0.5946036 -9.45964e+00 
  73    0.6076237 -9.38479e+00 
  74    0.6209289 -9.31141e+00 
  75    0.6345255 -9.24605e+00 
  76    0.6484198 -9.18238e+00 
  77    0.6626183 -9.12052e+00 
  78    0.6771278 -9.05915e+00 
  79    0.6919549 -9.00322e+00 
  80    0.7071068 -8.94943e+00 
  81    0.7225904 -8.90033e+00 
  82    0.7384131 -8.85505e+00 
  83    0.7545822 -8.80942e+00 
  84    0.7711054 -8.76739e+00 
  85    0.7879904 -8.73088e+00 
  86    0.8052452 -8.69583e+00 
  87    0.8228777 -8.66251e+00 
  88    0.8408964 -8.63677e+00 
  89    0.8593096 -8.61251e+00 
  90    0.8781261 -8.59380e+00 
  91    0.8973545 -8.57972e+00 
  92    0.9170040 -8.57241e+00 
  93    0.9370838 -8.56827e+00 
  94    0.9576033 -8.57106e+00 
  95    0.9785721 -8.58683e+00 
  96    1.0000000 -8.60238e+00 
  97    1.0218971 -8.62787e+00 
  98    1.0442738 -8.66086e+00 
  99    1.0671404 -8.70388e+00 
 100    1.0905077 -8.75937e+00 
 101    1.1143867 -8.81801e+00 
 102    1.1387886 -8.88865e+00 
 103    1.1637249 -8.96656e+00 
 104    1.1892071 -9.05267e+00 
 105    1.2152474 -9.13938e+00 
 106    1.2418578 -9.23404e+00 
 107    1.2690510 -9.32066e+00 
 108    1.2968396 -9.40951e+00 
 109    1.3252366 -9.49956e+00 
 110    1.3542555 -9.58285e+00 
 111    1.3839099 -9.65777e+00 
 112    1.4142136 -9.73084e+00 
 113    1.4451808 -9.80349e+00 
 114    1.4768261 -9.87105e+00 
 115    1.5091644 -9.93242e+00 
 116    1.5422108 -9.99354e+00 
 117    1.5759808 -1.00571e+01 
 118    1.6104903 -1.01198e+01 
 119    1.6457555 -1.01867e+01 
 120    1.6817928 -1.02481e+01 
 121    1.7186193 -1.03096e+01 
 122    1.7562522 -1.03632e+01 
 123    1.7947091 -1.04108e+01 
 124    1.8340081 -1.04458e+01 
 125    1.8741676 -1.04750e+01 
 126    1.9152066 -1.04682e+01 
 127    1.9571441 -1.04323e+01 
 128    2.0000000 -1.03792e+01 
 129    2.0437943 -1.02782e+01 
 130    2.0885476 -1.01476e+01 
 131    2.1342808 -9.99232e+00 
 132    2.1810155 -9.80816e+00 
 133    2.2287735 -9.60386e+00 
 134    2.2775773 -9.36800e+00 
 135    2.3274497 -9.11247e+00 
 136    2.3784142 -8.83831e+00 
 137    2.4304947 -8.54665e+00 
 138    2.4837156 -8.23509e+00 
 139    2.5381019 -7.91671e+00 
 140    2.5936791 -7.58628e+00 
 141    2.6504733 -7.25109e+00 
 142    2.7085111 -6.91846e+00 
 143    2.7678198 -6.57253e+00 
 144    2.8284271 -6.22135e+00 
 145    2.8903616 -5.86328e+00 
 146    2.9536523 -5.50071e+00 
 147    3.0183289 -5.13574e+00 
 148    3.0844217 -4.77699e+00 
 149    3.1519617 -4.42609e+00 
 150    3.2209807 -4.06862e+00 
 151    3.2915110 -3.72528e+00 
 152    3.3635857 -3.38492e+00 
 153    3.4372386 -3.04805e+00 
 154    3.5125043 -2.71541e+00 
 155    3.5894182 -2.39205e+00 
 156    3.6680162 -2.08101e+00 
 157    3.7483353 -1.76733e+00 
 158    3.8304131 -1.46072e+00 
 159    3.9142882 -1.15904e+00 
 160    4.0000000 -8.56293e-01 
 161    4.0875886 -5.63119e-01 
 162    4.1770951 -2.63684e-01 
 163    4.2685616  3.76658e-02 
 164    4.3620309  3.34580e-01 
 165    4.4575470  6.33230e-01 
 166    4.5551545  9.44531e-01 
 167    4.6548994  1.25877e+00 
 168    4.7568285  1.60140e+00 
 169    4.8609894  1.91655e+00 
 170    4.9674312  2.25757e+00 
 171    5.0762038  2.58311e+00 
 172    5.1873582  2.94820e+00 
 173    5.3009466  3.32355e+00 
 174    5.4170222  3.66763e+00 
 175    5.5356395  4.02350e+00 
 176    5.6568542  4.38486e+00 
 177    5.7807232  4.79631e+00 
 178    5.9073046  5.21063e+00 
 179    6.0366577  5.54526e+00 
 180    6.1688433  5.99765e+00 
 181    6.3039234  6.42899e+00 
 182    6.4419613  6.88418e+00 
 183    6.5830219  6.73999e+00 
 184    6.7271713  7.15440e+00 
 185    6.8744772  6.95769e+00 
 186    7.0250086  7.48144e+00 
 187    7.1788363  7.64891e+00 
 188    7.3360323  7.76327e+00 
 189    7.4966705  7.79463e+00 


# r-band (filter: r_LSST.dat)
   0    0.1250000 -1.48502e+01 
   1    0.1277371 -1.48656e+01 
   2    0.1305342 -1.48813e+01 
   3    0.1333926 -1.48973e+01 
   4    0.1363135 -1.49118e+01 
   5    0.1392983 -1.49256e+01 
   6    0.1423486 -1.49377e+01 
   7    0.1454656 -1.49492e+01 
   8    0.1486509 -1.49594e+01 
   9    0.1519059 -1.49683e+01 
  10    0.1552322 -1.49759e+01 
  11    0.1586314 -1.49822e+01 
  12    0.1621049 -1.49875e+01 
  13    0.1656546 -1.49913e+01 
  14    0.1692819 -1.49942e+01 
  15    0.1729887 -1.49964e+01 
  16    0.1767767 -1.49979e+01 
  17    0.1806476 -1.49980e+01 
  18    0.1846033 -1.49975e+01 
  19    0.1886456 -1.49959e+01 
  20    0.1927764 -1.49932e+01 
  21    0.1969976 -1.49901e+01 
  22    0.2013113 -1.49855e+01 
  23    0.2057194 -1.49804e+01 
  24    0.2102241 -1.49741e+01 
  25    0.2148274 -1.49668e+01 
  26    0.2195315 -1.49583e+01 
  27    0.2243386 -1.49489e+01 
  28    0.2292510 -1.49378e+01 
  29    0.2342710 -1.49256e+01 
  30    0.2394008 -1.49123e+01 
  31    0.2446430 -1.48975e+01 
  32    0.2500000 -1.48813e+01 
  33    0.2554743 -1.48639e+01 
  34    0.2610684 -1.48446e+01 
  35    0.2667851 -1.48238e+01 
  36    0.2726269 -1.48019e+01 
  37    0.2785967 -1.47787e+01 
  38    0.2846972 -1.47533e+01 
  39    0.2909312 -1.47266e+01 
  40    0.2973018 -1.46986e+01 
  41    0.3038118 -1.46684e+01 
  42    0.3104645 -1.46365e+01 
  43    0.3172627 -1.46031e+01 
  44    0.3242099 -1.45685e+01 
  45    0.3313092 -1.45325e+01 
  46    0.3385639 -1.44948e+01 
  47    0.3459775 -1.44566e+01 
  48    0.3535534 -1.44182e+01 
  49    0.3612952 -1.43783e+01 
  50    0.3692065 -1.43378e+01 
  51    0.3772911 -1.42969e+01 
  52    0.3855527 -1.42565e+01 
  53    0.3939952 -1.42211e+01 
  54    0.4026226 -1.41913e+01 
  55    0.4114389 -1.41622e+01 
  56    0.4204482 -1.41413e+01 
  57    0.4296548 -1.41218e+01 
  58    0.4390630 -1.41023e+01 
  59    0.4486773 -1.40822e+01 
  60    0.4585020 -1.40541e+01 
  61    0.4685419 -1.40256e+01 
  62    0.4788016 -1.40010e+01 
  63    0.4892860 -1.39739e+01 
  64    0.5000000 -1.39505e+01 
  65    0.5109486 -1.39246e+01 
  66    0.5221369 -1.39083e+01 
  67    0.5335702 -1.38940e+01 
  68    0.5452539 -1.38763e+01 
  69    0.5571934 -1.38640e+01 
  70    0.5693943 -1.38507e+01 
  71    0.5818624 -1.38517e+01 
  72    0.5946036 -1.38584e+01 
  73    0.6076237 -1.38718e+01 
  74    0.6209289 -1.38873e+01 
  75    0.6345255 -1.39058e+01 
  76    0.6484198 -1.39252e+01 
  77    0.6626183 -1.39450e+01 
  78    0.6771278 -1.39629e+01 
  79    0.6919549 -1.39765e+01 
  80    0.7071068 -1.39906e+01 
  81    0.7225904 -1.40066e+01 
  82    0.7384131 -1.40223e+01 
  83    0.7545822 -1.40352e+01 
  84    0.7711054 -1.40441e+01 
  85    0.7879904 -1.40543e+01 
  86    0.8052452 -1.40620e+01 
  87    0.8228777 -1.40684e+01 
  88    0.8408964 -1.40724e+01 
  89    0.8593096 -1.40743e+01 
  90    0.8781261 -1.40791e+01 
  91    0.8973545 -1.40887e+01 
  92    0.9170040 -1.40983e+01 
  93    0.9370838 -1.41059e+01 
  94    0.9576033 -1.41139e+01 
  95    0.9785721 -1.41226e+01 
  96    1.0000000 -1.41323e+01 
  97    1.0218971 -1.41411e+01 
  98    1.0442738 -1.41532e+01 
  99    1.0671404 -1.41681e+01 
 100    1.0905077 -1.41847e+01 
 101    1.1143867 -1.41969e+01 
 102    1.1387886 -1.41818e+01 
 103    1.1637249 -1.41660e+01 
 104    1.1892071 -1.41326e+01 
 105    1.2152474 -1.41038e+01 
 106    1.2418578 -1.40712e+01 
 107    1.2690510 -1.40436e+01 
 108    1.2968396 -1.40183e+01 
 109    1.3252366 -1.39820e+01 
 110    1.3542555 -1.39553e+01 
 111    1.3839099 -1.39219e+01 
 112    1.4142136 -1.38898e+01 
 113    1.4451808 -1.38551e+01 
 114    1.4768261 -1.38314e+01 
 115    1.5091644 -1.38166e+01 
 116    1.5422108 -1.37978e+01 
 117    1.5759808 -1.37776e+01 
 118    1.6104903 -1.37547e+01 
 119    1.6457555 -1.37275e+01 
 120    1.6817928 -1.36958e+01 
 121    1.7186193 -1.36604e+01 
 122    1.7562522 -1.36233e+01 
 123    1.7947091 -1.35867e+01 
 124    1.8340081 -1.35480e+01 
 125    1.8741676 -1.35058e+01 
 126    1.9152066 -1.34546e+01 
 127    1.9571441 -1.33916e+01 
 128    2.0000000 -1.33247e+01 
 129    2.0437943 -1.32371e+01 
 130    2.0885476 -1.31389e+01 
 131    2.1342808 -1.30344e+01 
 132    2.1810155 -1.29142e+01 
 133    2.2287735 -1.27852e+01 
 134    2.2775773 -1.26405e+01 
 135    2.3274497 -1.24835e+01 
 136    2.3784142 -1.23094e+01 
 137    2.4304947 -1.21218e+01 
 138    2.4837156 -1.19132e+01 
 139    2.5381019 -1.16885e+01 
 140    2.5936791 -1.14563e+01 
 141    2.6504733 -1.11998e+01 
 142    2.7085111 -1.09268e+01 
 143    2.7678198 -1.06405e+01 
 144    2.8284271 -1.03352e+01 
 145    2.8903616 -1.00167e+01 
 146    2.9536523 -9.68641e+00 
 147    3.0183289 -9.33951e+00 
 148    3.0844217 -8.99203e+00 
 149    3.1519617 -8.63769e+00 
 150    3.2209807 -8.27422e+00 
 151    3.2915110 -7.91937e+00 
 152    3.3635857 -7.56151e+00 
 153    3.4372386 -7.20666e+00 
 154    3.5125043 -6.86682e+00 
 155    3.5894182 -6.53547e+00 
 156    3.6680162 -6.20748e+00 
 157    3.7483353 -5.89829e+00 
 158    3.8304131 -5.59560e+00 
 159    3.9142882 -5.30014e+00 
 160    4.0000000 -5.01869e+00 
 161    4.0875886 -4.74258e+00 
 162    4.1770951 -4.47534e+00 
 163    4.2685616 -4.21320e+00 
 164    4.3620309 -3.95672e+00 
 165    4.4575470 -3.70401e+00 
 166    4.5551545 -3.45007e+00 
 167    4.6548994 -3.19598e+00 
 168    4.7568285 -2.93855e+00 
 169    4.8609894 -2.67878e+00 
 170    4.9674312 -2.41478e+00 
 171    5.0762038 -2.14399e+00 
 172    5.1873582 -1.86645e+00 
 173    5.3009466 -1.58459e+00 
 174    5.4170222 -1.29872e+00 
 175    5.5356395 -1.00300e+00 
 176    5.6568542 -6.99898e-01 
 177    5.7807232 -3.88463e-01 
 178    5.9073046 -6.43592e-02 
 179    6.0366577  2.65027e-01 
 180    6.1688433  6.03190e-01 
 181    6.3039234  9.42062e-01 
 182    6.4419613  1.29142e+00 
 183    6.5830219  1.66061e+00 
 184    6.7271713  2.03027e+00 
 185    6.8744772  2.40968e+00 
 186    7.0250086  2.80413e+00 
 187    7.1788363  3.20304e+00 
 188    7.3360323  3.61101e+00 
 189    7.4966705  4.02702e+00 


# i-band (filter: i_LSST.dat)
   0    0.1250000 -1.43808e+01 
   1    0.1277371 -1.44006e+01 
   2    0.1305342 -1.44208e+01 
   3    0.1333926 -1.44416e+01 
   4    0.1363135 -1.44615e+01 
   5    0.1392983 -1.44799e+01 
   6    0.1423486 -1.44980e+01 
   7    0.1454656 -1.45156e+01 
   8    0.1486509 -1.45323e+01 
   9    0.1519059 -1.45475e+01 
  10    0.1552322 -1.45622e+01 
  11    0.1586314 -1.45766e+01 
  12    0.1621049 -1.45903e+01 
  13    0.1656546 -1.46030e+01 
  14    0.1692819 -1.46148e+01 
  15    0.1729887 -1.46258e+01 
  16    0.1767767 -1.46355e+01 
  17    0.1806476 -1.46439e+01 
  18    0.1846033 -1.46514e+01 
  19    0.1886456 -1.46559e+01 
  20    0.1927764 -1.46580e+01 
  21    0.1969976 -1.46591e+01 
  22    0.2013113 -1.46568e+01 
  23    0.2057194 -1.46516e+01 
  24    0.2102241 -1.46444e+01 
  25    0.2148274 -1.46335e+01 
  26    0.2195315 -1.46203e+01 
  27    0.2243386 -1.46047e+01 
  28    0.2292510 -1.45855e+01 
  29    0.2342710 -1.45638e+01 
  30    0.2394008 -1.45399e+01 
  31    0.2446430 -1.45135e+01 
  32    0.2500000 -1.44865e+01 
  33    0.2554743 -1.44580e+01 
  34    0.2610684 -1.44293e+01 
  35    0.2667851 -1.44013e+01 
  36    0.2726269 -1.43731e+01 
  37    0.2785967 -1.43444e+01 
  38    0.2846972 -1.43173e+01 
  39    0.2909312 -1.42910e+01 
  40    0.2973018 -1.42655e+01 
  41    0.3038118 -1.42413e+01 
  42    0.3104645 -1.42182e+01 
  43    0.3172627 -1.41966e+01 
  44    0.3242099 -1.41761e+01 
  45    0.3313092 -1.41567e+01 
  46    0.3385639 -1.41382e+01 
  47    0.3459775 -1.41210e+01 
  48    0.3535534 -1.41060e+01 
  49    0.3612952 -1.40922e+01 
  50    0.3692065 -1.40822e+01 
  51    0.3772911 -1.40751e+01 
  52    0.3855527 -1.40703e+01 
  53    0.3939952 -1.40728e+01 
  54    0.4026226 -1.40810e+01 
  55    0.4114389 -1.40924e+01 
  56    0.4204482 -1.41129e+01 
  57    0.4296548 -1.41353e+01 
  58    0.4390630 -1.41610e+01 
  59    0.4486773 -1.41917e+01 
  60    0.4585020 -1.42228e+01 
  61    0.4685419 -1.42537e+01 
  62    0.4788016 -1.42878e+01 
  63    0.4892860 -1.43216e+01 
  64    0.5000000 -1.43517e+01 
  65    0.5109486 -1.43792e+01 
  66    0.5221369 -1.44004e+01 
  67    0.5335702 -1.44177e+01 
  68    0.5452539 -1.44319e+01 
  69    0.5571934 -1.44423e+01 
  70    0.5693943 -1.44500e+01 
  71    0.5818624 -1.44543e+01 
  72    0.5946036 -1.44555e+01 
  73    0.6076237 -1.44557e+01 
  74    0.6209289 -1.44527e+01 
  75    0.6345255 -1.44469e+01 
  76    0.6484198 -1.44396e+01 
  77    0.6626183 -1.44329e+01 
  78    0.6771278 -1.44244e+01 
  79    0.6919549 -1.44153e+01 
  80    0.7071068 -1.44050e+01 
  81    0.7225904 -1.43935e+01 
  82    0.7384131 -1.43809e+01 
  83    0.7545822 -1.43673e+01 
  84    0.7711054 -1.43525e+01 
  85    0.7879904 -1.43360e+01 
  86    0.8052452 -1.43190e+01 
  87    0.8228777 -1.43010e+01 
  88    0.8408964 -1.42827e+01 
  89    0.8593096 -1.42632e+01 
  90    0.8781261 -1.42432e+01 
  91    0.8973545 -1.42225e+01 
  92    0.9170040 -1.42014e+01 
  93    0.9370838 -1.41798e+01 
  94    0.9576033 -1.41584e+01 
  95    0.9785721 -1.41369e+01 
  96    1.0000000 -1.41152e+01 
  97    1.0218971 -1.40922e+01 
  98    1.0442738 -1.40602e+01 
  99    1.0671404 -1.40235e+01 
 100    1.0905077 -1.39656e+01 
 101    1.1143867 -1.38964e+01 
 102    1.1387886 -1.38218e+01 
 103    1.1637249 -1.37440e+01 
 104    1.1892071 -1.36697e+01 
 105    1.2152474 -1.36010e+01 
 106    1.2418578 -1.35214e+01 
 107    1.2690510 -1.34588e+01 
 108    1.2968396 -1.33955e+01 
 109    1.3252366 -1.33331e+01 
 110    1.3542555 -1.32812e+01 
 111    1.3839099 -1.32370e+01 
 112    1.4142136 -1.32074e+01 
 113    1.4451808 -1.31812e+01 
 114    1.4768261 -1.31618e+01 
 115    1.5091644 -1.31461e+01 
 116    1.5422108 -1.31290e+01 
 117    1.5759808 -1.31120e+01 
 118    1.6104903 -1.30940e+01 
 119    1.6457555 -1.30751e+01 
 120    1.6817928 -1.30565e+01 
 121    1.7186193 -1.30369e+01 
 122    1.7562522 -1.30192e+01 
 123    1.7947091 -1.30020e+01 
 124    1.8340081 -1.29861e+01 
 125    1.8741676 -1.29700e+01 
 126    1.9152066 -1.29535e+01 
 127    1.9571441 -1.29338e+01 
 128    2.0000000 -1.29143e+01 
 129    2.0437943 -1.28889e+01 
 130    2.0885476 -1.28617e+01 
 131    2.1342808 -1.28344e+01 
 132    2.1810155 -1.28047e+01 
 133    2.2287735 -1.27760e+01 
 134    2.2775773 -1.27438e+01 
 135    2.3274497 -1.27150e+01 
 136    2.3784142 -1.26841e+01 
 137    2.4304947 -1.26514e+01 
 138    2.4837156 -1.26151e+01 
 139    2.5381019 -1.25709e+01 
 140    2.5936791 -1.25253e+01 
 141    2.6504733 -1.24566e+01 
 142    2.7085111 -1.23688e+01 
 143    2.7678198 -1.22724e+01 
 144    2.8284271 -1.21344e+01 
 145    2.8903616 -1.19722e+01 
 146    2.9536523 -1.17872e+01 
 147    3.0183289 -1.15767e+01 
 148    3.0844217 -1.13359e+01 
 149    3.1519617 -1.10708e+01 
 150    3.2209807 -1.07784e+01 
 151    3.2915110 -1.04675e+01 
 152    3.3635857 -1.01384e+01 
 153    3.4372386 -9.79458e+00 
 154    3.5125043 -9.44738e+00 
 155    3.5894182 -9.09482e+00 
 156    3.6680162 -8.73496e+00 
 157    3.7483353 -8.38583e+00 
 158    3.8304131 -8.03552e+00 
 159    3.9142882 -7.68383e+00 
 160    4.0000000 -7.34529e+00 
 161    4.0875886 -7.01597e+00 
 162    4.1770951 -6.69138e+00 
 163    4.2685616 -6.38211e+00 
 164    4.3620309 -6.08221e+00 
 165    4.4575470 -5.78683e+00 
 166    4.5551545 -5.50439e+00 
 167    4.6548994 -5.23033e+00 
 168    4.7568285 -4.95988e+00 
 169    4.8609894 -4.69748e+00 
 170    4.9674312 -4.43679e+00 
 171    5.0762038 -4.18133e+00 
 172    5.1873582 -3.92482e+00 
 173    5.3009466 -3.66626e+00 
 174    5.4170222 -3.40409e+00 
 175    5.5356395 -3.14073e+00 
 176    5.6568542 -2.87152e+00 
 177    5.7807232 -2.59680e+00 
 178    5.9073046 -2.31609e+00 
 179    6.0366577 -2.02579e+00 
 180    6.1688433 -1.72836e+00 
 181    6.3039234 -1.42282e+00 
 182    6.4419613 -1.10862e+00 
 183    6.5830219 -7.84969e-01 
 184    6.7271713 -4.54349e-01 
 185    6.8744772 -1.14921e-01 
 186    7.0250086  2.33604e-01 
 187    7.1788363  5.90736e-01 
 188    7.3360323  9.56853e-01 
 189    7.4966705  1.33144e+00 


# z-band (filter: z_LSST.dat)
   0    0.1250000 -1.41556e+01 
   1    0.1277371 -1.41790e+01 
   2    0.1305342 -1.42029e+01 
   3    0.1333926 -1.42273e+01 
   4    0.1363135 -1.42492e+01 
   5    0.1392983 -1.42712e+01 
   6    0.1423486 -1.42920e+01 
   7    0.1454656 -1.43118e+01 
   8    0.1486509 -1.43299e+01 
   9    0.1519059 -1.43460e+01 
  10    0.1552322 -1.43627e+01 
  11    0.1586314 -1.43787e+01 
  12    0.1621049 -1.43936e+01 
  13    0.1656546 -1.44075e+01 
  14    0.1692819 -1.44201e+01 
  15    0.1729887 -1.44324e+01 
  16    0.1767767 -1.44421e+01 
  17    0.1806476 -1.44495e+01 
  18    0.1846033 -1.44554e+01 
  19    0.1886456 -1.44576e+01 
  20    0.1927764 -1.44560e+01 
  21    0.1969976 -1.44523e+01 
  22    0.2013113 -1.44412e+01 
  23    0.2057194 -1.44241e+01 
  24    0.2102241 -1.44046e+01 
  25    0.2148274 -1.43760e+01 
  26    0.2195315 -1.43413e+01 
  27    0.2243386 -1.43027e+01 
  28    0.2292510 -1.42569e+01 
  29    0.2342710 -1.42050e+01 
  30    0.2394008 -1.41487e+01 
  31    0.2446430 -1.40883e+01 
  32    0.2500000 -1.40250e+01 
  33    0.2554743 -1.39575e+01 
  34    0.2610684 -1.38919e+01 
  35    0.2667851 -1.38271e+01 
  36    0.2726269 -1.37631e+01 
  37    0.2785967 -1.36988e+01 
  38    0.2846972 -1.36387e+01 
  39    0.2909312 -1.35802e+01 
  40    0.2973018 -1.35248e+01 
  41    0.3038118 -1.34726e+01 
  42    0.3104645 -1.34236e+01 
  43    0.3172627 -1.33769e+01 
  44    0.3242099 -1.33339e+01 
  45    0.3313092 -1.32925e+01 
  46    0.3385639 -1.32523e+01 
  47    0.3459775 -1.32136e+01 
  48    0.3535534 -1.31767e+01 
  49    0.3612952 -1.31402e+01 
  50    0.3692065 -1.31066e+01 
  51    0.3772911 -1.30741e+01 
  52    0.3855527 -1.30425e+01 
  53    0.3939952 -1.30143e+01 
  54    0.4026226 -1.29879e+01 
  55    0.4114389 -1.29622e+01 
  56    0.4204482 -1.29405e+01 
  57    0.4296548 -1.29209e+01 
  58    0.4390630 -1.29035e+01 
  59    0.4486773 -1.28886e+01 
  60    0.4585020 -1.28772e+01 
  61    0.4685419 -1.28694e+01 
  62    0.4788016 -1.28630e+01 
  63    0.4892860 -1.28608e+01 
  64    0.5000000 -1.28622e+01 
  65    0.5109486 -1.28662e+01 
  66    0.5221369 -1.28744e+01 
  67    0.5335702 -1.28840e+01 
  68    0.5452539 -1.28979e+01 
  69    0.5571934 -1.29157e+01 
  70    0.5693943 -1.29364e+01 
  71    0.5818624 -1.29595e+01 
  72    0.5946036 -1.29839e+01 
  73    0.6076237 -1.30105e+01 
  74    0.6209289 -1.30389e+01 
  75    0.6345255 -1.30674e+01 
  76    0.6484198 -1.30961e+01 
  77    0.6626183 -1.31257e+01 
  78    0.6771278 -1.31533e+01 
  79    0.6919549 -1.31811e+01 
  80    0.7071068 -1.32073e+01 
  81    0.7225904 -1.32330e+01 
  82    0.7384131 -1.32562e+01 
  83    0.7545822 -1.32767e+01 
  84    0.7711054 -1.32967e+01 
  85    0.7879904 -1.33131e+01 
  86    0.8052452 -1.33280e+01 
  87    0.8228777 -1.33406e+01 
  88    0.8408964 -1.33500e+01 
  89    0.8593096 -1.33576e+01 
  90    0.8781261 -1.33622e+01 
  91    0.8973545 -1.33656e+01 
  92    0.9170040 -1.33676e+01 
  93    0.9370838 -1.33670e+01 
  94    0.9576033 -1.33656e+01 
  95    0.9785721 -1.33634e+01 
  96    1.0000000 -1.33605e+01 
  97    1.0218971 -1.33549e+01 
  98    1.0442738 -1.33408e+01 
  99    1.0671404 -1.33236e+01 
 100    1.0905077 -1.32929e+01 
 101    1.1143867 -1.32562e+01 
 102    1.1387886 -1.32203e+01 
 103    1.1637249 -1.31815e+01 
 104    1.1892071 -1.31461e+01 
 105    1.2152474 -1.31132e+01 
 106    1.2418578 -1.30738e+01 
 107    1.2690510 -1.30431e+01 
 108    1.2968396 -1.30105e+01 
 109    1.3252366 -1.29813e+01 
 110    1.3542555 -1.29554e+01 
 111    1.3839099 -1.29343e+01 
 112    1.4142136 -1.29197e+01 
 113    1.4451808 -1.29057e+01 
 114    1.4768261 -1.28936e+01 
 115    1.5091644 -1.28805e+01 
 116    1.5422108 -1.28676e+01 
 117    1.5759808 -1.28549e+01 
 118    1.6104903 -1.28403e+01 
 119    1.6457555 -1.28258e+01 
 120    1.6817928 -1.28108e+01 
 121    1.7186193 -1.27948e+01 
 122    1.7562522 -1.27788e+01 
 123    1.7947091 -1.27626e+01 
 124    1.8340081 -1.27464e+01 
 125    1.8741676 -1.27303e+01 
 126    1.9152066 -1.27096e+01 
 127    1.9571441 -1.26838e+01 
 128    2.0000000 -1.26549e+01 
 129    2.0437943 -1.26139e+01 
 130    2.0885476 -1.25674e+01 
 131    2.1342808 -1.25175e+01 
 132    2.1810155 -1.24582e+01 
 133    2.2287735 -1.23958e+01 
 134    2.2775773 -1.23273e+01 
 135    2.3274497 -1.22602e+01 
 136    2.3784142 -1.21938e+01 
 137    2.4304947 -1.21230e+01 
 138    2.4837156 -1.20604e+01 
 139    2.5381019 -1.20014e+01 
 140    2.5936791 -1.19459e+01 
 141    2.6504733 -1.18985e+01 
 142    2.7085111 -1.18496e+01 
 143    2.7678198 -1.18035e+01 
 144    2.8284271 -1.17457e+01 
 145    2.8903616 -1.16793e+01 
 146    2.9536523 -1.16039e+01 
 147    3.0183289 -1.15225e+01 
 148    3.0844217 -1.14168e+01 
 149    3.1519617 -1.12926e+01 
 150    3.2209807 -1.11532e+01 
 151    3.2915110 -1.09779e+01 
 152    3.3635857 -1.07785e+01 
 153    3.4372386 -1.05573e+01 
 154    3.5125043 -1.03123e+01 
 155    3.5894182 -1.00510e+01 
 156    3.6680162 -9.77127e+00 
 157    3.7483353 -9.48047e+00 
 158    3.8304131 -9.17310e+00 
 159    3.9142882 -8.85084e+00 
 160    4.0000000 -8.52594e+00 
 161    4.0875886 -8.19989e+00 
 162    4.1770951 -7.86287e+00 
 163    4.2685616 -7.53666e+00 
 164    4.3620309 -7.21165e+00 
 165    4.4575470 -6.88826e+00 
 166    4.5551545 -6.57292e+00 
 167    4.6548994 -6.26507e+00 
 168    4.7568285 -5.95713e+00 
 169    4.8609894 -5.65724e+00 
 170    4.9674312 -5.36679e+00 
 171    5.0762038 -5.07701e+00 
 172    5.1873582 -4.79020e+00 
 173    5.3009466 -4.50752e+00 
 174    5.4170222 -4.22678e+00 
 175    5.5356395 -3.94857e+00 
 176    5.6568542 -3.66830e+00 
 177    5.7807232 -3.38593e+00 
 178    5.9073046 -3.09876e+00 
 179    6.0366577 -2.81074e+00 
 180    6.1688433 -2.51859e+00 
 181    6.3039234 -2.21982e+00 
 182    6.4419613 -1.91419e+00 
 183    6.5830219 -1.60731e+00 
 184    6.7271713 -1.29614e+00 
 185    6.8744772 -9.71078e-01 
 186    7.0250086 -6.45624e-01 
 187    7.1788363 -3.09478e-01 
 188    7.3360323  3.20377e-02 
 189    7.4966705  3.81537e-01 


# y-band (filter: y_LSST.dat)
   0    0.1250000 -1.39847e+01 
   1    0.1277371 -1.40092e+01 
   2    0.1305342 -1.40342e+01 
   3    0.1333926 -1.40597e+01 
   4    0.1363135 -1.40833e+01 
   5    0.1392983 -1.41081e+01 
   6    0.1423486 -1.41322e+01 
   7    0.1454656 -1.41570e+01 
   8    0.1486509 -1.41820e+01 
   9    0.1519059 -1.42072e+01 
  10    0.1552322 -1.42322e+01 
  11    0.1586314 -1.42578e+01 
  12    0.1621049 -1.42834e+01 
  13    0.1656546 -1.43097e+01 
  14    0.1692819 -1.43358e+01 
  15    0.1729887 -1.43629e+01 
  16    0.1767767 -1.43903e+01 
  17    0.1806476 -1.44166e+01 
  18    0.1846033 -1.44431e+01 
  19    0.1886456 -1.44671e+01 
  20    0.1927764 -1.44894e+01 
  21    0.1969976 -1.45121e+01 
  22    0.2013113 -1.45315e+01 
  23    0.2057194 -1.45475e+01 
  24    0.2102241 -1.45618e+01 
  25    0.2148274 -1.45703e+01 
  26    0.2195315 -1.45757e+01 
  27    0.2243386 -1.45777e+01 
  28    0.2292510 -1.45730e+01 
  29    0.2342710 -1.45628e+01 
  30    0.2394008 -1.45492e+01 
  31    0.2446430 -1.45289e+01 
  32    0.2500000 -1.45034e+01 
  33    0.2554743 -1.44729e+01 
  34    0.2610684 -1.44374e+01 
  35    0.2667851 -1.43980e+01 
  36    0.2726269 -1.43558e+01 
  37    0.2785967 -1.43093e+01 
  38    0.2846972 -1.42598e+01 
  39    0.2909312 -1.42091e+01 
  40    0.2973018 -1.41559e+01 
  41    0.3038118 -1.41039e+01 
  42    0.3104645 -1.40508e+01 
  43    0.3172627 -1.39970e+01 
  44    0.3242099 -1.39445e+01 
  45    0.3313092 -1.38930e+01 
  46    0.3385639 -1.38413e+01 
  47    0.3459775 -1.37905e+01 
  48    0.3535534 -1.37404e+01 
  49    0.3612952 -1.36910e+01 
  50    0.3692065 -1.36442e+01 
  51    0.3772911 -1.35980e+01 
  52    0.3855527 -1.35521e+01 
  53    0.3939952 -1.35068e+01 
  54    0.4026226 -1.34628e+01 
  55    0.4114389 -1.34198e+01 
  56    0.4204482 -1.33784e+01 
  57    0.4296548 -1.33381e+01 
  58    0.4390630 -1.32996e+01 
  59    0.4486773 -1.32622e+01 
  60    0.4585020 -1.32270e+01 
  61    0.4685419 -1.31936e+01 
  62    0.4788016 -1.31599e+01 
  63    0.4892860 -1.31297e+01 
  64    0.5000000 -1.31005e+01 
  65    0.5109486 -1.30725e+01 
  66    0.5221369 -1.30470e+01 
  67    0.5335702 -1.30215e+01 
  68    0.5452539 -1.29970e+01 
  69    0.5571934 -1.29717e+01 
  70    0.5693943 -1.29481e+01 
  71    0.5818624 -1.29251e+01 
  72    0.5946036 -1.29031e+01 
  73    0.6076237 -1.28820e+01 
  74    0.6209289 -1.28626e+01 
  75    0.6345255 -1.28436e+01 
  76    0.6484198 -1.28253e+01 
  77    0.6626183 -1.28086e+01 
  78    0.6771278 -1.27943e+01 
  79    0.6919549 -1.27807e+01 
  80    0.7071068 -1.27713e+01 
  81    0.7225904 -1.27630e+01 
  82    0.7384131 -1.27575e+01 
  83    0.7545822 -1.27548e+01 
  84    0.7711054 -1.27555e+01 
  85    0.7879904 -1.27592e+01 
  86    0.8052452 -1.27661e+01 
  87    0.8228777 -1.27762e+01 
  88    0.8408964 -1.27910e+01 
  89    0.8593096 -1.28099e+01 
  90    0.8781261 -1.28308e+01 
  91    0.8973545 -1.28569e+01 
  92    0.9170040 -1.28843e+01 
  93    0.9370838 -1.29164e+01 
  94    0.9576033 -1.29513e+01 
  95    0.9785721 -1.29882e+01 
  96    1.0000000 -1.30270e+01 
  97    1.0218971 -1.30667e+01 
  98    1.0442738 -1.31070e+01 
  99    1.0671404 -1.31492e+01 
 100    1.0905077 -1.31919e+01 
 101    1.1143867 -1.32340e+01 
 102    1.1387886 -1.32781e+01 
 103    1.1637249 -1.33219e+01 
 104    1.1892071 -1.33641e+01 
 105    1.2152474 -1.34035e+01 
 106    1.2418578 -1.34440e+01 
 107    1.2690510 -1.34794e+01 
 108    1.2968396 -1.35130e+01 
 109    1.3252366 -1.35456e+01 
 110    1.3542555 -1.35723e+01 
 111    1.3839099 -1.35952e+01 
 112    1.4142136 -1.36157e+01 
 113    1.4451808 -1.36308e+01 
 114    1.4768261 -1.36412e+01 
 115    1.5091644 -1.36486e+01 
 116    1.5422108 -1.36523e+01 
 117    1.5759808 -1.36530e+01 
 118    1.6104903 -1.36514e+01 
 119    1.6457555 -1.36480e+01 
 120    1.6817928 -1.36417e+01 
 121    1.7186193 -1.36339e+01 
 122    1.7562522 -1.36234e+01 
 123    1.7947091 -1.36103e+01 
 124    1.8340081 -1.35928e+01 
 125    1.8741676 -1.35735e+01 
 126    1.9152066 -1.35453e+01 
 127    1.9571441 -1.35076e+01 
 128    2.0000000 -1.34632e+01 
 129    2.0437943 -1.33979e+01 
 130    2.0885476 -1.33139e+01 
 131    2.1342808 -1.32200e+01 
 132    2.1810155 -1.30944e+01 
 133    2.2287735 -1.29478e+01 
 134    2.2775773 -1.27842e+01 
 135    2.3274497 -1.25919e+01 
 136    2.3784142 -1.23808e+01 
 137    2.4304947 -1.21497e+01 
 138    2.4837156 -1.19032e+01 
 139    2.5381019 -1.16482e+01 
 140    2.5936791 -1.13798e+01 
 141    2.6504733 -1.11233e+01 
 142    2.7085111 -1.08766e+01 
 143    2.7678198 -1.06287e+01 
 144    2.8284271 -1.04209e+01 
 145    2.8903616 -1.02319e+01 
 146    2.9536523 -1.00597e+01 
 147    3.0183289 -9.90541e+00 
 148    3.0844217 -9.77651e+00 
 149    3.1519617 -9.65741e+00 
 150    3.2209807 -9.55972e+00 
 151    3.2915110 -9.46131e+00 
 152    3.3635857 -9.36519e+00 
 153    3.4372386 -9.27790e+00 
 154    3.5125043 -9.17112e+00 
 155    3.5894182 -9.05756e+00 
 156    3.6680162 -8.93170e+00 
 157    3.7483353 -8.78211e+00 
 158    3.8304131 -8.61955e+00 
 159    3.9142882 -8.44059e+00 
 160    4.0000000 -8.23903e+00 
 161    4.0875886 -8.02230e+00 
 162    4.1770951 -7.79311e+00 
 163    4.2685616 -7.55840e+00 
 164    4.3620309 -7.30969e+00 
 165    4.4575470 -7.04866e+00 
 166    4.5551545 -6.78997e+00 
 167    4.6548994 -6.52382e+00 
 168    4.7568285 -6.24777e+00 
 169    4.8609894 -5.97361e+00 
 170    4.9674312 -5.69905e+00 
 171    5.0762038 -5.42196e+00 
 172    5.1873582 -5.14387e+00 
 173    5.3009466 -4.86292e+00 
 174    5.4170222 -4.58149e+00 
 175    5.5356395 -4.29713e+00 
 176    5.6568542 -4.01226e+00 
 177    5.7807232 -3.72894e+00 
 178    5.9073046 -3.43879e+00 
 179    6.0366577 -3.14843e+00 
 180    6.1688433 -2.86270e+00 
 181    6.3039234 -2.56739e+00 
 182    6.4419613 -2.27172e+00 
 183    6.5830219 -1.97618e+00 
 184    6.7271713 -1.67652e+00 
 185    6.8744772 -1.37604e+00 
 186    7.0250086 -1.06648e+00 
 187    7.1788363 -7.54834e-01 
 188    7.3360323 -4.38456e-01 
 189    7.4966705 -1.18592e-01 


# J-band (filter: J_2MASS.dat)
   0    0.1250000 -1.35203e+01 
   1    0.1277371 -1.35410e+01 
   2    0.1305342 -1.35622e+01 
   3    0.1333926 -1.35838e+01 
   4    0.1363135 -1.36045e+01 
   5    0.1392983 -1.36207e+01 
   6    0.1423486 -1.36367e+01 
   7    0.1454656 -1.36527e+01 
   8    0.1486509 -1.36656e+01 
   9    0.1519059 -1.36807e+01 
  10    0.1552322 -1.36972e+01 
  11    0.1586314 -1.37165e+01 
  12    0.1621049 -1.37389e+01 
  13    0.1656546 -1.37655e+01 
  14    0.1692819 -1.37954e+01 
  15    0.1729887 -1.38266e+01 
  16    0.1767767 -1.38606e+01 
  17    0.1806476 -1.38971e+01 
  18    0.1846033 -1.39357e+01 
  19    0.1886456 -1.39760e+01 
  20    0.1927764 -1.40167e+01 
  21    0.1969976 -1.40588e+01 
  22    0.2013113 -1.40997e+01 
  23    0.2057194 -1.41419e+01 
  24    0.2102241 -1.41853e+01 
  25    0.2148274 -1.42288e+01 
  26    0.2195315 -1.42708e+01 
  27    0.2243386 -1.43131e+01 
  28    0.2292510 -1.43547e+01 
  29    0.2342710 -1.43964e+01 
  30    0.2394008 -1.44372e+01 
  31    0.2446430 -1.44771e+01 
  32    0.2500000 -1.45165e+01 
  33    0.2554743 -1.45557e+01 
  34    0.2610684 -1.45929e+01 
  35    0.2667851 -1.46287e+01 
  36    0.2726269 -1.46621e+01 
  37    0.2785967 -1.46954e+01 
  38    0.2846972 -1.47256e+01 
  39    0.2909312 -1.47539e+01 
  40    0.2973018 -1.47807e+01 
  41    0.3038118 -1.48032e+01 
  42    0.3104645 -1.48228e+01 
  43    0.3172627 -1.48404e+01 
  44    0.3242099 -1.48535e+01 
  45    0.3313092 -1.48646e+01 
  46    0.3385639 -1.48728e+01 
  47    0.3459775 -1.48777e+01 
  48    0.3535534 -1.48798e+01 
  49    0.3612952 -1.48796e+01 
  50    0.3692065 -1.48768e+01 
  51    0.3772911 -1.48708e+01 
  52    0.3855527 -1.48635e+01 
  53    0.3939952 -1.48529e+01 
  54    0.4026226 -1.48406e+01 
  55    0.4114389 -1.48267e+01 
  56    0.4204482 -1.48105e+01 
  57    0.4296548 -1.47916e+01 
  58    0.4390630 -1.47714e+01 
  59    0.4486773 -1.47495e+01 
  60    0.4585020 -1.47270e+01 
  61    0.4685419 -1.47035e+01 
  62    0.4788016 -1.46786e+01 
  63    0.4892860 -1.46547e+01 
  64    0.5000000 -1.46301e+01 
  65    0.5109486 -1.46054e+01 
  66    0.5221369 -1.45824e+01 
  67    0.5335702 -1.45594e+01 
  68    0.5452539 -1.45371e+01 
  69    0.5571934 -1.45165e+01 
  70    0.5693943 -1.44972e+01 
  71    0.5818624 -1.44786e+01 
  72    0.5946036 -1.44621e+01 
  73    0.6076237 -1.44472e+01 
  74    0.6209289 -1.44325e+01 
  75    0.6345255 -1.44202e+01 
  76    0.6484198 -1.44088e+01 
  77    0.6626183 -1.43989e+01 
  78    0.6771278 -1.43903e+01 
  79    0.6919549 -1.43832e+01 
  80    0.7071068 -1.43767e+01 
  81    0.7225904 -1.43723e+01 
  82    0.7384131 -1.43689e+01 
  83    0.7545822 -1.43659e+01 
  84    0.7711054 -1.43636e+01 
  85    0.7879904 -1.43624e+01 
  86    0.8052452 -1.43628e+01 
  87    0.8228777 -1.43640e+01 
  88    0.8408964 -1.43675e+01 
  89    0.8593096 -1.43718e+01 
  90    0.8781261 -1.43774e+01 
  91    0.8973545 -1.43840e+01 
  92    0.9170040 -1.43933e+01 
  93    0.9370838 -1.44032e+01 
  94    0.9576033 -1.44155e+01 
  95    0.9785721 -1.44294e+01 
  96    1.0000000 -1.44452e+01 
  97    1.0218971 -1.44619e+01 
  98    1.0442738 -1.44793e+01 
  99    1.0671404 -1.44975e+01 
 100    1.0905077 -1.45165e+01 
 101    1.1143867 -1.45359e+01 
 102    1.1387886 -1.45572e+01 
 103    1.1637249 -1.45789e+01 
 104    1.1892071 -1.46015e+01 
 105    1.2152474 -1.46243e+01 
 106    1.2418578 -1.46471e+01 
 107    1.2690510 -1.46700e+01 
 108    1.2968396 -1.46921e+01 
 109    1.3252366 -1.47151e+01 
 110    1.3542555 -1.47374e+01 
 111    1.3839099 -1.47591e+01 
 112    1.4142136 -1.47804e+01 
 113    1.4451808 -1.48000e+01 
 114    1.4768261 -1.48177e+01 
 115    1.5091644 -1.48348e+01 
 116    1.5422108 -1.48488e+01 
 117    1.5759808 -1.48613e+01 
 118    1.6104903 -1.48726e+01 
 119    1.6457555 -1.48813e+01 
 120    1.6817928 -1.48896e+01 
 121    1.7186193 -1.48966e+01 
 122    1.7562522 -1.49029e+01 
 123    1.7947091 -1.49091e+01 
 124    1.8340081 -1.49152e+01 
 125    1.8741676 -1.49207e+01 
 126    1.9152066 -1.49261e+01 
 127    1.9571441 -1.49302e+01 
 128    2.0000000 -1.49340e+01 
 129    2.0437943 -1.49339e+01 
 130    2.0885476 -1.49308e+01 
 131    2.1342808 -1.49262e+01 
 132    2.1810155 -1.49125e+01 
 133    2.2287735 -1.48926e+01 
 134    2.2775773 -1.48683e+01 
 135    2.3274497 -1.48296e+01 
 136    2.3784142 -1.47794e+01 
 137    2.4304947 -1.47204e+01 
 138    2.4837156 -1.46396e+01 
 139    2.5381019 -1.45401e+01 
 140    2.5936791 -1.44288e+01 
 141    2.6504733 -1.42854e+01 
 142    2.7085111 -1.41164e+01 
 143    2.7678198 -1.39298e+01 
 144    2.8284271 -1.37009e+01 
 145    2.8903616 -1.34403e+01 
 146    2.9536523 -1.31497e+01 
 147    3.0183289 -1.28320e+01 
 148    3.0844217 -1.24795e+01 
 149    3.1519617 -1.21028e+01 
 150    3.2209807 -1.17007e+01 
 151    3.2915110 -1.12879e+01 
 152    3.3635857 -1.08697e+01 
 153    3.4372386 -1.04346e+01 
 154    3.5125043 -1.00257e+01 
 155    3.5894182 -9.62844e+00 
 156    3.6680162 -9.23040e+00 
 157    3.7483353 -8.86745e+00 
 158    3.8304131 -8.52825e+00 
 159    3.9142882 -8.20667e+00 
 160    4.0000000 -7.91471e+00 
 161    4.0875886 -7.64899e+00 
 162    4.1770951 -7.40041e+00 
 163    4.2685616 -7.17348e+00 
 164    4.3620309 -6.96039e+00 
 165    4.4575470 -6.75718e+00 
 166    4.5551545 -6.56493e+00 
 167    4.6548994 -6.37928e+00 
 168    4.7568285 -6.19886e+00 
 169    4.8609894 -6.02026e+00 
 170    4.9674312 -5.83999e+00 
 171    5.0762038 -5.65997e+00 
 172    5.1873582 -5.48020e+00 
 173    5.3009466 -5.29468e+00 
 174    5.4170222 -5.10725e+00 
 175    5.5356395 -4.91792e+00 
 176    5.6568542 -4.72369e+00 
 177    5.7807232 -4.52826e+00 
 178    5.9073046 -4.32431e+00 
 179    6.0366577 -4.11642e+00 
 180    6.1688433 -3.90466e+00 
 181    6.3039234 -3.69011e+00 
 182    6.4419613 -3.47116e+00 
 183    6.5830219 -3.24875e+00 
 184    6.7271713 -3.02188e+00 
 185    6.8744772 -2.79101e+00 
 186    7.0250086 -2.55694e+00 
 187    7.1788363 -2.31749e+00 
 188    7.3360323 -2.07414e+00 
 189    7.4966705 -1.82761e+00 


# H-band (filter: H_2MASS.dat)
   0    0.1250000 -1.34177e+01 
   1    0.1277371 -1.34046e+01 
   2    0.1305342 -1.33912e+01 
   3    0.1333926 -1.33774e+01 
   4    0.1363135 -1.33590e+01 
   5    0.1392983 -1.33337e+01 
   6    0.1423486 -1.33053e+01 
   7    0.1454656 -1.32742e+01 
   8    0.1486509 -1.32380e+01 
   9    0.1519059 -1.32083e+01 
  10    0.1552322 -1.31836e+01 
  11    0.1586314 -1.31565e+01 
  12    0.1621049 -1.31391e+01 
  13    0.1656546 -1.31288e+01 
  14    0.1692819 -1.31268e+01 
  15    0.1729887 -1.31298e+01 
  16    0.1767767 -1.31392e+01 
  17    0.1806476 -1.31567e+01 
  18    0.1846033 -1.31807e+01 
  19    0.1886456 -1.32081e+01 
  20    0.1927764 -1.32384e+01 
  21    0.1969976 -1.32722e+01 
  22    0.2013113 -1.33102e+01 
  23    0.2057194 -1.33517e+01 
  24    0.2102241 -1.33932e+01 
  25    0.2148274 -1.34377e+01 
  26    0.2195315 -1.34800e+01 
  27    0.2243386 -1.35260e+01 
  28    0.2292510 -1.35711e+01 
  29    0.2342710 -1.36144e+01 
  30    0.2394008 -1.36577e+01 
  31    0.2446430 -1.36985e+01 
  32    0.2500000 -1.37399e+01 
  33    0.2554743 -1.37810e+01 
  34    0.2610684 -1.38180e+01 
  35    0.2667851 -1.38531e+01 
  36    0.2726269 -1.38866e+01 
  37    0.2785967 -1.39178e+01 
  38    0.2846972 -1.39478e+01 
  39    0.2909312 -1.39747e+01 
  40    0.2973018 -1.39993e+01 
  41    0.3038118 -1.40213e+01 
  42    0.3104645 -1.40411e+01 
  43    0.3172627 -1.40581e+01 
  44    0.3242099 -1.40717e+01 
  45    0.3313092 -1.40837e+01 
  46    0.3385639 -1.40940e+01 
  47    0.3459775 -1.41031e+01 
  48    0.3535534 -1.41111e+01 
  49    0.3612952 -1.41174e+01 
  50    0.3692065 -1.41232e+01 
  51    0.3772911 -1.41280e+01 
  52    0.3855527 -1.41326e+01 
  53    0.3939952 -1.41375e+01 
  54    0.4026226 -1.41421e+01 
  55    0.4114389 -1.41473e+01 
  56    0.4204482 -1.41523e+01 
  57    0.4296548 -1.41565e+01 
  58    0.4390630 -1.41617e+01 
  59    0.4486773 -1.41663e+01 
  60    0.4585020 -1.41694e+01 
  61    0.4685419 -1.41722e+01 
  62    0.4788016 -1.41750e+01 
  63    0.4892860 -1.41766e+01 
  64    0.5000000 -1.41765e+01 
  65    0.5109486 -1.41763e+01 
  66    0.5221369 -1.41746e+01 
  67    0.5335702 -1.41712e+01 
  68    0.5452539 -1.41665e+01 
  69    0.5571934 -1.41608e+01 
  70    0.5693943 -1.41532e+01 
  71    0.5818624 -1.41450e+01 
  72    0.5946036 -1.41359e+01 
  73    0.6076237 -1.41260e+01 
  74    0.6209289 -1.41150e+01 
  75    0.6345255 -1.41034e+01 
  76    0.6484198 -1.40912e+01 
  77    0.6626183 -1.40783e+01 
  78    0.6771278 -1.40646e+01 
  79    0.6919549 -1.40516e+01 
  80    0.7071068 -1.40388e+01 
  81    0.7225904 -1.40254e+01 
  82    0.7384131 -1.40128e+01 
  83    0.7545822 -1.40006e+01 
  84    0.7711054 -1.39886e+01 
  85    0.7879904 -1.39783e+01 
  86    0.8052452 -1.39676e+01 
  87    0.8228777 -1.39579e+01 
  88    0.8408964 -1.39488e+01 
  89    0.8593096 -1.39397e+01 
  90    0.8781261 -1.39317e+01 
  91    0.8973545 -1.39239e+01 
  92    0.9170040 -1.39177e+01 
  93    0.9370838 -1.39116e+01 
  94    0.9576033 -1.39060e+01 
  95    0.9785721 -1.39021e+01 
  96    1.0000000 -1.38988e+01 
  97    1.0218971 -1.38967e+01 
  98    1.0442738 -1.38957e+01 
  99    1.0671404 -1.38954e+01 
 100    1.0905077 -1.38969e+01 
 101    1.1143867 -1.38998e+01 
 102    1.1387886 -1.39037e+01 
 103    1.1637249 -1.39087e+01 
 104    1.1892071 -1.39147e+01 
 105    1.2152474 -1.39233e+01 
 106    1.2418578 -1.39323e+01 
 107    1.2690510 -1.39434e+01 
 108    1.2968396 -1.39542e+01 
 109    1.3252366 -1.39665e+01 
 110    1.3542555 -1.39803e+01 
 111    1.3839099 -1.39947e+01 
 112    1.4142136 -1.40106e+01 
 113    1.4451808 -1.40270e+01 
 114    1.4768261 -1.40443e+01 
 115    1.5091644 -1.40623e+01 
 116    1.5422108 -1.40799e+01 
 117    1.5759808 -1.40967e+01 
 118    1.6104903 -1.41138e+01 
 119    1.6457555 -1.41286e+01 
 120    1.6817928 -1.41429e+01 
 121    1.7186193 -1.41568e+01 
 122    1.7562522 -1.41686e+01 
 123    1.7947091 -1.41798e+01 
 124    1.8340081 -1.41893e+01 
 125    1.8741676 -1.41973e+01 
 126    1.9152066 -1.42040e+01 
 127    1.9571441 -1.42078e+01 
 128    2.0000000 -1.42105e+01 
 129    2.0437943 -1.42096e+01 
 130    2.0885476 -1.42061e+01 
 131    2.1342808 -1.42017e+01 
 132    2.1810155 -1.41932e+01 
 133    2.2287735 -1.41832e+01 
 134    2.2775773 -1.41705e+01 
 135    2.3274497 -1.41563e+01 
 136    2.3784142 -1.41411e+01 
 137    2.4304947 -1.41240e+01 
 138    2.4837156 -1.41070e+01 
 139    2.5381019 -1.40888e+01 
 140    2.5936791 -1.40689e+01 
 141    2.6504733 -1.40452e+01 
 142    2.7085111 -1.40131e+01 
 143    2.7678198 -1.39774e+01 
 144    2.8284271 -1.39202e+01 
 145    2.8903616 -1.38482e+01 
 146    2.9536523 -1.37611e+01 
 147    3.0183289 -1.36619e+01 
 148    3.0844217 -1.35316e+01 
 149    3.1519617 -1.33761e+01 
 150    3.2209807 -1.31977e+01 
 151    3.2915110 -1.29796e+01 
 152    3.3635857 -1.27310e+01 
 153    3.4372386 -1.24573e+01 
 154    3.5125043 -1.21505e+01 
 155    3.5894182 -1.18190e+01 
 156    3.6680162 -1.14633e+01 
 157    3.7483353 -1.10902e+01 
 158    3.8304131 -1.07043e+01 
 159    3.9142882 -1.03048e+01 
 160    4.0000000 -9.91591e+00 
 161    4.0875886 -9.53170e+00 
 162    4.1770951 -9.13982e+00 
 163    4.2685616 -8.77039e+00 
 164    4.3620309 -8.40689e+00 
 165    4.4575470 -8.04680e+00 
 166    4.5551545 -7.70380e+00 
 167    4.6548994 -7.37013e+00 
 168    4.7568285 -7.05138e+00 
 169    4.8609894 -6.73062e+00 
 170    4.9674312 -6.42740e+00 
 171    5.0762038 -6.12337e+00 
 172    5.1873582 -5.82507e+00 
 173    5.3009466 -5.54189e+00 
 174    5.4170222 -5.26774e+00 
 175    5.5356395 -4.99422e+00 
 176    5.6568542 -4.74291e+00 
 177    5.7807232 -4.49931e+00 
 178    5.9073046 -4.25931e+00 
 179    6.0366577 -4.02923e+00 
 180    6.1688433 -3.80559e+00 
 181    6.3039234 -3.58929e+00 
 182    6.4419613 -3.37095e+00 
 183    6.5830219 -3.15998e+00 
 184    6.7271713 -2.94839e+00 
 185    6.8744772 -2.73439e+00 
 186    7.0250086 -2.51772e+00 
 187    7.1788363 -2.29619e+00 
 188    7.3360323 -2.06856e+00 
 189    7.4966705 -1.83811e+00 


# K-band (filter: Ks_mosfire.dat)
   0    0.1250000 -1.27952e+01 
   1    0.1277371 -1.27900e+01 
   2    0.1305342 -1.27847e+01 
   3    0.1333926 -1.27792e+01 
   4    0.1363135 -1.27636e+01 
   5    0.1392983 -1.27359e+01 
   6    0.1423486 -1.26968e+01 
   7    0.1454656 -1.26681e+01 
   8    0.1486509 -1.26208e+01 
   9    0.1519059 -1.25660e+01 
  10    0.1552322 -1.25109e+01 
  11    0.1586314 -1.24595e+01 
  12    0.1621049 -1.24230e+01 
  13    0.1656546 -1.23917e+01 
  14    0.1692819 -1.23638e+01 
  15    0.1729887 -1.23405e+01 
  16    0.1767767 -1.23391e+01 
  17    0.1806476 -1.23340e+01 
  18    0.1846033 -1.23413e+01 
  19    0.1886456 -1.23534e+01 
  20    0.1927764 -1.23695e+01 
  21    0.1969976 -1.23980e+01 
  22    0.2013113 -1.24320e+01 
  23    0.2057194 -1.24648e+01 
  24    0.2102241 -1.25014e+01 
  25    0.2148274 -1.25425e+01 
  26    0.2195315 -1.25841e+01 
  27    0.2243386 -1.26257e+01 
  28    0.2292510 -1.26655e+01 
  29    0.2342710 -1.27096e+01 
  30    0.2394008 -1.27540e+01 
  31    0.2446430 -1.27927e+01 
  32    0.2500000 -1.28386e+01 
  33    0.2554743 -1.28834e+01 
  34    0.2610684 -1.29260e+01 
  35    0.2667851 -1.29683e+01 
  36    0.2726269 -1.30074e+01 
  37    0.2785967 -1.30461e+01 
  38    0.2846972 -1.30809e+01 
  39    0.2909312 -1.31123e+01 
  40    0.2973018 -1.31445e+01 
  41    0.3038118 -1.31743e+01 
  42    0.3104645 -1.31987e+01 
  43    0.3172627 -1.32218e+01 
  44    0.3242099 -1.32396e+01 
  45    0.3313092 -1.32526e+01 
  46    0.3385639 -1.32642e+01 
  47    0.3459775 -1.32722e+01 
  48    0.3535534 -1.32780e+01 
  49    0.3612952 -1.32811e+01 
  50    0.3692065 -1.32832e+01 
  51    0.3772911 -1.32815e+01 
  52    0.3855527 -1.32779e+01 
  53    0.3939952 -1.32714e+01 
  54    0.4026226 -1.32659e+01 
  55    0.4114389 -1.32581e+01 
  56    0.4204482 -1.32502e+01 
  57    0.4296548 -1.32438e+01 
  58    0.4390630 -1.32357e+01 
  59    0.4486773 -1.32295e+01 
  60    0.4585020 -1.32245e+01 
  61    0.4685419 -1.32191e+01 
  62    0.4788016 -1.32149e+01 
  63    0.4892860 -1.32142e+01 
  64    0.5000000 -1.32144e+01 
  65    0.5109486 -1.32149e+01 
  66    0.5221369 -1.32165e+01 
  67    0.5335702 -1.32193e+01 
  68    0.5452539 -1.32230e+01 
  69    0.5571934 -1.32265e+01 
  70    0.5693943 -1.32281e+01 
  71    0.5818624 -1.32306e+01 
  72    0.5946036 -1.32301e+01 
  73    0.6076237 -1.32278e+01 
  74    0.6209289 -1.32242e+01 
  75    0.6345255 -1.32157e+01 
  76    0.6484198 -1.32044e+01 
  77    0.6626183 -1.31915e+01 
  78    0.6771278 -1.31739e+01 
  79    0.6919549 -1.31528e+01 
  80    0.7071068 -1.31300e+01 
  81    0.7225904 -1.31037e+01 
  82    0.7384131 -1.30733e+01 
  83    0.7545822 -1.30407e+01 
  84    0.7711054 -1.30058e+01 
  85    0.7879904 -1.29684e+01 
  86    0.8052452 -1.29310e+01 
  87    0.8228777 -1.28916e+01 
  88    0.8408964 -1.28512e+01 
  89    0.8593096 -1.28115e+01 
  90    0.8781261 -1.27699e+01 
  91    0.8973545 -1.27297e+01 
  92    0.9170040 -1.26909e+01 
  93    0.9370838 -1.26511e+01 
  94    0.9576033 -1.26154e+01 
  95    0.9785721 -1.25795e+01 
  96    1.0000000 -1.25449e+01 
  97    1.0218971 -1.25128e+01 
  98    1.0442738 -1.24812e+01 
  99    1.0671404 -1.24514e+01 
 100    1.0905077 -1.24225e+01 
 101    1.1143867 -1.23959e+01 
 102    1.1387886 -1.23725e+01 
 103    1.1637249 -1.23502e+01 
 104    1.1892071 -1.23284e+01 
 105    1.2152474 -1.23066e+01 
 106    1.2418578 -1.22873e+01 
 107    1.2690510 -1.22685e+01 
 108    1.2968396 -1.22500e+01 
 109    1.3252366 -1.22333e+01 
 110    1.3542555 -1.22166e+01 
 111    1.3839099 -1.22010e+01 
 112    1.4142136 -1.21841e+01 
 113    1.4451808 -1.21682e+01 
 114    1.4768261 -1.21507e+01 
 115    1.5091644 -1.21332e+01 
 116    1.5422108 -1.21154e+01 
 117    1.5759808 -1.20982e+01 
 118    1.6104903 -1.20788e+01 
 119    1.6457555 -1.20602e+01 
 120    1.6817928 -1.20404e+01 
 121    1.7186193 -1.20201e+01 
 122    1.7562522 -1.20004e+01 
 123    1.7947091 -1.19788e+01 
 124    1.8340081 -1.19581e+01 
 125    1.8741676 -1.19383e+01 
 126    1.9152066 -1.19170e+01 
 127    1.9571441 -1.18922e+01 
 128    2.0000000 -1.18680e+01 
 129    2.0437943 -1.18371e+01 
 130    2.0885476 -1.18047e+01 
 131    2.1342808 -1.17711e+01 
 132    2.1810155 -1.17321e+01 
 133    2.2287735 -1.16919e+01 
 134    2.2775773 -1.16459e+01 
 135    2.3274497 -1.15932e+01 
 136    2.3784142 -1.15356e+01 
 137    2.4304947 -1.14709e+01 
 138    2.4837156 -1.13988e+01 
 139    2.5381019 -1.13180e+01 
 140    2.5936791 -1.12310e+01 
 141    2.6504733 -1.11322e+01 
 142    2.7085111 -1.10204e+01 
 143    2.7678198 -1.08986e+01 
 144    2.8284271 -1.07554e+01 
 145    2.8903616 -1.06025e+01 
 146    2.9536523 -1.04406e+01 
 147    3.0183289 -1.02665e+01 
 148    3.0844217 -1.00848e+01 
 149    3.1519617 -9.89522e+00 
 150    3.2209807 -9.69618e+00 
 151    3.2915110 -9.49497e+00 
 152    3.3635857 -9.28481e+00 
 153    3.4372386 -9.07164e+00 
 154    3.5125043 -8.85868e+00 
 155    3.5894182 -8.64243e+00 
 156    3.6680162 -8.42654e+00 
 157    3.7483353 -8.20610e+00 
 158    3.8304131 -7.99112e+00 
 159    3.9142882 -7.76751e+00 
 160    4.0000000 -7.54912e+00 
 161    4.0875886 -7.33814e+00 
 162    4.1770951 -7.11585e+00 
 163    4.2685616 -6.90045e+00 
 164    4.3620309 -6.68198e+00 
 165    4.4575470 -6.46806e+00 
 166    4.5551545 -6.25111e+00 
 167    4.6548994 -6.03343e+00 
 168    4.7568285 -5.81267e+00 
 169    4.8609894 -5.59251e+00 
 170    4.9674312 -5.37025e+00 
 171    5.0762038 -5.15785e+00 
 172    5.1873582 -4.93745e+00 
 173    5.3009466 -4.71616e+00 
 174    5.4170222 -4.50792e+00 
 175    5.5356395 -4.29658e+00 
 176    5.6568542 -4.09762e+00 
 177    5.7807232 -3.89987e+00 
 178    5.9073046 -3.71115e+00 
 179    6.0366577 -3.52464e+00 
 180    6.1688433 -3.34555e+00 
 181    6.3039234 -3.16927e+00 
 182    6.4419613 -2.99799e+00 
 183    6.5830219 -2.82810e+00 
 184    6.7271713 -2.66435e+00 
 185    6.8744772 -2.50582e+00 
 186    7.0250086 -2.34290e+00 
 187    7.1788363 -2.17677e+00 
 188    7.3360323 -2.00977e+00 
 189    7.4966705 -1.84321e+00 


# S-band (filter: Spitzer_IRAC2.dat)
   0    0.1250000 -1.07583e+01 
   1    0.1277371 -1.07704e+01 
   2    0.1305342 -1.07827e+01 
   3    0.1333926 -1.07953e+01 
   4    0.1363135 -1.07865e+01 
   5    0.1392983 -1.08061e+01 
   6    0.1423486 -1.08042e+01 
   7    0.1454656 -1.07967e+01 
   8    0.1486509 -1.07925e+01 
   9    0.1519059 -1.07717e+01 
  10    0.1552322 -1.07482e+01 
  11    0.1586314 -1.07210e+01 
  12    0.1621049 -1.06963e+01 
  13    0.1656546 -1.06670e+01 
  14    0.1692819 -1.06208e+01 
  15    0.1729887 -1.05900e+01 
  16    0.1767767 -1.05776e+01 
  17    0.1806476 -1.05465e+01 
  18    0.1846033 -1.05022e+01 
  19    0.1886456 -1.04625e+01 
  20    0.1927764 -1.04039e+01 
  21    0.1969976 -1.03779e+01 
  22    0.2013113 -1.03490e+01 
  23    0.2057194 -1.03143e+01 
  24    0.2102241 -1.02991e+01 
  25    0.2148274 -1.02626e+01 
  26    0.2195315 -1.02568e+01 
  27    0.2243386 -1.02257e+01 
  28    0.2292510 -1.01728e+01 
  29    0.2342710 -1.01501e+01 
  30    0.2394008 -1.01227e+01 
  31    0.2446430 -1.00915e+01 
  32    0.2500000 -1.00824e+01 
  33    0.2554743 -1.00546e+01 
  34    0.2610684 -1.00247e+01 
  35    0.2667851 -1.00085e+01 
  36    0.2726269 -9.97866e+00 
  37    0.2785967 -9.95591e+00 
  38    0.2846972 -9.91575e+00 
  39    0.2909312 -9.90890e+00 
  40    0.2973018 -9.89083e+00 
  41    0.3038118 -9.86962e+00 
  42    0.3104645 -9.87652e+00 
  43    0.3172627 -9.85659e+00 
  44    0.3242099 -9.84990e+00 
  45    0.3313092 -9.84868e+00 
  46    0.3385639 -9.83343e+00 
  47    0.3459775 -9.81837e+00 
  48    0.3535534 -9.82108e+00 
  49    0.3612952 -9.81306e+00 
  50    0.3692065 -9.82645e+00 
  51    0.3772911 -9.82591e+00 
  52    0.3855527 -9.83460e+00 
  53    0.3939952 -9.84535e+00 
  54    0.4026226 -9.85527e+00 
  55    0.4114389 -9.88112e+00 
  56    0.4204482 -9.90426e+00 
  57    0.4296548 -9.92365e+00 
  58    0.4390630 -9.95560e+00 
  59    0.4486773 -9.98571e+00 
  60    0.4585020 -1.00132e+01 
  61    0.4685419 -1.00512e+01 
  62    0.4788016 -1.00871e+01 
  63    0.4892860 -1.01297e+01 
  64    0.5000000 -1.01697e+01 
  65    0.5109486 -1.02037e+01 
  66    0.5221369 -1.02371e+01 
  67    0.5335702 -1.02645e+01 
  68    0.5452539 -1.02959e+01 
  69    0.5571934 -1.03248e+01 
  70    0.5693943 -1.03495e+01 
  71    0.5818624 -1.03670e+01 
  72    0.5946036 -1.03823e+01 
  73    0.6076237 -1.03900e+01 
  74    0.6209289 -1.03923e+01 
  75    0.6345255 -1.03904e+01 
  76    0.6484198 -1.03830e+01 
  77    0.6626183 -1.03738e+01 
  78    0.6771278 -1.03600e+01 
  79    0.6919549 -1.03432e+01 
  80    0.7071068 -1.03221e+01 
  81    0.7225904 -1.02949e+01 
  82    0.7384131 -1.02658e+01 
  83    0.7545822 -1.02381e+01 
  84    0.7711054 -1.02021e+01 
  85    0.7879904 -1.01652e+01 
  86    0.8052452 -1.01279e+01 
  87    0.8228777 -1.00823e+01 
  88    0.8408964 -1.00438e+01 
  89    0.8593096 -1.00028e+01 
  90    0.8781261 -9.95680e+00 
  91    0.8973545 -9.91765e+00 
  92    0.9170040 -9.87709e+00 
  93    0.9370838 -9.83651e+00 
  94    0.9576033 -9.79560e+00 
  95    0.9785721 -9.75888e+00 
  96    1.0000000 -9.72757e+00 
  97    1.0218971 -9.69377e+00 
  98    1.0442738 -9.66100e+00 
  99    1.0671404 -9.62805e+00 
 100    1.0905077 -9.59850e+00 
 101    1.1143867 -9.57158e+00 
 102    1.1387886 -9.55194e+00 
 103    1.1637249 -9.52471e+00 
 104    1.1892071 -9.49792e+00 
 105    1.2152474 -9.47500e+00 
 106    1.2418578 -9.44769e+00 
 107    1.2690510 -9.41471e+00 
 108    1.2968396 -9.38547e+00 
 109    1.3252366 -9.35554e+00 
 110    1.3542555 -9.32986e+00 
 111    1.3839099 -9.30207e+00 
 112    1.4142136 -9.27379e+00 
 113    1.4451808 -9.23971e+00 
 114    1.4768261 -9.20607e+00 
 115    1.5091644 -9.17660e+00 
 116    1.5422108 -9.15901e+00 
 117    1.5759808 -9.13488e+00 
 118    1.6104903 -9.10960e+00 
 119    1.6457555 -9.08570e+00 
 120    1.6817928 -9.05714e+00 
 121    1.7186193 -9.03185e+00 
 122    1.7562522 -9.00298e+00 
 123    1.7947091 -8.98259e+00 
 124    1.8340081 -8.96596e+00 
 125    1.8741676 -8.94702e+00 
 126    1.9152066 -8.92337e+00 
 127    1.9571441 -8.89081e+00 
 128    2.0000000 -8.86833e+00 
 129    2.0437943 -8.84784e+00 
 130    2.0885476 -8.82623e+00 
 131    2.1342808 -8.80934e+00 
 132    2.1810155 -8.79619e+00 
 133    2.2287735 -8.78131e+00 
 134    2.2775773 -8.76845e+00 
 135    2.3274497 -8.75746e+00 
 136    2.3784142 -8.74180e+00 
 137    2.4304947 -8.73165e+00 
 138    2.4837156 -8.72431e+00 
 139    2.5381019 -8.71656e+00 
 140    2.5936791 -8.70401e+00 
 141    2.6504733 -8.68497e+00 
 142    2.7085111 -8.66871e+00 
 143    2.7678198 -8.64415e+00 
 144    2.8284271 -8.60790e+00 
 145    2.8903616 -8.57479e+00 
 146    2.9536523 -8.53863e+00 
 147    3.0183289 -8.50064e+00 
 148    3.0844217 -8.46923e+00 
 149    3.1519617 -8.43799e+00 
 150    3.2209807 -8.40296e+00 
 151    3.2915110 -8.37803e+00 
 152    3.3635857 -8.35741e+00 
 153    3.4372386 -8.33962e+00 
 154    3.5125043 -8.32526e+00 
 155    3.5894182 -8.31826e+00 
 156    3.6680162 -8.31800e+00 
 157    3.7483353 -8.31860e+00 
 158    3.8304131 -8.32243e+00 
 159    3.9142882 -8.32513e+00 
 160    4.0000000 -8.32612e+00 
 161    4.0875886 -8.32568e+00 
 162    4.1770951 -8.32372e+00 
 163    4.2685616 -8.31490e+00 
 164    4.3620309 -8.30302e+00 
 165    4.4575470 -8.29010e+00 
 166    4.5551545 -8.27099e+00 
 167    4.6548994 -8.24703e+00 
 168    4.7568285 -8.21985e+00 
 169    4.8609894 -8.18720e+00 
 170    4.9674312 -8.14886e+00 
 171    5.0762038 -8.10620e+00 
 172    5.1873582 -8.05994e+00 
 173    5.3009466 -8.00958e+00 
 174    5.4170222 -7.95503e+00 
 175    5.5356395 -7.89755e+00 
 176    5.6568542 -7.83507e+00 
 177    5.7807232 -7.77013e+00 
 178    5.9073046 -7.70290e+00 
 179    6.0366577 -7.63380e+00 
 180    6.1688433 -7.56244e+00 
 181    6.3039234 -7.48905e+00 
 182    6.4419613 -7.41578e+00 
 183    6.5830219 -7.34153e+00 
 184    6.7271713 -7.26605e+00 
 185    6.8744772 -7.19071e+00 
 186    7.0250086 -7.11445e+00 
 187    7.1788363 -7.03694e+00 
 188    7.3360323 -6.95896e+00 
 189    7.4966705 -6.88058e+00 


