# 1:iteration 2:time bin[s] 3-k:AB magnitude for k-th angular bin
# g-band (filter: g_LSST.dat)
   0    0.1250000 -1.57936e+01 
   1    0.1277371 -1.58044e+01 
   2    0.1305342 -1.58156e+01 
   3    0.1333926 -1.58269e+01 
   4    0.1363135 -1.58369e+01 
   5    0.1392983 -1.58451e+01 
   6    0.1423486 -1.58516e+01 
   7    0.1454656 -1.58567e+01 
   8    0.1486509 -1.58607e+01 
   9    0.1519059 -1.58629e+01 
  10    0.1552322 -1.58639e+01 
  11    0.1586314 -1.58638e+01 
  12    0.1621049 -1.58622e+01 
  13    0.1656546 -1.58588e+01 
  14    0.1692819 -1.58547e+01 
  15    0.1729887 -1.58491e+01 
  16    0.1767767 -1.58422e+01 
  17    0.1806476 -1.58341e+01 
  18    0.1846033 -1.58251e+01 
  19    0.1886456 -1.58148e+01 
  20    0.1927764 -1.58039e+01 
  21    0.1969976 -1.57917e+01 
  22    0.2013113 -1.57791e+01 
  23    0.2057194 -1.57655e+01 
  24    0.2102241 -1.57510e+01 
  25    0.2148274 -1.57359e+01 
  26    0.2195315 -1.57201e+01 
  27    0.2243386 -1.57038e+01 
  28    0.2292510 -1.56864e+01 
  29    0.2342710 -1.56688e+01 
  30    0.2394008 -1.56507e+01 
  31    0.2446430 -1.56320e+01 
  32    0.2500000 -1.56126e+01 
  33    0.2554743 -1.55922e+01 
  34    0.2610684 -1.55705e+01 
  35    0.2667851 -1.55480e+01 
  36    0.2726269 -1.55239e+01 
  37    0.2785967 -1.54990e+01 
  38    0.2846972 -1.54713e+01 
  39    0.2909312 -1.54415e+01 
  40    0.2973018 -1.54097e+01 
  41    0.3038118 -1.53738e+01 
  42    0.3104645 -1.53344e+01 
  43    0.3172627 -1.52925e+01 
  44    0.3242099 -1.52445e+01 
  45    0.3313092 -1.51919e+01 
  46    0.3385639 -1.51356e+01 
  47    0.3459775 -1.50729e+01 
  48    0.3535534 -1.50056e+01 
  49    0.3612952 -1.49339e+01 
  50    0.3692065 -1.48572e+01 
  51    0.3772911 -1.47760e+01 
  52    0.3855527 -1.46906e+01 
  53    0.3939952 -1.46006e+01 
  54    0.4026226 -1.45069e+01 
  55    0.4114389 -1.44091e+01 
  56    0.4204482 -1.43071e+01 
  57    0.4296548 -1.42010e+01 
  58    0.4390630 -1.40904e+01 
  59    0.4486773 -1.39762e+01 
  60    0.4585020 -1.38548e+01 
  61    0.4685419 -1.37278e+01 
  62    0.4788016 -1.35961e+01 
  63    0.4892860 -1.34561e+01 
  64    0.5000000 -1.33089e+01 
  65    0.5109486 -1.31559e+01 
  66    0.5221369 -1.29944e+01 
  67    0.5335702 -1.28277e+01 
  68    0.5452539 -1.26548e+01 
  69    0.5571934 -1.24789e+01 
  70    0.5693943 -1.23011e+01 
  71    0.5818624 -1.21185e+01 
  72    0.5946036 -1.19396e+01 
  73    0.6076237 -1.17627e+01 
  74    0.6209289 -1.15833e+01 
  75    0.6345255 -1.14098e+01 
  76    0.6484198 -1.12379e+01 
  77    0.6626183 -1.10682e+01 
  78    0.6771278 -1.09049e+01 
  79    0.6919549 -1.07457e+01 
  80    0.7071068 -1.05897e+01 
  81    0.7225904 -1.04367e+01 
  82    0.7384131 -1.02890e+01 
  83    0.7545822 -1.01444e+01 
  84    0.7711054 -1.00016e+01 
  85    0.7879904 -9.86493e+00 
  86    0.8052452 -9.73406e+00 
  87    0.8228777 -9.60555e+00 
  88    0.8408964 -9.48580e+00 
  89    0.8593096 -9.37075e+00 
  90    0.8781261 -9.25911e+00 
  91    0.8973545 -9.15932e+00 
  92    0.9170040 -9.06661e+00 
  93    0.9370838 -8.97741e+00 
  94    0.9576033 -8.89707e+00 
  95    0.9785721 -8.82397e+00 
  96    1.0000000 -8.75620e+00 
  97    1.0218971 -8.69619e+00 
  98    1.0442738 -8.63977e+00 
  99    1.0671404 -8.58850e+00 
 100    1.0905077 -8.54218e+00 
 101    1.1143867 -8.50120e+00 
 102    1.1387886 -8.46141e+00 
 103    1.1637249 -8.42312e+00 
 104    1.1892071 -8.38554e+00 
 105    1.2152474 -8.35187e+00 
 106    1.2418578 -8.31833e+00 
 107    1.2690510 -8.28484e+00 
 108    1.2968396 -8.25116e+00 
 109    1.3252366 -8.21777e+00 
 110    1.3542555 -8.18337e+00 
 111    1.3839099 -8.14899e+00 
 112    1.4142136 -8.11396e+00 
 113    1.4451808 -8.07730e+00 
 114    1.4768261 -8.04226e+00 
 115    1.5091644 -8.00552e+00 
 116    1.5422108 -7.96867e+00 
 117    1.5759808 -7.92970e+00 
 118    1.6104903 -7.89187e+00 
 119    1.6457555 -7.85357e+00 
 120    1.6817928 -7.81625e+00 
 121    1.7186193 -7.77791e+00 
 122    1.7562522 -7.74078e+00 
 123    1.7947091 -7.70186e+00 
 124    1.8340081 -7.66410e+00 
 125    1.8741676 -7.62602e+00 
 126    1.9152066 -7.58757e+00 
 127    1.9571441 -7.55045e+00 
 128    2.0000000 -7.51338e+00 
 129    2.0437943 -7.47579e+00 
 130    2.0885476 -7.43830e+00 
 131    2.1342808 -7.40071e+00 
 132    2.1810155 -7.36411e+00 
 133    2.2287735 -7.32689e+00 
 134    2.2775773 -7.28868e+00 
 135    2.3274497 -7.25229e+00 
 136    2.3784142 -7.21538e+00 
 137    2.4304947 -7.17805e+00 
 138    2.4837156 -7.13969e+00 
 139    2.5381019 -7.10200e+00 
 140    2.5936791 -7.06346e+00 
 141    2.6504733 -7.02485e+00 
 142    2.7085111 -6.98520e+00 
 143    2.7678198 -6.94545e+00 
 144    2.8284271 -6.90564e+00 
 145    2.8903616 -6.86634e+00 
 146    2.9536523 -6.82743e+00 
 147    3.0183289 -6.78687e+00 
 148    3.0844217 -6.74623e+00 
 149    3.1519617 -6.70581e+00 
 150    3.2209807 -6.66508e+00 
 151    3.2915110 -6.62380e+00 
 152    3.3635857 -6.58229e+00 
 153    3.4372386 -6.54128e+00 
 154    3.5125043 -6.50117e+00 
 155    3.5894182 -6.45955e+00 
 156    3.6680162 -6.41767e+00 
 157    3.7483353 -6.37569e+00 
 158    3.8304131 -6.33331e+00 
 159    3.9142882 -6.29101e+00 
 160    4.0000000 -6.24832e+00 
 161    4.0875886 -6.20676e+00 
 162    4.1770951 -6.16484e+00 
 163    4.2685616 -6.12338e+00 
 164    4.3620309 -6.08227e+00 
 165    4.4575470 -6.04047e+00 
 166    4.5551545 -6.00018e+00 
 167    4.6548994 -5.95987e+00 
 168    4.7568285 -5.91889e+00 
 169    4.8609894 -5.87863e+00 
 170    4.9674312 -5.83886e+00 
 171    5.0762038 -5.80004e+00 
 172    5.1873582 -5.76090e+00 
 173    5.3009466 -5.72259e+00 
 174    5.4170222 -5.68452e+00 
 175    5.5356395 -5.64610e+00 
 176    5.6568542 -5.60909e+00 
 177    5.7807232 -5.57199e+00 
 178    5.9073046 -5.53519e+00 
 179    6.0366577 -5.49968e+00 
 180    6.1688433 -5.46422e+00 
 181    6.3039234 -5.42932e+00 
 182    6.4419613 -5.39455e+00 
 183    6.5830219 -5.36019e+00 
 184    6.7271713 -5.32581e+00 
 185    6.8744772 -5.29210e+00 
 186    7.0250086 -5.25768e+00 
 187    7.1788363 -5.22309e+00 
 188    7.3360323 -5.18823e+00 
 189    7.4966705 -5.15325e+00 


# r-band (filter: r_LSST.dat)
   0    0.1250000 -1.56555e+01 
   1    0.1277371 -1.56785e+01 
   2    0.1305342 -1.57021e+01 
   3    0.1333926 -1.57261e+01 
   4    0.1363135 -1.57489e+01 
   5    0.1392983 -1.57710e+01 
   6    0.1423486 -1.57918e+01 
   7    0.1454656 -1.58115e+01 
   8    0.1486509 -1.58302e+01 
   9    0.1519059 -1.58468e+01 
  10    0.1552322 -1.58630e+01 
  11    0.1586314 -1.58789e+01 
  12    0.1621049 -1.58928e+01 
  13    0.1656546 -1.59065e+01 
  14    0.1692819 -1.59181e+01 
  15    0.1729887 -1.59287e+01 
  16    0.1767767 -1.59382e+01 
  17    0.1806476 -1.59465e+01 
  18    0.1846033 -1.59541e+01 
  19    0.1886456 -1.59599e+01 
  20    0.1927764 -1.59652e+01 
  21    0.1969976 -1.59692e+01 
  22    0.2013113 -1.59719e+01 
  23    0.2057194 -1.59732e+01 
  24    0.2102241 -1.59737e+01 
  25    0.2148274 -1.59728e+01 
  26    0.2195315 -1.59713e+01 
  27    0.2243386 -1.59687e+01 
  28    0.2292510 -1.59651e+01 
  29    0.2342710 -1.59610e+01 
  30    0.2394008 -1.59563e+01 
  31    0.2446430 -1.59504e+01 
  32    0.2500000 -1.59435e+01 
  33    0.2554743 -1.59361e+01 
  34    0.2610684 -1.59277e+01 
  35    0.2667851 -1.59187e+01 
  36    0.2726269 -1.59091e+01 
  37    0.2785967 -1.58989e+01 
  38    0.2846972 -1.58877e+01 
  39    0.2909312 -1.58761e+01 
  40    0.2973018 -1.58634e+01 
  41    0.3038118 -1.58500e+01 
  42    0.3104645 -1.58357e+01 
  43    0.3172627 -1.58211e+01 
  44    0.3242099 -1.58052e+01 
  45    0.3313092 -1.57890e+01 
  46    0.3385639 -1.57719e+01 
  47    0.3459775 -1.57536e+01 
  48    0.3535534 -1.57341e+01 
  49    0.3612952 -1.57140e+01 
  50    0.3692065 -1.56926e+01 
  51    0.3772911 -1.56699e+01 
  52    0.3855527 -1.56464e+01 
  53    0.3939952 -1.56217e+01 
  54    0.4026226 -1.55952e+01 
  55    0.4114389 -1.55678e+01 
  56    0.4204482 -1.55387e+01 
  57    0.4296548 -1.55077e+01 
  58    0.4390630 -1.54748e+01 
  59    0.4486773 -1.54407e+01 
  60    0.4585020 -1.54040e+01 
  61    0.4685419 -1.53651e+01 
  62    0.4788016 -1.53241e+01 
  63    0.4892860 -1.52800e+01 
  64    0.5000000 -1.52327e+01 
  65    0.5109486 -1.51831e+01 
  66    0.5221369 -1.51298e+01 
  67    0.5335702 -1.50722e+01 
  68    0.5452539 -1.50117e+01 
  69    0.5571934 -1.49457e+01 
  70    0.5693943 -1.48749e+01 
  71    0.5818624 -1.48005e+01 
  72    0.5946036 -1.47194e+01 
  73    0.6076237 -1.46337e+01 
  74    0.6209289 -1.45435e+01 
  75    0.6345255 -1.44469e+01 
  76    0.6484198 -1.43455e+01 
  77    0.6626183 -1.42400e+01 
  78    0.6771278 -1.41310e+01 
  79    0.6919549 -1.40211e+01 
  80    0.7071068 -1.39107e+01 
  81    0.7225904 -1.37959e+01 
  82    0.7384131 -1.36812e+01 
  83    0.7545822 -1.35632e+01 
  84    0.7711054 -1.34431e+01 
  85    0.7879904 -1.33176e+01 
  86    0.8052452 -1.31927e+01 
  87    0.8228777 -1.30690e+01 
  88    0.8408964 -1.29502e+01 
  89    0.8593096 -1.28356e+01 
  90    0.8781261 -1.27192e+01 
  91    0.8973545 -1.26142e+01 
  92    0.9170040 -1.25107e+01 
  93    0.9370838 -1.24100e+01 
  94    0.9576033 -1.23169e+01 
  95    0.9785721 -1.22263e+01 
  96    1.0000000 -1.21430e+01 
  97    1.0218971 -1.20675e+01 
  98    1.0442738 -1.20019e+01 
  99    1.0671404 -1.19398e+01 
 100    1.0905077 -1.18836e+01 
 101    1.1143867 -1.18210e+01 
 102    1.1387886 -1.17477e+01 
 103    1.1637249 -1.16731e+01 
 104    1.1892071 -1.15784e+01 
 105    1.2152474 -1.14736e+01 
 106    1.2418578 -1.13671e+01 
 107    1.2690510 -1.12485e+01 
 108    1.2968396 -1.11281e+01 
 109    1.3252366 -1.09922e+01 
 110    1.3542555 -1.08558e+01 
 111    1.3839099 -1.07131e+01 
 112    1.4142136 -1.05631e+01 
 113    1.4451808 -1.04189e+01 
 114    1.4768261 -1.02777e+01 
 115    1.5091644 -1.01425e+01 
 116    1.5422108 -1.00182e+01 
 117    1.5759808 -9.90240e+00 
 118    1.6104903 -9.79066e+00 
 119    1.6457555 -9.69155e+00 
 120    1.6817928 -9.60085e+00 
 121    1.7186193 -9.51359e+00 
 122    1.7562522 -9.43809e+00 
 123    1.7947091 -9.36842e+00 
 124    1.8340081 -9.30492e+00 
 125    1.8741676 -9.24894e+00 
 126    1.9152066 -9.19825e+00 
 127    1.9571441 -9.15021e+00 
 128    2.0000000 -9.10684e+00 
 129    2.0437943 -9.06650e+00 
 130    2.0885476 -9.02757e+00 
 131    2.1342808 -8.99064e+00 
 132    2.1810155 -8.95431e+00 
 133    2.2287735 -8.91987e+00 
 134    2.2775773 -8.88555e+00 
 135    2.3274497 -8.85184e+00 
 136    2.3784142 -8.81800e+00 
 137    2.4304947 -8.78432e+00 
 138    2.4837156 -8.75119e+00 
 139    2.5381019 -8.71769e+00 
 140    2.5936791 -8.68475e+00 
 141    2.6504733 -8.65174e+00 
 142    2.7085111 -8.61938e+00 
 143    2.7678198 -8.58629e+00 
 144    2.8284271 -8.55255e+00 
 145    2.8903616 -8.51928e+00 
 146    2.9536523 -8.48549e+00 
 147    3.0183289 -8.45167e+00 
 148    3.0844217 -8.41766e+00 
 149    3.1519617 -8.38286e+00 
 150    3.2209807 -8.34792e+00 
 151    3.2915110 -8.31284e+00 
 152    3.3635857 -8.27715e+00 
 153    3.4372386 -8.24082e+00 
 154    3.5125043 -8.20488e+00 
 155    3.5894182 -8.16909e+00 
 156    3.6680162 -8.13257e+00 
 157    3.7483353 -8.09556e+00 
 158    3.8304131 -8.05834e+00 
 159    3.9142882 -8.02107e+00 
 160    4.0000000 -7.98357e+00 
 161    4.0875886 -7.94557e+00 
 162    4.1770951 -7.90769e+00 
 163    4.2685616 -7.86969e+00 
 164    4.3620309 -7.83111e+00 
 165    4.4575470 -7.79196e+00 
 166    4.5551545 -7.75274e+00 
 167    4.6548994 -7.71367e+00 
 168    4.7568285 -7.67402e+00 
 169    4.8609894 -7.63475e+00 
 170    4.9674312 -7.59561e+00 
 171    5.0762038 -7.55592e+00 
 172    5.1873582 -7.51657e+00 
 173    5.3009466 -7.47743e+00 
 174    5.4170222 -7.43858e+00 
 175    5.5356395 -7.39934e+00 
 176    5.6568542 -7.36109e+00 
 177    5.7807232 -7.32309e+00 
 178    5.9073046 -7.28499e+00 
 179    6.0366577 -7.24755e+00 
 180    6.1688433 -7.21078e+00 
 181    6.3039234 -7.17415e+00 
 182    6.4419613 -7.13818e+00 
 183    6.5830219 -7.10264e+00 
 184    6.7271713 -7.06710e+00 
 185    6.8744772 -7.03283e+00 
 186    7.0250086 -6.99782e+00 
 187    7.1788363 -6.96278e+00 
 188    7.3360323 -6.92771e+00 
 189    7.4966705 -6.89304e+00 


# i-band (filter: i_LSST.dat)
   0    0.1250000 -1.51543e+01 
   1    0.1277371 -1.51785e+01 
   2    0.1305342 -1.52032e+01 
   3    0.1333926 -1.52285e+01 
   4    0.1363135 -1.52537e+01 
   5    0.1392983 -1.52787e+01 
   6    0.1423486 -1.53031e+01 
   7    0.1454656 -1.53272e+01 
   8    0.1486509 -1.53512e+01 
   9    0.1519059 -1.53737e+01 
  10    0.1552322 -1.53965e+01 
  11    0.1586314 -1.54194e+01 
  12    0.1621049 -1.54420e+01 
  13    0.1656546 -1.54633e+01 
  14    0.1692819 -1.54838e+01 
  15    0.1729887 -1.55045e+01 
  16    0.1767767 -1.55248e+01 
  17    0.1806476 -1.55441e+01 
  18    0.1846033 -1.55631e+01 
  19    0.1886456 -1.55818e+01 
  20    0.1927764 -1.55993e+01 
  21    0.1969976 -1.56172e+01 
  22    0.2013113 -1.56332e+01 
  23    0.2057194 -1.56487e+01 
  24    0.2102241 -1.56646e+01 
  25    0.2148274 -1.56792e+01 
  26    0.2195315 -1.56932e+01 
  27    0.2243386 -1.57063e+01 
  28    0.2292510 -1.57181e+01 
  29    0.2342710 -1.57287e+01 
  30    0.2394008 -1.57387e+01 
  31    0.2446430 -1.57467e+01 
  32    0.2500000 -1.57527e+01 
  33    0.2554743 -1.57577e+01 
  34    0.2610684 -1.57602e+01 
  35    0.2667851 -1.57604e+01 
  36    0.2726269 -1.57575e+01 
  37    0.2785967 -1.57530e+01 
  38    0.2846972 -1.57443e+01 
  39    0.2909312 -1.57319e+01 
  40    0.2973018 -1.57167e+01 
  41    0.3038118 -1.56967e+01 
  42    0.3104645 -1.56726e+01 
  43    0.3172627 -1.56453e+01 
  44    0.3242099 -1.56133e+01 
  45    0.3313092 -1.55780e+01 
  46    0.3385639 -1.55392e+01 
  47    0.3459775 -1.54978e+01 
  48    0.3535534 -1.54555e+01 
  49    0.3612952 -1.54106e+01 
  50    0.3692065 -1.53668e+01 
  51    0.3772911 -1.53240e+01 
  52    0.3855527 -1.52801e+01 
  53    0.3939952 -1.52392e+01 
  54    0.4026226 -1.52001e+01 
  55    0.4114389 -1.51620e+01 
  56    0.4204482 -1.51271e+01 
  57    0.4296548 -1.50946e+01 
  58    0.4390630 -1.50641e+01 
  59    0.4486773 -1.50357e+01 
  60    0.4585020 -1.50088e+01 
  61    0.4685419 -1.49838e+01 
  62    0.4788016 -1.49598e+01 
  63    0.4892860 -1.49367e+01 
  64    0.5000000 -1.49141e+01 
  65    0.5109486 -1.48922e+01 
  66    0.5221369 -1.48705e+01 
  67    0.5335702 -1.48489e+01 
  68    0.5452539 -1.48274e+01 
  69    0.5571934 -1.48049e+01 
  70    0.5693943 -1.47819e+01 
  71    0.5818624 -1.47583e+01 
  72    0.5946036 -1.47332e+01 
  73    0.6076237 -1.47063e+01 
  74    0.6209289 -1.46782e+01 
  75    0.6345255 -1.46471e+01 
  76    0.6484198 -1.46156e+01 
  77    0.6626183 -1.45813e+01 
  78    0.6771278 -1.45432e+01 
  79    0.6919549 -1.45013e+01 
  80    0.7071068 -1.44549e+01 
  81    0.7225904 -1.44053e+01 
  82    0.7384131 -1.43481e+01 
  83    0.7545822 -1.42846e+01 
  84    0.7711054 -1.42175e+01 
  85    0.7879904 -1.41437e+01 
  86    0.8052452 -1.40688e+01 
  87    0.8228777 -1.39897e+01 
  88    0.8408964 -1.39118e+01 
  89    0.8593096 -1.38348e+01 
  90    0.8781261 -1.37542e+01 
  91    0.8973545 -1.36773e+01 
  92    0.9170040 -1.36006e+01 
  93    0.9370838 -1.35245e+01 
  94    0.9576033 -1.34518e+01 
  95    0.9785721 -1.33805e+01 
  96    1.0000000 -1.33121e+01 
  97    1.0218971 -1.32450e+01 
  98    1.0442738 -1.31816e+01 
  99    1.0671404 -1.31184e+01 
 100    1.0905077 -1.30592e+01 
 101    1.1143867 -1.29961e+01 
 102    1.1387886 -1.29246e+01 
 103    1.1637249 -1.28522e+01 
 104    1.1892071 -1.27659e+01 
 105    1.2152474 -1.26735e+01 
 106    1.2418578 -1.25789e+01 
 107    1.2690510 -1.24763e+01 
 108    1.2968396 -1.23724e+01 
 109    1.3252366 -1.22593e+01 
 110    1.3542555 -1.21479e+01 
 111    1.3839099 -1.20313e+01 
 112    1.4142136 -1.19072e+01 
 113    1.4451808 -1.17870e+01 
 114    1.4768261 -1.16650e+01 
 115    1.5091644 -1.15439e+01 
 116    1.5422108 -1.14182e+01 
 117    1.5759808 -1.12838e+01 
 118    1.6104903 -1.11493e+01 
 119    1.6457555 -1.10037e+01 
 120    1.6817928 -1.08570e+01 
 121    1.7186193 -1.07048e+01 
 122    1.7562522 -1.05517e+01 
 123    1.7947091 -1.04013e+01 
 124    1.8340081 -1.02533e+01 
 125    1.8741676 -1.00996e+01 
 126    1.9152066 -9.96069e+00 
 127    1.9571441 -9.82755e+00 
 128    2.0000000 -9.70175e+00 
 129    2.0437943 -9.59381e+00 
 130    2.0885476 -9.49762e+00 
 131    2.1342808 -9.41095e+00 
 132    2.1810155 -9.33570e+00 
 133    2.2287735 -9.26976e+00 
 134    2.2775773 -9.21341e+00 
 135    2.3274497 -9.16256e+00 
 136    2.3784142 -9.11602e+00 
 137    2.4304947 -9.07497e+00 
 138    2.4837156 -9.03609e+00 
 139    2.5381019 -8.99934e+00 
 140    2.5936791 -8.96336e+00 
 141    2.6504733 -8.92830e+00 
 142    2.7085111 -8.89323e+00 
 143    2.7678198 -8.85793e+00 
 144    2.8284271 -8.82366e+00 
 145    2.8903616 -8.78928e+00 
 146    2.9536523 -8.75451e+00 
 147    3.0183289 -8.72018e+00 
 148    3.0844217 -8.68624e+00 
 149    3.1519617 -8.65197e+00 
 150    3.2209807 -8.61780e+00 
 151    3.2915110 -8.58420e+00 
 152    3.3635857 -8.55044e+00 
 153    3.4372386 -8.51635e+00 
 154    3.5125043 -8.48249e+00 
 155    3.5894182 -8.44727e+00 
 156    3.6680162 -8.41243e+00 
 157    3.7483353 -8.37744e+00 
 158    3.8304131 -8.34203e+00 
 159    3.9142882 -8.30621e+00 
 160    4.0000000 -8.27034e+00 
 161    4.0875886 -8.23473e+00 
 162    4.1770951 -8.19801e+00 
 163    4.2685616 -8.16171e+00 
 164    4.3620309 -8.12473e+00 
 165    4.4575470 -8.08753e+00 
 166    4.5551545 -8.04945e+00 
 167    4.6548994 -8.01259e+00 
 168    4.7568285 -7.97425e+00 
 169    4.8609894 -7.93597e+00 
 170    4.9674312 -7.89760e+00 
 171    5.0762038 -7.85843e+00 
 172    5.1873582 -7.81918e+00 
 173    5.3009466 -7.77970e+00 
 174    5.4170222 -7.73963e+00 
 175    5.5356395 -7.69923e+00 
 176    5.6568542 -7.65901e+00 
 177    5.7807232 -7.61915e+00 
 178    5.9073046 -7.57862e+00 
 179    6.0366577 -7.53790e+00 
 180    6.1688433 -7.49785e+00 
 181    6.3039234 -7.45734e+00 
 182    6.4419613 -7.41711e+00 
 183    6.5830219 -7.37768e+00 
 184    6.7271713 -7.33757e+00 
 185    6.8744772 -7.29816e+00 
 186    7.0250086 -7.25826e+00 
 187    7.1788363 -7.21788e+00 
 188    7.3360323 -7.17727e+00 
 189    7.4966705 -7.13700e+00 


# z-band (filter: z_LSST.dat)
   0    0.1250000 -1.47708e+01 
   1    0.1277371 -1.47917e+01 
   2    0.1305342 -1.48130e+01 
   3    0.1333926 -1.48348e+01 
   4    0.1363135 -1.48557e+01 
   5    0.1392983 -1.48771e+01 
   6    0.1423486 -1.48978e+01 
   7    0.1454656 -1.49187e+01 
   8    0.1486509 -1.49398e+01 
   9    0.1519059 -1.49608e+01 
  10    0.1552322 -1.49830e+01 
  11    0.1586314 -1.50036e+01 
  12    0.1621049 -1.50246e+01 
  13    0.1656546 -1.50449e+01 
  14    0.1692819 -1.50651e+01 
  15    0.1729887 -1.50860e+01 
  16    0.1767767 -1.51071e+01 
  17    0.1806476 -1.51289e+01 
  18    0.1846033 -1.51494e+01 
  19    0.1886456 -1.51700e+01 
  20    0.1927764 -1.51909e+01 
  21    0.1969976 -1.52117e+01 
  22    0.2013113 -1.52314e+01 
  23    0.2057194 -1.52512e+01 
  24    0.2102241 -1.52715e+01 
  25    0.2148274 -1.52905e+01 
  26    0.2195315 -1.53094e+01 
  27    0.2243386 -1.53282e+01 
  28    0.2292510 -1.53457e+01 
  29    0.2342710 -1.53615e+01 
  30    0.2394008 -1.53777e+01 
  31    0.2446430 -1.53925e+01 
  32    0.2500000 -1.54052e+01 
  33    0.2554743 -1.54174e+01 
  34    0.2610684 -1.54263e+01 
  35    0.2667851 -1.54324e+01 
  36    0.2726269 -1.54340e+01 
  37    0.2785967 -1.54340e+01 
  38    0.2846972 -1.54271e+01 
  39    0.2909312 -1.54140e+01 
  40    0.2973018 -1.53968e+01 
  41    0.3038118 -1.53689e+01 
  42    0.3104645 -1.53321e+01 
  43    0.3172627 -1.52894e+01 
  44    0.3242099 -1.52352e+01 
  45    0.3313092 -1.51731e+01 
  46    0.3385639 -1.51036e+01 
  47    0.3459775 -1.50273e+01 
  48    0.3535534 -1.49480e+01 
  49    0.3612952 -1.48622e+01 
  50    0.3692065 -1.47792e+01 
  51    0.3772911 -1.46966e+01 
  52    0.3855527 -1.46113e+01 
  53    0.3939952 -1.45339e+01 
  54    0.4026226 -1.44587e+01 
  55    0.4114389 -1.43855e+01 
  56    0.4204482 -1.43185e+01 
  57    0.4296548 -1.42552e+01 
  58    0.4390630 -1.41961e+01 
  59    0.4486773 -1.41413e+01 
  60    0.4585020 -1.40894e+01 
  61    0.4685419 -1.40401e+01 
  62    0.4788016 -1.39925e+01 
  63    0.4892860 -1.39473e+01 
  64    0.5000000 -1.39038e+01 
  65    0.5109486 -1.38609e+01 
  66    0.5221369 -1.38210e+01 
  67    0.5335702 -1.37828e+01 
  68    0.5452539 -1.37459e+01 
  69    0.5571934 -1.37120e+01 
  70    0.5693943 -1.36800e+01 
  71    0.5818624 -1.36495e+01 
  72    0.5946036 -1.36230e+01 
  73    0.6076237 -1.35988e+01 
  74    0.6209289 -1.35757e+01 
  75    0.6345255 -1.35556e+01 
  76    0.6484198 -1.35376e+01 
  77    0.6626183 -1.35209e+01 
  78    0.6771278 -1.35059e+01 
  79    0.6919549 -1.34917e+01 
  80    0.7071068 -1.34773e+01 
  81    0.7225904 -1.34640e+01 
  82    0.7384131 -1.34491e+01 
  83    0.7545822 -1.34331e+01 
  84    0.7711054 -1.34163e+01 
  85    0.7879904 -1.33964e+01 
  86    0.8052452 -1.33750e+01 
  87    0.8228777 -1.33522e+01 
  88    0.8408964 -1.33253e+01 
  89    0.8593096 -1.32960e+01 
  90    0.8781261 -1.32642e+01 
  91    0.8973545 -1.32278e+01 
  92    0.9170040 -1.31871e+01 
  93    0.9370838 -1.31433e+01 
  94    0.9576033 -1.30932e+01 
  95    0.9785721 -1.30378e+01 
  96    1.0000000 -1.29791e+01 
  97    1.0218971 -1.29131e+01 
  98    1.0442738 -1.28432e+01 
  99    1.0671404 -1.27699e+01 
 100    1.0905077 -1.26936e+01 
 101    1.1143867 -1.26122e+01 
 102    1.1387886 -1.25234e+01 
 103    1.1637249 -1.24290e+01 
 104    1.1892071 -1.23226e+01 
 105    1.2152474 -1.22091e+01 
 106    1.2418578 -1.20920e+01 
 107    1.2690510 -1.19679e+01 
 108    1.2968396 -1.18422e+01 
 109    1.3252366 -1.17098e+01 
 110    1.3542555 -1.15802e+01 
 111    1.3839099 -1.14481e+01 
 112    1.4142136 -1.13101e+01 
 113    1.4451808 -1.11785e+01 
 114    1.4768261 -1.10476e+01 
 115    1.5091644 -1.09199e+01 
 116    1.5422108 -1.08003e+01 
 117    1.5759808 -1.06825e+01 
 118    1.6104903 -1.05692e+01 
 119    1.6457555 -1.04606e+01 
 120    1.6817928 -1.03536e+01 
 121    1.7186193 -1.02515e+01 
 122    1.7562522 -1.01540e+01 
 123    1.7947091 -1.00608e+01 
 124    1.8340081 -9.97242e+00 
 125    1.8741676 -9.88547e+00 
 126    1.9152066 -9.80500e+00 
 127    1.9571441 -9.72729e+00 
 128    2.0000000 -9.65281e+00 
 129    2.0437943 -9.58541e+00 
 130    2.0885476 -9.52150e+00 
 131    2.1342808 -9.46067e+00 
 132    2.1810155 -9.40532e+00 
 133    2.2287735 -9.35192e+00 
 134    2.2775773 -9.30212e+00 
 135    2.3274497 -9.25409e+00 
 136    2.3784142 -9.20677e+00 
 137    2.4304947 -9.16125e+00 
 138    2.4837156 -9.11580e+00 
 139    2.5381019 -9.07089e+00 
 140    2.5936791 -9.02573e+00 
 141    2.6504733 -8.97961e+00 
 142    2.7085111 -8.93407e+00 
 143    2.7678198 -8.88805e+00 
 144    2.8284271 -8.84117e+00 
 145    2.8903616 -8.79446e+00 
 146    2.9536523 -8.74749e+00 
 147    3.0183289 -8.70010e+00 
 148    3.0844217 -8.65312e+00 
 149    3.1519617 -8.60690e+00 
 150    3.2209807 -8.56033e+00 
 151    3.2915110 -8.51435e+00 
 152    3.3635857 -8.46937e+00 
 153    3.4372386 -8.42361e+00 
 154    3.5125043 -8.37768e+00 
 155    3.5894182 -8.33234e+00 
 156    3.6680162 -8.28700e+00 
 157    3.7483353 -8.24209e+00 
 158    3.8304131 -8.19661e+00 
 159    3.9142882 -8.15131e+00 
 160    4.0000000 -8.10595e+00 
 161    4.0875886 -8.06031e+00 
 162    4.1770951 -8.01421e+00 
 163    4.2685616 -7.96734e+00 
 164    4.3620309 -7.92092e+00 
 165    4.4575470 -7.87455e+00 
 166    4.5551545 -7.82825e+00 
 167    4.6548994 -7.78190e+00 
 168    4.7568285 -7.73492e+00 
 169    4.8609894 -7.68809e+00 
 170    4.9674312 -7.64126e+00 
 171    5.0762038 -7.59441e+00 
 172    5.1873582 -7.54737e+00 
 173    5.3009466 -7.49994e+00 
 174    5.4170222 -7.45274e+00 
 175    5.5356395 -7.40571e+00 
 176    5.6568542 -7.35825e+00 
 177    5.7807232 -7.31095e+00 
 178    5.9073046 -7.26312e+00 
 179    6.0366577 -7.21454e+00 
 180    6.1688433 -7.16655e+00 
 181    6.3039234 -7.11795e+00 
 182    6.4419613 -7.07000e+00 
 183    6.5830219 -7.02232e+00 
 184    6.7271713 -6.97373e+00 
 185    6.8744772 -6.92578e+00 
 186    7.0250086 -6.87696e+00 
 187    7.1788363 -6.82748e+00 
 188    7.3360323 -6.77775e+00 
 189    7.4966705 -6.72849e+00 


# y-band (filter: y_LSST.dat)
   0    0.1250000 -1.44473e+01 
   1    0.1277371 -1.44706e+01 
   2    0.1305342 -1.44945e+01 
   3    0.1333926 -1.45188e+01 
   4    0.1363135 -1.45407e+01 
   5    0.1392983 -1.45638e+01 
   6    0.1423486 -1.45865e+01 
   7    0.1454656 -1.46074e+01 
   8    0.1486509 -1.46275e+01 
   9    0.1519059 -1.46492e+01 
  10    0.1552322 -1.46676e+01 
  11    0.1586314 -1.46886e+01 
  12    0.1621049 -1.47101e+01 
  13    0.1656546 -1.47305e+01 
  14    0.1692819 -1.47509e+01 
  15    0.1729887 -1.47721e+01 
  16    0.1767767 -1.47952e+01 
  17    0.1806476 -1.48164e+01 
  18    0.1846033 -1.48390e+01 
  19    0.1886456 -1.48631e+01 
  20    0.1927764 -1.48861e+01 
  21    0.1969976 -1.49096e+01 
  22    0.2013113 -1.49339e+01 
  23    0.2057194 -1.49576e+01 
  24    0.2102241 -1.49811e+01 
  25    0.2148274 -1.50048e+01 
  26    0.2195315 -1.50300e+01 
  27    0.2243386 -1.50544e+01 
  28    0.2292510 -1.50781e+01 
  29    0.2342710 -1.51028e+01 
  30    0.2394008 -1.51282e+01 
  31    0.2446430 -1.51528e+01 
  32    0.2500000 -1.51779e+01 
  33    0.2554743 -1.52028e+01 
  34    0.2610684 -1.52268e+01 
  35    0.2667851 -1.52498e+01 
  36    0.2726269 -1.52729e+01 
  37    0.2785967 -1.52957e+01 
  38    0.2846972 -1.53158e+01 
  39    0.2909312 -1.53331e+01 
  40    0.2973018 -1.53496e+01 
  41    0.3038118 -1.53613e+01 
  42    0.3104645 -1.53691e+01 
  43    0.3172627 -1.53749e+01 
  44    0.3242099 -1.53734e+01 
  45    0.3313092 -1.53680e+01 
  46    0.3385639 -1.53589e+01 
  47    0.3459775 -1.53425e+01 
  48    0.3535534 -1.53212e+01 
  49    0.3612952 -1.52954e+01 
  50    0.3692065 -1.52638e+01 
  51    0.3772911 -1.52282e+01 
  52    0.3855527 -1.51883e+01 
  53    0.3939952 -1.51448e+01 
  54    0.4026226 -1.50975e+01 
  55    0.4114389 -1.50471e+01 
  56    0.4204482 -1.49954e+01 
  57    0.4296548 -1.49416e+01 
  58    0.4390630 -1.48872e+01 
  59    0.4486773 -1.48310e+01 
  60    0.4585020 -1.47754e+01 
  61    0.4685419 -1.47194e+01 
  62    0.4788016 -1.46628e+01 
  63    0.4892860 -1.46072e+01 
  64    0.5000000 -1.45520e+01 
  65    0.5109486 -1.44967e+01 
  66    0.5221369 -1.44429e+01 
  67    0.5335702 -1.43889e+01 
  68    0.5452539 -1.43359e+01 
  69    0.5571934 -1.42830e+01 
  70    0.5693943 -1.42309e+01 
  71    0.5818624 -1.41790e+01 
  72    0.5946036 -1.41278e+01 
  73    0.6076237 -1.40772e+01 
  74    0.6209289 -1.40266e+01 
  75    0.6345255 -1.39765e+01 
  76    0.6484198 -1.39275e+01 
  77    0.6626183 -1.38780e+01 
  78    0.6771278 -1.38292e+01 
  79    0.6919549 -1.37814e+01 
  80    0.7071068 -1.37337e+01 
  81    0.7225904 -1.36862e+01 
  82    0.7384131 -1.36388e+01 
  83    0.7545822 -1.35914e+01 
  84    0.7711054 -1.35441e+01 
  85    0.7879904 -1.34959e+01 
  86    0.8052452 -1.34471e+01 
  87    0.8228777 -1.33983e+01 
  88    0.8408964 -1.33484e+01 
  89    0.8593096 -1.32984e+01 
  90    0.8781261 -1.32476e+01 
  91    0.8973545 -1.31956e+01 
  92    0.9170040 -1.31425e+01 
  93    0.9370838 -1.30881e+01 
  94    0.9576033 -1.30330e+01 
  95    0.9785721 -1.29766e+01 
  96    1.0000000 -1.29186e+01 
  97    1.0218971 -1.28593e+01 
  98    1.0442738 -1.27984e+01 
  99    1.0671404 -1.27364e+01 
 100    1.0905077 -1.26734e+01 
 101    1.1143867 -1.26085e+01 
 102    1.1387886 -1.25419e+01 
 103    1.1637249 -1.24735e+01 
 104    1.1892071 -1.24032e+01 
 105    1.2152474 -1.23308e+01 
 106    1.2418578 -1.22566e+01 
 107    1.2690510 -1.21804e+01 
 108    1.2968396 -1.21020e+01 
 109    1.3252366 -1.20220e+01 
 110    1.3542555 -1.19397e+01 
 111    1.3839099 -1.18557e+01 
 112    1.4142136 -1.17692e+01 
 113    1.4451808 -1.16824e+01 
 114    1.4768261 -1.15947e+01 
 115    1.5091644 -1.15059e+01 
 116    1.5422108 -1.14177e+01 
 117    1.5759808 -1.13296e+01 
 118    1.6104903 -1.12410e+01 
 119    1.6457555 -1.11549e+01 
 120    1.6817928 -1.10704e+01 
 121    1.7186193 -1.09864e+01 
 122    1.7562522 -1.09070e+01 
 123    1.7947091 -1.08291e+01 
 124    1.8340081 -1.07542e+01 
 125    1.8741676 -1.06803e+01 
 126    1.9152066 -1.06105e+01 
 127    1.9571441 -1.05416e+01 
 128    2.0000000 -1.04755e+01 
 129    2.0437943 -1.04112e+01 
 130    2.0885476 -1.03487e+01 
 131    2.1342808 -1.02872e+01 
 132    2.1810155 -1.02268e+01 
 133    2.2287735 -1.01674e+01 
 134    2.2775773 -1.01081e+01 
 135    2.3274497 -1.00495e+01 
 136    2.3784142 -9.99021e+00 
 137    2.4304947 -9.93063e+00 
 138    2.4837156 -9.87025e+00 
 139    2.5381019 -9.80989e+00 
 140    2.5936791 -9.74911e+00 
 141    2.6504733 -9.68756e+00 
 142    2.7085111 -9.62576e+00 
 143    2.7678198 -9.56270e+00 
 144    2.8284271 -9.49895e+00 
 145    2.8903616 -9.43439e+00 
 146    2.9536523 -9.36994e+00 
 147    3.0183289 -9.30443e+00 
 148    3.0844217 -9.23885e+00 
 149    3.1519617 -9.17339e+00 
 150    3.2209807 -9.10694e+00 
 151    3.2915110 -9.04078e+00 
 152    3.3635857 -8.97345e+00 
 153    3.4372386 -8.90591e+00 
 154    3.5125043 -8.83841e+00 
 155    3.5894182 -8.77097e+00 
 156    3.6680162 -8.70226e+00 
 157    3.7483353 -8.63419e+00 
 158    3.8304131 -8.56486e+00 
 159    3.9142882 -8.49503e+00 
 160    4.0000000 -8.42514e+00 
 161    4.0875886 -8.35511e+00 
 162    4.1770951 -8.28410e+00 
 163    4.2685616 -8.21265e+00 
 164    4.3620309 -8.14066e+00 
 165    4.4575470 -8.06832e+00 
 166    4.5551545 -7.99595e+00 
 167    4.6548994 -7.92273e+00 
 168    4.7568285 -7.84893e+00 
 169    4.8609894 -7.77517e+00 
 170    4.9674312 -7.70162e+00 
 171    5.0762038 -7.62683e+00 
 172    5.1873582 -7.55216e+00 
 173    5.3009466 -7.47699e+00 
 174    5.4170222 -7.40203e+00 
 175    5.5356395 -7.32659e+00 
 176    5.6568542 -7.25161e+00 
 177    5.7807232 -7.17644e+00 
 178    5.9073046 -7.10055e+00 
 179    6.0366577 -7.02490e+00 
 180    6.1688433 -6.94893e+00 
 181    6.3039234 -6.87273e+00 
 182    6.4419613 -6.79660e+00 
 183    6.5830219 -6.72178e+00 
 184    6.7271713 -6.64560e+00 
 185    6.8744772 -6.56996e+00 
 186    7.0250086 -6.49321e+00 
 187    7.1788363 -6.41521e+00 
 188    7.3360323 -6.33663e+00 
 189    7.4966705 -6.25850e+00 


# J-band (filter: J_2MASS.dat)
   0    0.1250000 -1.37403e+01 
   1    0.1277371 -1.37578e+01 
   2    0.1305342 -1.37757e+01 
   3    0.1333926 -1.37940e+01 
   4    0.1363135 -1.38105e+01 
   5    0.1392983 -1.38239e+01 
   6    0.1423486 -1.38401e+01 
   7    0.1454656 -1.38560e+01 
   8    0.1486509 -1.38686e+01 
   9    0.1519059 -1.38849e+01 
  10    0.1552322 -1.39014e+01 
  11    0.1586314 -1.39162e+01 
  12    0.1621049 -1.39347e+01 
  13    0.1656546 -1.39546e+01 
  14    0.1692819 -1.39757e+01 
  15    0.1729887 -1.39980e+01 
  16    0.1767767 -1.40231e+01 
  17    0.1806476 -1.40479e+01 
  18    0.1846033 -1.40751e+01 
  19    0.1886456 -1.41024e+01 
  20    0.1927764 -1.41322e+01 
  21    0.1969976 -1.41610e+01 
  22    0.2013113 -1.41898e+01 
  23    0.2057194 -1.42225e+01 
  24    0.2102241 -1.42524e+01 
  25    0.2148274 -1.42844e+01 
  26    0.2195315 -1.43155e+01 
  27    0.2243386 -1.43485e+01 
  28    0.2292510 -1.43800e+01 
  29    0.2342710 -1.44127e+01 
  30    0.2394008 -1.44430e+01 
  31    0.2446430 -1.44748e+01 
  32    0.2500000 -1.45063e+01 
  33    0.2554743 -1.45381e+01 
  34    0.2610684 -1.45723e+01 
  35    0.2667851 -1.46055e+01 
  36    0.2726269 -1.46399e+01 
  37    0.2785967 -1.46734e+01 
  38    0.2846972 -1.47078e+01 
  39    0.2909312 -1.47416e+01 
  40    0.2973018 -1.47771e+01 
  41    0.3038118 -1.48131e+01 
  42    0.3104645 -1.48487e+01 
  43    0.3172627 -1.48848e+01 
  44    0.3242099 -1.49210e+01 
  45    0.3313092 -1.49563e+01 
  46    0.3385639 -1.49920e+01 
  47    0.3459775 -1.50279e+01 
  48    0.3535534 -1.50625e+01 
  49    0.3612952 -1.50979e+01 
  50    0.3692065 -1.51315e+01 
  51    0.3772911 -1.51648e+01 
  52    0.3855527 -1.51975e+01 
  53    0.3939952 -1.52280e+01 
  54    0.4026226 -1.52575e+01 
  55    0.4114389 -1.52860e+01 
  56    0.4204482 -1.53118e+01 
  57    0.4296548 -1.53343e+01 
  58    0.4390630 -1.53540e+01 
  59    0.4486773 -1.53714e+01 
  60    0.4585020 -1.53847e+01 
  61    0.4685419 -1.53949e+01 
  62    0.4788016 -1.54022e+01 
  63    0.4892860 -1.54048e+01 
  64    0.5000000 -1.54039e+01 
  65    0.5109486 -1.53997e+01 
  66    0.5221369 -1.53918e+01 
  67    0.5335702 -1.53802e+01 
  68    0.5452539 -1.53658e+01 
  69    0.5571934 -1.53483e+01 
  70    0.5693943 -1.53281e+01 
  71    0.5818624 -1.53057e+01 
  72    0.5946036 -1.52803e+01 
  73    0.6076237 -1.52525e+01 
  74    0.6209289 -1.52229e+01 
  75    0.6345255 -1.51904e+01 
  76    0.6484198 -1.51561e+01 
  77    0.6626183 -1.51197e+01 
  78    0.6771278 -1.50802e+01 
  79    0.6919549 -1.50388e+01 
  80    0.7071068 -1.49951e+01 
  81    0.7225904 -1.49495e+01 
  82    0.7384131 -1.49018e+01 
  83    0.7545822 -1.48523e+01 
  84    0.7711054 -1.48009e+01 
  85    0.7879904 -1.47487e+01 
  86    0.8052452 -1.46954e+01 
  87    0.8228777 -1.46407e+01 
  88    0.8408964 -1.45856e+01 
  89    0.8593096 -1.45307e+01 
  90    0.8781261 -1.44755e+01 
  91    0.8973545 -1.44215e+01 
  92    0.9170040 -1.43683e+01 
  93    0.9370838 -1.43147e+01 
  94    0.9576033 -1.42627e+01 
  95    0.9785721 -1.42117e+01 
  96    1.0000000 -1.41611e+01 
  97    1.0218971 -1.41123e+01 
  98    1.0442738 -1.40644e+01 
  99    1.0671404 -1.40171e+01 
 100    1.0905077 -1.39718e+01 
 101    1.1143867 -1.39269e+01 
 102    1.1387886 -1.38828e+01 
 103    1.1637249 -1.38388e+01 
 104    1.1892071 -1.37951e+01 
 105    1.2152474 -1.37516e+01 
 106    1.2418578 -1.37078e+01 
 107    1.2690510 -1.36631e+01 
 108    1.2968396 -1.36171e+01 
 109    1.3252366 -1.35711e+01 
 110    1.3542555 -1.35225e+01 
 111    1.3839099 -1.34730e+01 
 112    1.4142136 -1.34216e+01 
 113    1.4451808 -1.33684e+01 
 114    1.4768261 -1.33127e+01 
 115    1.5091644 -1.32551e+01 
 116    1.5422108 -1.31948e+01 
 117    1.5759808 -1.31316e+01 
 118    1.6104903 -1.30666e+01 
 119    1.6457555 -1.29982e+01 
 120    1.6817928 -1.29272e+01 
 121    1.7186193 -1.28538e+01 
 122    1.7562522 -1.27767e+01 
 123    1.7947091 -1.26962e+01 
 124    1.8340081 -1.26129e+01 
 125    1.8741676 -1.25267e+01 
 126    1.9152066 -1.24379e+01 
 127    1.9571441 -1.23480e+01 
 128    2.0000000 -1.22559e+01 
 129    2.0437943 -1.21655e+01 
 130    2.0885476 -1.20765e+01 
 131    2.1342808 -1.19864e+01 
 132    2.1810155 -1.19018e+01 
 133    2.2287735 -1.18192e+01 
 134    2.2775773 -1.17378e+01 
 135    2.3274497 -1.16621e+01 
 136    2.3784142 -1.15890e+01 
 137    2.4304947 -1.15190e+01 
 138    2.4837156 -1.14522e+01 
 139    2.5381019 -1.13876e+01 
 140    2.5936791 -1.13254e+01 
 141    2.6504733 -1.12643e+01 
 142    2.7085111 -1.12043e+01 
 143    2.7678198 -1.11445e+01 
 144    2.8284271 -1.10850e+01 
 145    2.8903616 -1.10256e+01 
 146    2.9536523 -1.09664e+01 
 147    3.0183289 -1.09060e+01 
 148    3.0844217 -1.08453e+01 
 149    3.1519617 -1.07842e+01 
 150    3.2209807 -1.07223e+01 
 151    3.2915110 -1.06600e+01 
 152    3.3635857 -1.05969e+01 
 153    3.4372386 -1.05332e+01 
 154    3.5125043 -1.04689e+01 
 155    3.5894182 -1.04042e+01 
 156    3.6680162 -1.03386e+01 
 157    3.7483353 -1.02729e+01 
 158    3.8304131 -1.02059e+01 
 159    3.9142882 -1.01385e+01 
 160    4.0000000 -1.00704e+01 
 161    4.0875886 -1.00016e+01 
 162    4.1770951 -9.93198e+00 
 163    4.2685616 -9.86203e+00 
 164    4.3620309 -9.79126e+00 
 165    4.4575470 -9.71948e+00 
 166    4.5551545 -9.64674e+00 
 167    4.6548994 -9.57345e+00 
 168    4.7568285 -9.49887e+00 
 169    4.8609894 -9.42384e+00 
 170    4.9674312 -9.34814e+00 
 171    5.0762038 -9.27147e+00 
 172    5.1873582 -9.19380e+00 
 173    5.3009466 -9.11572e+00 
 174    5.4170222 -9.03696e+00 
 175    5.5356395 -8.95708e+00 
 176    5.6568542 -8.87704e+00 
 177    5.7807232 -8.79630e+00 
 178    5.9073046 -8.71459e+00 
 179    6.0366577 -8.63252e+00 
 180    6.1688433 -8.54980e+00 
 181    6.3039234 -8.46603e+00 
 182    6.4419613 -8.38190e+00 
 183    6.5830219 -8.29764e+00 
 184    6.7271713 -8.21243e+00 
 185    6.8744772 -8.12685e+00 
 186    7.0250086 -8.03984e+00 
 187    7.1788363 -7.95131e+00 
 188    7.3360323 -7.86167e+00 
 189    7.4966705 -7.77161e+00 


# H-band (filter: H_2MASS.dat)
   0    0.1250000 -1.31082e+01 
   1    0.1277371 -1.31327e+01 
   2    0.1305342 -1.31578e+01 
   3    0.1333926 -1.31834e+01 
   4    0.1363135 -1.32135e+01 
   5    0.1392983 -1.32487e+01 
   6    0.1423486 -1.32863e+01 
   7    0.1454656 -1.33239e+01 
   8    0.1486509 -1.33698e+01 
   9    0.1519059 -1.34195e+01 
  10    0.1552322 -1.34610e+01 
  11    0.1586314 -1.35062e+01 
  12    0.1621049 -1.35448e+01 
  13    0.1656546 -1.35813e+01 
  14    0.1692819 -1.36083e+01 
  15    0.1729887 -1.36436e+01 
  16    0.1767767 -1.36693e+01 
  17    0.1806476 -1.36927e+01 
  18    0.1846033 -1.37101e+01 
  19    0.1886456 -1.37239e+01 
  20    0.1927764 -1.37353e+01 
  21    0.1969976 -1.37401e+01 
  22    0.2013113 -1.37465e+01 
  23    0.2057194 -1.37489e+01 
  24    0.2102241 -1.37513e+01 
  25    0.2148274 -1.37505e+01 
  26    0.2195315 -1.37540e+01 
  27    0.2243386 -1.37510e+01 
  28    0.2292510 -1.37520e+01 
  29    0.2342710 -1.37488e+01 
  30    0.2394008 -1.37500e+01 
  31    0.2446430 -1.37502e+01 
  32    0.2500000 -1.37488e+01 
  33    0.2554743 -1.37510e+01 
  34    0.2610684 -1.37559e+01 
  35    0.2667851 -1.37626e+01 
  36    0.2726269 -1.37713e+01 
  37    0.2785967 -1.37815e+01 
  38    0.2846972 -1.37945e+01 
  39    0.2909312 -1.38111e+01 
  40    0.2973018 -1.38287e+01 
  41    0.3038118 -1.38505e+01 
  42    0.3104645 -1.38746e+01 
  43    0.3172627 -1.39019e+01 
  44    0.3242099 -1.39318e+01 
  45    0.3313092 -1.39617e+01 
  46    0.3385639 -1.39945e+01 
  47    0.3459775 -1.40281e+01 
  48    0.3535534 -1.40616e+01 
  49    0.3612952 -1.40966e+01 
  50    0.3692065 -1.41290e+01 
  51    0.3772911 -1.41608e+01 
  52    0.3855527 -1.41919e+01 
  53    0.3939952 -1.42211e+01 
  54    0.4026226 -1.42468e+01 
  55    0.4114389 -1.42714e+01 
  56    0.4204482 -1.42914e+01 
  57    0.4296548 -1.43077e+01 
  58    0.4390630 -1.43211e+01 
  59    0.4486773 -1.43314e+01 
  60    0.4585020 -1.43376e+01 
  61    0.4685419 -1.43427e+01 
  62    0.4788016 -1.43444e+01 
  63    0.4892860 -1.43455e+01 
  64    0.5000000 -1.43463e+01 
  65    0.5109486 -1.43454e+01 
  66    0.5221369 -1.43483e+01 
  67    0.5335702 -1.43533e+01 
  68    0.5452539 -1.43597e+01 
  69    0.5571934 -1.43709e+01 
  70    0.5693943 -1.43851e+01 
  71    0.5818624 -1.44022e+01 
  72    0.5946036 -1.44231e+01 
  73    0.6076237 -1.44460e+01 
  74    0.6209289 -1.44727e+01 
  75    0.6345255 -1.44993e+01 
  76    0.6484198 -1.45274e+01 
  77    0.6626183 -1.45568e+01 
  78    0.6771278 -1.45844e+01 
  79    0.6919549 -1.46109e+01 
  80    0.7071068 -1.46363e+01 
  81    0.7225904 -1.46605e+01 
  82    0.7384131 -1.46821e+01 
  83    0.7545822 -1.47007e+01 
  84    0.7711054 -1.47167e+01 
  85    0.7879904 -1.47276e+01 
  86    0.8052452 -1.47338e+01 
  87    0.8228777 -1.47374e+01 
  88    0.8408964 -1.47335e+01 
  89    0.8593096 -1.47251e+01 
  90    0.8781261 -1.47125e+01 
  91    0.8973545 -1.46927e+01 
  92    0.9170040 -1.46674e+01 
  93    0.9370838 -1.46373e+01 
  94    0.9576033 -1.46007e+01 
  95    0.9785721 -1.45603e+01 
  96    1.0000000 -1.45154e+01 
  97    1.0218971 -1.44666e+01 
  98    1.0442738 -1.44153e+01 
  99    1.0671404 -1.43609e+01 
 100    1.0905077 -1.43049e+01 
 101    1.1143867 -1.42472e+01 
 102    1.1387886 -1.41890e+01 
 103    1.1637249 -1.41289e+01 
 104    1.1892071 -1.40687e+01 
 105    1.2152474 -1.40084e+01 
 106    1.2418578 -1.39472e+01 
 107    1.2690510 -1.38864e+01 
 108    1.2968396 -1.38248e+01 
 109    1.3252366 -1.37627e+01 
 110    1.3542555 -1.37002e+01 
 111    1.3839099 -1.36363e+01 
 112    1.4142136 -1.35717e+01 
 113    1.4451808 -1.35050e+01 
 114    1.4768261 -1.34357e+01 
 115    1.5091644 -1.33654e+01 
 116    1.5422108 -1.32909e+01 
 117    1.5759808 -1.32139e+01 
 118    1.6104903 -1.31338e+01 
 119    1.6457555 -1.30489e+01 
 120    1.6817928 -1.29609e+01 
 121    1.7186193 -1.28691e+01 
 122    1.7562522 -1.27738e+01 
 123    1.7947091 -1.26750e+01 
 124    1.8340081 -1.25735e+01 
 125    1.8741676 -1.24686e+01 
 126    1.9152066 -1.23634e+01 
 127    1.9571441 -1.22567e+01 
 128    2.0000000 -1.21483e+01 
 129    2.0437943 -1.20415e+01 
 130    2.0885476 -1.19357e+01 
 131    2.1342808 -1.18298e+01 
 132    2.1810155 -1.17286e+01 
 133    2.2287735 -1.16298e+01 
 134    2.2775773 -1.15328e+01 
 135    2.3274497 -1.14412e+01 
 136    2.3784142 -1.13532e+01 
 137    2.4304947 -1.12677e+01 
 138    2.4837156 -1.11877e+01 
 139    2.5381019 -1.11115e+01 
 140    2.5936791 -1.10376e+01 
 141    2.6504733 -1.09677e+01 
 142    2.7085111 -1.09002e+01 
 143    2.7678198 -1.08340e+01 
 144    2.8284271 -1.07702e+01 
 145    2.8903616 -1.07079e+01 
 146    2.9536523 -1.06459e+01 
 147    3.0183289 -1.05851e+01 
 148    3.0844217 -1.05244e+01 
 149    3.1519617 -1.04648e+01 
 150    3.2209807 -1.04042e+01 
 151    3.2915110 -1.03436e+01 
 152    3.3635857 -1.02829e+01 
 153    3.4372386 -1.02220e+01 
 154    3.5125043 -1.01605e+01 
 155    3.5894182 -1.00994e+01 
 156    3.6680162 -1.00374e+01 
 157    3.7483353 -9.97510e+00 
 158    3.8304131 -9.91256e+00 
 159    3.9142882 -9.84948e+00 
 160    4.0000000 -9.78598e+00 
 161    4.0875886 -9.72166e+00 
 162    4.1770951 -9.65672e+00 
 163    4.2685616 -9.59105e+00 
 164    4.3620309 -9.52474e+00 
 165    4.4575470 -9.45756e+00 
 166    4.5551545 -9.39035e+00 
 167    4.6548994 -9.32223e+00 
 168    4.7568285 -9.25307e+00 
 169    4.8609894 -9.18405e+00 
 170    4.9674312 -9.11387e+00 
 171    5.0762038 -9.04275e+00 
 172    5.1873582 -8.97077e+00 
 173    5.3009466 -8.89814e+00 
 174    5.4170222 -8.82497e+00 
 175    5.5356395 -8.75105e+00 
 176    5.6568542 -8.67628e+00 
 177    5.7807232 -8.60048e+00 
 178    5.9073046 -8.52385e+00 
 179    6.0366577 -8.44653e+00 
 180    6.1688433 -8.36764e+00 
 181    6.3039234 -8.28835e+00 
 182    6.4419613 -8.20850e+00 
 183    6.5830219 -8.12773e+00 
 184    6.7271713 -8.04608e+00 
 185    6.8744772 -7.96378e+00 
 186    7.0250086 -7.87964e+00 
 187    7.1788363 -7.79406e+00 
 188    7.3360323 -7.70743e+00 
 189    7.4966705 -7.61977e+00 


# K-band (filter: Ks_mosfire.dat)
   0    0.1250000 -1.23938e+01 
   1    0.1277371 -1.24507e+01 
   2    0.1305342 -1.25089e+01 
   3    0.1333926 -1.25684e+01 
   4    0.1363135 -1.26235e+01 
   5    0.1392983 -1.26712e+01 
   6    0.1423486 -1.27167e+01 
   7    0.1454656 -1.27538e+01 
   8    0.1486509 -1.27943e+01 
   9    0.1519059 -1.28336e+01 
  10    0.1552322 -1.28703e+01 
  11    0.1586314 -1.29038e+01 
  12    0.1621049 -1.29329e+01 
  13    0.1656546 -1.29657e+01 
  14    0.1692819 -1.29915e+01 
  15    0.1729887 -1.30216e+01 
  16    0.1767767 -1.30497e+01 
  17    0.1806476 -1.30749e+01 
  18    0.1846033 -1.31019e+01 
  19    0.1886456 -1.31316e+01 
  20    0.1927764 -1.31490e+01 
  21    0.1969976 -1.31573e+01 
  22    0.2013113 -1.31655e+01 
  23    0.2057194 -1.31712e+01 
  24    0.2102241 -1.31686e+01 
  25    0.2148274 -1.31665e+01 
  26    0.2195315 -1.31612e+01 
  27    0.2243386 -1.31450e+01 
  28    0.2292510 -1.31279e+01 
  29    0.2342710 -1.31014e+01 
  30    0.2394008 -1.30756e+01 
  31    0.2446430 -1.30486e+01 
  32    0.2500000 -1.30200e+01 
  33    0.2554743 -1.29952e+01 
  34    0.2610684 -1.29646e+01 
  35    0.2667851 -1.29385e+01 
  36    0.2726269 -1.29151e+01 
  37    0.2785967 -1.28916e+01 
  38    0.2846972 -1.28694e+01 
  39    0.2909312 -1.28546e+01 
  40    0.2973018 -1.28408e+01 
  41    0.3038118 -1.28337e+01 
  42    0.3104645 -1.28222e+01 
  43    0.3172627 -1.28184e+01 
  44    0.3242099 -1.28174e+01 
  45    0.3313092 -1.28206e+01 
  46    0.3385639 -1.28273e+01 
  47    0.3459775 -1.28349e+01 
  48    0.3535534 -1.28442e+01 
  49    0.3612952 -1.28580e+01 
  50    0.3692065 -1.28706e+01 
  51    0.3772911 -1.28837e+01 
  52    0.3855527 -1.28987e+01 
  53    0.3939952 -1.29153e+01 
  54    0.4026226 -1.29321e+01 
  55    0.4114389 -1.29463e+01 
  56    0.4204482 -1.29602e+01 
  57    0.4296548 -1.29699e+01 
  58    0.4390630 -1.29772e+01 
  59    0.4486773 -1.29828e+01 
  60    0.4585020 -1.29821e+01 
  61    0.4685419 -1.29793e+01 
  62    0.4788016 -1.29744e+01 
  63    0.4892860 -1.29628e+01 
  64    0.5000000 -1.29497e+01 
  65    0.5109486 -1.29344e+01 
  66    0.5221369 -1.29190e+01 
  67    0.5335702 -1.29070e+01 
  68    0.5452539 -1.28939e+01 
  69    0.5571934 -1.28900e+01 
  70    0.5693943 -1.28924e+01 
  71    0.5818624 -1.28972e+01 
  72    0.5946036 -1.29147e+01 
  73    0.6076237 -1.29391e+01 
  74    0.6209289 -1.29715e+01 
  75    0.6345255 -1.30172e+01 
  76    0.6484198 -1.30697e+01 
  77    0.6626183 -1.31298e+01 
  78    0.6771278 -1.31971e+01 
  79    0.6919549 -1.32684e+01 
  80    0.7071068 -1.33419e+01 
  81    0.7225904 -1.34205e+01 
  82    0.7384131 -1.34949e+01 
  83    0.7545822 -1.35666e+01 
  84    0.7711054 -1.36380e+01 
  85    0.7879904 -1.36990e+01 
  86    0.8052452 -1.37520e+01 
  87    0.8228777 -1.37997e+01 
  88    0.8408964 -1.38331e+01 
  89    0.8593096 -1.38571e+01 
  90    0.8781261 -1.38727e+01 
  91    0.8973545 -1.38746e+01 
  92    0.9170040 -1.38666e+01 
  93    0.9370838 -1.38488e+01 
  94    0.9576033 -1.38200e+01 
  95    0.9785721 -1.37812e+01 
  96    1.0000000 -1.37343e+01 
  97    1.0218971 -1.36774e+01 
  98    1.0442738 -1.36128e+01 
  99    1.0671404 -1.35422e+01 
 100    1.0905077 -1.34632e+01 
 101    1.1143867 -1.33793e+01 
 102    1.1387886 -1.32899e+01 
 103    1.1637249 -1.31950e+01 
 104    1.1892071 -1.30950e+01 
 105    1.2152474 -1.29910e+01 
 106    1.2418578 -1.28825e+01 
 107    1.2690510 -1.27720e+01 
 108    1.2968396 -1.26588e+01 
 109    1.3252366 -1.25415e+01 
 110    1.3542555 -1.24208e+01 
 111    1.3839099 -1.22966e+01 
 112    1.4142136 -1.21705e+01 
 113    1.4451808 -1.20411e+01 
 114    1.4768261 -1.19072e+01 
 115    1.5091644 -1.17707e+01 
 116    1.5422108 -1.16252e+01 
 117    1.5759808 -1.14678e+01 
 118    1.6104903 -1.13027e+01 
 119    1.6457555 -1.11151e+01 
 120    1.6817928 -1.09149e+01 
 121    1.7186193 -1.07086e+01 
 122    1.7562522 -1.04949e+01 
 123    1.7947091 -1.02778e+01 
 124    1.8340081 -1.00602e+01 
 125    1.8741676 -9.83345e+00 
 126    1.9152066 -9.62387e+00 
 127    1.9571441 -9.41460e+00 
 128    2.0000000 -9.20732e+00 
 129    2.0437943 -9.01595e+00 
 130    2.0885476 -8.84144e+00 
 131    2.1342808 -8.67742e+00 
 132    2.1810155 -8.52875e+00 
 133    2.2287735 -8.39276e+00 
 134    2.2775773 -8.26604e+00 
 135    2.3274497 -8.15290e+00 
 136    2.3784142 -8.04694e+00 
 137    2.4304947 -7.94589e+00 
 138    2.4837156 -7.85210e+00 
 139    2.5381019 -7.76462e+00 
 140    2.5936791 -7.68152e+00 
 141    2.6504733 -7.60341e+00 
 142    2.7085111 -7.52533e+00 
 143    2.7678198 -7.45040e+00 
 144    2.8284271 -7.37755e+00 
 145    2.8903616 -7.30421e+00 
 146    2.9536523 -7.23441e+00 
 147    3.0183289 -7.16358e+00 
 148    3.0844217 -7.09633e+00 
 149    3.1519617 -7.02691e+00 
 150    3.2209807 -6.95892e+00 
 151    3.2915110 -6.88725e+00 
 152    3.3635857 -6.81727e+00 
 153    3.4372386 -6.74700e+00 
 154    3.5125043 -6.67804e+00 
 155    3.5894182 -6.60756e+00 
 156    3.6680162 -6.53831e+00 
 157    3.7483353 -6.47025e+00 
 158    3.8304131 -6.39978e+00 
 159    3.9142882 -6.32944e+00 
 160    4.0000000 -6.25987e+00 
 161    4.0875886 -6.18958e+00 
 162    4.1770951 -6.11864e+00 
 163    4.2685616 -6.04765e+00 
 164    4.3620309 -5.97640e+00 
 165    4.4575470 -5.90455e+00 
 166    4.5551545 -5.83092e+00 
 167    4.6548994 -5.75813e+00 
 168    4.7568285 -5.68426e+00 
 169    4.8609894 -5.61003e+00 
 170    4.9674312 -5.53615e+00 
 171    5.0762038 -5.45928e+00 
 172    5.1873582 -5.38330e+00 
 173    5.3009466 -5.30600e+00 
 174    5.4170222 -5.22777e+00 
 175    5.5356395 -5.14930e+00 
 176    5.6568542 -5.07069e+00 
 177    5.7807232 -4.99279e+00 
 178    5.9073046 -4.91266e+00 
 179    6.0366577 -4.83040e+00 
 180    6.1688433 -4.74776e+00 
 181    6.3039234 -4.66450e+00 
 182    6.4419613 -4.58033e+00 
 183    6.5830219 -4.49451e+00 
 184    6.7271713 -4.40680e+00 
 185    6.8744772 -4.31752e+00 
 186    7.0250086 -4.22628e+00 
 187    7.1788363 -4.13317e+00 
 188    7.3360323 -4.03764e+00 
 189    7.4966705 -3.94112e+00 


# S-band (filter: Spitzer_IRAC2.dat)
   0    0.1250000 -1.12202e+01 
   1    0.1277371 -1.12483e+01 
   2    0.1305342 -1.12770e+01 
   3    0.1333926 -1.13064e+01 
   4    0.1363135 -1.13335e+01 
   5    0.1392983 -1.13620e+01 
   6    0.1423486 -1.14074e+01 
   7    0.1454656 -1.14462e+01 
   8    0.1486509 -1.14756e+01 
   9    0.1519059 -1.15168e+01 
  10    0.1552322 -1.15463e+01 
  11    0.1586314 -1.15961e+01 
  12    0.1621049 -1.16170e+01 
  13    0.1656546 -1.16199e+01 
  14    0.1692819 -1.16391e+01 
  15    0.1729887 -1.16522e+01 
  16    0.1767767 -1.16671e+01 
  17    0.1806476 -1.16673e+01 
  18    0.1846033 -1.16618e+01 
  19    0.1886456 -1.16444e+01 
  20    0.1927764 -1.16444e+01 
  21    0.1969976 -1.16171e+01 
  22    0.2013113 -1.16008e+01 
  23    0.2057194 -1.15692e+01 
  24    0.2102241 -1.15530e+01 
  25    0.2148274 -1.15397e+01 
  26    0.2195315 -1.15143e+01 
  27    0.2243386 -1.14875e+01 
  28    0.2292510 -1.14506e+01 
  29    0.2342710 -1.14104e+01 
  30    0.2394008 -1.13715e+01 
  31    0.2446430 -1.13167e+01 
  32    0.2500000 -1.12572e+01 
  33    0.2554743 -1.12096e+01 
  34    0.2610684 -1.11362e+01 
  35    0.2667851 -1.10802e+01 
  36    0.2726269 -1.10174e+01 
  37    0.2785967 -1.09520e+01 
  38    0.2846972 -1.08742e+01 
  39    0.2909312 -1.07933e+01 
  40    0.2973018 -1.07205e+01 
  41    0.3038118 -1.06450e+01 
  42    0.3104645 -1.05803e+01 
  43    0.3172627 -1.05097e+01 
  44    0.3242099 -1.04370e+01 
  45    0.3313092 -1.03755e+01 
  46    0.3385639 -1.03013e+01 
  47    0.3459775 -1.02325e+01 
  48    0.3535534 -1.01676e+01 
  49    0.3612952 -1.01019e+01 
  50    0.3692065 -1.00440e+01 
  51    0.3772911 -9.99279e+00 
  52    0.3855527 -9.93519e+00 
  53    0.3939952 -9.89694e+00 
  54    0.4026226 -9.85007e+00 
  55    0.4114389 -9.81023e+00 
  56    0.4204482 -9.77637e+00 
  57    0.4296548 -9.73495e+00 
  58    0.4390630 -9.73065e+00 
  59    0.4486773 -9.71083e+00 
  60    0.4585020 -9.70469e+00 
  61    0.4685419 -9.69557e+00 
  62    0.4788016 -9.70148e+00 
  63    0.4892860 -9.72014e+00 
  64    0.5000000 -9.74994e+00 
  65    0.5109486 -9.77762e+00 
  66    0.5221369 -9.82494e+00 
  67    0.5335702 -9.88322e+00 
  68    0.5452539 -9.95030e+00 
  69    0.5571934 -1.00323e+01 
  70    0.5693943 -1.01067e+01 
  71    0.5818624 -1.02012e+01 
  72    0.5946036 -1.02927e+01 
  73    0.6076237 -1.03982e+01 
  74    0.6209289 -1.05041e+01 
  75    0.6345255 -1.06118e+01 
  76    0.6484198 -1.07164e+01 
  77    0.6626183 -1.08229e+01 
  78    0.6771278 -1.09250e+01 
  79    0.6919549 -1.10244e+01 
  80    0.7071068 -1.11180e+01 
  81    0.7225904 -1.12138e+01 
  82    0.7384131 -1.13038e+01 
  83    0.7545822 -1.13848e+01 
  84    0.7711054 -1.14654e+01 
  85    0.7879904 -1.15356e+01 
  86    0.8052452 -1.15973e+01 
  87    0.8228777 -1.16542e+01 
  88    0.8408964 -1.17018e+01 
  89    0.8593096 -1.17394e+01 
  90    0.8781261 -1.17708e+01 
  91    0.8973545 -1.17877e+01 
  92    0.9170040 -1.17917e+01 
  93    0.9370838 -1.17888e+01 
  94    0.9576033 -1.17705e+01 
  95    0.9785721 -1.17408e+01 
  96    1.0000000 -1.16994e+01 
  97    1.0218971 -1.16410e+01 
  98    1.0442738 -1.15708e+01 
  99    1.0671404 -1.14913e+01 
 100    1.0905077 -1.13979e+01 
 101    1.1143867 -1.12922e+01 
 102    1.1387886 -1.11786e+01 
 103    1.1637249 -1.10547e+01 
 104    1.1892071 -1.09287e+01 
 105    1.2152474 -1.07970e+01 
 106    1.2418578 -1.06584e+01 
 107    1.2690510 -1.05246e+01 
 108    1.2968396 -1.03962e+01 
 109    1.3252366 -1.02624e+01 
 110    1.3542555 -1.01329e+01 
 111    1.3839099 -1.00059e+01 
 112    1.4142136 -9.87967e+00 
 113    1.4451808 -9.75266e+00 
 114    1.4768261 -9.62393e+00 
 115    1.5091644 -9.50055e+00 
 116    1.5422108 -9.36363e+00 
 117    1.5759808 -9.21779e+00 
 118    1.6104903 -9.05442e+00 
 119    1.6457555 -8.84453e+00 
 120    1.6817928 -8.61038e+00 
 121    1.7186193 -8.37134e+00 
 122    1.7562522 -8.08527e+00 
 123    1.7947091 -7.77754e+00 
 124    1.8340081 -7.45875e+00 
 125    1.8741676 -7.11158e+00 
 126    1.9152066 -6.77580e+00 
 127    1.9571441 -6.43347e+00 
 128    2.0000000 -6.08108e+00 
 129    2.0437943 -5.76828e+00 
 130    2.0885476 -5.45941e+00 
 131    2.1342808 -5.16005e+00 
 132    2.1810155 -4.88467e+00 
 133    2.2287735 -4.63577e+00 
 134    2.2775773 -4.42382e+00 
 135    2.3274497 -4.24074e+00 
 136    2.3784142 -4.07425e+00 
 137    2.4304947 -3.92392e+00 
 138    2.4837156 -3.81033e+00 
 139    2.5381019 -3.71485e+00 
 140    2.5936791 -3.62050e+00 
 141    2.6504733 -3.53444e+00 
 142    2.7085111 -3.46700e+00 
 143    2.7678198 -3.41384e+00 
 144    2.8284271 -3.36210e+00 
 145    2.8903616 -3.31412e+00 
 146    2.9536523 -3.26824e+00 
 147    3.0183289 -3.22709e+00 
 148    3.0844217 -3.18673e+00 
 149    3.1519617 -3.14147e+00 
 150    3.2209807 -3.09348e+00 
 151    3.2915110 -3.04797e+00 
 152    3.3635857 -3.01488e+00 
 153    3.4372386 -2.97028e+00 
 154    3.5125043 -2.92158e+00 
 155    3.5894182 -2.87923e+00 
 156    3.6680162 -2.82989e+00 
 157    3.7483353 -2.78026e+00 
 158    3.8304131 -2.72020e+00 
 159    3.9142882 -2.67571e+00 
 160    4.0000000 -2.63651e+00 
 161    4.0875886 -2.59748e+00 
 162    4.1770951 -2.54706e+00 
 163    4.2685616 -2.49171e+00 
 164    4.3620309 -2.44114e+00 
 165    4.4575470 -2.38363e+00 
 166    4.5551545 -2.34507e+00 
 167    4.6548994 -2.30727e+00 
 168    4.7568285 -2.26245e+00 
 169    4.8609894 -2.22632e+00 
 170    4.9674312 -2.18676e+00 
 171    5.0762038 -2.12480e+00 
 172    5.1873582 -2.07500e+00 
 173    5.3009466 -2.02021e+00 
 174    5.4170222 -1.97751e+00 
 175    5.5356395 -1.91369e+00 
 176    5.6568542 -1.85942e+00 
 177    5.7807232 -1.79994e+00 
 178    5.9073046 -1.74334e+00 
 179    6.0366577 -1.68854e+00 
 180    6.1688433 -1.61893e+00 
 181    6.3039234 -1.55528e+00 
 182    6.4419613 -1.49369e+00 
 183    6.5830219 -1.43219e+00 
 184    6.7271713 -1.37025e+00 
 185    6.8744772 -1.30518e+00 
 186    7.0250086 -1.23806e+00 
 187    7.1788363 -1.17892e+00 
 188    7.3360323 -1.11213e+00 
 189    7.4966705 -1.03864e+00 


