# 1:iteration 2:time bin[s] 3-k:equiv. isotropic luminosity in k-th angular bin [erg/s]
# bolometric luminosity going in angular bin
   0    0.1250000  4.27267e+41 
   1    0.1277371  4.32120e+41 
   2    0.1305342  4.37080e+41 
   3    0.1333926  4.42149e+41 
   4    0.1363135  4.47036e+41 
   5    0.1392983  4.51489e+41 
   6    0.1423486  4.55585e+41 
   7    0.1454656  4.59173e+41 
   8    0.1486509  4.62630e+41 
   9    0.1519059  4.65623e+41 
  10    0.1552322  4.68285e+41 
  11    0.1586314  4.70995e+41 
  12    0.1621049  4.73162e+41 
  13    0.1656546  4.75215e+41 
  14    0.1692819  4.76968e+41 
  15    0.1729887  4.78432e+41 
  16    0.1767767  4.79617e+41 
  17    0.1806476  4.80761e+41 
  18    0.1846033  4.81665e+41 
  19    0.1886456  4.82729e+41 
  20    0.1927764  4.83543e+41 
  21    0.1969976  4.84220e+41 
  22    0.2013113  4.85138e+41 
  23    0.2057194  4.86107e+41 
  24    0.2102241  4.87146e+41 
  25    0.2148274  4.88008e+41 
  26    0.2195315  4.88863e+41 
  27    0.2243386  4.89864e+41 
  28    0.2292510  4.91539e+41 
  29    0.2342710  4.93048e+41 
  30    0.2394008  4.94668e+41 
  31    0.2446430  4.96687e+41 
  32    0.2500000  4.98123e+41 
  33    0.2554743  5.00108e+41 
  34    0.2610684  5.02177e+41 
  35    0.2667851  5.03998e+41 
  36    0.2726269  5.05391e+41 
  37    0.2785967  5.07231e+41 
  38    0.2846972  5.08372e+41 
  39    0.2909312  5.08513e+41 
  40    0.2973018  5.08928e+41 
  41    0.3038118  5.08668e+41 
  42    0.3104645  5.07719e+41 
  43    0.3172627  5.06026e+41 
  44    0.3242099  5.03120e+41 
  45    0.3313092  4.99188e+41 
  46    0.3385639  4.95359e+41 
  47    0.3459775  4.90924e+41 
  48    0.3535534  4.86371e+41 
  49    0.3612952  4.81234e+41 
  50    0.3692065  4.76167e+41 
  51    0.3772911  4.71796e+41 
  52    0.3855527  4.67563e+41 
  53    0.3939952  4.63500e+41 
  54    0.4026226  4.59240e+41 
  55    0.4114389  4.55896e+41 
  56    0.4204482  4.51909e+41 
  57    0.4296548  4.48041e+41 
  58    0.4390630  4.43897e+41 
  59    0.4486773  4.40644e+41 
  60    0.4585020  4.37525e+41 
  61    0.4685419  4.34376e+41 
  62    0.4788016  4.31378e+41 
  63    0.4892860  4.28802e+41 
  64    0.5000000  4.25308e+41 
  65    0.5109486  4.22650e+41 
  66    0.5221369  4.20861e+41 
  67    0.5335702  4.18825e+41 
  68    0.5452539  4.17731e+41 
  69    0.5571934  4.16849e+41 
  70    0.5693943  4.16132e+41 
  71    0.5818624  4.15548e+41 
  72    0.5946036  4.15642e+41 
  73    0.6076237  4.15662e+41 
  74    0.6209289  4.15957e+41 
  75    0.6345255  4.16781e+41 
  76    0.6484198  4.18911e+41 
  77    0.6626183  4.20586e+41 
  78    0.6771278  4.22776e+41 
  79    0.6919549  4.26415e+41 
  80    0.7071068  4.30072e+41 
  81    0.7225904  4.35225e+41 
  82    0.7384131  4.40421e+41 
  83    0.7545822  4.45565e+41 
  84    0.7711054  4.51344e+41 
  85    0.7879904  4.57211e+41 
  86    0.8052452  4.63351e+41 
  87    0.8228777  4.69825e+41 
  88    0.8408964  4.76162e+41 
  89    0.8593096  4.82915e+41 
  90    0.8781261  4.90288e+41 
  91    0.8973545  4.98186e+41 
  92    0.9170040  5.06330e+41 
  93    0.9370838  5.15015e+41 
  94    0.9576033  5.26351e+41 
  95    0.9785721  5.37319e+41 
  96    1.0000000  5.48627e+41 
  97    1.0218971  5.60382e+41 
  98    1.0442738  5.73067e+41 
  99    1.0671404  5.88956e+41 
 100    1.0905077  6.07112e+41 
 101    1.1143867  6.24640e+41 
 102    1.1387886  6.43039e+41 
 103    1.1637249  6.63122e+41 
 104    1.1892071  6.84954e+41 
 105    1.2152474  7.08248e+41 
 106    1.2418578  7.34354e+41 
 107    1.2690510  7.64271e+41 
 108    1.2968396  7.96436e+41 
 109    1.3252366  8.29233e+41 
 110    1.3542555  8.62485e+41 
 111    1.3839099  8.94254e+41 
 112    1.4142136  9.30059e+41 
 113    1.4451808  9.65020e+41 
 114    1.4768261  9.99706e+41 
 115    1.5091644  1.03530e+42 
 116    1.5422108  1.06735e+42 
 117    1.5759808  1.09913e+42 
 118    1.6104903  1.12877e+42 
 119    1.6457555  1.15495e+42 
 120    1.6817928  1.17848e+42 
 121    1.7186193  1.20165e+42 
 122    1.7562522  1.22396e+42 
 123    1.7947091  1.24540e+42 
 124    1.8340081  1.26184e+42 
 125    1.8741676  1.27719e+42 
 126    1.9152066  1.29513e+42 
 127    1.9571441  1.31722e+42 
 128    2.0000000  1.33941e+42 
 129    2.0437943  1.36401e+42 
 130    2.0885476  1.39214e+42 
 131    2.1342808  1.42634e+42 
 132    2.1810155  1.47594e+42 
 133    2.2287735  1.53314e+42 
 134    2.2775773  1.59146e+42 
 135    2.3274497  1.65854e+42 
 136    2.3784142  1.71903e+42 
 137    2.4304947  1.78495e+42 
 138    2.4837156  1.81828e+42 
 139    2.5381019  1.83911e+42 
 140    2.5936791  1.86461e+42 
 141    2.6504733  1.87326e+42 
 142    2.7085111  1.88320e+42 
 143    2.7678198  1.87878e+42 
 144    2.8284271  1.87659e+42 
 145    2.8903616  1.85856e+42 
 146    2.9536523  1.81912e+42 
 147    3.0183289  1.77473e+42 
 148    3.0844217  1.72968e+42 
 149    3.1519617  1.68974e+42 
 150    3.2209807  1.65859e+42 
 151    3.2915110  1.63506e+42 
 152    3.3635857  1.61493e+42 
 153    3.4372386  1.59066e+42 
 154    3.5125043  1.57165e+42 
 155    3.5894182  1.54842e+42 
 156    3.6680162  1.52780e+42 
 157    3.7483353  1.50682e+42 
 158    3.8304131  1.49272e+42 
 159    3.9142882  1.47904e+42 
 160    4.0000000  1.45790e+42 
 161    4.0875886  1.43069e+42 
 162    4.1770951  1.39976e+42 
 163    4.2685616  1.35706e+42 
 164    4.3620309  1.30593e+42 
 165    4.4575470  1.24947e+42 
 166    4.5551545  1.18258e+42 
 167    4.6548994  1.11091e+42 
 168    4.7568285  1.03308e+42 
 169    4.8609894  9.53697e+41 
 170    4.9674312  8.73580e+41 
 171    5.0762038  7.93854e+41 
 172    5.1873582  7.11303e+41 
 173    5.3009466  6.36855e+41 
 174    5.4170222  5.66371e+41 
 175    5.5356395  4.99525e+41 
 176    5.6568542  4.42602e+41 
 177    5.7807232  3.92117e+41 
 178    5.9073046  3.47341e+41 
 179    6.0366577  3.10216e+41 
 180    6.1688433  2.78141e+41 
 181    6.3039234  2.51217e+41 
 182    6.4419613  2.28553e+41 
 183    6.5830219  2.09220e+41 
 184    6.7271713  1.93083e+41 
 185    6.8744772  1.78842e+41 
 186    7.0250086  1.65556e+41 
 187    7.1788363  1.53504e+41 
 188    7.3360323  1.42083e+41 
 189    7.4966705  1.31463e+41 


# g-band (filter: g_LSST.dat)
   0    0.1250000  9.04149e+26 
   1    0.1277371  9.13340e+26 
   2    0.1305342  9.22732e+26 
   3    0.1333926  9.32330e+26 
   4    0.1363135  9.40854e+26 
   5    0.1392983  9.48229e+26 
   6    0.1423486  9.54469e+26 
   7    0.1454656  9.58325e+26 
   8    0.1486509  9.62140e+26 
   9    0.1519059  9.64245e+26 
  10    0.1552322  9.64798e+26 
  11    0.1586314  9.65083e+26 
  12    0.1621049  9.62892e+26 
  13    0.1656546  9.60087e+26 
  14    0.1692819  9.55899e+26 
  15    0.1729887  9.50820e+26 
  16    0.1767767  9.44786e+26 
  17    0.1806476  9.37076e+26 
  18    0.1846033  9.29144e+26 
  19    0.1886456  9.20543e+26 
  20    0.1927764  9.11344e+26 
  21    0.1969976  9.01588e+26 
  22    0.2013113  8.91113e+26 
  23    0.2057194  8.80060e+26 
  24    0.2102241  8.68723e+26 
  25    0.2148274  8.56676e+26 
  26    0.2195315  8.44563e+26 
  27    0.2243386  8.32431e+26 
  28    0.2292510  8.19629e+26 
  29    0.2342710  8.07090e+26 
  30    0.2394008  7.93627e+26 
  31    0.2446430  7.80315e+26 
  32    0.2500000  7.66809e+26 
  33    0.2554743  7.52766e+26 
  34    0.2610684  7.38310e+26 
  35    0.2667851  7.23517e+26 
  36    0.2726269  7.08168e+26 
  37    0.2785967  6.92228e+26 
  38    0.2846972  6.75174e+26 
  39    0.2909312  6.57240e+26 
  40    0.2973018  6.38761e+26 
  41    0.3038118  6.18994e+26 
  42    0.3104645  5.98323e+26 
  43    0.3172627  5.76253e+26 
  44    0.3242099  5.52368e+26 
  45    0.3313092  5.27787e+26 
  46    0.3385639  5.02429e+26 
  47    0.3459775  4.76497e+26 
  48    0.3535534  4.50210e+26 
  49    0.3612952  4.23094e+26 
  50    0.3692065  3.96585e+26 
  51    0.3772911  3.70517e+26 
  52    0.3855527  3.44193e+26 
  53    0.3939952  3.19308e+26 
  54    0.4026226  2.95406e+26 
  55    0.4114389  2.72166e+26 
  56    0.4204482  2.51092e+26 
  57    0.4296548  2.31132e+26 
  58    0.4390630  2.12411e+26 
  59    0.4486773  1.95239e+26 
  60    0.4585020  1.79886e+26 
  61    0.4685419  1.66107e+26 
  62    0.4788016  1.53184e+26 
  63    0.4892860  1.42184e+26 
  64    0.5000000  1.32398e+26 
  65    0.5109486  1.23988e+26 
  66    0.5221369  1.16781e+26 
  67    0.5335702  1.10703e+26 
  68    0.5452539  1.05525e+26 
  69    0.5571934  1.00936e+26 
  70    0.5693943  9.69504e+25 
  71    0.5818624  9.33082e+25 
  72    0.5946036  9.04109e+25 
  73    0.6076237  8.80971e+25 
  74    0.6209289  8.61345e+25 
  75    0.6345255  8.49140e+25 
  76    0.6484198  8.40994e+25 
  77    0.6626183  8.32815e+25 
  78    0.6771278  8.32706e+25 
  79    0.6919549  8.36927e+25 
  80    0.7071068  8.41689e+25 
  81    0.7225904  8.57824e+25 
  82    0.7384131  8.78181e+25 
  83    0.7545822  9.00878e+25 
  84    0.7711054  9.30129e+25 
  85    0.7879904  9.60733e+25 
  86    0.8052452  9.88204e+25 
  87    0.8228777  1.02122e+26 
  88    0.8408964  1.05437e+26 
  89    0.8593096  1.08755e+26 
  90    0.8781261  1.11986e+26 
  91    0.8973545  1.14850e+26 
  92    0.9170040  1.18188e+26 
  93    0.9370838  1.20321e+26 
  94    0.9576033  1.22047e+26 
  95    0.9785721  1.23892e+26 
  96    1.0000000  1.25501e+26 
  97    1.0218971  1.29199e+26 
  98    1.0442738  1.33931e+26 
  99    1.0671404  1.37503e+26 
 100    1.0905077  1.40895e+26 
 101    1.1143867  1.44182e+26 
 102    1.1387886  1.47449e+26 
 103    1.1637249  1.51140e+26 
 104    1.1892071  1.53406e+26 
 105    1.2152474  1.56660e+26 
 106    1.2418578  1.59350e+26 
 107    1.2690510  1.63492e+26 
 108    1.2968396  1.77296e+26 
 109    1.3252366  1.86566e+26 
 110    1.3542555  1.98434e+26 
 111    1.3839099  2.14212e+26 
 112    1.4142136  2.33036e+26 
 113    1.4451808  2.57334e+26 
 114    1.4768261  2.84971e+26 
 115    1.5091644  3.17562e+26 
 116    1.5422108  3.60162e+26 
 117    1.5759808  4.18929e+26 
 118    1.6104903  4.78345e+26 
 119    1.6457555  5.50801e+26 
 120    1.6817928  6.24745e+26 
 121    1.7186193  7.05876e+26 
 122    1.7562522  7.96698e+26 
 123    1.7947091  8.95752e+26 
 124    1.8340081  1.00215e+27 
 125    1.8741676  1.11652e+27 
 126    1.9152066  1.24606e+27 
 127    1.9571441  1.38051e+27 
 128    2.0000000  1.52008e+27 
 129    2.0437943  1.66085e+27 
 130    2.0885476  1.80995e+27 
 131    2.1342808  1.97114e+27 
 132    2.1810155  2.15663e+27 
 133    2.2287735  2.36107e+27 
 134    2.2775773  2.56983e+27 
 135    2.3274497  2.82010e+27 
 136    2.3784142  3.14781e+27 
 137    2.4304947  3.46285e+27 
 138    2.4837156  3.70118e+27 
 139    2.5381019  3.89083e+27 
 140    2.5936791  4.10743e+27 
 141    2.6504733  4.24773e+27 
 142    2.7085111  4.38881e+27 
 143    2.7678198  4.52383e+27 
 144    2.8284271  4.64027e+27 
 145    2.8903616  4.73531e+27 
 146    2.9536523  4.76726e+27 
 147    3.0183289  4.73287e+27 
 148    3.0844217  4.65299e+27 
 149    3.1519617  4.57570e+27 
 150    3.2209807  4.53307e+27 
 151    3.2915110  4.50688e+27 
 152    3.3635857  4.49284e+27 
 153    3.4372386  4.46434e+27 
 154    3.5125043  4.45064e+27 
 155    3.5894182  4.42207e+27 
 156    3.6680162  4.39476e+27 
 157    3.7483353  4.35780e+27 
 158    3.8304131  4.33630e+27 
 159    3.9142882  4.31648e+27 
 160    4.0000000  4.25625e+27 
 161    4.0875886  4.16404e+27 
 162    4.1770951  4.05529e+27 
 163    4.2685616  3.88392e+27 
 164    4.3620309  3.67677e+27 
 165    4.4575470  3.44520e+27 
 166    4.5551545  3.17496e+27 
 167    4.6548994  2.89058e+27 
 168    4.7568285  2.57612e+27 
 169    4.8609894  2.27463e+27 
 170    4.9674312  1.97871e+27 
 171    5.0762038  1.69124e+27 
 172    5.1873582  1.40231e+27 
 173    5.3009466  1.15620e+27 
 174    5.4170222  9.32727e+26 
 175    5.5356395  7.36958e+26 
 176    5.6568542  5.77812e+26 
 177    5.7807232  4.45724e+26 
 178    5.9073046  3.40968e+26 
 179    6.0366577  2.58996e+26 
 180    6.1688433  1.94379e+26 
 181    6.3039234  1.45891e+26 
 182    6.4419613  1.08459e+26 
 183    6.5830219  7.97258e+25 
 184    6.7271713  5.91931e+25 
 185    6.8744772  4.34617e+25 
 186    7.0250086  3.04229e+25 
 187    7.1788363  2.05063e+25 
 188    7.3360323  1.24907e+25 
 189    7.4966705  6.76839e+24 


# r-band (filter: r_LSST.dat)
   0    0.1250000  7.93804e+26 
   1    0.1277371  8.11712e+26 
   2    0.1305342  8.30011e+26 
   3    0.1333926  8.48711e+26 
   4    0.1363135  8.66870e+26 
   5    0.1392983  8.85507e+26 
   6    0.1423486  9.02165e+26 
   7    0.1454656  9.18805e+26 
   8    0.1486509  9.34080e+26 
   9    0.1519059  9.48376e+26 
  10    0.1552322  9.62273e+26 
  11    0.1586314  9.76493e+26 
  12    0.1621049  9.88685e+26 
  13    0.1656546  1.00069e+27 
  14    0.1692819  1.01107e+27 
  15    0.1729887  1.02097e+27 
  16    0.1767767  1.02997e+27 
  17    0.1806476  1.03765e+27 
  18    0.1846033  1.04477e+27 
  19    0.1886456  1.05029e+27 
  20    0.1927764  1.05540e+27 
  21    0.1969976  1.05939e+27 
  22    0.2013113  1.06245e+27 
  23    0.2057194  1.06421e+27 
  24    0.2102241  1.06539e+27 
  25    0.2148274  1.06442e+27 
  26    0.2195315  1.06367e+27 
  27    0.2243386  1.06153e+27 
  28    0.2292510  1.05822e+27 
  29    0.2342710  1.05418e+27 
  30    0.2394008  1.04947e+27 
  31    0.2446430  1.04384e+27 
  32    0.2500000  1.03741e+27 
  33    0.2554743  1.03045e+27 
  34    0.2610684  1.02282e+27 
  35    0.2667851  1.01431e+27 
  36    0.2726269  1.00528e+27 
  37    0.2785967  9.96080e+26 
  38    0.2846972  9.86003e+26 
  39    0.2909312  9.75891e+26 
  40    0.2973018  9.64804e+26 
  41    0.3038118  9.53325e+26 
  42    0.3104645  9.41665e+26 
  43    0.3172627  9.29208e+26 
  44    0.3242099  9.16446e+26 
  45    0.3313092  9.03291e+26 
  46    0.3385639  8.89507e+26 
  47    0.3459775  8.75587e+26 
  48    0.3535534  8.61255e+26 
  49    0.3612952  8.46432e+26 
  50    0.3692065  8.31233e+26 
  51    0.3772911  8.15471e+26 
  52    0.3855527  7.99411e+26 
  53    0.3939952  7.82985e+26 
  54    0.4026226  7.66722e+26 
  55    0.4114389  7.49638e+26 
  56    0.4204482  7.32932e+26 
  57    0.4296548  7.15634e+26 
  58    0.4390630  6.97764e+26 
  59    0.4486773  6.79983e+26 
  60    0.4585020  6.62392e+26 
  61    0.4685419  6.45196e+26 
  62    0.4788016  6.27940e+26 
  63    0.4892860  6.11151e+26 
  64    0.5000000  5.94960e+26 
  65    0.5109486  5.79308e+26 
  66    0.5221369  5.64513e+26 
  67    0.5335702  5.50847e+26 
  68    0.5452539  5.37747e+26 
  69    0.5571934  5.26239e+26 
  70    0.5693943  5.16772e+26 
  71    0.5818624  5.08346e+26 
  72    0.5946036  5.03525e+26 
  73    0.6076237  4.99172e+26 
  74    0.6209289  4.95995e+26 
  75    0.6345255  4.95053e+26 
  76    0.6484198  4.96093e+26 
  77    0.6626183  4.98812e+26 
  78    0.6771278  5.05141e+26 
  79    0.6919549  5.14652e+26 
  80    0.7071068  5.27640e+26 
  81    0.7225904  5.44247e+26 
  82    0.7384131  5.61909e+26 
  83    0.7545822  5.77813e+26 
  84    0.7711054  5.96889e+26 
  85    0.7879904  6.15033e+26 
  86    0.8052452  6.36015e+26 
  87    0.8228777  6.59202e+26 
  88    0.8408964  6.83089e+26 
  89    0.8593096  7.07921e+26 
  90    0.8781261  7.36660e+26 
  91    0.8973545  7.74435e+26 
  92    0.9170040  8.16636e+26 
  93    0.9370838  8.68868e+26 
  94    0.9576033  9.46732e+26 
  95    0.9785721  1.02195e+27 
  96    1.0000000  1.09925e+27 
  97    1.0218971  1.17556e+27 
  98    1.0442738  1.25905e+27 
  99    1.0671404  1.37493e+27 
 100    1.0905077  1.50934e+27 
 101    1.1143867  1.63457e+27 
 102    1.1387886  1.77247e+27 
 103    1.1637249  1.91704e+27 
 104    1.1892071  2.08117e+27 
 105    1.2152474  2.27067e+27 
 106    1.2418578  2.48586e+27 
 107    1.2690510  2.72689e+27 
 108    1.2968396  2.96876e+27 
 109    1.3252366  3.22575e+27 
 110    1.3542555  3.47416e+27 
 111    1.3839099  3.70507e+27 
 112    1.4142136  3.95758e+27 
 113    1.4451808  4.18519e+27 
 114    1.4768261  4.41074e+27 
 115    1.5091644  4.63075e+27 
 116    1.5422108  4.80478e+27 
 117    1.5759808  4.95194e+27 
 118    1.6104903  5.06871e+27 
 119    1.6457555  5.14336e+27 
 120    1.6817928  5.19651e+27 
 121    1.7186193  5.23809e+27 
 122    1.7562522  5.26615e+27 
 123    1.7947091  5.27109e+27 
 124    1.8340081  5.23674e+27 
 125    1.8741676  5.18239e+27 
 126    1.9152066  5.13080e+27 
 127    1.9571441  5.11061e+27 
 128    2.0000000  5.08693e+27 
 129    2.0437943  5.07476e+27 
 130    2.0885476  5.08033e+27 
 131    2.1342808  5.11975e+27 
 132    2.1810155  5.24937e+27 
 133    2.2287735  5.42121e+27 
 134    2.2775773  5.59795e+27 
 135    2.3274497  5.79842e+27 
 136    2.3784142  5.78438e+27 
 137    2.4304947  5.82538e+27 
 138    2.4837156  5.69957e+27 
 139    2.5381019  5.55136e+27 
 140    2.5936791  5.40017e+27 
 141    2.6504733  5.23693e+27 
 142    2.7085111  5.09269e+27 
 143    2.7678198  4.83076e+27 
 144    2.8284271  4.64937e+27 
 145    2.8903616  4.37440e+27 
 146    2.9536523  4.01840e+27 
 147    3.0183289  3.73875e+27 
 148    3.0844217  3.53970e+27 
 149    3.1519617  3.39705e+27 
 150    3.2209807  3.28381e+27 
 151    3.2915110  3.20489e+27 
 152    3.3635857  3.14178e+27 
 153    3.4372386  3.07336e+27 
 154    3.5125043  3.03001e+27 
 155    3.5894182  2.98320e+27 
 156    3.6680162  2.94815e+27 
 157    3.7483353  2.93950e+27 
 158    3.8304131  2.96304e+27 
 159    3.9142882  2.99509e+27 
 160    4.0000000  3.03761e+27 
 161    4.0875886  3.08481e+27 
 162    4.1770951  3.13378e+27 
 163    4.2685616  3.17596e+27 
 164    4.3620309  3.19730e+27 
 165    4.4575470  3.21493e+27 
 166    4.5551545  3.18435e+27 
 167    4.6548994  3.12389e+27 
 168    4.7568285  3.05433e+27 
 169    4.8609894  2.92908e+27 
 170    4.9674312  2.78025e+27 
 171    5.0762038  2.61069e+27 
 172    5.1873582  2.40495e+27 
 173    5.3009466  2.19335e+27 
 174    5.4170222  1.97227e+27 
 175    5.5356395  1.73138e+27 
 176    5.6568542  1.51605e+27 
 177    5.7807232  1.31144e+27 
 178    5.9073046  1.11173e+27 
 179    6.0366577  9.43082e+26 
 180    6.1688433  7.91076e+26 
 181    6.3039234  6.58903e+26 
 182    6.4419613  5.48202e+26 
 183    6.5830219  4.54384e+26 
 184    6.7271713  3.77201e+26 
 185    6.8744772  3.12716e+26 
 186    7.0250086  2.53522e+26 
 187    7.1788363  2.00685e+26 
 188    7.3360323  1.52438e+26 
 189    7.4966705  1.10723e+26 


# i-band (filter: i_LSST.dat)
   0    0.1250000  5.00106e+26 
   1    0.1277371  5.12199e+26 
   2    0.1305342  5.24557e+26 
   3    0.1333926  5.37185e+26 
   4    0.1363135  5.50091e+26 
   5    0.1392983  5.62841e+26 
   6    0.1423486  5.75943e+26 
   7    0.1454656  5.88280e+26 
   8    0.1486509  6.01107e+26 
   9    0.1519059  6.14418e+26 
  10    0.1552322  6.27253e+26 
  11    0.1586314  6.40447e+26 
  12    0.1621049  6.53441e+26 
  13    0.1656546  6.66704e+26 
  14    0.1692819  6.79123e+26 
  15    0.1729887  6.91859e+26 
  16    0.1767767  7.04204e+26 
  17    0.1806476  7.17246e+26 
  18    0.1846033  7.29971e+26 
  19    0.1886456  7.42238e+26 
  20    0.1927764  7.54250e+26 
  21    0.1969976  7.66031e+26 
  22    0.2013113  7.78221e+26 
  23    0.2057194  7.89580e+26 
  24    0.2102241  8.01572e+26 
  25    0.2148274  8.12652e+26 
  26    0.2195315  8.23136e+26 
  27    0.2243386  8.33500e+26 
  28    0.2292510  8.42614e+26 
  29    0.2342710  8.50474e+26 
  30    0.2394008  8.58121e+26 
  31    0.2446430  8.64625e+26 
  32    0.2500000  8.70199e+26 
  33    0.2554743  8.74553e+26 
  34    0.2610684  8.76496e+26 
  35    0.2667851  8.76459e+26 
  36    0.2726269  8.73948e+26 
  37    0.2785967  8.70397e+26 
  38    0.2846972  8.63630e+26 
  39    0.2909312  8.54421e+26 
  40    0.2973018  8.43286e+26 
  41    0.3038118  8.28861e+26 
  42    0.3104645  8.12144e+26 
  43    0.3172627  7.93036e+26 
  44    0.3242099  7.71203e+26 
  45    0.3313092  7.48429e+26 
  46    0.3385639  7.23374e+26 
  47    0.3459775  6.98428e+26 
  48    0.3535534  6.73165e+26 
  49    0.3612952  6.46849e+26 
  50    0.3692065  6.22501e+26 
  51    0.3772911  5.98614e+26 
  52    0.3855527  5.75205e+26 
  53    0.3939952  5.54267e+26 
  54    0.4026226  5.35052e+26 
  55    0.4114389  5.16816e+26 
  56    0.4204482  5.01175e+26 
  57    0.4296548  4.87032e+26 
  58    0.4390630  4.74637e+26 
  59    0.4486773  4.63258e+26 
  60    0.4585020  4.53533e+26 
  61    0.4685419  4.45611e+26 
  62    0.4788016  4.39149e+26 
  63    0.4892860  4.36384e+26 
  64    0.5000000  4.33416e+26 
  65    0.5109486  4.34114e+26 
  66    0.5221369  4.40437e+26 
  67    0.5335702  4.49144e+26 
  68    0.5452539  4.59267e+26 
  69    0.5571934  4.75189e+26 
  70    0.5693943  4.91297e+26 
  71    0.5818624  5.11682e+26 
  72    0.5946036  5.33715e+26 
  73    0.6076237  5.55505e+26 
  74    0.6209289  5.80980e+26 
  75    0.6345255  6.08790e+26 
  76    0.6484198  6.52508e+26 
  77    0.6626183  6.86745e+26 
  78    0.6771278  7.23959e+26 
  79    0.6919549  7.66886e+26 
  80    0.7071068  8.09529e+26 
  81    0.7225904  8.57979e+26 
  82    0.7384131  9.06780e+26 
  83    0.7545822  9.55319e+26 
  84    0.7711054  1.00772e+27 
  85    0.7879904  1.06030e+27 
  86    0.8052452  1.11707e+27 
  87    0.8228777  1.17130e+27 
  88    0.8408964  1.22304e+27 
  89    0.8593096  1.28144e+27 
  90    0.8781261  1.34309e+27 
  91    0.8973545  1.40313e+27 
  92    0.9170040  1.45795e+27 
  93    0.9370838  1.51376e+27 
  94    0.9576033  1.57148e+27 
  95    0.9785721  1.63135e+27 
  96    1.0000000  1.69306e+27 
  97    1.0218971  1.76003e+27 
  98    1.0442738  1.82742e+27 
  99    1.0671404  1.89626e+27 
 100    1.0905077  1.96989e+27 
 101    1.1143867  2.04682e+27 
 102    1.1387886  2.11946e+27 
 103    1.1637249  2.20239e+27 
 104    1.1892071  2.28662e+27 
 105    1.2152474  2.37138e+27 
 106    1.2418578  2.45654e+27 
 107    1.2690510  2.54071e+27 
 108    1.2968396  2.62518e+27 
 109    1.3252366  2.70949e+27 
 110    1.3542555  2.79506e+27 
 111    1.3839099  2.87921e+27 
 112    1.4142136  2.96292e+27 
 113    1.4451808  3.04246e+27 
 114    1.4768261  3.11589e+27 
 115    1.5091644  3.18976e+27 
 116    1.5422108  3.25537e+27 
 117    1.5759808  3.31083e+27 
 118    1.6104903  3.36487e+27 
 119    1.6457555  3.39706e+27 
 120    1.6817928  3.42073e+27 
 121    1.7186193  3.43758e+27 
 122    1.7562522  3.43654e+27 
 123    1.7947091  3.42405e+27 
 124    1.8340081  3.40094e+27 
 125    1.8741676  3.36616e+27 
 126    1.9152066  3.32475e+27 
 127    1.9571441  3.27468e+27 
 128    2.0000000  3.21471e+27 
 129    2.0437943  3.15362e+27 
 130    2.0885476  3.09112e+27 
 131    2.1342808  3.02797e+27 
 132    2.1810155  2.95811e+27 
 133    2.2287735  2.86941e+27 
 134    2.2775773  2.77424e+27 
 135    2.3274497  2.64619e+27 
 136    2.3784142  2.50118e+27 
 137    2.4304947  2.35069e+27 
 138    2.4837156  2.18392e+27 
 139    2.5381019  2.02351e+27 
 140    2.5936791  1.84878e+27 
 141    2.6504733  1.69663e+27 
 142    2.7085111  1.54899e+27 
 143    2.7678198  1.38723e+27 
 144    2.8284271  1.23982e+27 
 145    2.8903616  1.09435e+27 
 146    2.9536523  9.65437e+26 
 147    3.0183289  8.62574e+26 
 148    3.0844217  7.78321e+26 
 149    3.1519617  7.14015e+26 
 150    3.2209807  6.56379e+26 
 151    3.2915110  6.14038e+26 
 152    3.3635857  5.76537e+26 
 153    3.4372386  5.43049e+26 
 154    3.5125043  5.16162e+26 
 155    3.5894182  4.94025e+26 
 156    3.6680162  4.86533e+26 
 157    3.7483353  4.83167e+26 
 158    3.8304131  4.83792e+26 
 159    3.9142882  4.85074e+26 
 160    4.0000000  4.87037e+26 
 161    4.0875886  4.88064e+26 
 162    4.1770951  4.89168e+26 
 163    4.2685616  4.87816e+26 
 164    4.3620309  4.84684e+26 
 165    4.4575470  4.80661e+26 
 166    4.5551545  4.72090e+26 
 167    4.6548994  4.61295e+26 
 168    4.7568285  4.49006e+26 
 169    4.8609894  4.33717e+26 
 170    4.9674312  4.16715e+26 
 171    5.0762038  3.98297e+26 
 172    5.1873582  3.77229e+26 
 173    5.3009466  3.57420e+26 
 174    5.4170222  3.38207e+26 
 175    5.5356395  3.18596e+26 
 176    5.6568542  3.02736e+26 
 177    5.7807232  2.89198e+26 
 178    5.9073046  2.77308e+26 
 179    6.0366577  2.70018e+26 
 180    6.1688433  2.65263e+26 
 181    6.3039234  2.62833e+26 
 182    6.4419613  2.62517e+26 
 183    6.5830219  2.62840e+26 
 184    6.7271713  2.65025e+26 
 185    6.8744772  2.64710e+26 
 186    7.0250086  2.65397e+26 
 187    7.1788363  2.68101e+26 
 188    7.3360323  2.70123e+26 
 189    7.4966705  2.69739e+26 


# z-band (filter: z_LSST.dat)
   0    0.1250000  3.52337e+26 
   1    0.1277371  3.59096e+26 
   2    0.1305342  3.66004e+26 
   3    0.1333926  3.73062e+26 
   4    0.1363135  3.80234e+26 
   5    0.1392983  3.87575e+26 
   6    0.1423486  3.95759e+26 
   7    0.1454656  4.03124e+26 
   8    0.1486509  4.10745e+26 
   9    0.1519059  4.18688e+26 
  10    0.1552322  4.26772e+26 
  11    0.1586314  4.35208e+26 
  12    0.1621049  4.43697e+26 
  13    0.1656546  4.52528e+26 
  14    0.1692819  4.61745e+26 
  15    0.1729887  4.70698e+26 
  16    0.1767767  4.79322e+26 
  17    0.1806476  4.88944e+26 
  18    0.1846033  4.97937e+26 
  19    0.1886456  5.07778e+26 
  20    0.1927764  5.17326e+26 
  21    0.1969976  5.26961e+26 
  22    0.2013113  5.36238e+26 
  23    0.2057194  5.46291e+26 
  24    0.2102241  5.56851e+26 
  25    0.2148274  5.67179e+26 
  26    0.2195315  5.77194e+26 
  27    0.2243386  5.86822e+26 
  28    0.2292510  5.97272e+26 
  29    0.2342710  6.06368e+26 
  30    0.2394008  6.15698e+26 
  31    0.2446430  6.24276e+26 
  32    0.2500000  6.32256e+26 
  33    0.2554743  6.39877e+26 
  34    0.2610684  6.45671e+26 
  35    0.2667851  6.49142e+26 
  36    0.2726269  6.50122e+26 
  37    0.2785967  6.50290e+26 
  38    0.2846972  6.46653e+26 
  39    0.2909312  6.39749e+26 
  40    0.2973018  6.29979e+26 
  41    0.3038118  6.15344e+26 
  42    0.3104645  5.97083e+26 
  43    0.3172627  5.75942e+26 
  44    0.3242099  5.51253e+26 
  45    0.3313092  5.23937e+26 
  46    0.3385639  4.94141e+26 
  47    0.3459775  4.64493e+26 
  48    0.3535534  4.34613e+26 
  49    0.3612952  4.03309e+26 
  50    0.3692065  3.74973e+26 
  51    0.3772911  3.47815e+26 
  52    0.3855527  3.21786e+26 
  53    0.3939952  2.99158e+26 
  54    0.4026226  2.78570e+26 
  55    0.4114389  2.60006e+26 
  56    0.4204482  2.44127e+26 
  57    0.4296548  2.30421e+26 
  58    0.4390630  2.18148e+26 
  59    0.4486773  2.07567e+26 
  60    0.4585020  1.98433e+26 
  61    0.4685419  1.90273e+26 
  62    0.4788016  1.82911e+26 
  63    0.4892860  1.76745e+26 
  64    0.5000000  1.71152e+26 
  65    0.5109486  1.66305e+26 
  66    0.5221369  1.62304e+26 
  67    0.5335702  1.58587e+26 
  68    0.5452539  1.55937e+26 
  69    0.5571934  1.54343e+26 
  70    0.5693943  1.53241e+26 
  71    0.5818624  1.53203e+26 
  72    0.5946036  1.53610e+26 
  73    0.6076237  1.54423e+26 
  74    0.6209289  1.55617e+26 
  75    0.6345255  1.57426e+26 
  76    0.6484198  1.59879e+26 
  77    0.6626183  1.62171e+26 
  78    0.6771278  1.65283e+26 
  79    0.6919549  1.68404e+26 
  80    0.7071068  1.71497e+26 
  81    0.7225904  1.73831e+26 
  82    0.7384131  1.76767e+26 
  83    0.7545822  1.79206e+26 
  84    0.7711054  1.81618e+26 
  85    0.7879904  1.83510e+26 
  86    0.8052452  1.86502e+26 
  87    0.8228777  1.88202e+26 
  88    0.8408964  1.91399e+26 
  89    0.8593096  1.93731e+26 
  90    0.8781261  1.95996e+26 
  91    0.8973545  1.99734e+26 
  92    0.9170040  2.04118e+26 
  93    0.9370838  2.08841e+26 
  94    0.9576033  2.14748e+26 
  95    0.9785721  2.22138e+26 
  96    1.0000000  2.29929e+26 
  97    1.0218971  2.40079e+26 
  98    1.0442738  2.50793e+26 
  99    1.0671404  2.62955e+26 
 100    1.0905077  2.76879e+26 
 101    1.1143867  2.92344e+26 
 102    1.1387886  3.09870e+26 
 103    1.1637249  3.28663e+26 
 104    1.1892071  3.50137e+26 
 105    1.2152474  3.73430e+26 
 106    1.2418578  3.98730e+26 
 107    1.2690510  4.27220e+26 
 108    1.2968396  4.57038e+26 
 109    1.3252366  4.88238e+26 
 110    1.3542555  5.23230e+26 
 111    1.3839099  5.60352e+26 
 112    1.4142136  6.00229e+26 
 113    1.4451808  6.44927e+26 
 114    1.4768261  6.89263e+26 
 115    1.5091644  7.35844e+26 
 116    1.5422108  7.85040e+26 
 117    1.5759808  8.34851e+26 
 118    1.6104903  8.84899e+26 
 119    1.6457555  9.34132e+26 
 120    1.6817928  9.82835e+26 
 121    1.7186193  1.03237e+27 
 122    1.7562522  1.07908e+27 
 123    1.7947091  1.12583e+27 
 124    1.8340081  1.17157e+27 
 125    1.8741676  1.21529e+27 
 126    1.9152066  1.25923e+27 
 127    1.9571441  1.30215e+27 
 128    2.0000000  1.34475e+27 
 129    2.0437943  1.38682e+27 
 130    2.0885476  1.42932e+27 
 131    2.1342808  1.47159e+27 
 132    2.1810155  1.50795e+27 
 133    2.2287735  1.53076e+27 
 134    2.2775773  1.54983e+27 
 135    2.3274497  1.54796e+27 
 136    2.3784142  1.53429e+27 
 137    2.4304947  1.51524e+27 
 138    2.4837156  1.47846e+27 
 139    2.5381019  1.43685e+27 
 140    2.5936791  1.38216e+27 
 141    2.6504733  1.32701e+27 
 142    2.7085111  1.26696e+27 
 143    2.7678198  1.19603e+27 
 144    2.8284271  1.12476e+27 
 145    2.8903616  1.05321e+27 
 146    2.9536523  9.86227e+26 
 147    3.0183289  9.24031e+26 
 148    3.0844217  8.69794e+26 
 149    3.1519617  8.22618e+26 
 150    3.2209807  7.79081e+26 
 151    3.2915110  7.43085e+26 
 152    3.3635857  7.11351e+26 
 153    3.4372386  6.81501e+26 
 154    3.5125043  6.56715e+26 
 155    3.5894182  6.35866e+26 
 156    3.6680162  6.21742e+26 
 157    3.7483353  6.10943e+26 
 158    3.8304131  6.02955e+26 
 159    3.9142882  5.96150e+26 
 160    4.0000000  5.90250e+26 
 161    4.0875886  5.84741e+26 
 162    4.1770951  5.79536e+26 
 163    4.2685616  5.73508e+26 
 164    4.3620309  5.65858e+26 
 165    4.4575470  5.57780e+26 
 166    4.5551545  5.44596e+26 
 167    4.6548994  5.27422e+26 
 168    4.7568285  5.08951e+26 
 169    4.8609894  4.84125e+26 
 170    4.9674312  4.56769e+26 
 171    5.0762038  4.28178e+26 
 172    5.1873582  3.96129e+26 
 173    5.3009466  3.65041e+26 
 174    5.4170222  3.34096e+26 
 175    5.5356395  3.00647e+26 
 176    5.6568542  2.71522e+26 
 177    5.7807232  2.44499e+26 
 178    5.9073046  2.19170e+26 
 179    6.0366577  1.98696e+26 
 180    6.1688433  1.81575e+26 
 181    6.3039234  1.67854e+26 
 182    6.4419613  1.58007e+26 
 183    6.5830219  1.51414e+26 
 184    6.7271713  1.47424e+26 
 185    6.8744772  1.46528e+26 
 186    7.0250086  1.46561e+26 
 187    7.1788363  1.47914e+26 
 188    7.3360323  1.50644e+26 
 189    7.4966705  1.55427e+26 


# y-band (filter: y_LSST.dat)
   0    0.1250000  2.61595e+26 
   1    0.1277371  2.66966e+26 
   2    0.1305342  2.72455e+26 
   3    0.1333926  2.78064e+26 
   4    0.1363135  2.83498e+26 
   5    0.1392983  2.88907e+26 
   6    0.1423486  2.94539e+26 
   7    0.1454656  3.00348e+26 
   8    0.1486509  3.06333e+26 
   9    0.1519059  3.12265e+26 
  10    0.1552322  3.18354e+26 
  11    0.1586314  3.24278e+26 
  12    0.1621049  3.30798e+26 
  13    0.1656546  3.37176e+26 
  14    0.1692819  3.43336e+26 
  15    0.1729887  3.50146e+26 
  16    0.1767767  3.57728e+26 
  17    0.1806476  3.65348e+26 
  18    0.1846033  3.73085e+26 
  19    0.1886456  3.80869e+26 
  20    0.1927764  3.90172e+26 
  21    0.1969976  3.99149e+26 
  22    0.2013113  4.08239e+26 
  23    0.2057194  4.18260e+26 
  24    0.2102241  4.28128e+26 
  25    0.2148274  4.38860e+26 
  26    0.2195315  4.50492e+26 
  27    0.2243386  4.62490e+26 
  28    0.2292510  4.77645e+26 
  29    0.2342710  4.92726e+26 
  30    0.2394008  5.08096e+26 
  31    0.2446430  5.23511e+26 
  32    0.2500000  5.37528e+26 
  33    0.2554743  5.53703e+26 
  34    0.2610684  5.78134e+26 
  35    0.2667851  5.97018e+26 
  36    0.2726269  6.17389e+26 
  37    0.2785967  6.41061e+26 
  38    0.2846972  6.62606e+26 
  39    0.2909312  6.75981e+26 
  40    0.2973018  6.92312e+26 
  41    0.3038118  7.05234e+26 
  42    0.3104645  7.15537e+26 
  43    0.3172627  7.26097e+26 
  44    0.3242099  7.29362e+26 
  45    0.3313092  7.28153e+26 
  46    0.3385639  7.21496e+26 
  47    0.3459775  7.13757e+26 
  48    0.3535534  7.03416e+26 
  49    0.3612952  6.86870e+26 
  50    0.3692065  6.68298e+26 
  51    0.3772911  6.52584e+26 
  52    0.3855527  6.32537e+26 
  53    0.3939952  6.13615e+26 
  54    0.4026226  5.93326e+26 
  55    0.4114389  5.72305e+26 
  56    0.4204482  5.53085e+26 
  57    0.4296548  5.32360e+26 
  58    0.4390630  5.11885e+26 
  59    0.4486773  4.91872e+26 
  60    0.4585020  4.73016e+26 
  61    0.4685419  4.54242e+26 
  62    0.4788016  4.35724e+26 
  63    0.4892860  4.18788e+26 
  64    0.5000000  4.02438e+26 
  65    0.5109486  3.85786e+26 
  66    0.5221369  3.71634e+26 
  67    0.5335702  3.58016e+26 
  68    0.5452539  3.45021e+26 
  69    0.5571934  3.33761e+26 
  70    0.5693943  3.24096e+26 
  71    0.5818624  3.14993e+26 
  72    0.5946036  3.07313e+26 
  73    0.6076237  3.01683e+26 
  74    0.6209289  2.96780e+26 
  75    0.6345255  2.93529e+26 
  76    0.6484198  2.91033e+26 
  77    0.6626183  2.89500e+26 
  78    0.6771278  2.89871e+26 
  79    0.6919549  2.91411e+26 
  80    0.7071068  2.92081e+26 
  81    0.7225904  2.95025e+26 
  82    0.7384131  2.97965e+26 
  83    0.7545822  3.01644e+26 
  84    0.7711054  3.04995e+26 
  85    0.7879904  3.09703e+26 
  86    0.8052452  3.14191e+26 
  87    0.8228777  3.18530e+26 
  88    0.8408964  3.23794e+26 
  89    0.8593096  3.29179e+26 
  90    0.8781261  3.33399e+26 
  91    0.8973545  3.38267e+26 
  92    0.9170040  3.44665e+26 
  93    0.9370838  3.50737e+26 
  94    0.9576033  3.55635e+26 
  95    0.9785721  3.61270e+26 
  96    1.0000000  3.68827e+26 
  97    1.0218971  3.75554e+26 
  98    1.0442738  3.83463e+26 
  99    1.0671404  3.92716e+26 
 100    1.0905077  4.01782e+26 
 101    1.1143867  4.12108e+26 
 102    1.1387886  4.23482e+26 
 103    1.1637249  4.35524e+26 
 104    1.1892071  4.47864e+26 
 105    1.2152474  4.62094e+26 
 106    1.2418578  4.76912e+26 
 107    1.2690510  4.93455e+26 
 108    1.2968396  5.11489e+26 
 109    1.3252366  5.30178e+26 
 110    1.3542555  5.52325e+26 
 111    1.3839099  5.75778e+26 
 112    1.4142136  6.02667e+26 
 113    1.4451808  6.33906e+26 
 114    1.4768261  6.68745e+26 
 115    1.5091644  7.06180e+26 
 116    1.5422108  7.49906e+26 
 117    1.5759808  7.97928e+26 
 118    1.6104903  8.49813e+26 
 119    1.6457555  9.05882e+26 
 120    1.6817928  9.67092e+26 
 121    1.7186193  1.03071e+27 
 122    1.7562522  1.09910e+27 
 123    1.7947091  1.16877e+27 
 124    1.8340081  1.24007e+27 
 125    1.8741676  1.31426e+27 
 126    1.9152066  1.38958e+27 
 127    1.9571441  1.46480e+27 
 128    2.0000000  1.54158e+27 
 129    2.0437943  1.61598e+27 
 130    2.0885476  1.68751e+27 
 131    2.1342808  1.75832e+27 
 132    2.1810155  1.81783e+27 
 133    2.2287735  1.86322e+27 
 134    2.2775773  1.90420e+27 
 135    2.3274497  1.92424e+27 
 136    2.3784142  1.93142e+27 
 137    2.4304947  1.92909e+27 
 138    2.4837156  1.90586e+27 
 139    2.5381019  1.86910e+27 
 140    2.5936791  1.81853e+27 
 141    2.6504733  1.75908e+27 
 142    2.7085111  1.69092e+27 
 143    2.7678198  1.61045e+27 
 144    2.8284271  1.52790e+27 
 145    2.8903616  1.44528e+27 
 146    2.9536523  1.36523e+27 
 147    3.0183289  1.28342e+27 
 148    3.0844217  1.21139e+27 
 149    3.1519617  1.14444e+27 
 150    3.2209807  1.08284e+27 
 151    3.2915110  1.03016e+27 
 152    3.3635857  9.83159e+26 
 153    3.4372386  9.40514e+26 
 154    3.5125043  9.04671e+26 
 155    3.5894182  8.74808e+26 
 156    3.6680162  8.51486e+26 
 157    3.7483353  8.34107e+26 
 158    3.8304131  8.21515e+26 
 159    3.9142882  8.11906e+26 
 160    4.0000000  8.09756e+26 
 161    4.0875886  8.11828e+26 
 162    4.1770951  8.17034e+26 
 163    4.2685616  8.28551e+26 
 164    4.3620309  8.41909e+26 
 165    4.4575470  8.58437e+26 
 166    4.5551545  8.73146e+26 
 167    4.6548994  8.84049e+26 
 168    4.7568285  8.95569e+26 
 169    4.8609894  8.94295e+26 
 170    4.9674312  8.84770e+26 
 171    5.0762038  8.66419e+26 
 172    5.1873582  8.41867e+26 
 173    5.3009466  8.03189e+26 
 174    5.4170222  7.57047e+26 
 175    5.5356395  7.00628e+26 
 176    5.6568542  6.40389e+26 
 177    5.7807232  5.77296e+26 
 178    5.9073046  5.07362e+26 
 179    6.0366577  4.44138e+26 
 180    6.1688433  3.83499e+26 
 181    6.3039234  3.23046e+26 
 182    6.4419613  2.73076e+26 
 183    6.5830219  2.28993e+26 
 184    6.7271713  1.90266e+26 
 185    6.8744772  1.60267e+26 
 186    7.0250086  1.32315e+26 
 187    7.1788363  1.09770e+26 
 188    7.3360323  9.17436e+25 
 189    7.4966705  8.00522e+25 


# J-band (filter: J_2MASS.dat)
   0    0.1250000  1.35277e+26 
   1    0.1277371  1.37336e+26 
   2    0.1305342  1.39440e+26 
   3    0.1333926  1.41590e+26 
   4    0.1363135  1.43811e+26 
   5    0.1392983  1.45423e+26 
   6    0.1423486  1.47376e+26 
   7    0.1454656  1.48839e+26 
   8    0.1486509  1.50479e+26 
   9    0.1519059  1.51995e+26 
  10    0.1552322  1.54291e+26 
  11    0.1586314  1.56871e+26 
  12    0.1621049  1.59430e+26 
  13    0.1656546  1.62536e+26 
  14    0.1692819  1.66808e+26 
  15    0.1729887  1.70802e+26 
  16    0.1767767  1.75071e+26 
  17    0.1806476  1.79705e+26 
  18    0.1846033  1.84792e+26 
  19    0.1886456  1.92066e+26 
  20    0.1927764  1.97926e+26 
  21    0.1969976  2.05455e+26 
  22    0.2013113  2.14314e+26 
  23    0.2057194  2.25902e+26 
  24    0.2102241  2.38242e+26 
  25    0.2148274  2.54719e+26 
  26    0.2195315  2.69119e+26 
  27    0.2243386  2.86190e+26 
  28    0.2292510  3.08454e+26 
  29    0.2342710  3.29958e+26 
  30    0.2394008  3.54532e+26 
  31    0.2446430  3.82670e+26 
  32    0.2500000  4.09946e+26 
  33    0.2554743  4.39827e+26 
  34    0.2610684  4.69686e+26 
  35    0.2667851  4.99733e+26 
  36    0.2726269  5.28627e+26 
  37    0.2785967  5.60329e+26 
  38    0.2846972  5.93565e+26 
  39    0.2909312  6.22036e+26 
  40    0.2973018  6.53968e+26 
  41    0.3038118  6.85510e+26 
  42    0.3104645  7.12402e+26 
  43    0.3172627  7.38007e+26 
  44    0.3242099  7.58984e+26 
  45    0.3313092  7.81724e+26 
  46    0.3385639  8.08596e+26 
  47    0.3459775  8.36756e+26 
  48    0.3535534  8.65850e+26 
  49    0.3612952  8.93085e+26 
  50    0.3692065  9.21669e+26 
  51    0.3772911  9.64102e+26 
  52    0.3855527  1.01078e+27 
  53    0.3939952  1.06039e+27 
  54    0.4026226  1.10856e+27 
  55    0.4114389  1.16424e+27 
  56    0.4204482  1.19945e+27 
  57    0.4296548  1.23335e+27 
  58    0.4390630  1.26641e+27 
  59    0.4486773  1.30435e+27 
  60    0.4585020  1.34182e+27 
  61    0.4685419  1.38439e+27 
  62    0.4788016  1.41850e+27 
  63    0.4892860  1.45509e+27 
  64    0.5000000  1.48756e+27 
  65    0.5109486  1.52180e+27 
  66    0.5221369  1.55900e+27 
  67    0.5335702  1.59564e+27 
  68    0.5452539  1.64717e+27 
  69    0.5571934  1.69493e+27 
  70    0.5693943  1.74286e+27 
  71    0.5818624  1.79146e+27 
  72    0.5946036  1.83913e+27 
  73    0.6076237  1.88364e+27 
  74    0.6209289  1.92860e+27 
  75    0.6345255  1.97616e+27 
  76    0.6484198  2.01744e+27 
  77    0.6626183  2.05947e+27 
  78    0.6771278  2.09745e+27 
  79    0.6919549  2.13817e+27 
  80    0.7071068  2.17434e+27 
  81    0.7225904  2.21614e+27 
  82    0.7384131  2.25213e+27 
  83    0.7545822  2.28932e+27 
  84    0.7711054  2.32372e+27 
  85    0.7879904  2.35924e+27 
  86    0.8052452  2.38821e+27 
  87    0.8228777  2.41871e+27 
  88    0.8408964  2.44606e+27 
  89    0.8593096  2.47001e+27 
  90    0.8781261  2.49544e+27 
  91    0.8973545  2.51307e+27 
  92    0.9170040  2.53273e+27 
  93    0.9370838  2.54621e+27 
  94    0.9576033  2.55945e+27 
  95    0.9785721  2.56701e+27 
  96    1.0000000  2.57423e+27 
  97    1.0218971  2.57429e+27 
  98    1.0442738  2.57251e+27 
  99    1.0671404  2.57033e+27 
 100    1.0905077  2.56577e+27 
 101    1.1143867  2.55849e+27 
 102    1.1387886  2.54831e+27 
 103    1.1637249  2.53667e+27 
 104    1.1892071  2.51920e+27 
 105    1.2152474  2.50337e+27 
 106    1.2418578  2.48512e+27 
 107    1.2690510  2.46917e+27 
 108    1.2968396  2.44973e+27 
 109    1.3252366  2.43069e+27 
 110    1.3542555  2.40905e+27 
 111    1.3839099  2.38618e+27 
 112    1.4142136  2.36374e+27 
 113    1.4451808  2.34093e+27 
 114    1.4768261  2.31679e+27 
 115    1.5091644  2.29225e+27 
 116    1.5422108  2.26707e+27 
 117    1.5759808  2.23900e+27 
 118    1.6104903  2.20883e+27 
 119    1.6457555  2.17508e+27 
 120    1.6817928  2.13998e+27 
 121    1.7186193  2.10560e+27 
 122    1.7562522  2.07142e+27 
 123    1.7947091  2.03572e+27 
 124    1.8340081  2.00057e+27 
 125    1.8741676  1.96327e+27 
 126    1.9152066  1.92938e+27 
 127    1.9571441  1.89577e+27 
 128    2.0000000  1.86308e+27 
 129    2.0437943  1.83391e+27 
 130    2.0885476  1.80857e+27 
 131    2.1342808  1.78416e+27 
 132    2.1810155  1.76080e+27 
 133    2.2287735  1.73381e+27 
 134    2.2775773  1.70816e+27 
 135    2.3274497  1.67855e+27 
 136    2.3784142  1.64966e+27 
 137    2.4304947  1.62240e+27 
 138    2.4837156  1.59777e+27 
 139    2.5381019  1.57649e+27 
 140    2.5936791  1.55244e+27 
 141    2.6504733  1.53360e+27 
 142    2.7085111  1.51358e+27 
 143    2.7678198  1.49378e+27 
 144    2.8284271  1.47090e+27 
 145    2.8903616  1.44718e+27 
 146    2.9536523  1.42364e+27 
 147    3.0183289  1.40067e+27 
 148    3.0844217  1.37210e+27 
 149    3.1519617  1.33875e+27 
 150    3.2209807  1.30171e+27 
 151    3.2915110  1.25929e+27 
 152    3.3635857  1.21416e+27 
 153    3.4372386  1.16409e+27 
 154    3.5125043  1.11384e+27 
 155    3.5894182  1.06305e+27 
 156    3.6680162  1.01159e+27 
 157    3.7483353  9.63731e+26 
 158    3.8304131  9.17829e+26 
 159    3.9142882  8.73187e+26 
 160    4.0000000  8.33527e+26 
 161    4.0875886  7.97976e+26 
 162    4.1770951  7.65345e+26 
 163    4.2685616  7.38626e+26 
 164    4.3620309  7.16749e+26 
 165    4.4575470  6.98052e+26 
 166    4.5551545  6.87643e+26 
 167    4.6548994  6.84010e+26 
 168    4.7568285  6.84603e+26 
 169    4.8609894  6.97428e+26 
 170    4.9674312  7.18736e+26 
 171    5.0762038  7.48729e+26 
 172    5.1873582  7.85608e+26 
 173    5.3009466  8.33913e+26 
 174    5.4170222  8.88472e+26 
 175    5.5356395  9.49757e+26 
 176    5.6568542  1.01136e+27 
 177    5.7807232  1.07012e+27 
 178    5.9073046  1.13172e+27 
 179    6.0366577  1.17516e+27 
 180    6.1688433  1.20433e+27 
 181    6.3039234  1.22904e+27 
 182    6.4419613  1.22239e+27 
 183    6.5830219  1.19845e+27 
 184    6.7271713  1.16072e+27 
 185    6.8744772  1.09826e+27 
 186    7.0250086  1.02993e+27 
 187    7.1788363  9.43538e+26 
 188    7.3360323  8.40922e+26 
 189    7.4966705  7.16735e+26 


# H-band (filter: H_2MASS.dat)
   0    0.1250000  7.24926e+25 
   1    0.1277371  7.39653e+25 
   2    0.1305342  7.54703e+25 
   3    0.1333926  7.70082e+25 
   4    0.1363135  7.93720e+25 
   5    0.1392983  8.16198e+25 
   6    0.1423486  8.33180e+25 
   7    0.1454656  8.62887e+25 
   8    0.1486509  9.12734e+25 
   9    0.1519059  9.44988e+25 
  10    0.1552322  9.99461e+25 
  11    0.1586314  1.05166e+26 
  12    0.1621049  1.08759e+26 
  13    0.1656546  1.15572e+26 
  14    0.1692819  1.21353e+26 
  15    0.1729887  1.29013e+26 
  16    0.1767767  1.33903e+26 
  17    0.1806476  1.40555e+26 
  18    0.1846033  1.48130e+26 
  19    0.1886456  1.55876e+26 
  20    0.1927764  1.67854e+26 
  21    0.1969976  1.79255e+26 
  22    0.2013113  1.94118e+26 
  23    0.2057194  2.13822e+26 
  24    0.2102241  2.35341e+26 
  25    0.2148274  2.50624e+26 
  26    0.2195315  2.70200e+26 
  27    0.2243386  2.91796e+26 
  28    0.2292510  3.16648e+26 
  29    0.2342710  3.40890e+26 
  30    0.2394008  3.70210e+26 
  31    0.2446430  3.99912e+26 
  32    0.2500000  4.29616e+26 
  33    0.2554743  4.62326e+26 
  34    0.2610684  4.96020e+26 
  35    0.2667851  5.33088e+26 
  36    0.2726269  5.70196e+26 
  37    0.2785967  6.12902e+26 
  38    0.2846972  6.58461e+26 
  39    0.2909312  7.07853e+26 
  40    0.2973018  7.57768e+26 
  41    0.3038118  8.13816e+26 
  42    0.3104645  8.66876e+26 
  43    0.3172627  9.27152e+26 
  44    0.3242099  9.82176e+26 
  45    0.3313092  1.03725e+27 
  46    0.3385639  1.10105e+27 
  47    0.3459775  1.16074e+27 
  48    0.3535534  1.22128e+27 
  49    0.3612952  1.28149e+27 
  50    0.3692065  1.33239e+27 
  51    0.3772911  1.38582e+27 
  52    0.3855527  1.44499e+27 
  53    0.3939952  1.49526e+27 
  54    0.4026226  1.54023e+27 
  55    0.4114389  1.58184e+27 
  56    0.4204482  1.62353e+27 
  57    0.4296548  1.66112e+27 
  58    0.4390630  1.68800e+27 
  59    0.4486773  1.71834e+27 
  60    0.4585020  1.74274e+27 
  61    0.4685419  1.76002e+27 
  62    0.4788016  1.77693e+27 
  63    0.4892860  1.78959e+27 
  64    0.5000000  1.79172e+27 
  65    0.5109486  1.79754e+27 
  66    0.5221369  1.80780e+27 
  67    0.5335702  1.81043e+27 
  68    0.5452539  1.80643e+27 
  69    0.5571934  1.80298e+27 
  70    0.5693943  1.79796e+27 
  71    0.5818624  1.78714e+27 
  72    0.5946036  1.77543e+27 
  73    0.6076237  1.76506e+27 
  74    0.6209289  1.75321e+27 
  75    0.6345255  1.73708e+27 
  76    0.6484198  1.72239e+27 
  77    0.6626183  1.70269e+27 
  78    0.6771278  1.67975e+27 
  79    0.6919549  1.66210e+27 
  80    0.7071068  1.64323e+27 
  81    0.7225904  1.62446e+27 
  82    0.7384131  1.60480e+27 
  83    0.7545822  1.58683e+27 
  84    0.7711054  1.56696e+27 
  85    0.7879904  1.54636e+27 
  86    0.8052452  1.52226e+27 
  87    0.8228777  1.50177e+27 
  88    0.8408964  1.47836e+27 
  89    0.8593096  1.45816e+27 
  90    0.8781261  1.43631e+27 
  91    0.8973545  1.41329e+27 
  92    0.9170040  1.38735e+27 
  93    0.9370838  1.36153e+27 
  94    0.9576033  1.33589e+27 
  95    0.9785721  1.31112e+27 
  96    1.0000000  1.28401e+27 
  97    1.0218971  1.26061e+27 
  98    1.0442738  1.23896e+27 
  99    1.0671404  1.21655e+27 
 100    1.0905077  1.19629e+27 
 101    1.1143867  1.17296e+27 
 102    1.1387886  1.14977e+27 
 103    1.1637249  1.13074e+27 
 104    1.1892071  1.11110e+27 
 105    1.2152474  1.09470e+27 
 106    1.2418578  1.07827e+27 
 107    1.2690510  1.06168e+27 
 108    1.2968396  1.04694e+27 
 109    1.3252366  1.03060e+27 
 110    1.3542555  1.01502e+27 
 111    1.3839099  9.99929e+26 
 112    1.4142136  9.86938e+26 
 113    1.4451808  9.80023e+26 
 114    1.4768261  9.71472e+26 
 115    1.5091644  9.63293e+26 
 116    1.5422108  9.57787e+26 
 117    1.5759808  9.51636e+26 
 118    1.6104903  9.46911e+26 
 119    1.6457555  9.43678e+26 
 120    1.6817928  9.40928e+26 
 121    1.7186193  9.39528e+26 
 122    1.7562522  9.38670e+26 
 123    1.7947091  9.40355e+26 
 124    1.8340081  9.39025e+26 
 125    1.8741676  9.39031e+26 
 126    1.9152066  9.39648e+26 
 127    1.9571441  9.40148e+26 
 128    2.0000000  9.42166e+26 
 129    2.0437943  9.45403e+26 
 130    2.0885476  9.49003e+26 
 131    2.1342808  9.53141e+26 
 132    2.1810155  9.57712e+26 
 133    2.2287735  9.62310e+26 
 134    2.2775773  9.67272e+26 
 135    2.3274497  9.71668e+26 
 136    2.3784142  9.77271e+26 
 137    2.4304947  9.83014e+26 
 138    2.4837156  9.89350e+26 
 139    2.5381019  9.96522e+26 
 140    2.5936791  1.00291e+27 
 141    2.6504733  1.00986e+27 
 142    2.7085111  1.01696e+27 
 143    2.7678198  1.02393e+27 
 144    2.8284271  1.03053e+27 
 145    2.8903616  1.03828e+27 
 146    2.9536523  1.04597e+27 
 147    3.0183289  1.05382e+27 
 148    3.0844217  1.06258e+27 
 149    3.1519617  1.07100e+27 
 150    3.2209807  1.07908e+27 
 151    3.2915110  1.08704e+27 
 152    3.3635857  1.09414e+27 
 153    3.4372386  1.10184e+27 
 154    3.5125043  1.10657e+27 
 155    3.5894182  1.10994e+27 
 156    3.6680162  1.11206e+27 
 157    3.7483353  1.10881e+27 
 158    3.8304131  1.10210e+27 
 159    3.9142882  1.09307e+27 
 160    4.0000000  1.07604e+27 
 161    4.0875886  1.05525e+27 
 162    4.1770951  1.03084e+27 
 163    4.2685616  1.00050e+27 
 164    4.3620309  9.66961e+26 
 165    4.4575470  9.28911e+26 
 166    4.5551545  8.89715e+26 
 167    4.6548994  8.49403e+26 
 168    4.7568285  8.06664e+26 
 169    4.8609894  7.66899e+26 
 170    4.9674312  7.28236e+26 
 171    5.0762038  6.91318e+26 
 172    5.1873582  6.55735e+26 
 173    5.3009466  6.24024e+26 
 174    5.4170222  5.95063e+26 
 175    5.5356395  5.69201e+26 
 176    5.6568542  5.47489e+26 
 177    5.7807232  5.29477e+26 
 178    5.9073046  5.14370e+26 
 179    6.0366577  5.04300e+26 
 180    6.1688433  4.99049e+26 
 181    6.3039234  4.96256e+26 
 182    6.4419613  5.01744e+26 
 183    6.5830219  5.13101e+26 
 184    6.7271713  5.28317e+26 
 185    6.8744772  5.53208e+26 
 186    7.0250086  5.79255e+26 
 187    7.1788363  6.08393e+26 
 188    7.3360323  6.42635e+26 
 189    7.4966705  6.85162e+26 


# K-band (filter: Ks_mosfire.dat)
   0    0.1250000  3.71767e+25 
   1    0.1277371  3.89473e+25 
   2    0.1305342  4.07566e+25 
   3    0.1333926  4.26055e+25 
   4    0.1363135  4.48025e+25 
   5    0.1392983  4.57572e+25 
   6    0.1423486  4.74941e+25 
   7    0.1454656  4.94979e+25 
   8    0.1486509  5.21415e+25 
   9    0.1519059  5.54419e+25 
  10    0.1552322  5.83972e+25 
  11    0.1586314  6.27187e+25 
  12    0.1621049  6.92593e+25 
  13    0.1656546  7.86526e+25 
  14    0.1692819  8.78919e+25 
  15    0.1729887  9.71918e+25 
  16    0.1767767  1.09057e+26 
  17    0.1806476  1.23203e+26 
  18    0.1846033  1.38425e+26 
  19    0.1886456  1.56393e+26 
  20    0.1927764  1.72828e+26 
  21    0.1969976  1.92029e+26 
  22    0.2013113  2.04509e+26 
  23    0.2057194  2.16250e+26 
  24    0.2102241  2.29407e+26 
  25    0.2148274  2.42629e+26 
  26    0.2195315  2.53764e+26 
  27    0.2243386  2.67182e+26 
  28    0.2292510  2.83958e+26 
  29    0.2342710  3.01065e+26 
  30    0.2394008  3.17275e+26 
  31    0.2446430  3.37192e+26 
  32    0.2500000  3.56659e+26 
  33    0.2554743  3.80295e+26 
  34    0.2610684  4.10040e+26 
  35    0.2667851  4.38563e+26 
  36    0.2726269  4.71073e+26 
  37    0.2785967  5.02514e+26 
  38    0.2846972  5.35403e+26 
  39    0.2909312  5.68978e+26 
  40    0.2973018  6.05950e+26 
  41    0.3038118  6.41366e+26 
  42    0.3104645  6.81117e+26 
  43    0.3172627  7.14847e+26 
  44    0.3242099  7.52081e+26 
  45    0.3313092  7.88665e+26 
  46    0.3385639  8.23883e+26 
  47    0.3459775  8.60501e+26 
  48    0.3535534  8.92777e+26 
  49    0.3612952  9.29594e+26 
  50    0.3692065  9.62125e+26 
  51    0.3772911  9.88589e+26 
  52    0.3855527  1.01613e+27 
  53    0.3939952  1.04412e+27 
  54    0.4026226  1.06305e+27 
  55    0.4114389  1.08728e+27 
  56    0.4204482  1.10704e+27 
  57    0.4296548  1.11774e+27 
  58    0.4390630  1.12727e+27 
  59    0.4486773  1.13595e+27 
  60    0.4585020  1.14346e+27 
  61    0.4685419  1.14598e+27 
  62    0.4788016  1.14972e+27 
  63    0.4892860  1.15074e+27 
  64    0.5000000  1.14801e+27 
  65    0.5109486  1.14090e+27 
  66    0.5221369  1.13144e+27 
  67    0.5335702  1.11800e+27 
  68    0.5452539  1.10701e+27 
  69    0.5571934  1.09577e+27 
  70    0.5693943  1.08463e+27 
  71    0.5818624  1.06795e+27 
  72    0.5946036  1.05048e+27 
  73    0.6076237  1.03121e+27 
  74    0.6209289  1.00949e+27 
  75    0.6345255  9.88547e+26 
  76    0.6484198  9.65237e+26 
  77    0.6626183  9.43355e+26 
  78    0.6771278  9.22598e+26 
  79    0.6919549  9.03033e+26 
  80    0.7071068  8.81643e+26 
  81    0.7225904  8.62453e+26 
  82    0.7384131  8.41149e+26 
  83    0.7545822  8.19399e+26 
  84    0.7711054  8.00155e+26 
  85    0.7879904  7.80284e+26 
  86    0.8052452  7.62453e+26 
  87    0.8228777  7.42463e+26 
  88    0.8408964  7.24716e+26 
  89    0.8593096  7.05473e+26 
  90    0.8781261  6.86918e+26 
  91    0.8973545  6.67364e+26 
  92    0.9170040  6.46330e+26 
  93    0.9370838  6.24346e+26 
  94    0.9576033  6.03409e+26 
  95    0.9785721  5.82602e+26 
  96    1.0000000  5.61139e+26 
  97    1.0218971  5.39861e+26 
  98    1.0442738  5.19037e+26 
  99    1.0671404  4.99352e+26 
 100    1.0905077  4.78789e+26 
 101    1.1143867  4.59791e+26 
 102    1.1387886  4.40340e+26 
 103    1.1637249  4.21516e+26 
 104    1.1892071  4.04525e+26 
 105    1.2152474  3.87911e+26 
 106    1.2418578  3.71987e+26 
 107    1.2690510  3.56314e+26 
 108    1.2968396  3.42902e+26 
 109    1.3252366  3.28976e+26 
 110    1.3542555  3.15181e+26 
 111    1.3839099  3.02233e+26 
 112    1.4142136  2.89726e+26 
 113    1.4451808  2.78298e+26 
 114    1.4768261  2.67044e+26 
 115    1.5091644  2.56285e+26 
 116    1.5422108  2.46035e+26 
 117    1.5759808  2.35228e+26 
 118    1.6104903  2.25003e+26 
 119    1.6457555  2.15118e+26 
 120    1.6817928  2.04951e+26 
 121    1.7186193  1.95372e+26 
 122    1.7562522  1.86104e+26 
 123    1.7947091  1.77916e+26 
 124    1.8340081  1.68873e+26 
 125    1.8741676  1.60242e+26 
 126    1.9152066  1.52062e+26 
 127    1.9571441  1.43801e+26 
 128    2.0000000  1.36183e+26 
 129    2.0437943  1.28968e+26 
 130    2.0885476  1.22378e+26 
 131    2.1342808  1.16374e+26 
 132    2.1810155  1.09985e+26 
 133    2.2287735  1.03705e+26 
 134    2.2775773  9.71735e+25 
 135    2.3274497  9.05193e+25 
 136    2.3784142  8.44694e+25 
 137    2.4304947  7.83243e+25 
 138    2.4837156  7.27867e+25 
 139    2.5381019  6.75522e+25 
 140    2.5936791  6.23702e+25 
 141    2.6504733  5.80635e+25 
 142    2.7085111  5.40869e+25 
 143    2.7678198  4.99806e+25 
 144    2.8284271  4.65542e+25 
 145    2.8903616  4.33174e+25 
 146    2.9536523  4.11624e+25 
 147    3.0183289  3.90685e+25 
 148    3.0844217  3.73265e+25 
 149    3.1519617  3.61837e+25 
 150    3.2209807  3.49749e+25 
 151    3.2915110  3.42112e+25 
 152    3.3635857  3.35400e+25 
 153    3.4372386  3.30214e+25 
 154    3.5125043  3.28544e+25 
 155    3.5894182  3.29982e+25 
 156    3.6680162  3.33441e+25 
 157    3.7483353  3.40718e+25 
 158    3.8304131  3.48890e+25 
 159    3.9142882  3.59218e+25 
 160    4.0000000  3.73546e+25 
 161    4.0875886  3.87999e+25 
 162    4.1770951  4.06006e+25 
 163    4.2685616  4.25509e+25 
 164    4.3620309  4.45951e+25 
 165    4.4575470  4.67994e+25 
 166    4.5551545  4.89440e+25 
 167    4.6548994  5.12830e+25 
 168    4.7568285  5.38417e+25 
 169    4.8609894  5.64132e+25 
 170    4.9674312  5.89066e+25 
 171    5.0762038  6.13399e+25 
 172    5.1873582  6.37694e+25 
 173    5.3009466  6.59219e+25 
 174    5.4170222  6.80260e+25 
 175    5.5356395  7.00318e+25 
 176    5.6568542  7.19868e+25 
 177    5.7807232  7.37301e+25 
 178    5.9073046  7.52565e+25 
 179    6.0366577  7.64535e+25 
 180    6.1688433  7.73082e+25 
 181    6.3039234  7.78634e+25 
 182    6.4419613  7.79453e+25 
 183    6.5830219  7.77098e+25 
 184    6.7271713  7.73219e+25 
 185    6.8744772  7.63464e+25 
 186    7.0250086  7.53002e+25 
 187    7.1788363  7.39972e+25 
 188    7.3360323  7.23502e+25 
 189    7.4966705  7.02516e+25 


# S-band (filter: Spitzer_IRAC2.dat)
   0    0.1250000  2.08882e+25 
   1    0.1277371  2.30254e+25 
   2    0.1305342  2.52093e+25 
   3    0.1333926  2.74411e+25 
   4    0.1363135  3.34858e+25 
   5    0.1392983  3.64281e+25 
   6    0.1423486  4.57523e+25 
   7    0.1454656  5.52142e+25 
   8    0.1486509  6.44032e+25 
   9    0.1519059  7.17975e+25 
  10    0.1552322  8.23323e+25 
  11    0.1586314  9.19463e+25 
  12    0.1621049  1.06744e+26 
  13    0.1656546  1.19372e+26 
  14    0.1692819  1.35547e+26 
  15    0.1729887  1.51181e+26 
  16    0.1767767  1.62866e+26 
  17    0.1806476  1.77088e+26 
  18    0.1846033  1.87299e+26 
  19    0.1886456  2.02149e+26 
  20    0.1927764  2.15096e+26 
  21    0.1969976  2.29897e+26 
  22    0.2013113  2.42584e+26 
  23    0.2057194  2.58914e+26 
  24    0.2102241  2.73751e+26 
  25    0.2148274  2.89420e+26 
  26    0.2195315  2.98623e+26 
  27    0.2243386  3.05509e+26 
  28    0.2292510  3.14734e+26 
  29    0.2342710  3.22787e+26 
  30    0.2394008  3.32653e+26 
  31    0.2446430  3.37231e+26 
  32    0.2500000  3.44045e+26 
  33    0.2554743  3.44571e+26 
  34    0.2610684  3.49148e+26 
  35    0.2667851  3.49270e+26 
  36    0.2726269  3.50206e+26 
  37    0.2785967  3.51047e+26 
  38    0.2846972  3.52631e+26 
  39    0.2909312  3.49439e+26 
  40    0.2973018  3.47422e+26 
  41    0.3038118  3.44135e+26 
  42    0.3104645  3.42231e+26 
  43    0.3172627  3.37256e+26 
  44    0.3242099  3.30977e+26 
  45    0.3313092  3.28116e+26 
  46    0.3385639  3.20520e+26 
  47    0.3459775  3.16317e+26 
  48    0.3535534  3.09380e+26 
  49    0.3612952  3.01181e+26 
  50    0.3692065  2.92955e+26 
  51    0.3772911  2.87512e+26 
  52    0.3855527  2.79498e+26 
  53    0.3939952  2.73170e+26 
  54    0.4026226  2.64738e+26 
  55    0.4114389  2.57316e+26 
  56    0.4204482  2.48004e+26 
  57    0.4296548  2.39686e+26 
  58    0.4390630  2.31267e+26 
  59    0.4486773  2.23769e+26 
  60    0.4585020  2.17327e+26 
  61    0.4685419  2.09168e+26 
  62    0.4788016  2.01393e+26 
  63    0.4892860  1.92968e+26 
  64    0.5000000  1.85080e+26 
  65    0.5109486  1.75177e+26 
  66    0.5221369  1.67269e+26 
  67    0.5335702  1.60666e+26 
  68    0.5452539  1.52470e+26 
  69    0.5571934  1.44761e+26 
  70    0.5693943  1.37686e+26 
  71    0.5818624  1.29583e+26 
  72    0.5946036  1.22732e+26 
  73    0.6076237  1.15843e+26 
  74    0.6209289  1.10699e+26 
  75    0.6345255  1.04782e+26 
  76    0.6484198  9.99028e+25 
  77    0.6626183  9.59554e+25 
  78    0.6771278  9.13823e+25 
  79    0.6919549  8.70030e+25 
  80    0.7071068  8.31776e+25 
  81    0.7225904  7.99441e+25 
  82    0.7384131  7.70358e+25 
  83    0.7545822  7.31101e+25 
  84    0.7711054  7.01436e+25 
  85    0.7879904  6.75815e+25 
  86    0.8052452  6.42439e+25 
  87    0.8228777  6.14835e+25 
  88    0.8408964  5.85908e+25 
  89    0.8593096  5.58063e+25 
  90    0.8781261  5.34119e+25 
  91    0.8973545  5.10476e+25 
  92    0.9170040  4.86935e+25 
  93    0.9370838  4.63508e+25 
  94    0.9576033  4.38246e+25 
  95    0.9785721  4.19793e+25 
  96    1.0000000  4.00756e+25 
  97    1.0218971  3.81605e+25 
  98    1.0442738  3.67038e+25 
  99    1.0671404  3.46856e+25 
 100    1.0905077  3.29702e+25 
 101    1.1143867  3.15292e+25 
 102    1.1387886  3.02276e+25 
 103    1.1637249  2.89119e+25 
 104    1.1892071  2.77331e+25 
 105    1.2152474  2.62950e+25 
 106    1.2418578  2.50309e+25 
 107    1.2690510  2.38561e+25 
 108    1.2968396  2.28666e+25 
 109    1.3252366  2.19764e+25 
 110    1.3542555  2.09187e+25 
 111    1.3839099  2.01604e+25 
 112    1.4142136  1.97249e+25 
 113    1.4451808  1.89838e+25 
 114    1.4768261  1.82243e+25 
 115    1.5091644  1.75716e+25 
 116    1.5422108  1.66945e+25 
 117    1.5759808  1.65319e+25 
 118    1.6104903  1.59747e+25 
 119    1.6457555  1.52018e+25 
 120    1.6817928  1.43619e+25 
 121    1.7186193  1.37155e+25 
 122    1.7562522  1.31102e+25 
 123    1.7947091  1.26119e+25 
 124    1.8340081  1.19492e+25 
 125    1.8741676  1.13597e+25 
 126    1.9152066  1.09516e+25 
 127    1.9571441  1.07107e+25 
 128    2.0000000  1.02350e+25 
 129    2.0437943  9.55269e+24 
 130    2.0885476  9.07436e+24 
 131    2.1342808  8.76291e+24 
 132    2.1810155  8.40607e+24 
 133    2.2287735  7.92731e+24 
 134    2.2775773  7.51832e+24 
 135    2.3274497  7.10628e+24 
 136    2.3784142  6.68249e+24 
 137    2.4304947  6.23796e+24 
 138    2.4837156  5.78867e+24 
 139    2.5381019  5.34843e+24 
 140    2.5936791  5.04216e+24 
 141    2.6504733  4.67932e+24 
 142    2.7085111  4.40379e+24 
 143    2.7678198  4.10657e+24 
 144    2.8284271  3.86424e+24 
 145    2.8903616  3.66120e+24 
 146    2.9536523  3.46748e+24 
 147    3.0183289  3.28378e+24 
 148    3.0844217  3.11504e+24 
 149    3.1519617  2.95649e+24 
 150    3.2209807  2.83863e+24 
 151    3.2915110  2.66895e+24 
 152    3.3635857  2.50025e+24 
 153    3.4372386  2.36142e+24 
 154    3.5125043  2.21844e+24 
 155    3.5894182  2.14720e+24 
 156    3.6680162  2.01026e+24 
 157    3.7483353  1.89840e+24 
 158    3.8304131  1.80691e+24 
 159    3.9142882  1.73366e+24 
 160    4.0000000  1.62910e+24 
 161    4.0875886  1.54071e+24 
 162    4.1770951  1.46332e+24 
 163    4.2685616  1.38491e+24 
 164    4.3620309  1.32970e+24 
 165    4.4575470  1.27944e+24 
 166    4.5551545  1.23566e+24 
 167    4.6548994  1.18298e+24 
 168    4.7568285  1.15673e+24 
 169    4.8609894  1.13584e+24 
 170    4.9674312  1.11043e+24 
 171    5.0762038  1.12043e+24 
 172    5.1873582  1.13561e+24 
 173    5.3009466  1.17053e+24 
 174    5.4170222  1.18165e+24 
 175    5.5356395  1.21243e+24 
 176    5.6568542  1.24334e+24 
 177    5.7807232  1.29581e+24 
 178    5.9073046  1.34237e+24 
 179    6.0366577  1.39335e+24 
 180    6.1688433  1.45298e+24 
 181    6.3039234  1.48617e+24 
 182    6.4419613  1.51054e+24 
 183    6.5830219  1.51888e+24 
 184    6.7271713  1.53156e+24 
 185    6.8744772  1.51873e+24 
 186    7.0250086  1.51435e+24 
 187    7.1788363  1.50419e+24 
 188    7.3360323  1.47472e+24 
 189    7.4966705  1.41888e+24 


