# 1:iteration 2:time bin[s] 3-k:AB magnitude for k-th angular bin
# g-band (filter: g_LSST.dat)
   0    0.1250000 -1.57730e+01 
   1    0.1277371 -1.57828e+01 
   2    0.1305342 -1.57929e+01 
   3    0.1333926 -1.58031e+01 
   4    0.1363135 -1.58124e+01 
   5    0.1392983 -1.58205e+01 
   6    0.1423486 -1.58257e+01 
   7    0.1454656 -1.58294e+01 
   8    0.1486509 -1.58323e+01 
   9    0.1519059 -1.58334e+01 
  10    0.1552322 -1.58324e+01 
  11    0.1586314 -1.58306e+01 
  12    0.1621049 -1.58266e+01 
  13    0.1656546 -1.58219e+01 
  14    0.1692819 -1.58151e+01 
  15    0.1729887 -1.58077e+01 
  16    0.1767767 -1.57980e+01 
  17    0.1806476 -1.57876e+01 
  18    0.1846033 -1.57760e+01 
  19    0.1886456 -1.57634e+01 
  20    0.1927764 -1.57495e+01 
  21    0.1969976 -1.57346e+01 
  22    0.2013113 -1.57184e+01 
  23    0.2057194 -1.57016e+01 
  24    0.2102241 -1.56838e+01 
  25    0.2148274 -1.56652e+01 
  26    0.2195315 -1.56456e+01 
  27    0.2243386 -1.56256e+01 
  28    0.2292510 -1.56048e+01 
  29    0.2342710 -1.55825e+01 
  30    0.2394008 -1.55605e+01 
  31    0.2446430 -1.55362e+01 
  32    0.2500000 -1.55102e+01 
  33    0.2554743 -1.54835e+01 
  34    0.2610684 -1.54541e+01 
  35    0.2667851 -1.54219e+01 
  36    0.2726269 -1.53876e+01 
  37    0.2785967 -1.53512e+01 
  38    0.2846972 -1.53101e+01 
  39    0.2909312 -1.52651e+01 
  40    0.2973018 -1.52171e+01 
  41    0.3038118 -1.51642e+01 
  42    0.3104645 -1.51066e+01 
  43    0.3172627 -1.50460e+01 
  44    0.3242099 -1.49805e+01 
  45    0.3313092 -1.49109e+01 
  46    0.3385639 -1.48378e+01 
  47    0.3459775 -1.47613e+01 
  48    0.3535534 -1.46816e+01 
  49    0.3612952 -1.45978e+01 
  50    0.3692065 -1.45127e+01 
  51    0.3772911 -1.44251e+01 
  52    0.3855527 -1.43351e+01 
  53    0.3939952 -1.42415e+01 
  54    0.4026226 -1.41452e+01 
  55    0.4114389 -1.40478e+01 
  56    0.4204482 -1.39452e+01 
  57    0.4296548 -1.38391e+01 
  58    0.4390630 -1.37306e+01 
  59    0.4486773 -1.36183e+01 
  60    0.4585020 -1.35015e+01 
  61    0.4685419 -1.33815e+01 
  62    0.4788016 -1.32577e+01 
  63    0.4892860 -1.31299e+01 
  64    0.5000000 -1.29986e+01 
  65    0.5109486 -1.28654e+01 
  66    0.5221369 -1.27281e+01 
  67    0.5335702 -1.25886e+01 
  68    0.5452539 -1.24438e+01 
  69    0.5571934 -1.22984e+01 
  70    0.5693943 -1.21545e+01 
  71    0.5818624 -1.20093e+01 
  72    0.5946036 -1.18645e+01 
  73    0.6076237 -1.17228e+01 
  74    0.6209289 -1.15809e+01 
  75    0.6345255 -1.14438e+01 
  76    0.6484198 -1.13084e+01 
  77    0.6626183 -1.11769e+01 
  78    0.6771278 -1.10552e+01 
  79    0.6919549 -1.09368e+01 
  80    0.7071068 -1.08187e+01 
  81    0.7225904 -1.07047e+01 
  82    0.7384131 -1.05980e+01 
  83    0.7545822 -1.04903e+01 
  84    0.7711054 -1.03892e+01 
  85    0.7879904 -1.02961e+01 
  86    0.8052452 -1.01966e+01 
  87    0.8228777 -1.01092e+01 
  88    0.8408964 -1.00250e+01 
  89    0.8593096 -9.94996e+00 
  90    0.8781261 -9.87311e+00 
  91    0.8973545 -9.79548e+00 
  92    0.9170040 -9.72409e+00 
  93    0.9370838 -9.65911e+00 
  94    0.9576033 -9.60367e+00 
  95    0.9785721 -9.56317e+00 
  96    1.0000000 -9.51302e+00 
  97    1.0218971 -9.46151e+00 
  98    1.0442738 -9.42450e+00 
  99    1.0671404 -9.39001e+00 
 100    1.0905077 -9.36424e+00 
 101    1.1143867 -9.35356e+00 
 102    1.1387886 -9.34929e+00 
 103    1.1637249 -9.34399e+00 
 104    1.1892071 -9.35628e+00 
 105    1.2152474 -9.36651e+00 
 106    1.2418578 -9.37918e+00 
 107    1.2690510 -9.37750e+00 
 108    1.2968396 -9.39676e+00 
 109    1.3252366 -9.42297e+00 
 110    1.3542555 -9.45054e+00 
 111    1.3839099 -9.47007e+00 
 112    1.4142136 -9.49128e+00 
 113    1.4451808 -9.51022e+00 
 114    1.4768261 -9.53433e+00 
 115    1.5091644 -9.56165e+00 
 116    1.5422108 -9.59112e+00 
 117    1.5759808 -9.62093e+00 
 118    1.6104903 -9.65804e+00 
 119    1.6457555 -9.69649e+00 
 120    1.6817928 -9.74331e+00 
 121    1.7186193 -9.79234e+00 
 122    1.7562522 -9.84104e+00 
 123    1.7947091 -9.89915e+00 
 124    1.8340081 -9.95459e+00 
 125    1.8741676 -1.00129e+01 
 126    1.9152066 -1.00634e+01 
 127    1.9571441 -1.01137e+01 
 128    2.0000000 -1.01630e+01 
 129    2.0437943 -1.02042e+01 
 130    2.0885476 -1.02412e+01 
 131    2.1342808 -1.02742e+01 
 132    2.1810155 -1.02986e+01 
 133    2.2287735 -1.03198e+01 
 134    2.2775773 -1.03332e+01 
 135    2.3274497 -1.03395e+01 
 136    2.3784142 -1.03333e+01 
 137    2.4304947 -1.03254e+01 
 138    2.4837156 -1.02974e+01 
 139    2.5381019 -1.02499e+01 
 140    2.5936791 -1.01951e+01 
 141    2.6504733 -1.01147e+01 
 142    2.7085111 -1.00183e+01 
 143    2.7678198 -9.90807e+00 
 144    2.8284271 -9.76890e+00 
 145    2.8903616 -9.61691e+00 
 146    2.9536523 -9.44850e+00 
 147    3.0183289 -9.25733e+00 
 148    3.0844217 -9.05738e+00 
 149    3.1519617 -8.83397e+00 
 150    3.2209807 -8.59520e+00 
 151    3.2915110 -8.33631e+00 
 152    3.3635857 -8.06489e+00 
 153    3.4372386 -7.78215e+00 
 154    3.5125043 -7.49491e+00 
 155    3.5894182 -7.20455e+00 
 156    3.6680162 -6.90025e+00 
 157    3.7483353 -6.55692e+00 
 158    3.8304131 -6.22447e+00 
 159    3.9142882 -5.87692e+00 
 160    4.0000000 -5.51718e+00 
 161    4.0875886 -5.16845e+00 
 162    4.1770951 -4.80778e+00 
 163    4.2685616 -4.44842e+00 
 164    4.3620309 -4.07211e+00 
 165    4.4575470 -3.69289e+00 
 166    4.5551545 -3.31037e+00 
 167    4.6548994 -2.94170e+00 
 168    4.7568285 -2.57020e+00 
 169    4.8609894 -2.22359e+00 
 170    4.9674312 -1.90754e+00 
 171    5.0762038 -1.57147e+00 
 172    5.1873582 -1.23899e+00 
 173    5.3009466 -9.05658e-01 
 174    5.4170222 -5.82345e-01 
 175    5.5356395 -2.66578e-01 
 176    5.6568542  4.23563e-02 
 177    5.7807232  2.14400e-01 
 178    5.9073046  5.06688e-01 
 179    6.0366577  8.10280e-01 
 180    6.1688433  1.11868e+00 
 181    6.3039234  1.40192e+00 
 182    6.4419613  1.70805e+00 
 183    6.5830219  2.01589e+00 
 184    6.7271713  2.32210e+00 
 185    6.8744772  2.59821e+00 
 186    7.0250086  2.87258e+00 
 187    7.1788363  3.18180e+00 
 188    7.3360323  3.51448e+00 
 189    7.4966705  3.79951e+00 


# r-band (filter: r_LSST.dat)
   0    0.1250000 -1.56193e+01 
   1    0.1277371 -1.56415e+01 
   2    0.1305342 -1.56641e+01 
   3    0.1333926 -1.56872e+01 
   4    0.1363135 -1.57096e+01 
   5    0.1392983 -1.57303e+01 
   6    0.1423486 -1.57492e+01 
   7    0.1454656 -1.57654e+01 
   8    0.1486509 -1.57821e+01 
   9    0.1519059 -1.57973e+01 
  10    0.1552322 -1.58114e+01 
  11    0.1586314 -1.58242e+01 
  12    0.1621049 -1.58347e+01 
  13    0.1656546 -1.58443e+01 
  14    0.1692819 -1.58530e+01 
  15    0.1729887 -1.58606e+01 
  16    0.1767767 -1.58666e+01 
  17    0.1806476 -1.58722e+01 
  18    0.1846033 -1.58765e+01 
  19    0.1886456 -1.58795e+01 
  20    0.1927764 -1.58812e+01 
  21    0.1969976 -1.58819e+01 
  22    0.2013113 -1.58807e+01 
  23    0.2057194 -1.58793e+01 
  24    0.2102241 -1.58776e+01 
  25    0.2148274 -1.58750e+01 
  26    0.2195315 -1.58710e+01 
  27    0.2243386 -1.58663e+01 
  28    0.2292510 -1.58608e+01 
  29    0.2342710 -1.58546e+01 
  30    0.2394008 -1.58476e+01 
  31    0.2446430 -1.58392e+01 
  32    0.2500000 -1.58305e+01 
  33    0.2554743 -1.58213e+01 
  34    0.2610684 -1.58111e+01 
  35    0.2667851 -1.57999e+01 
  36    0.2726269 -1.57882e+01 
  37    0.2785967 -1.57761e+01 
  38    0.2846972 -1.57635e+01 
  39    0.2909312 -1.57498e+01 
  40    0.2973018 -1.57359e+01 
  41    0.3038118 -1.57208e+01 
  42    0.3104645 -1.57054e+01 
  43    0.3172627 -1.56897e+01 
  44    0.3242099 -1.56734e+01 
  45    0.3313092 -1.56559e+01 
  46    0.3385639 -1.56380e+01 
  47    0.3459775 -1.56192e+01 
  48    0.3535534 -1.55988e+01 
  49    0.3612952 -1.55777e+01 
  50    0.3692065 -1.55557e+01 
  51    0.3772911 -1.55329e+01 
  52    0.3855527 -1.55091e+01 
  53    0.3939952 -1.54837e+01 
  54    0.4026226 -1.54573e+01 
  55    0.4114389 -1.54295e+01 
  56    0.4204482 -1.54001e+01 
  57    0.4296548 -1.53693e+01 
  58    0.4390630 -1.53372e+01 
  59    0.4486773 -1.53035e+01 
  60    0.4585020 -1.52683e+01 
  61    0.4685419 -1.52310e+01 
  62    0.4788016 -1.51928e+01 
  63    0.4892860 -1.51535e+01 
  64    0.5000000 -1.51134e+01 
  65    0.5109486 -1.50705e+01 
  66    0.5221369 -1.50274e+01 
  67    0.5335702 -1.49816e+01 
  68    0.5452539 -1.49360e+01 
  69    0.5571934 -1.48891e+01 
  70    0.5693943 -1.48418e+01 
  71    0.5818624 -1.47938e+01 
  72    0.5946036 -1.47466e+01 
  73    0.6076237 -1.46987e+01 
  74    0.6209289 -1.46504e+01 
  75    0.6345255 -1.46050e+01 
  76    0.6484198 -1.45582e+01 
  77    0.6626183 -1.45123e+01 
  78    0.6771278 -1.44706e+01 
  79    0.6919549 -1.44327e+01 
  80    0.7071068 -1.43997e+01 
  81    0.7225904 -1.43674e+01 
  82    0.7384131 -1.43386e+01 
  83    0.7545822 -1.43090e+01 
  84    0.7711054 -1.42827e+01 
  85    0.7879904 -1.42585e+01 
  86    0.8052452 -1.42362e+01 
  87    0.8228777 -1.42195e+01 
  88    0.8408964 -1.42049e+01 
  89    0.8593096 -1.41943e+01 
  90    0.8781261 -1.41861e+01 
  91    0.8973545 -1.41883e+01 
  92    0.9170040 -1.42038e+01 
  93    0.9370838 -1.42320e+01 
  94    0.9576033 -1.43080e+01 
  95    0.9785721 -1.43977e+01 
  96    1.0000000 -1.44875e+01 
  97    1.0218971 -1.45843e+01 
  98    1.0442738 -1.46834e+01 
  99    1.0671404 -1.48019e+01 
 100    1.0905077 -1.49163e+01 
 101    1.1143867 -1.50359e+01 
 102    1.1387886 -1.51462e+01 
 103    1.1637249 -1.52470e+01 
 104    1.1892071 -1.53095e+01 
 105    1.2152474 -1.53516e+01 
 106    1.2418578 -1.53718e+01 
 107    1.2690510 -1.53707e+01 
 108    1.2968396 -1.53753e+01 
 109    1.3252366 -1.53633e+01 
 110    1.3542555 -1.53600e+01 
 111    1.3839099 -1.53512e+01 
 112    1.4142136 -1.53296e+01 
 113    1.4451808 -1.53136e+01 
 114    1.4768261 -1.52935e+01 
 115    1.5091644 -1.52926e+01 
 116    1.5422108 -1.52960e+01 
 117    1.5759808 -1.53012e+01 
 118    1.6104903 -1.53154e+01 
 119    1.6457555 -1.53322e+01 
 120    1.6817928 -1.53521e+01 
 121    1.7186193 -1.53694e+01 
 122    1.7562522 -1.53871e+01 
 123    1.7947091 -1.53847e+01 
 124    1.8340081 -1.53630e+01 
 125    1.8741676 -1.53462e+01 
 126    1.9152066 -1.53214e+01 
 127    1.9571441 -1.53004e+01 
 128    2.0000000 -1.52737e+01 
 129    2.0437943 -1.52530e+01 
 130    2.0885476 -1.52284e+01 
 131    2.1342808 -1.51937e+01 
 132    2.1810155 -1.51588e+01 
 133    2.2287735 -1.51151e+01 
 134    2.2775773 -1.50739e+01 
 135    2.3274497 -1.50260e+01 
 136    2.3784142 -1.49820e+01 
 137    2.4304947 -1.49367e+01 
 138    2.4837156 -1.48808e+01 
 139    2.5381019 -1.48114e+01 
 140    2.5936791 -1.47301e+01 
 141    2.6504733 -1.46280e+01 
 142    2.7085111 -1.45115e+01 
 143    2.7678198 -1.43854e+01 
 144    2.8284271 -1.42406e+01 
 145    2.8903616 -1.40852e+01 
 146    2.9536523 -1.39211e+01 
 147    3.0183289 -1.37444e+01 
 148    3.0844217 -1.35600e+01 
 149    3.1519617 -1.33633e+01 
 150    3.2209807 -1.31540e+01 
 151    3.2915110 -1.29303e+01 
 152    3.3635857 -1.26915e+01 
 153    3.4372386 -1.24454e+01 
 154    3.5125043 -1.21780e+01 
 155    3.5894182 -1.18960e+01 
 156    3.6680162 -1.16017e+01 
 157    3.7483353 -1.12858e+01 
 158    3.8304131 -1.09567e+01 
 159    3.9142882 -1.06131e+01 
 160    4.0000000 -1.02584e+01 
 161    4.0875886 -9.88938e+00 
 162    4.1770951 -9.50496e+00 
 163    4.2685616 -9.12064e+00 
 164    4.3620309 -8.73616e+00 
 165    4.4575470 -8.34674e+00 
 166    4.5551545 -7.96569e+00 
 167    4.6548994 -7.58943e+00 
 168    4.7568285 -7.21144e+00 
 169    4.8609894 -6.86100e+00 
 170    4.9674312 -6.51165e+00 
 171    5.0762038 -6.16341e+00 
 172    5.1873582 -5.82966e+00 
 173    5.3009466 -5.51336e+00 
 174    5.4170222 -5.20046e+00 
 175    5.5356395 -4.89686e+00 
 176    5.6568542 -4.60334e+00 
 177    5.7807232 -4.32310e+00 
 178    5.9073046 -4.04061e+00 
 179    6.0366577 -3.76892e+00 
 180    6.1688433 -3.50434e+00 
 181    6.3039234 -3.23639e+00 
 182    6.4419613 -2.97309e+00 
 183    6.5830219 -2.71118e+00 
 184    6.7271713 -2.45008e+00 
 185    6.8744772 -2.18506e+00 
 186    7.0250086 -1.91988e+00 
 187    7.1788363 -1.65192e+00 
 188    7.3360323 -1.37894e+00 
 189    7.4966705 -1.10220e+00 


# i-band (filter: i_LSST.dat)
   0    0.1250000 -1.50851e+01 
   1    0.1277371 -1.51055e+01 
   2    0.1305342 -1.51263e+01 
   3    0.1333926 -1.51476e+01 
   4    0.1363135 -1.51686e+01 
   5    0.1392983 -1.51893e+01 
   6    0.1423486 -1.52075e+01 
   7    0.1454656 -1.52275e+01 
   8    0.1486509 -1.52452e+01 
   9    0.1519059 -1.52623e+01 
  10    0.1552322 -1.52787e+01 
  11    0.1586314 -1.52956e+01 
  12    0.1621049 -1.53125e+01 
  13    0.1656546 -1.53281e+01 
  14    0.1692819 -1.53432e+01 
  15    0.1729887 -1.53591e+01 
  16    0.1767767 -1.53739e+01 
  17    0.1806476 -1.53877e+01 
  18    0.1846033 -1.54009e+01 
  19    0.1886456 -1.54134e+01 
  20    0.1927764 -1.54266e+01 
  21    0.1969976 -1.54380e+01 
  22    0.2013113 -1.54491e+01 
  23    0.2057194 -1.54594e+01 
  24    0.2102241 -1.54691e+01 
  25    0.2148274 -1.54769e+01 
  26    0.2195315 -1.54844e+01 
  27    0.2243386 -1.54904e+01 
  28    0.2292510 -1.54948e+01 
  29    0.2342710 -1.54970e+01 
  30    0.2394008 -1.54992e+01 
  31    0.2446430 -1.54975e+01 
  32    0.2500000 -1.54943e+01 
  33    0.2554743 -1.54898e+01 
  34    0.2610684 -1.54810e+01 
  35    0.2667851 -1.54692e+01 
  36    0.2726269 -1.54549e+01 
  37    0.2785967 -1.54383e+01 
  38    0.2846972 -1.54182e+01 
  39    0.2909312 -1.53954e+01 
  40    0.2973018 -1.53704e+01 
  41    0.3038118 -1.53434e+01 
  42    0.3104645 -1.53144e+01 
  43    0.3172627 -1.52833e+01 
  44    0.3242099 -1.52516e+01 
  45    0.3313092 -1.52190e+01 
  46    0.3385639 -1.51860e+01 
  47    0.3459775 -1.51537e+01 
  48    0.3535534 -1.51223e+01 
  49    0.3612952 -1.50913e+01 
  50    0.3692065 -1.50627e+01 
  51    0.3772911 -1.50351e+01 
  52    0.3855527 -1.50087e+01 
  53    0.3939952 -1.49844e+01 
  54    0.4026226 -1.49617e+01 
  55    0.4114389 -1.49403e+01 
  56    0.4204482 -1.49213e+01 
  57    0.4296548 -1.49034e+01 
  58    0.4390630 -1.48869e+01 
  59    0.4486773 -1.48707e+01 
  60    0.4585020 -1.48562e+01 
  61    0.4685419 -1.48416e+01 
  62    0.4788016 -1.48283e+01 
  63    0.4892860 -1.48165e+01 
  64    0.5000000 -1.48043e+01 
  65    0.5109486 -1.47944e+01 
  66    0.5221369 -1.47870e+01 
  67    0.5335702 -1.47803e+01 
  68    0.5452539 -1.47742e+01 
  69    0.5571934 -1.47716e+01 
  70    0.5693943 -1.47699e+01 
  71    0.5818624 -1.47715e+01 
  72    0.5946036 -1.47746e+01 
  73    0.6076237 -1.47784e+01 
  74    0.6209289 -1.47839e+01 
  75    0.6345255 -1.47935e+01 
  76    0.6484198 -1.48114e+01 
  77    0.6626183 -1.48259e+01 
  78    0.6771278 -1.48442e+01 
  79    0.6919549 -1.48619e+01 
  80    0.7071068 -1.48811e+01 
  81    0.7225904 -1.49030e+01 
  82    0.7384131 -1.49253e+01 
  83    0.7545822 -1.49459e+01 
  84    0.7711054 -1.49691e+01 
  85    0.7879904 -1.49910e+01 
  86    0.8052452 -1.50131e+01 
  87    0.8228777 -1.50332e+01 
  88    0.8408964 -1.50520e+01 
  89    0.8593096 -1.50703e+01 
  90    0.8781261 -1.50908e+01 
  91    0.8973545 -1.51100e+01 
  92    0.9170040 -1.51281e+01 
  93    0.9370838 -1.51469e+01 
  94    0.9576033 -1.51684e+01 
  95    0.9785721 -1.51959e+01 
  96    1.0000000 -1.52239e+01 
  97    1.0218971 -1.52615e+01 
  98    1.0442738 -1.53033e+01 
  99    1.0671404 -1.53458e+01 
 100    1.0905077 -1.53893e+01 
 101    1.1143867 -1.54294e+01 
 102    1.1387886 -1.54612e+01 
 103    1.1637249 -1.54981e+01 
 104    1.1892071 -1.55199e+01 
 105    1.2152474 -1.55368e+01 
 106    1.2418578 -1.55496e+01 
 107    1.2690510 -1.55508e+01 
 108    1.2968396 -1.55484e+01 
 109    1.3252366 -1.55336e+01 
 110    1.3542555 -1.55148e+01 
 111    1.3839099 -1.54900e+01 
 112    1.4142136 -1.54594e+01 
 113    1.4451808 -1.54285e+01 
 114    1.4768261 -1.53980e+01 
 115    1.5091644 -1.53672e+01 
 116    1.5422108 -1.53389e+01 
 117    1.5759808 -1.53102e+01 
 118    1.6104903 -1.52818e+01 
 119    1.6457555 -1.52525e+01 
 120    1.6817928 -1.52117e+01 
 121    1.7186193 -1.51672e+01 
 122    1.7562522 -1.50997e+01 
 123    1.7947091 -1.50249e+01 
 124    1.8340081 -1.49535e+01 
 125    1.8741676 -1.48784e+01 
 126    1.9152066 -1.48147e+01 
 127    1.9571441 -1.47557e+01 
 128    2.0000000 -1.46864e+01 
 129    2.0437943 -1.46328e+01 
 130    2.0885476 -1.45784e+01 
 131    2.1342808 -1.45292e+01 
 132    2.1810155 -1.44856e+01 
 133    2.2287735 -1.44513e+01 
 134    2.2775773 -1.44304e+01 
 135    2.3274497 -1.44111e+01 
 136    2.3784142 -1.43958e+01 
 137    2.4304947 -1.43792e+01 
 138    2.4837156 -1.43613e+01 
 139    2.5381019 -1.43401e+01 
 140    2.5936791 -1.43147e+01 
 141    2.6504733 -1.42821e+01 
 142    2.7085111 -1.42435e+01 
 143    2.7678198 -1.42036e+01 
 144    2.8284271 -1.41577e+01 
 145    2.8903616 -1.41113e+01 
 146    2.9536523 -1.40640e+01 
 147    3.0183289 -1.40127e+01 
 148    3.0844217 -1.39629e+01 
 149    3.1519617 -1.39111e+01 
 150    3.2209807 -1.38564e+01 
 151    3.2915110 -1.38002e+01 
 152    3.3635857 -1.37393e+01 
 153    3.4372386 -1.36776e+01 
 154    3.5125043 -1.35988e+01 
 155    3.5894182 -1.35043e+01 
 156    3.6680162 -1.34032e+01 
 157    3.7483353 -1.32632e+01 
 158    3.8304131 -1.31009e+01 
 159    3.9142882 -1.29228e+01 
 160    4.0000000 -1.27079e+01 
 161    4.0875886 -1.24687e+01 
 162    4.1770951 -1.22014e+01 
 163    4.2685616 -1.19068e+01 
 164    4.3620309 -1.15889e+01 
 165    4.4575470 -1.12433e+01 
 166    4.5551545 -1.08839e+01 
 167    4.6548994 -1.05183e+01 
 168    4.7568285 -1.01370e+01 
 169    4.8609894 -9.75506e+00 
 170    4.9674312 -9.37351e+00 
 171    5.0762038 -8.98748e+00 
 172    5.1873582 -8.59843e+00 
 173    5.3009466 -8.22757e+00 
 174    5.4170222 -7.85862e+00 
 175    5.5356395 -7.49592e+00 
 176    5.6568542 -7.15102e+00 
 177    5.7807232 -6.82063e+00 
 178    5.9073046 -6.49262e+00 
 179    6.0366577 -6.16970e+00 
 180    6.1688433 -5.85872e+00 
 181    6.3039234 -5.56088e+00 
 182    6.4419613 -5.26879e+00 
 183    6.5830219 -4.98465e+00 
 184    6.7271713 -4.70552e+00 
 185    6.8744772 -4.43008e+00 
 186    7.0250086 -4.15636e+00 
 187    7.1788363 -3.87957e+00 
 188    7.3360323 -3.60219e+00 
 189    7.4966705 -3.33038e+00 


# z-band (filter: z_LSST.dat)
   0    0.1250000 -1.47842e+01 
   1    0.1277371 -1.48073e+01 
   2    0.1305342 -1.48309e+01 
   3    0.1333926 -1.48549e+01 
   4    0.1363135 -1.48800e+01 
   5    0.1392983 -1.49019e+01 
   6    0.1423486 -1.49237e+01 
   7    0.1454656 -1.49451e+01 
   8    0.1486509 -1.49672e+01 
   9    0.1519059 -1.49887e+01 
  10    0.1552322 -1.50102e+01 
  11    0.1586314 -1.50330e+01 
  12    0.1621049 -1.50563e+01 
  13    0.1656546 -1.50786e+01 
  14    0.1692819 -1.50989e+01 
  15    0.1729887 -1.51202e+01 
  16    0.1767767 -1.51415e+01 
  17    0.1806476 -1.51618e+01 
  18    0.1846033 -1.51811e+01 
  19    0.1886456 -1.52008e+01 
  20    0.1927764 -1.52183e+01 
  21    0.1969976 -1.52356e+01 
  22    0.2013113 -1.52530e+01 
  23    0.2057194 -1.52665e+01 
  24    0.2102241 -1.52792e+01 
  25    0.2148274 -1.52898e+01 
  26    0.2195315 -1.53002e+01 
  27    0.2243386 -1.53079e+01 
  28    0.2292510 -1.53125e+01 
  29    0.2342710 -1.53152e+01 
  30    0.2394008 -1.53158e+01 
  31    0.2446430 -1.53121e+01 
  32    0.2500000 -1.53051e+01 
  33    0.2554743 -1.52946e+01 
  34    0.2610684 -1.52765e+01 
  35    0.2667851 -1.52541e+01 
  36    0.2726269 -1.52259e+01 
  37    0.2785967 -1.51932e+01 
  38    0.2846972 -1.51521e+01 
  39    0.2909312 -1.51052e+01 
  40    0.2973018 -1.50535e+01 
  41    0.3038118 -1.49959e+01 
  42    0.3104645 -1.49349e+01 
  43    0.3172627 -1.48683e+01 
  44    0.3242099 -1.48001e+01 
  45    0.3313092 -1.47307e+01 
  46    0.3385639 -1.46594e+01 
  47    0.3459775 -1.45915e+01 
  48    0.3535534 -1.45252e+01 
  49    0.3612952 -1.44598e+01 
  50    0.3692065 -1.43982e+01 
  51    0.3772911 -1.43404e+01 
  52    0.3855527 -1.42840e+01 
  53    0.3939952 -1.42328e+01 
  54    0.4026226 -1.41837e+01 
  55    0.4114389 -1.41375e+01 
  56    0.4204482 -1.40941e+01 
  57    0.4296548 -1.40530e+01 
  58    0.4390630 -1.40147e+01 
  59    0.4486773 -1.39772e+01 
  60    0.4585020 -1.39429e+01 
  61    0.4685419 -1.39095e+01 
  62    0.4788016 -1.38778e+01 
  63    0.4892860 -1.38492e+01 
  64    0.5000000 -1.38215e+01 
  65    0.5109486 -1.37961e+01 
  66    0.5221369 -1.37729e+01 
  67    0.5335702 -1.37510e+01 
  68    0.5452539 -1.37308e+01 
  69    0.5571934 -1.37132e+01 
  70    0.5693943 -1.36959e+01 
  71    0.5818624 -1.36812e+01 
  72    0.5946036 -1.36689e+01 
  73    0.6076237 -1.36569e+01 
  74    0.6209289 -1.36453e+01 
  75    0.6345255 -1.36335e+01 
  76    0.6484198 -1.36242e+01 
  77    0.6626183 -1.36148e+01 
  78    0.6771278 -1.36059e+01 
  79    0.6919549 -1.35963e+01 
  80    0.7071068 -1.35884e+01 
  81    0.7225904 -1.35792e+01 
  82    0.7384131 -1.35721e+01 
  83    0.7545822 -1.35678e+01 
  84    0.7711054 -1.35640e+01 
  85    0.7879904 -1.35664e+01 
  86    0.8052452 -1.35716e+01 
  87    0.8228777 -1.35774e+01 
  88    0.8408964 -1.35917e+01 
  89    0.8593096 -1.36079e+01 
  90    0.8781261 -1.36280e+01 
  91    0.8973545 -1.36565e+01 
  92    0.9170040 -1.36895e+01 
  93    0.9370838 -1.37282e+01 
  94    0.9576033 -1.37738e+01 
  95    0.9785721 -1.38282e+01 
  96    1.0000000 -1.38849e+01 
  97    1.0218971 -1.39470e+01 
  98    1.0442738 -1.40122e+01 
  99    1.0671404 -1.40793e+01 
 100    1.0905077 -1.41385e+01 
 101    1.1143867 -1.41945e+01 
 102    1.1387886 -1.42440e+01 
 103    1.1637249 -1.42949e+01 
 104    1.1892071 -1.43351e+01 
 105    1.2152474 -1.43705e+01 
 106    1.2418578 -1.43989e+01 
 107    1.2690510 -1.44204e+01 
 108    1.2968396 -1.44362e+01 
 109    1.3252366 -1.44433e+01 
 110    1.3542555 -1.44477e+01 
 111    1.3839099 -1.44498e+01 
 112    1.4142136 -1.44489e+01 
 113    1.4451808 -1.44481e+01 
 114    1.4768261 -1.44477e+01 
 115    1.5091644 -1.44467e+01 
 116    1.5422108 -1.44455e+01 
 117    1.5759808 -1.44448e+01 
 118    1.6104903 -1.44437e+01 
 119    1.6457555 -1.44402e+01 
 120    1.6817928 -1.44299e+01 
 121    1.7186193 -1.44165e+01 
 122    1.7562522 -1.43901e+01 
 123    1.7947091 -1.43616e+01 
 124    1.8340081 -1.43372e+01 
 125    1.8741676 -1.43091e+01 
 126    1.9152066 -1.42889e+01 
 127    1.9571441 -1.42690e+01 
 128    2.0000000 -1.42427e+01 
 129    2.0437943 -1.42216e+01 
 130    2.0885476 -1.41981e+01 
 131    2.1342808 -1.41776e+01 
 132    2.1810155 -1.41575e+01 
 133    2.2287735 -1.41428e+01 
 134    2.2775773 -1.41320e+01 
 135    2.3274497 -1.41202e+01 
 136    2.3784142 -1.41070e+01 
 137    2.4304947 -1.40913e+01 
 138    2.4837156 -1.40731e+01 
 139    2.5381019 -1.40498e+01 
 140    2.5936791 -1.40229e+01 
 141    2.6504733 -1.39850e+01 
 142    2.7085111 -1.39400e+01 
 143    2.7678198 -1.38938e+01 
 144    2.8284271 -1.38364e+01 
 145    2.8903616 -1.37759e+01 
 146    2.9536523 -1.37119e+01 
 147    3.0183289 -1.36420e+01 
 148    3.0844217 -1.35722e+01 
 149    3.1519617 -1.35008e+01 
 150    3.2209807 -1.34255e+01 
 151    3.2915110 -1.33529e+01 
 152    3.3635857 -1.32844e+01 
 153    3.4372386 -1.32185e+01 
 154    3.5125043 -1.31572e+01 
 155    3.5894182 -1.30923e+01 
 156    3.6680162 -1.30285e+01 
 157    3.7483353 -1.29512e+01 
 158    3.8304131 -1.28630e+01 
 159    3.9142882 -1.27725e+01 
 160    4.0000000 -1.26578e+01 
 161    4.0875886 -1.25263e+01 
 162    4.1770951 -1.23825e+01 
 163    4.2685616 -1.22093e+01 
 164    4.3620309 -1.20154e+01 
 165    4.4575470 -1.17974e+01 
 166    4.5551545 -1.15522e+01 
 167    4.6548994 -1.12933e+01 
 168    4.7568285 -1.10149e+01 
 169    4.8609894 -1.07223e+01 
 170    4.9674312 -1.04194e+01 
 171    5.0762038 -1.01072e+01 
 172    5.1873582 -9.77985e+00 
 173    5.3009466 -9.44888e+00 
 174    5.4170222 -9.11880e+00 
 175    5.5356395 -8.78263e+00 
 176    5.6568542 -8.44811e+00 
 177    5.7807232 -8.12142e+00 
 178    5.9073046 -7.79384e+00 
 179    6.0366577 -7.47083e+00 
 180    6.1688433 -7.14869e+00 
 181    6.3039234 -6.82659e+00 
 182    6.4419613 -6.51175e+00 
 183    6.5830219 -6.19712e+00 
 184    6.7271713 -5.89097e+00 
 185    6.8744772 -5.59280e+00 
 186    7.0250086 -5.28344e+00 
 187    7.1788363 -4.97428e+00 
 188    7.3360323 -4.66414e+00 
 189    7.4966705 -4.35517e+00 


# y-band (filter: y_LSST.dat)
   0    0.1250000 -1.45077e+01 
   1    0.1277371 -1.45329e+01 
   2    0.1305342 -1.45587e+01 
   3    0.1333926 -1.45850e+01 
   4    0.1363135 -1.46108e+01 
   5    0.1392983 -1.46356e+01 
   6    0.1423486 -1.46619e+01 
   7    0.1454656 -1.46869e+01 
   8    0.1486509 -1.47127e+01 
   9    0.1519059 -1.47385e+01 
  10    0.1552322 -1.47643e+01 
  11    0.1586314 -1.47898e+01 
  12    0.1621049 -1.48147e+01 
  13    0.1656546 -1.48421e+01 
  14    0.1692819 -1.48705e+01 
  15    0.1729887 -1.48981e+01 
  16    0.1767767 -1.49246e+01 
  17    0.1806476 -1.49547e+01 
  18    0.1846033 -1.49823e+01 
  19    0.1886456 -1.50105e+01 
  20    0.1927764 -1.50393e+01 
  21    0.1969976 -1.50670e+01 
  22    0.2013113 -1.50949e+01 
  23    0.2057194 -1.51226e+01 
  24    0.2102241 -1.51516e+01 
  25    0.2148274 -1.51790e+01 
  26    0.2195315 -1.52051e+01 
  27    0.2243386 -1.52315e+01 
  28    0.2292510 -1.52596e+01 
  29    0.2342710 -1.52844e+01 
  30    0.2394008 -1.53111e+01 
  31    0.2446430 -1.53338e+01 
  32    0.2500000 -1.53542e+01 
  33    0.2554743 -1.53735e+01 
  34    0.2610684 -1.53936e+01 
  35    0.2667851 -1.54090e+01 
  36    0.2726269 -1.54205e+01 
  37    0.2785967 -1.54318e+01 
  38    0.2846972 -1.54357e+01 
  39    0.2909312 -1.54304e+01 
  40    0.2973018 -1.54232e+01 
  41    0.3038118 -1.54080e+01 
  42    0.3104645 -1.53867e+01 
  43    0.3172627 -1.53624e+01 
  44    0.3242099 -1.53312e+01 
  45    0.3313092 -1.52940e+01 
  46    0.3385639 -1.52505e+01 
  47    0.3459775 -1.52051e+01 
  48    0.3535534 -1.51570e+01 
  49    0.3612952 -1.51034e+01 
  50    0.3692065 -1.50506e+01 
  51    0.3772911 -1.49978e+01 
  52    0.3855527 -1.49438e+01 
  53    0.3939952 -1.48913e+01 
  54    0.4026226 -1.48389e+01 
  55    0.4114389 -1.47860e+01 
  56    0.4204482 -1.47353e+01 
  57    0.4296548 -1.46867e+01 
  58    0.4390630 -1.46380e+01 
  59    0.4486773 -1.45892e+01 
  60    0.4585020 -1.45424e+01 
  61    0.4685419 -1.44963e+01 
  62    0.4788016 -1.44497e+01 
  63    0.4892860 -1.44056e+01 
  64    0.5000000 -1.43615e+01 
  65    0.5109486 -1.43181e+01 
  66    0.5221369 -1.42759e+01 
  67    0.5335702 -1.42350e+01 
  68    0.5452539 -1.41946e+01 
  69    0.5571934 -1.41548e+01 
  70    0.5693943 -1.41180e+01 
  71    0.5818624 -1.40822e+01 
  72    0.5946036 -1.40452e+01 
  73    0.6076237 -1.40089e+01 
  74    0.6209289 -1.39764e+01 
  75    0.6345255 -1.39427e+01 
  76    0.6484198 -1.39116e+01 
  77    0.6626183 -1.38804e+01 
  78    0.6771278 -1.38507e+01 
  79    0.6919549 -1.38213e+01 
  80    0.7071068 -1.37932e+01 
  81    0.7225904 -1.37650e+01 
  82    0.7384131 -1.37362e+01 
  83    0.7545822 -1.37086e+01 
  84    0.7711054 -1.36815e+01 
  85    0.7879904 -1.36549e+01 
  86    0.8052452 -1.36286e+01 
  87    0.8228777 -1.36025e+01 
  88    0.8408964 -1.35780e+01 
  89    0.8593096 -1.35524e+01 
  90    0.8781261 -1.35260e+01 
  91    0.8973545 -1.35018e+01 
  92    0.9170040 -1.34796e+01 
  93    0.9370838 -1.34556e+01 
  94    0.9576033 -1.34368e+01 
  95    0.9785721 -1.34154e+01 
  96    1.0000000 -1.33972e+01 
  97    1.0218971 -1.33827e+01 
  98    1.0442738 -1.33694e+01 
  99    1.0671404 -1.33578e+01 
 100    1.0905077 -1.33541e+01 
 101    1.1143867 -1.33551e+01 
 102    1.1387886 -1.33649e+01 
 103    1.1637249 -1.33768e+01 
 104    1.1892071 -1.33987e+01 
 105    1.2152474 -1.34252e+01 
 106    1.2418578 -1.34560e+01 
 107    1.2690510 -1.34935e+01 
 108    1.2968396 -1.35341e+01 
 109    1.3252366 -1.35811e+01 
 110    1.3542555 -1.36333e+01 
 111    1.3839099 -1.36874e+01 
 112    1.4142136 -1.37444e+01 
 113    1.4451808 -1.38019e+01 
 114    1.4768261 -1.38609e+01 
 115    1.5091644 -1.39197e+01 
 116    1.5422108 -1.39783e+01 
 117    1.5759808 -1.40356e+01 
 118    1.6104903 -1.40957e+01 
 119    1.6457555 -1.41543e+01 
 120    1.6817928 -1.42117e+01 
 121    1.7186193 -1.42681e+01 
 122    1.7562522 -1.43219e+01 
 123    1.7947091 -1.43733e+01 
 124    1.8340081 -1.44235e+01 
 125    1.8741676 -1.44714e+01 
 126    1.9152066 -1.45145e+01 
 127    1.9571441 -1.45549e+01 
 128    2.0000000 -1.45920e+01 
 129    2.0437943 -1.46248e+01 
 130    2.0885476 -1.46515e+01 
 131    2.1342808 -1.46758e+01 
 132    2.1810155 -1.46941e+01 
 133    2.2287735 -1.47076e+01 
 134    2.2775773 -1.47163e+01 
 135    2.3274497 -1.47189e+01 
 136    2.3784142 -1.47161e+01 
 137    2.4304947 -1.47090e+01 
 138    2.4837156 -1.46940e+01 
 139    2.5381019 -1.46710e+01 
 140    2.5936791 -1.46418e+01 
 141    2.6504733 -1.45981e+01 
 142    2.7085111 -1.45429e+01 
 143    2.7678198 -1.44802e+01 
 144    2.8284271 -1.43949e+01 
 145    2.8903616 -1.42939e+01 
 146    2.9536523 -1.41758e+01 
 147    3.0183289 -1.40430e+01 
 148    3.0844217 -1.38829e+01 
 149    3.1519617 -1.37061e+01 
 150    3.2209807 -1.35123e+01 
 151    3.2915110 -1.32999e+01 
 152    3.3635857 -1.30733e+01 
 153    3.4372386 -1.28321e+01 
 154    3.5125043 -1.25861e+01 
 155    3.5894182 -1.23393e+01 
 156    3.6680162 -1.20846e+01 
 157    3.7483353 -1.18519e+01 
 158    3.8304131 -1.16269e+01 
 159    3.9142882 -1.14037e+01 
 160    4.0000000 -1.12040e+01 
 161    4.0875886 -1.10139e+01 
 162    4.1770951 -1.08370e+01 
 163    4.2685616 -1.06654e+01 
 164    4.3620309 -1.05032e+01 
 165    4.4575470 -1.03524e+01 
 166    4.5551545 -1.01989e+01 
 167    4.6548994 -1.00520e+01 
 168    4.7568285 -9.90327e+00 
 169    4.8609894 -9.74626e+00 
 170    4.9674312 -9.59196e+00 
 171    5.0762038 -9.42423e+00 
 172    5.1873582 -9.24851e+00 
 173    5.3009466 -9.06155e+00 
 174    5.4170222 -8.86109e+00 
 175    5.5356395 -8.65302e+00 
 176    5.6568542 -8.43025e+00 
 177    5.7807232 -8.20696e+00 
 178    5.9073046 -7.96675e+00 
 179    6.0366577 -7.72332e+00 
 180    6.1688433 -7.47587e+00 
 181    6.3039234 -7.21829e+00 
 182    6.4419613 -6.95088e+00 
 183    6.5830219 -6.68424e+00 
 184    6.7271713 -6.40294e+00 
 185    6.8744772 -6.11505e+00 
 186    7.0250086 -5.83035e+00 
 187    7.1788363 -5.54176e+00 
 188    7.3360323 -5.24564e+00 
 189    7.4966705 -4.94451e+00 


# J-band (filter: J_2MASS.dat)
   0    0.1250000 -1.38739e+01 
   1    0.1277371 -1.38904e+01 
   2    0.1305342 -1.39073e+01 
   3    0.1333926 -1.39245e+01 
   4    0.1363135 -1.39404e+01 
   5    0.1392983 -1.39550e+01 
   6    0.1423486 -1.39711e+01 
   7    0.1454656 -1.39855e+01 
   8    0.1486509 -1.40014e+01 
   9    0.1519059 -1.40207e+01 
  10    0.1552322 -1.40421e+01 
  11    0.1586314 -1.40663e+01 
  12    0.1621049 -1.40922e+01 
  13    0.1656546 -1.41165e+01 
  14    0.1692819 -1.41458e+01 
  15    0.1729887 -1.41759e+01 
  16    0.1767767 -1.42104e+01 
  17    0.1806476 -1.42504e+01 
  18    0.1846033 -1.42847e+01 
  19    0.1886456 -1.43269e+01 
  20    0.1927764 -1.43670e+01 
  21    0.1969976 -1.44077e+01 
  22    0.2013113 -1.44505e+01 
  23    0.2057194 -1.44980e+01 
  24    0.2102241 -1.45512e+01 
  25    0.2148274 -1.46101e+01 
  26    0.2195315 -1.46640e+01 
  27    0.2243386 -1.47205e+01 
  28    0.2292510 -1.47800e+01 
  29    0.2342710 -1.48370e+01 
  30    0.2394008 -1.49014e+01 
  31    0.2446430 -1.49586e+01 
  32    0.2500000 -1.50156e+01 
  33    0.2554743 -1.50748e+01 
  34    0.2610684 -1.51341e+01 
  35    0.2667851 -1.51860e+01 
  36    0.2726269 -1.52295e+01 
  37    0.2785967 -1.52775e+01 
  38    0.2846972 -1.53231e+01 
  39    0.2909312 -1.53641e+01 
  40    0.2973018 -1.54038e+01 
  41    0.3038118 -1.54395e+01 
  42    0.3104645 -1.54710e+01 
  43    0.3172627 -1.54997e+01 
  44    0.3242099 -1.55252e+01 
  45    0.3313092 -1.55485e+01 
  46    0.3385639 -1.55733e+01 
  47    0.3459775 -1.55964e+01 
  48    0.3535534 -1.56191e+01 
  49    0.3612952 -1.56386e+01 
  50    0.3692065 -1.56560e+01 
  51    0.3772911 -1.56751e+01 
  52    0.3855527 -1.56940e+01 
  53    0.3939952 -1.57125e+01 
  54    0.4026226 -1.57279e+01 
  55    0.4114389 -1.57449e+01 
  56    0.4204482 -1.57538e+01 
  57    0.4296548 -1.57605e+01 
  58    0.4390630 -1.57634e+01 
  59    0.4486773 -1.57670e+01 
  60    0.4585020 -1.57681e+01 
  61    0.4685419 -1.57681e+01 
  62    0.4788016 -1.57656e+01 
  63    0.4892860 -1.57607e+01 
  64    0.5000000 -1.57522e+01 
  65    0.5109486 -1.57429e+01 
  66    0.5221369 -1.57342e+01 
  67    0.5335702 -1.57225e+01 
  68    0.5452539 -1.57135e+01 
  69    0.5571934 -1.57037e+01 
  70    0.5693943 -1.56923e+01 
  71    0.5818624 -1.56793e+01 
  72    0.5946036 -1.56654e+01 
  73    0.6076237 -1.56524e+01 
  74    0.6209289 -1.56366e+01 
  75    0.6345255 -1.56208e+01 
  76    0.6484198 -1.56037e+01 
  77    0.6626183 -1.55858e+01 
  78    0.6771278 -1.55672e+01 
  79    0.6919549 -1.55485e+01 
  80    0.7071068 -1.55288e+01 
  81    0.7225904 -1.55083e+01 
  82    0.7384131 -1.54890e+01 
  83    0.7545822 -1.54704e+01 
  84    0.7711054 -1.54499e+01 
  85    0.7879904 -1.54291e+01 
  86    0.8052452 -1.54084e+01 
  87    0.8228777 -1.53883e+01 
  88    0.8408964 -1.53711e+01 
  89    0.8593096 -1.53538e+01 
  90    0.8781261 -1.53351e+01 
  91    0.8973545 -1.53174e+01 
  92    0.9170040 -1.53004e+01 
  93    0.9370838 -1.52853e+01 
  94    0.9576033 -1.52722e+01 
  95    0.9785721 -1.52604e+01 
  96    1.0000000 -1.52496e+01 
  97    1.0218971 -1.52421e+01 
  98    1.0442738 -1.52367e+01 
  99    1.0671404 -1.52328e+01 
 100    1.0905077 -1.52312e+01 
 101    1.1143867 -1.52326e+01 
 102    1.1387886 -1.52380e+01 
 103    1.1637249 -1.52462e+01 
 104    1.1892071 -1.52588e+01 
 105    1.2152474 -1.52730e+01 
 106    1.2418578 -1.52887e+01 
 107    1.2690510 -1.53081e+01 
 108    1.2968396 -1.53283e+01 
 109    1.3252366 -1.53493e+01 
 110    1.3542555 -1.53698e+01 
 111    1.3839099 -1.53931e+01 
 112    1.4142136 -1.54161e+01 
 113    1.4451808 -1.54392e+01 
 114    1.4768261 -1.54622e+01 
 115    1.5091644 -1.54850e+01 
 116    1.5422108 -1.55092e+01 
 117    1.5759808 -1.55322e+01 
 118    1.6104903 -1.55559e+01 
 119    1.6457555 -1.55798e+01 
 120    1.6817928 -1.56032e+01 
 121    1.7186193 -1.56276e+01 
 122    1.7562522 -1.56519e+01 
 123    1.7947091 -1.56758e+01 
 124    1.8340081 -1.57003e+01 
 125    1.8741676 -1.57255e+01 
 126    1.9152066 -1.57515e+01 
 127    1.9571441 -1.57776e+01 
 128    2.0000000 -1.58025e+01 
 129    2.0437943 -1.58277e+01 
 130    2.0885476 -1.58516e+01 
 131    2.1342808 -1.58748e+01 
 132    2.1810155 -1.58962e+01 
 133    2.2287735 -1.59166e+01 
 134    2.2775773 -1.59367e+01 
 135    2.3274497 -1.59537e+01 
 136    2.3784142 -1.59695e+01 
 137    2.4304947 -1.59838e+01 
 138    2.4837156 -1.59958e+01 
 139    2.5381019 -1.60045e+01 
 140    2.5936791 -1.60118e+01 
 141    2.6504733 -1.60142e+01 
 142    2.7085111 -1.60119e+01 
 143    2.7678198 -1.60078e+01 
 144    2.8284271 -1.59957e+01 
 145    2.8903616 -1.59779e+01 
 146    2.9536523 -1.59540e+01 
 147    3.0183289 -1.59245e+01 
 148    3.0844217 -1.58843e+01 
 149    3.1519617 -1.58343e+01 
 150    3.2209807 -1.57763e+01 
 151    3.2915110 -1.57041e+01 
 152    3.3635857 -1.56190e+01 
 153    3.4372386 -1.55245e+01 
 154    3.5125043 -1.54102e+01 
 155    3.5894182 -1.52789e+01 
 156    3.6680162 -1.51350e+01 
 157    3.7483353 -1.49626e+01 
 158    3.8304131 -1.47661e+01 
 159    3.9142882 -1.45524e+01 
 160    4.0000000 -1.42982e+01 
 161    4.0875886 -1.40157e+01 
 162    4.1770951 -1.37097e+01 
 163    4.2685616 -1.33611e+01 
 164    4.3620309 -1.29867e+01 
 165    4.4575470 -1.25898e+01 
 166    4.5551545 -1.21751e+01 
 167    4.6548994 -1.17573e+01 
 168    4.7568285 -1.13194e+01 
 169    4.8609894 -1.09063e+01 
 170    4.9674312 -1.05044e+01 
 171    5.0762038 -1.01166e+01 
 172    5.1873582 -9.73541e+00 
 173    5.3009466 -9.38996e+00 
 174    5.4170222 -9.06448e+00 
 175    5.5356395 -8.76576e+00 
 176    5.6568542 -8.49217e+00 
 177    5.7807232 -8.23497e+00 
 178    5.9073046 -8.00617e+00 
 179    6.0366577 -7.78365e+00 
 180    6.1688433 -7.57185e+00 
 181    6.3039234 -7.36919e+00 
 182    6.4419613 -7.17445e+00 
 183    6.5830219 -6.98266e+00 
 184    6.7271713 -6.78903e+00 
 185    6.8744772 -6.59855e+00 
 186    7.0250086 -6.40540e+00 
 187    7.1788363 -6.21006e+00 
 188    7.3360323 -6.01382e+00 
 189    7.4966705 -5.81453e+00 


# H-band (filter: H_2MASS.dat)
   0    0.1250000 -1.31755e+01 
   1    0.1277371 -1.31989e+01 
   2    0.1305342 -1.32227e+01 
   3    0.1333926 -1.32471e+01 
   4    0.1363135 -1.32733e+01 
   5    0.1392983 -1.33021e+01 
   6    0.1423486 -1.33339e+01 
   7    0.1454656 -1.33818e+01 
   8    0.1486509 -1.34369e+01 
   9    0.1519059 -1.34718e+01 
  10    0.1552322 -1.35156e+01 
  11    0.1586314 -1.35615e+01 
  12    0.1621049 -1.36055e+01 
  13    0.1656546 -1.36567e+01 
  14    0.1692819 -1.37048e+01 
  15    0.1729887 -1.37595e+01 
  16    0.1767767 -1.38103e+01 
  17    0.1806476 -1.38553e+01 
  18    0.1846033 -1.39000e+01 
  19    0.1886456 -1.39372e+01 
  20    0.1927764 -1.39956e+01 
  21    0.1969976 -1.40502e+01 
  22    0.2013113 -1.40971e+01 
  23    0.2057194 -1.41659e+01 
  24    0.2102241 -1.42280e+01 
  25    0.2148274 -1.42791e+01 
  26    0.2195315 -1.43298e+01 
  27    0.2243386 -1.43808e+01 
  28    0.2292510 -1.44392e+01 
  29    0.2342710 -1.44955e+01 
  30    0.2394008 -1.45571e+01 
  31    0.2446430 -1.46099e+01 
  32    0.2500000 -1.46623e+01 
  33    0.2554743 -1.47146e+01 
  34    0.2610684 -1.47657e+01 
  35    0.2667851 -1.47993e+01 
  36    0.2726269 -1.48372e+01 
  37    0.2785967 -1.48848e+01 
  38    0.2846972 -1.49297e+01 
  39    0.2909312 -1.49759e+01 
  40    0.2973018 -1.50179e+01 
  41    0.3038118 -1.50541e+01 
  42    0.3104645 -1.50878e+01 
  43    0.3172627 -1.51249e+01 
  44    0.3242099 -1.51528e+01 
  45    0.3313092 -1.51824e+01 
  46    0.3385639 -1.52102e+01 
  47    0.3459775 -1.52376e+01 
  48    0.3535534 -1.52634e+01 
  49    0.3612952 -1.52833e+01 
  50    0.3692065 -1.53033e+01 
  51    0.3772911 -1.53170e+01 
  52    0.3855527 -1.53298e+01 
  53    0.3939952 -1.53440e+01 
  54    0.4026226 -1.53547e+01 
  55    0.4114389 -1.53645e+01 
  56    0.4204482 -1.53714e+01 
  57    0.4296548 -1.53762e+01 
  58    0.4390630 -1.53822e+01 
  59    0.4486773 -1.53866e+01 
  60    0.4585020 -1.53908e+01 
  61    0.4685419 -1.53912e+01 
  62    0.4788016 -1.53921e+01 
  63    0.4892860 -1.53936e+01 
  64    0.5000000 -1.53928e+01 
  65    0.5109486 -1.53905e+01 
  66    0.5221369 -1.53867e+01 
  67    0.5335702 -1.53844e+01 
  68    0.5452539 -1.53806e+01 
  69    0.5571934 -1.53765e+01 
  70    0.5693943 -1.53714e+01 
  71    0.5818624 -1.53635e+01 
  72    0.5946036 -1.53553e+01 
  73    0.6076237 -1.53466e+01 
  74    0.6209289 -1.53386e+01 
  75    0.6345255 -1.53268e+01 
  76    0.6484198 -1.53181e+01 
  77    0.6626183 -1.53073e+01 
  78    0.6771278 -1.52965e+01 
  79    0.6919549 -1.52856e+01 
  80    0.7071068 -1.52721e+01 
  81    0.7225904 -1.52590e+01 
  82    0.7384131 -1.52443e+01 
  83    0.7545822 -1.52291e+01 
  84    0.7711054 -1.52140e+01 
  85    0.7879904 -1.51989e+01 
  86    0.8052452 -1.51833e+01 
  87    0.8228777 -1.51671e+01 
  88    0.8408964 -1.51508e+01 
  89    0.8593096 -1.51345e+01 
  90    0.8781261 -1.51181e+01 
  91    0.8973545 -1.51006e+01 
  92    0.9170040 -1.50841e+01 
  93    0.9370838 -1.50667e+01 
  94    0.9576033 -1.50475e+01 
  95    0.9785721 -1.50297e+01 
  96    1.0000000 -1.50105e+01 
  97    1.0218971 -1.49894e+01 
  98    1.0442738 -1.49671e+01 
  99    1.0671404 -1.49449e+01 
 100    1.0905077 -1.49208e+01 
 101    1.1143867 -1.49001e+01 
 102    1.1387886 -1.48788e+01 
 103    1.1637249 -1.48555e+01 
 104    1.1892071 -1.48359e+01 
 105    1.2152474 -1.48170e+01 
 106    1.2418578 -1.47995e+01 
 107    1.2690510 -1.47832e+01 
 108    1.2968396 -1.47670e+01 
 109    1.3252366 -1.47543e+01 
 110    1.3542555 -1.47448e+01 
 111    1.3839099 -1.47376e+01 
 112    1.4142136 -1.47324e+01 
 113    1.4451808 -1.47308e+01 
 114    1.4768261 -1.47324e+01 
 115    1.5091644 -1.47375e+01 
 116    1.5422108 -1.47443e+01 
 117    1.5759808 -1.47552e+01 
 118    1.6104903 -1.47689e+01 
 119    1.6457555 -1.47867e+01 
 120    1.6817928 -1.48077e+01 
 121    1.7186193 -1.48301e+01 
 122    1.7562522 -1.48527e+01 
 123    1.7947091 -1.48784e+01 
 124    1.8340081 -1.49043e+01 
 125    1.8741676 -1.49318e+01 
 126    1.9152066 -1.49583e+01 
 127    1.9571441 -1.49853e+01 
 128    2.0000000 -1.50125e+01 
 129    2.0437943 -1.50387e+01 
 130    2.0885476 -1.50641e+01 
 131    2.1342808 -1.50893e+01 
 132    2.1810155 -1.51139e+01 
 133    2.2287735 -1.51385e+01 
 134    2.2775773 -1.51630e+01 
 135    2.3274497 -1.51860e+01 
 136    2.3784142 -1.52093e+01 
 137    2.4304947 -1.52316e+01 
 138    2.4837156 -1.52525e+01 
 139    2.5381019 -1.52716e+01 
 140    2.5936791 -1.52906e+01 
 141    2.6504733 -1.53065e+01 
 142    2.7085111 -1.53200e+01 
 143    2.7678198 -1.53323e+01 
 144    2.8284271 -1.53404e+01 
 145    2.8903616 -1.53465e+01 
 146    2.9536523 -1.53504e+01 
 147    3.0183289 -1.53516e+01 
 148    3.0844217 -1.53495e+01 
 149    3.1519617 -1.53461e+01 
 150    3.2209807 -1.53400e+01 
 151    3.2915110 -1.53314e+01 
 152    3.3635857 -1.53189e+01 
 153    3.4372386 -1.53043e+01 
 154    3.5125043 -1.52830e+01 
 155    3.5894182 -1.52536e+01 
 156    3.6680162 -1.52193e+01 
 157    3.7483353 -1.51660e+01 
 158    3.8304131 -1.50984e+01 
 159    3.9142882 -1.50234e+01 
 160    4.0000000 -1.49214e+01 
 161    4.0875886 -1.47991e+01 
 162    4.1770951 -1.46611e+01 
 163    4.2685616 -1.44852e+01 
 164    4.3620309 -1.42780e+01 
 165    4.4575470 -1.40495e+01 
 166    4.5551545 -1.37766e+01 
 167    4.6548994 -1.34758e+01 
 168    4.7568285 -1.31527e+01 
 169    4.8609894 -1.27987e+01 
 170    4.9674312 -1.24304e+01 
 171    5.0762038 -1.20517e+01 
 172    5.1873582 -1.16514e+01 
 173    5.3009466 -1.12686e+01 
 174    5.4170222 -1.08838e+01 
 175    5.5356395 -1.04925e+01 
 176    5.6568542 -1.01190e+01 
 177    5.7807232 -9.75658e+00 
 178    5.9073046 -9.39999e+00 
 179    6.0366577 -9.05664e+00 
 180    6.1688433 -8.71264e+00 
 181    6.3039234 -8.38745e+00 
 182    6.4419613 -8.05952e+00 
 183    6.5830219 -7.73529e+00 
 184    6.7271713 -7.40813e+00 
 185    6.8744772 -7.09618e+00 
 186    7.0250086 -6.77781e+00 
 187    7.1788363 -6.44866e+00 
 188    7.3360323 -6.11583e+00 
 189    7.4966705 -5.78473e+00 


# K-band (filter: Ks_mosfire.dat)
   0    0.1250000 -1.23939e+01 
   1    0.1277371 -1.24274e+01 
   2    0.1305342 -1.24618e+01 
   3    0.1333926 -1.24968e+01 
   4    0.1363135 -1.25300e+01 
   5    0.1392983 -1.25659e+01 
   6    0.1423486 -1.26427e+01 
   7    0.1454656 -1.27065e+01 
   8    0.1486509 -1.27733e+01 
   9    0.1519059 -1.28320e+01 
  10    0.1552322 -1.28947e+01 
  11    0.1586314 -1.29775e+01 
  12    0.1621049 -1.30624e+01 
  13    0.1656546 -1.31566e+01 
  14    0.1692819 -1.32613e+01 
  15    0.1729887 -1.33797e+01 
  16    0.1767767 -1.34862e+01 
  17    0.1806476 -1.35943e+01 
  18    0.1846033 -1.36841e+01 
  19    0.1886456 -1.37693e+01 
  20    0.1927764 -1.38625e+01 
  21    0.1969976 -1.39558e+01 
  22    0.2013113 -1.40244e+01 
  23    0.2057194 -1.40576e+01 
  24    0.2102241 -1.41070e+01 
  25    0.2148274 -1.41518e+01 
  26    0.2195315 -1.41778e+01 
  27    0.2243386 -1.41926e+01 
  28    0.2292510 -1.42118e+01 
  29    0.2342710 -1.42387e+01 
  30    0.2394008 -1.42675e+01 
  31    0.2446430 -1.42950e+01 
  32    0.2500000 -1.43205e+01 
  33    0.2554743 -1.43564e+01 
  34    0.2610684 -1.43892e+01 
  35    0.2667851 -1.44424e+01 
  36    0.2726269 -1.44925e+01 
  37    0.2785967 -1.45299e+01 
  38    0.2846972 -1.45784e+01 
  39    0.2909312 -1.46275e+01 
  40    0.2973018 -1.46710e+01 
  41    0.3038118 -1.47084e+01 
  42    0.3104645 -1.47359e+01 
  43    0.3172627 -1.47666e+01 
  44    0.3242099 -1.47923e+01 
  45    0.3313092 -1.48180e+01 
  46    0.3385639 -1.48406e+01 
  47    0.3459775 -1.48588e+01 
  48    0.3535534 -1.48704e+01 
  49    0.3612952 -1.48885e+01 
  50    0.3692065 -1.48993e+01 
  51    0.3772911 -1.49077e+01 
  52    0.3855527 -1.49115e+01 
  53    0.3939952 -1.49180e+01 
  54    0.4026226 -1.49244e+01 
  55    0.4114389 -1.49289e+01 
  56    0.4204482 -1.49324e+01 
  57    0.4296548 -1.49313e+01 
  58    0.4390630 -1.49304e+01 
  59    0.4486773 -1.49269e+01 
  60    0.4585020 -1.49201e+01 
  61    0.4685419 -1.49120e+01 
  62    0.4788016 -1.49044e+01 
  63    0.4892860 -1.48944e+01 
  64    0.5000000 -1.48842e+01 
  65    0.5109486 -1.48712e+01 
  66    0.5221369 -1.48615e+01 
  67    0.5335702 -1.48502e+01 
  68    0.5452539 -1.48337e+01 
  69    0.5571934 -1.48194e+01 
  70    0.5693943 -1.48038e+01 
  71    0.5818624 -1.47893e+01 
  72    0.5946036 -1.47754e+01 
  73    0.6076237 -1.47629e+01 
  74    0.6209289 -1.47479e+01 
  75    0.6345255 -1.47336e+01 
  76    0.6484198 -1.47248e+01 
  77    0.6626183 -1.47133e+01 
  78    0.6771278 -1.46999e+01 
  79    0.6919549 -1.46889e+01 
  80    0.7071068 -1.46784e+01 
  81    0.7225904 -1.46710e+01 
  82    0.7384131 -1.46597e+01 
  83    0.7545822 -1.46510e+01 
  84    0.7711054 -1.46399e+01 
  85    0.7879904 -1.46247e+01 
  86    0.8052452 -1.46139e+01 
  87    0.8228777 -1.45985e+01 
  88    0.8408964 -1.45804e+01 
  89    0.8593096 -1.45630e+01 
  90    0.8781261 -1.45441e+01 
  91    0.8973545 -1.45241e+01 
  92    0.9170040 -1.44989e+01 
  93    0.9370838 -1.44732e+01 
  94    0.9576033 -1.44478e+01 
  95    0.9785721 -1.44189e+01 
  96    1.0000000 -1.43877e+01 
  97    1.0218971 -1.43531e+01 
  98    1.0442738 -1.43148e+01 
  99    1.0671404 -1.42775e+01 
 100    1.0905077 -1.42345e+01 
 101    1.1143867 -1.41906e+01 
 102    1.1387886 -1.41496e+01 
 103    1.1637249 -1.41047e+01 
 104    1.1892071 -1.40597e+01 
 105    1.2152474 -1.40165e+01 
 106    1.2418578 -1.39695e+01 
 107    1.2690510 -1.39264e+01 
 108    1.2968396 -1.38852e+01 
 109    1.3252366 -1.38465e+01 
 110    1.3542555 -1.38109e+01 
 111    1.3839099 -1.37773e+01 
 112    1.4142136 -1.37456e+01 
 113    1.4451808 -1.37155e+01 
 114    1.4768261 -1.36888e+01 
 115    1.5091644 -1.36659e+01 
 116    1.5422108 -1.36439e+01 
 117    1.5759808 -1.36231e+01 
 118    1.6104903 -1.36065e+01 
 119    1.6457555 -1.35897e+01 
 120    1.6817928 -1.35730e+01 
 121    1.7186193 -1.35602e+01 
 122    1.7562522 -1.35484e+01 
 123    1.7947091 -1.35382e+01 
 124    1.8340081 -1.35279e+01 
 125    1.8741676 -1.35193e+01 
 126    1.9152066 -1.35092e+01 
 127    1.9571441 -1.35008e+01 
 128    2.0000000 -1.34926e+01 
 129    2.0437943 -1.34845e+01 
 130    2.0885476 -1.34770e+01 
 131    2.1342808 -1.34698e+01 
 132    2.1810155 -1.34608e+01 
 133    2.2287735 -1.34529e+01 
 134    2.2775773 -1.34425e+01 
 135    2.3274497 -1.34317e+01 
 136    2.3784142 -1.34184e+01 
 137    2.4304947 -1.34077e+01 
 138    2.4837156 -1.33955e+01 
 139    2.5381019 -1.33822e+01 
 140    2.5936791 -1.33659e+01 
 141    2.6504733 -1.33453e+01 
 142    2.7085111 -1.33201e+01 
 143    2.7678198 -1.32950e+01 
 144    2.8284271 -1.32632e+01 
 145    2.8903616 -1.32271e+01 
 146    2.9536523 -1.31888e+01 
 147    3.0183289 -1.31467e+01 
 148    3.0844217 -1.31003e+01 
 149    3.1519617 -1.30462e+01 
 150    3.2209807 -1.29875e+01 
 151    3.2915110 -1.29200e+01 
 152    3.3635857 -1.28475e+01 
 153    3.4372386 -1.27675e+01 
 154    3.5125043 -1.26772e+01 
 155    3.5894182 -1.25782e+01 
 156    3.6680162 -1.24721e+01 
 157    3.7483353 -1.23410e+01 
 158    3.8304131 -1.21984e+01 
 159    3.9142882 -1.20432e+01 
 160    4.0000000 -1.18685e+01 
 161    4.0875886 -1.16837e+01 
 162    4.1770951 -1.14888e+01 
 163    4.2685616 -1.12799e+01 
 164    4.3620309 -1.10571e+01 
 165    4.4575470 -1.08269e+01 
 166    4.5551545 -1.05968e+01 
 167    4.6548994 -1.03599e+01 
 168    4.7568285 -1.01130e+01 
 169    4.8609894 -9.87266e+00 
 170    4.9674312 -9.63420e+00 
 171    5.0762038 -9.39153e+00 
 172    5.1873582 -9.15006e+00 
 173    5.3009466 -8.90578e+00 
 174    5.4170222 -8.65669e+00 
 175    5.5356395 -8.41490e+00 
 176    5.6568542 -8.17978e+00 
 177    5.7807232 -7.94578e+00 
 178    5.9073046 -7.70533e+00 
 179    6.0366577 -7.46742e+00 
 180    6.1688433 -7.24532e+00 
 181    6.3039234 -7.01249e+00 
 182    6.4419613 -6.77912e+00 
 183    6.5830219 -6.55411e+00 
 184    6.7271713 -6.32802e+00 
 185    6.8744772 -6.11740e+00 
 186    7.0250086 -5.90181e+00 
 187    7.1788363 -5.67974e+00 
 188    7.3360323 -5.45855e+00 
 189    7.4966705 -5.24199e+00 


# S-band (filter: Spitzer_IRAC2.dat)
   0    0.1250000 -1.15064e+01 
   1    0.1277371 -1.16490e+01 
   2    0.1305342 -1.17947e+01 
   3    0.1333926 -1.19436e+01 
   4    0.1363135 -1.21122e+01 
   5    0.1392983 -1.22793e+01 
   6    0.1423486 -1.24153e+01 
   7    0.1454656 -1.25658e+01 
   8    0.1486509 -1.27348e+01 
   9    0.1519059 -1.28633e+01 
  10    0.1552322 -1.30107e+01 
  11    0.1586314 -1.31514e+01 
  12    0.1621049 -1.32620e+01 
  13    0.1656546 -1.33896e+01 
  14    0.1692819 -1.34716e+01 
  15    0.1729887 -1.35823e+01 
  16    0.1767767 -1.36687e+01 
  17    0.1806476 -1.37648e+01 
  18    0.1846033 -1.38432e+01 
  19    0.1886456 -1.38935e+01 
  20    0.1927764 -1.39464e+01 
  21    0.1969976 -1.39948e+01 
  22    0.2013113 -1.40534e+01 
  23    0.2057194 -1.40817e+01 
  24    0.2102241 -1.41190e+01 
  25    0.2148274 -1.41402e+01 
  26    0.2195315 -1.41485e+01 
  27    0.2243386 -1.41538e+01 
  28    0.2292510 -1.41685e+01 
  29    0.2342710 -1.41632e+01 
  30    0.2394008 -1.41613e+01 
  31    0.2446430 -1.41632e+01 
  32    0.2500000 -1.41492e+01 
  33    0.2554743 -1.41446e+01 
  34    0.2610684 -1.41268e+01 
  35    0.2667851 -1.40825e+01 
  36    0.2726269 -1.40519e+01 
  37    0.2785967 -1.40284e+01 
  38    0.2846972 -1.39974e+01 
  39    0.2909312 -1.39699e+01 
  40    0.2973018 -1.39200e+01 
  41    0.3038118 -1.38774e+01 
  42    0.3104645 -1.38455e+01 
  43    0.3172627 -1.37873e+01 
  44    0.3242099 -1.37300e+01 
  45    0.3313092 -1.36598e+01 
  46    0.3385639 -1.36094e+01 
  47    0.3459775 -1.35565e+01 
  48    0.3535534 -1.35222e+01 
  49    0.3612952 -1.34499e+01 
  50    0.3692065 -1.33840e+01 
  51    0.3772911 -1.33269e+01 
  52    0.3855527 -1.32777e+01 
  53    0.3939952 -1.32310e+01 
  54    0.4026226 -1.31688e+01 
  55    0.4114389 -1.31111e+01 
  56    0.4204482 -1.30540e+01 
  57    0.4296548 -1.30009e+01 
  58    0.4390630 -1.29556e+01 
  59    0.4486773 -1.28960e+01 
  60    0.4585020 -1.28238e+01 
  61    0.4685419 -1.27822e+01 
  62    0.4788016 -1.27150e+01 
  63    0.4892860 -1.26580e+01 
  64    0.5000000 -1.26009e+01 
  65    0.5109486 -1.25347e+01 
  66    0.5221369 -1.24895e+01 
  67    0.5335702 -1.24313e+01 
  68    0.5452539 -1.23750e+01 
  69    0.5571934 -1.23239e+01 
  70    0.5693943 -1.22722e+01 
  71    0.5818624 -1.22305e+01 
  72    0.5946036 -1.22022e+01 
  73    0.6076237 -1.21704e+01 
  74    0.6209289 -1.21429e+01 
  75    0.6345255 -1.21091e+01 
  76    0.6484198 -1.20764e+01 
  77    0.6626183 -1.20536e+01 
  78    0.6771278 -1.20345e+01 
  79    0.6919549 -1.20216e+01 
  80    0.7071068 -1.20206e+01 
  81    0.7225904 -1.20121e+01 
  82    0.7384131 -1.20014e+01 
  83    0.7545822 -1.19951e+01 
  84    0.7711054 -1.19826e+01 
  85    0.7879904 -1.19752e+01 
  86    0.8052452 -1.19702e+01 
  87    0.8228777 -1.19717e+01 
  88    0.8408964 -1.19712e+01 
  89    0.8593096 -1.19689e+01 
  90    0.8781261 -1.19582e+01 
  91    0.8973545 -1.19467e+01 
  92    0.9170040 -1.19292e+01 
  93    0.9370838 -1.19156e+01 
  94    0.9576033 -1.18913e+01 
  95    0.9785721 -1.18688e+01 
  96    1.0000000 -1.18415e+01 
  97    1.0218971 -1.18076e+01 
  98    1.0442738 -1.17707e+01 
  99    1.0671404 -1.17283e+01 
 100    1.0905077 -1.16755e+01 
 101    1.1143867 -1.16364e+01 
 102    1.1387886 -1.15822e+01 
 103    1.1637249 -1.15404e+01 
 104    1.1892071 -1.14879e+01 
 105    1.2152474 -1.14344e+01 
 106    1.2418578 -1.13811e+01 
 107    1.2690510 -1.13149e+01 
 108    1.2968396 -1.12474e+01 
 109    1.3252366 -1.11845e+01 
 110    1.3542555 -1.11243e+01 
 111    1.3839099 -1.10667e+01 
 112    1.4142136 -1.10030e+01 
 113    1.4451808 -1.09440e+01 
 114    1.4768261 -1.08996e+01 
 115    1.5091644 -1.08451e+01 
 116    1.5422108 -1.08160e+01 
 117    1.5759808 -1.07826e+01 
 118    1.6104903 -1.07478e+01 
 119    1.6457555 -1.07234e+01 
 120    1.6817928 -1.06992e+01 
 121    1.7186193 -1.06819e+01 
 122    1.7562522 -1.06674e+01 
 123    1.7947091 -1.06419e+01 
 124    1.8340081 -1.06329e+01 
 125    1.8741676 -1.06302e+01 
 126    1.9152066 -1.06065e+01 
 127    1.9571441 -1.05964e+01 
 128    2.0000000 -1.05811e+01 
 129    2.0437943 -1.05648e+01 
 130    2.0885476 -1.05406e+01 
 131    2.1342808 -1.05274e+01 
 132    2.1810155 -1.05157e+01 
 133    2.2287735 -1.04854e+01 
 134    2.2775773 -1.04662e+01 
 135    2.3274497 -1.04637e+01 
 136    2.3784142 -1.04515e+01 
 137    2.4304947 -1.04295e+01 
 138    2.4837156 -1.04277e+01 
 139    2.5381019 -1.04112e+01 
 140    2.5936791 -1.04030e+01 
 141    2.6504733 -1.03920e+01 
 142    2.7085111 -1.03792e+01 
 143    2.7678198 -1.03757e+01 
 144    2.8284271 -1.03569e+01 
 145    2.8903616 -1.03513e+01 
 146    2.9536523 -1.03403e+01 
 147    3.0183289 -1.03321e+01 
 148    3.0844217 -1.03209e+01 
 149    3.1519617 -1.03121e+01 
 150    3.2209807 -1.02971e+01 
 151    3.2915110 -1.02829e+01 
 152    3.3635857 -1.02630e+01 
 153    3.4372386 -1.02486e+01 
 154    3.5125043 -1.02339e+01 
 155    3.5894182 -1.02053e+01 
 156    3.6680162 -1.01771e+01 
 157    3.7483353 -1.01385e+01 
 158    3.8304131 -1.00917e+01 
 159    3.9142882 -1.00352e+01 
 160    4.0000000 -9.98073e+00 
 161    4.0875886 -9.93102e+00 
 162    4.1770951 -9.87612e+00 
 163    4.2685616 -9.82848e+00 
 164    4.3620309 -9.78457e+00 
 165    4.4575470 -9.73727e+00 
 166    4.5551545 -9.70154e+00 
 167    4.6548994 -9.67078e+00 
 168    4.7568285 -9.64760e+00 
 169    4.8609894 -9.63105e+00 
 170    4.9674312 -9.61979e+00 
 171    5.0762038 -9.61177e+00 
 172    5.1873582 -9.61013e+00 
 173    5.3009466 -9.60582e+00 
 174    5.4170222 -9.59974e+00 
 175    5.5356395 -9.59701e+00 
 176    5.6568542 -9.58684e+00 
 177    5.7807232 -9.57636e+00 
 178    5.9073046 -9.56160e+00 
 179    6.0366577 -9.54245e+00 
 180    6.1688433 -9.51906e+00 
 181    6.3039234 -9.49238e+00 
 182    6.4419613 -9.45980e+00 
 183    6.5830219 -9.42352e+00 
 184    6.7271713 -9.38266e+00 
 185    6.8744772 -9.33687e+00 
 186    7.0250086 -9.28957e+00 
 187    7.1788363 -9.23932e+00 
 188    7.3360323 -9.18647e+00 
 189    7.4966705 -9.12896e+00 


