# 1:iteration 2:time bin[s] 3-k:equiv. isotropic luminosity in k-th angular bin [erg/s]
# bolometric luminosity going in angular bin
   0    0.1250000  1.93552e+41 
   1    0.1277371  1.94811e+41 
   2    0.1305342  1.96098e+41 
   3    0.1333926  1.97413e+41 
   4    0.1363135  1.98473e+41 
   5    0.1392983  1.99228e+41 
   6    0.1423486  1.99764e+41 
   7    0.1454656  2.00038e+41 
   8    0.1486509  2.00081e+41 
   9    0.1519059  1.99975e+41 
  10    0.1552322  1.99719e+41 
  11    0.1586314  1.99334e+41 
  12    0.1621049  1.98927e+41 
  13    0.1656546  1.98436e+41 
  14    0.1692819  1.97924e+41 
  15    0.1729887  1.97316e+41 
  16    0.1767767  1.96658e+41 
  17    0.1806476  1.95967e+41 
  18    0.1846033  1.95240e+41 
  19    0.1886456  1.94452e+41 
  20    0.1927764  1.93539e+41 
  21    0.1969976  1.92634e+41 
  22    0.2013113  1.91582e+41 
  23    0.2057194  1.90421e+41 
  24    0.2102241  1.89156e+41 
  25    0.2148274  1.87625e+41 
  26    0.2195315  1.85821e+41 
  27    0.2243386  1.83902e+41 
  28    0.2292510  1.81605e+41 
  29    0.2342710  1.79019e+41 
  30    0.2394008  1.76226e+41 
  31    0.2446430  1.73059e+41 
  32    0.2500000  1.69619e+41 
  33    0.2554743  1.65896e+41 
  34    0.2610684  1.61876e+41 
  35    0.2667851  1.57596e+41 
  36    0.2726269  1.53149e+41 
  37    0.2785967  1.48515e+41 
  38    0.2846972  1.43896e+41 
  39    0.2909312  1.39275e+41 
  40    0.2973018  1.34528e+41 
  41    0.3038118  1.29960e+41 
  42    0.3104645  1.25437e+41 
  43    0.3172627  1.20914e+41 
  44    0.3242099  1.16598e+41 
  45    0.3313092  1.12384e+41 
  46    0.3385639  1.08267e+41 
  47    0.3459775  1.04354e+41 
  48    0.3535534  1.00596e+41 
  49    0.3612952  9.69085e+40 
  50    0.3692065  9.34021e+40 
  51    0.3772911  9.00093e+40 
  52    0.3855527  8.66782e+40 
  53    0.3939952  8.35147e+40 
  54    0.4026226  8.04666e+40 
  55    0.4114389  7.74783e+40 
  56    0.4204482  7.46216e+40 
  57    0.4296548  7.18920e+40 
  58    0.4390630  6.92880e+40 
  59    0.4486773  6.67542e+40 
  60    0.4585020  6.43745e+40 
  61    0.4685419  6.21036e+40 
  62    0.4788016  5.99111e+40 
  63    0.4892860  5.79043e+40 
  64    0.5000000  5.60064e+40 
  65    0.5109486  5.41788e+40 
  66    0.5221369  5.25025e+40 
  67    0.5335702  5.09354e+40 
  68    0.5452539  4.94545e+40 
  69    0.5571934  4.80612e+40 
  70    0.5693943  4.67391e+40 
  71    0.5818624  4.54773e+40 
  72    0.5946036  4.42917e+40 
  73    0.6076237  4.31599e+40 
  74    0.6209289  4.20451e+40 
  75    0.6345255  4.08848e+40 
  76    0.6484198  3.96420e+40 
  77    0.6626183  3.83936e+40 
  78    0.6771278  3.69824e+40 
  79    0.6919549  3.55383e+40 
  80    0.7071068  3.41265e+40 
  81    0.7225904  3.26634e+40 
  82    0.7384131  3.12906e+40 
  83    0.7545822  2.99576e+40 
  84    0.7711054  2.85319e+40 
  85    0.7879904  2.72450e+40 
  86    0.8052452  2.59736e+40 
  87    0.8228777  2.47713e+40 
  88    0.8408964  2.36778e+40 
  89    0.8593096  2.26808e+40 
  90    0.8781261  2.17939e+40 
  91    0.8973545  2.09948e+40 
  92    0.9170040  2.02626e+40 
  93    0.9370838  1.95684e+40 
  94    0.9576033  1.89220e+40 
  95    0.9785721  1.82780e+40 
  96    1.0000000  1.76601e+40 
  97    1.0218971  1.70324e+40 
  98    1.0442738  1.64167e+40 
  99    1.0671404  1.58210e+40 
 100    1.0905077  1.52271e+40 
 101    1.1143867  1.46490e+40 
 102    1.1387886  1.40813e+40 
 103    1.1637249  1.34908e+40 
 104    1.1892071  1.29080e+40 
 105    1.2152474  1.23051e+40 
 106    1.2418578  1.17037e+40 
 107    1.2690510  1.10902e+40 
 108    1.2968396  1.04725e+40 
 109    1.3252366  9.85678e+39 
 110    1.3542555  9.22117e+39 
 111    1.3839099  8.57543e+39 
 112    1.4142136  7.91750e+39 
 113    1.4451808  7.25925e+39 
 114    1.4768261  6.60870e+39 
 115    1.5091644  5.94425e+39 
 116    1.5422108  5.32229e+39 
 117    1.5759808  4.72764e+39 
 118    1.6104903  4.13738e+39 
 119    1.6457555  3.61980e+39 
 120    1.6817928  3.14237e+39 
 121    1.7186193  2.69485e+39 
 122    1.7562522  2.32242e+39 
 123    1.7947091  1.99733e+39 
 124    1.8340081  1.71637e+39 
 125    1.8741676  1.47919e+39 
 126    1.9152066  1.28401e+39 
 127    1.9571441  1.12157e+39 
 128    2.0000000  9.93418e+38 
 129    2.0437943  8.87429e+38 
 130    2.0885476  8.01643e+38 
 131    2.1342808  7.34100e+38 
 132    2.1810155  6.76815e+38 
 133    2.2287735  6.28561e+38 
 134    2.2775773  5.87908e+38 
 135    2.3274497  5.51674e+38 
 136    2.3784142  5.19147e+38 
 137    2.4304947  4.89186e+38 
 138    2.4837156  4.61660e+38 
 139    2.5381019  4.35885e+38 
 140    2.5936791  4.11399e+38 
 141    2.6504733  3.88762e+38 
 142    2.7085111  3.67266e+38 
 143    2.7678198  3.46637e+38 
 144    2.8284271  3.27523e+38 
 145    2.8903616  3.09294e+38 
 146    2.9536523  2.92021e+38 
 147    3.0183289  2.75487e+38 
 148    3.0844217  2.60030e+38 
 149    3.1519617  2.45316e+38 
 150    3.2209807  2.31223e+38 
 151    3.2915110  2.18066e+38 
 152    3.3635857  2.05580e+38 
 153    3.4372386  1.93583e+38 
 154    3.5125043  1.82396e+38 
 155    3.5894182  1.71781e+38 
 156    3.6680162  1.61592e+38 
 157    3.7483353  1.52115e+38 
 158    3.8304131  1.43118e+38 
 159    3.9142882  1.34483e+38 
 160    4.0000000  1.26467e+38 
 161    4.0875886  1.18874e+38 
 162    4.1770951  1.11581e+38 
 163    4.2685616  1.04823e+38 
 164    4.3620309  9.84400e+37 
 165    4.4575470  9.22977e+37 
 166    4.5551545  8.66346e+37 
 167    4.6548994  8.12717e+37 
 168    4.7568285  7.61241e+37 
 169    4.8609894  7.13998e+37 
 170    4.9674312  6.69282e+37 
 171    5.0762038  6.27125e+37 
 172    5.1873582  5.87016e+37 
 173    5.3009466  5.49899e+37 
 174    5.4170222  5.15008e+37 
 175    5.5356395  4.81815e+37 
 176    5.6568542  4.51200e+37 
 177    5.7807232  4.22462e+37 
 178    5.9073046  3.95162e+37 
 179    6.0366577  3.70130e+37 
 180    6.1688433  3.46595e+37 
 181    6.3039234  3.24239e+37 
 182    6.4419613  3.03770e+37 
 183    6.5830219  2.84612e+37 
 184    6.7271713  2.66410e+37 
 185    6.8744772  2.49813e+37 
 186    7.0250086  2.33317e+37 
 187    7.1788363  2.17249e+37 
 188    7.3360323  2.01752e+37 
 189    7.4966705  1.87312e+37 


# g-band (filter: g_LSST.dat)
   0    0.1250000  3.89207e+26 
   1    0.1277371  3.91321e+26 
   2    0.1305342  3.93482e+26 
   3    0.1333926  3.95689e+26 
   4    0.1363135  3.97287e+26 
   5    0.1392983  3.98486e+26 
   6    0.1423486  3.99150e+26 
   7    0.1454656  3.99132e+26 
   8    0.1486509  3.98847e+26 
   9    0.1519059  3.97995e+26 
  10    0.1552322  3.96546e+26 
  11    0.1586314  3.94693e+26 
  12    0.1621049  3.92446e+26 
  13    0.1656546  3.89808e+26 
  14    0.1692819  3.86949e+26 
  15    0.1729887  3.83606e+26 
  16    0.1767767  3.79859e+26 
  17    0.1806476  3.75791e+26 
  18    0.1846033  3.71476e+26 
  19    0.1886456  3.66790e+26 
  20    0.1927764  3.61682e+26 
  21    0.1969976  3.56400e+26 
  22    0.2013113  3.50601e+26 
  23    0.2057194  3.44549e+26 
  24    0.2102241  3.38033e+26 
  25    0.2148274  3.31026e+26 
  26    0.2195315  3.23436e+26 
  27    0.2243386  3.15535e+26 
  28    0.2292510  3.07012e+26 
  29    0.2342710  2.97872e+26 
  30    0.2394008  2.88313e+26 
  31    0.2446430  2.78103e+26 
  32    0.2500000  2.67378e+26 
  33    0.2554743  2.56092e+26 
  34    0.2610684  2.44398e+26 
  35    0.2667851  2.32119e+26 
  36    0.2726269  2.19494e+26 
  37    0.2785967  2.06561e+26 
  38    0.2846972  1.93673e+26 
  39    0.2909312  1.80787e+26 
  40    0.2973018  1.67694e+26 
  41    0.3038118  1.55234e+26 
  42    0.3104645  1.43103e+26 
  43    0.3172627  1.31000e+26 
  44    0.3242099  1.19834e+26 
  45    0.3313092  1.09148e+26 
  46    0.3385639  9.88599e+25 
  47    0.3459775  8.94946e+25 
  48    0.3535534  8.07328e+25 
  49    0.3612952  7.24419e+25 
  50    0.3692065  6.48916e+25 
  51    0.3772911  5.78701e+25 
  52    0.3855527  5.12345e+25 
  53    0.3939952  4.51444e+25 
  54    0.4026226  3.94789e+25 
  55    0.4114389  3.41430e+25 
  56    0.4204482  2.94311e+25 
  57    0.4296548  2.52152e+25 
  58    0.4390630  2.14569e+25 
  59    0.4486773  1.79901e+25 
  60    0.4585020  1.51258e+25 
  61    0.4685419  1.25904e+25 
  62    0.4788016  1.04124e+25 
  63    0.4892860  8.60942e+24 
  64    0.5000000  7.10671e+24 
  65    0.5109486  5.95442e+24 
  66    0.5221369  5.00322e+24 
  67    0.5335702  4.26155e+24 
  68    0.5452539  3.67388e+24 
  69    0.5571934  3.19223e+24 
  70    0.5693943  2.79278e+24 
  71    0.5818624  2.44993e+24 
  72    0.5946036  2.15705e+24 
  73    0.6076237  1.91423e+24 
  74    0.6209289  1.70251e+24 
  75    0.6345255  1.52351e+24 
  76    0.6484198  1.37268e+24 
  77    0.6626183  1.24241e+24 
  78    0.6771278  1.13654e+24 
  79    0.6919549  1.04491e+24 
  80    0.7071068  9.66035e+23 
  81    0.7225904  8.97663e+23 
  82    0.7384131  8.37307e+23 
  83    0.7545822  7.89261e+23 
  84    0.7711054  7.47485e+23 
  85    0.7879904  7.08996e+23 
  86    0.8052452  6.74072e+23 
  87    0.8228777  6.45382e+23 
  88    0.8408964  6.19715e+23 
  89    0.8593096  5.96681e+23 
  90    0.8781261  5.75656e+23 
  91    0.8973545  5.56613e+23 
  92    0.9170040  5.39992e+23 
  93    0.9370838  5.24663e+23 
  94    0.9576033  5.09921e+23 
  95    0.9785721  4.95900e+23 
  96    1.0000000  4.81955e+23 
  97    1.0218971  4.68451e+23 
  98    1.0442738  4.55822e+23 
  99    1.0671404  4.42949e+23 
 100    1.0905077  4.30051e+23 
 101    1.1143867  4.16815e+23 
 102    1.1387886  4.03626e+23 
 103    1.1637249  3.90577e+23 
 104    1.1892071  3.77006e+23 
 105    1.2152474  3.63513e+23 
 106    1.2418578  3.50201e+23 
 107    1.2690510  3.36669e+23 
 108    1.2968396  3.23407e+23 
 109    1.3252366  3.10381e+23 
 110    1.3542555  2.97562e+23 
 111    1.3839099  2.85323e+23 
 112    1.4142136  2.73225e+23 
 113    1.4451808  2.62095e+23 
 114    1.4768261  2.51154e+23 
 115    1.5091644  2.40459e+23 
 116    1.5422108  2.30383e+23 
 117    1.5759808  2.20547e+23 
 118    1.6104903  2.11273e+23 
 119    1.6457555  2.02522e+23 
 120    1.6817928  1.94254e+23 
 121    1.7186193  1.86003e+23 
 122    1.7562522  1.78509e+23 
 123    1.7947091  1.71248e+23 
 124    1.8340081  1.64147e+23 
 125    1.8741676  1.57296e+23 
 126    1.9152066  1.50891e+23 
 127    1.9571441  1.44715e+23 
 128    2.0000000  1.38691e+23 
 129    2.0437943  1.33109e+23 
 130    2.0885476  1.27656e+23 
 131    2.1342808  1.22332e+23 
 132    2.1810155  1.17279e+23 
 133    2.2287735  1.12435e+23 
 134    2.2775773  1.07702e+23 
 135    2.3274497  1.03301e+23 
 136    2.3784142  9.89327e+22 
 137    2.4304947  9.47849e+22 
 138    2.4837156  9.08290e+22 
 139    2.5381019  8.69352e+22 
 140    2.5936791  8.32005e+22 
 141    2.6504733  7.96076e+22 
 142    2.7085111  7.61817e+22 
 143    2.7678198  7.28557e+22 
 144    2.8284271  6.97632e+22 
 145    2.8903616  6.67900e+22 
 146    2.9536523  6.38950e+22 
 147    3.0183289  6.11067e+22 
 148    3.0844217  5.84575e+22 
 149    3.1519617  5.58924e+22 
 150    3.2209807  5.34346e+22 
 151    3.2915110  5.11350e+22 
 152    3.3635857  4.88920e+22 
 153    3.4372386  4.67532e+22 
 154    3.5125043  4.47085e+22 
 155    3.5894182  4.27507e+22 
 156    3.6680162  4.08472e+22 
 157    3.7483353  3.90546e+22 
 158    3.8304131  3.73278e+22 
 159    3.9142882  3.56395e+22 
 160    4.0000000  3.40742e+22 
 161    4.0875886  3.25737e+22 
 162    4.1770951  3.11146e+22 
 163    4.2685616  2.97396e+22 
 164    4.3620309  2.84358e+22 
 165    4.4575470  2.71519e+22 
 166    4.5551545  2.59580e+22 
 167    4.6548994  2.48124e+22 
 168    4.7568285  2.36905e+22 
 169    4.8609894  2.26416e+22 
 170    4.9674312  2.16357e+22 
 171    5.0762038  2.06715e+22 
 172    5.1873582  1.97355e+22 
 173    5.3009466  1.88491e+22 
 174    5.4170222  1.80043e+22 
 175    5.5356395  1.71823e+22 
 176    5.6568542  1.64044e+22 
 177    5.7807232  1.56660e+22 
 178    5.9073046  1.49401e+22 
 179    6.0366577  1.42574e+22 
 180    6.1688433  1.36046e+22 
 181    6.3039234  1.29655e+22 
 182    6.4419613  1.23634e+22 
 183    6.5830219  1.17942e+22 
 184    6.7271713  1.12362e+22 
 185    6.8744772  1.07111e+22 
 186    7.0250086  1.01860e+22 
 187    7.1788363  9.66617e+21 
 188    7.3360323  9.15622e+21 
 189    7.4966705  8.67166e+21 


# r-band (filter: r_LSST.dat)
   0    0.1250000  4.02751e+26 
   1    0.1277371  4.08808e+26 
   2    0.1305342  4.14998e+26 
   3    0.1333926  4.21324e+26 
   4    0.1363135  4.27326e+26 
   5    0.1392983  4.32829e+26 
   6    0.1423486  4.38018e+26 
   7    0.1454656  4.42707e+26 
   8    0.1486509  4.46895e+26 
   9    0.1519059  4.50806e+26 
  10    0.1552322  4.54256e+26 
  11    0.1586314  4.57397e+26 
  12    0.1621049  4.60194e+26 
  13    0.1656546  4.62422e+26 
  14    0.1692819  4.64210e+26 
  15    0.1729887  4.65784e+26 
  16    0.1767767  4.66857e+26 
  17    0.1806476  4.67702e+26 
  18    0.1846033  4.68092e+26 
  19    0.1886456  4.68044e+26 
  20    0.1927764  4.67717e+26 
  21    0.1969976  4.67033e+26 
  22    0.2013113  4.65867e+26 
  23    0.2057194  4.64417e+26 
  24    0.2102241  4.62722e+26 
  25    0.2148274  4.60462e+26 
  26    0.2195315  4.57750e+26 
  27    0.2243386  4.54792e+26 
  28    0.2292510  4.51416e+26 
  29    0.2342710  4.47505e+26 
  30    0.2394008  4.43149e+26 
  31    0.2446430  4.38272e+26 
  32    0.2500000  4.33050e+26 
  33    0.2554743  4.27432e+26 
  34    0.2610684  4.21329e+26 
  35    0.2667851  4.14662e+26 
  36    0.2726269  4.07663e+26 
  37    0.2785967  4.00345e+26 
  38    0.2846972  3.92641e+26 
  39    0.2909312  3.84652e+26 
  40    0.2973018  3.76331e+26 
  41    0.3038118  3.67840e+26 
  42    0.3104645  3.59189e+26 
  43    0.3172627  3.50163e+26 
  44    0.3242099  3.40975e+26 
  45    0.3313092  3.31583e+26 
  46    0.3385639  3.21972e+26 
  47    0.3459775  3.12237e+26 
  48    0.3535534  3.02422e+26 
  49    0.3612952  2.92408e+26 
  50    0.3692065  2.82439e+26 
  51    0.3772911  2.72332e+26 
  52    0.3855527  2.62059e+26 
  53    0.3939952  2.51794e+26 
  54    0.4026226  2.41444e+26 
  55    0.4114389  2.30914e+26 
  56    0.4204482  2.20017e+26 
  57    0.4296548  2.09050e+26 
  58    0.4390630  1.98080e+26 
  59    0.4486773  1.86970e+26 
  60    0.4585020  1.75925e+26 
  61    0.4685419  1.64966e+26 
  62    0.4788016  1.53852e+26 
  63    0.4892860  1.43309e+26 
  64    0.5000000  1.33162e+26 
  65    0.5109486  1.23045e+26 
  66    0.5221369  1.13900e+26 
  67    0.5335702  1.05357e+26 
  68    0.5452539  9.71933e+25 
  69    0.5571934  8.98658e+25 
  70    0.5693943  8.31139e+25 
  71    0.5818624  7.69992e+25 
  72    0.5946036  7.19031e+25 
  73    0.6076237  6.77088e+25 
  74    0.6209289  6.39483e+25 
  75    0.6345255  6.07503e+25 
  76    0.6484198  5.75312e+25 
  77    0.6626183  5.45941e+25 
  78    0.6771278  5.10685e+25 
  79    0.6919549  4.73812e+25 
  80    0.7071068  4.40108e+25 
  81    0.7225904  4.08226e+25 
  82    0.7384131  3.79977e+25 
  83    0.7545822  3.54438e+25 
  84    0.7711054  3.23561e+25 
  85    0.7879904  2.97872e+25 
  86    0.8052452  2.71826e+25 
  87    0.8228777  2.47963e+25 
  88    0.8408964  2.27572e+25 
  89    0.8593096  2.10437e+25 
  90    0.8781261  1.99024e+25 
  91    0.8973545  1.90286e+25 
  92    0.9170040  1.83661e+25 
  93    0.9370838  1.77513e+25 
  94    0.9576033  1.71150e+25 
  95    0.9785721  1.63599e+25 
  96    1.0000000  1.56372e+25 
  97    1.0218971  1.47543e+25 
  98    1.0442738  1.38519e+25 
  99    1.0671404  1.29185e+25 
 100    1.0905077  1.19680e+25 
 101    1.1143867  1.10430e+25 
 102    1.1387886  1.01205e+25 
 103    1.1637249  9.09793e+24 
 104    1.1892071  8.16323e+24 
 105    1.2152474  7.23221e+24 
 106    1.2418578  6.36127e+24 
 107    1.2690510  5.58790e+24 
 108    1.2968396  4.88925e+24 
 109    1.3252366  4.27258e+24 
 110    1.3542555  3.74068e+24 
 111    1.3839099  3.27659e+24 
 112    1.4142136  2.85052e+24 
 113    1.4451808  2.49302e+24 
 114    1.4768261  2.17906e+24 
 115    1.5091644  1.89599e+24 
 116    1.5422108  1.66814e+24 
 117    1.5759808  1.47485e+24 
 118    1.6104903  1.31556e+24 
 119    1.6457555  1.18880e+24 
 120    1.6817928  1.08584e+24 
 121    1.7186193  1.00709e+24 
 122    1.7562522  9.41649e+23 
 123    1.7947091  8.87473e+23 
 124    1.8340081  8.41761e+23 
 125    1.8741676  8.03410e+23 
 126    1.9152066  7.68687e+23 
 127    1.9571441  7.37446e+23 
 128    2.0000000  7.07652e+23 
 129    2.0437943  6.80126e+23 
 130    2.0885476  6.53784e+23 
 131    2.1342808  6.28228e+23 
 132    2.1810155  6.04154e+23 
 133    2.2287735  5.80959e+23 
 134    2.2775773  5.58607e+23 
 135    2.3274497  5.37188e+23 
 136    2.3784142  5.16755e+23 
 137    2.4304947  4.96726e+23 
 138    2.4837156  4.77575e+23 
 139    2.5381019  4.59016e+23 
 140    2.5936791  4.41060e+23 
 141    2.6504733  4.23815e+23 
 142    2.7085111  4.07346e+23 
 143    2.7678198  3.91061e+23 
 144    2.8284271  3.75480e+23 
 145    2.8903616  3.60396e+23 
 146    2.9536523  3.45868e+23 
 147    3.0183289  3.31574e+23 
 148    3.0844217  3.17910e+23 
 149    3.1519617  3.04711e+23 
 150    3.2209807  2.91845e+23 
 151    3.2915110  2.79604e+23 
 152    3.3635857  2.67776e+23 
 153    3.4372386  2.56264e+23 
 154    3.5125043  2.45299e+23 
 155    3.5894182  2.34754e+23 
 156    3.6680162  2.24506e+23 
 157    3.7483353  2.14810e+23 
 158    3.8304131  2.05487e+23 
 159    3.9142882  1.96458e+23 
 160    4.0000000  1.87912e+23 
 161    4.0875886  1.79650e+23 
 162    4.1770951  1.71635e+23 
 163    4.2685616  1.64068e+23 
 164    4.3620309  1.56851e+23 
 165    4.4575470  1.49795e+23 
 166    4.5551545  1.43183e+23 
 167    4.6548994  1.36869e+23 
 168    4.7568285  1.30718e+23 
 169    4.8609894  1.24952e+23 
 170    4.9674312  1.19447e+23 
 171    5.0762038  1.14172e+23 
 172    5.1873582  1.09116e+23 
 173    5.3009466  1.04365e+23 
 174    5.4170222  9.98474e+22 
 175    5.5356395  9.55163e+22 
 176    5.6568542  9.14388e+22 
 177    5.7807232  8.75598e+22 
 178    5.9073046  8.38125e+22 
 179    6.0366577  8.03119e+22 
 180    6.1688433  7.69852e+22 
 181    6.3039234  7.37611e+22 
 182    6.4419613  7.07383e+22 
 183    6.5830219  6.78675e+22 
 184    6.7271713  6.50816e+22 
 185    6.8744772  6.24749e+22 
 186    7.0250086  5.98651e+22 
 187    7.1788363  5.72716e+22 
 188    7.3360323  5.47364e+22 
 189    7.4966705  5.23133e+22 


# i-band (filter: i_LSST.dat)
   0    0.1250000  2.70444e+26 
   1    0.1277371  2.75837e+26 
   2    0.1305342  2.81348e+26 
   3    0.1333926  2.86980e+26 
   4    0.1363135  2.92446e+26 
   5    0.1392983  2.97866e+26 
   6    0.1423486  3.03243e+26 
   7    0.1454656  3.08331e+26 
   8    0.1486509  3.13402e+26 
   9    0.1519059  3.18194e+26 
  10    0.1552322  3.22914e+26 
  11    0.1586314  3.27696e+26 
  12    0.1621049  3.32362e+26 
  13    0.1656546  3.37256e+26 
  14    0.1692819  3.42116e+26 
  15    0.1729887  3.46809e+26 
  16    0.1767767  3.51475e+26 
  17    0.1806476  3.55892e+26 
  18    0.1846033  3.60396e+26 
  19    0.1886456  3.64546e+26 
  20    0.1927764  3.68077e+26 
  21    0.1969976  3.71838e+26 
  22    0.2013113  3.74780e+26 
  23    0.2057194  3.77152e+26 
  24    0.2102241  3.79350e+26 
  25    0.2148274  3.80280e+26 
  26    0.2195315  3.80350e+26 
  27    0.2243386  3.79793e+26 
  28    0.2292510  3.77418e+26 
  29    0.2342710  3.73769e+26 
  30    0.2394008  3.69397e+26 
  31    0.2446430  3.63314e+26 
  32    0.2500000  3.56250e+26 
  33    0.2554743  3.48128e+26 
  34    0.2610684  3.38866e+26 
  35    0.2667851  3.29029e+26 
  36    0.2726269  3.18552e+26 
  37    0.2785967  3.07443e+26 
  38    0.2846972  2.96885e+26 
  39    0.2909312  2.86707e+26 
  40    0.2973018  2.76420e+26 
  41    0.3038118  2.67377e+26 
  42    0.3104645  2.58786e+26 
  43    0.3172627  2.50658e+26 
  44    0.3242099  2.43650e+26 
  45    0.3313092  2.37251e+26 
  46    0.3385639  2.31590e+26 
  47    0.3459775  2.26648e+26 
  48    0.3535534  2.22524e+26 
  49    0.3612952  2.18781e+26 
  50    0.3692065  2.15264e+26 
  51    0.3772911  2.12019e+26 
  52    0.3855527  2.08961e+26 
  53    0.3939952  2.05896e+26 
  54    0.4026226  2.03075e+26 
  55    0.4114389  2.00271e+26 
  56    0.4204482  1.97310e+26 
  57    0.4296548  1.94424e+26 
  58    0.4390630  1.91433e+26 
  59    0.4486773  1.88276e+26 
  60    0.4585020  1.84902e+26 
  61    0.4685419  1.81438e+26 
  62    0.4788016  1.77912e+26 
  63    0.4892860  1.74524e+26 
  64    0.5000000  1.70895e+26 
  65    0.5109486  1.67070e+26 
  66    0.5221369  1.63051e+26 
  67    0.5335702  1.58946e+26 
  68    0.5452539  1.54749e+26 
  69    0.5571934  1.50331e+26 
  70    0.5693943  1.45932e+26 
  71    0.5818624  1.41421e+26 
  72    0.5946036  1.36768e+26 
  73    0.6076237  1.31899e+26 
  74    0.6209289  1.26712e+26 
  75    0.6345255  1.20750e+26 
  76    0.6484198  1.14219e+26 
  77    0.6626183  1.07550e+26 
  78    0.6771278  1.00271e+26 
  79    0.6919549  9.31977e+25 
  80    0.7071068  8.65348e+25 
  81    0.7225904  7.94941e+25 
  82    0.7384131  7.34580e+25 
  83    0.7545822  6.76905e+25 
  84    0.7711054  6.18772e+25 
  85    0.7879904  5.69652e+25 
  86    0.8052452  5.24250e+25 
  87    0.8228777  4.86866e+25 
  88    0.8408964  4.55302e+25 
  89    0.8593096  4.29473e+25 
  90    0.8781261  4.09605e+25 
  91    0.8973545  3.92547e+25 
  92    0.9170040  3.78206e+25 
  93    0.9370838  3.64742e+25 
  94    0.9576033  3.52034e+25 
  95    0.9785721  3.38348e+25 
  96    1.0000000  3.24883e+25 
  97    1.0218971  3.09169e+25 
  98    1.0442738  2.93169e+25 
  99    1.0671404  2.77651e+25 
 100    1.0905077  2.61591e+25 
 101    1.1143867  2.46506e+25 
 102    1.1387886  2.31824e+25 
 103    1.1637249  2.15771e+25 
 104    1.1892071  2.01281e+25 
 105    1.2152474  1.86507e+25 
 106    1.2418578  1.72499e+25 
 107    1.2690510  1.59532e+25 
 108    1.2968396  1.47524e+25 
 109    1.3252366  1.36655e+25 
 110    1.3542555  1.25912e+25 
 111    1.3839099  1.15211e+25 
 112    1.4142136  1.04934e+25 
 113    1.4451808  9.45263e+24 
 114    1.4768261  8.45572e+24 
 115    1.5091644  7.42861e+24 
 116    1.5422108  6.51392e+24 
 117    1.5759808  5.65193e+24 
 118    1.6104903  4.78155e+24 
 119    1.6457555  4.06661e+24 
 120    1.6817928  3.41656e+24 
 121    1.7186193  2.83584e+24 
 122    1.7562522  2.37273e+24 
 123    1.7947091  1.99356e+24 
 124    1.8340081  1.69833e+24 
 125    1.8741676  1.48008e+24 
 126    1.9152066  1.30689e+24 
 127    1.9571441  1.17240e+24 
 128    2.0000000  1.07461e+24 
 129    2.0437943  9.95769e+23 
 130    2.0885476  9.32982e+23 
 131    2.1342808  8.83816e+23 
 132    2.1810155  8.40146e+23 
 133    2.2287735  8.02268e+23 
 134    2.2775773  7.68396e+23 
 135    2.3274497  7.37229e+23 
 136    2.3784142  7.07247e+23 
 137    2.4304947  6.78662e+23 
 138    2.4837156  6.51896e+23 
 139    2.5381019  6.26605e+23 
 140    2.5936791  6.01980e+23 
 141    2.6504733  5.78806e+23 
 142    2.7085111  5.56187e+23 
 143    2.7678198  5.34403e+23 
 144    2.8284271  5.13758e+23 
 145    2.8903616  4.93972e+23 
 146    2.9536523  4.74440e+23 
 147    3.0183289  4.55554e+23 
 148    3.0844217  4.37681e+23 
 149    3.1519617  4.20292e+23 
 150    3.2209807  4.03197e+23 
 151    3.2915110  3.86707e+23 
 152    3.3635857  3.70809e+23 
 153    3.4372386  3.55313e+23 
 154    3.5125043  3.40620e+23 
 155    3.5894182  3.26307e+23 
 156    3.6680162  3.12263e+23 
 157    3.7483353  2.98850e+23 
 158    3.8304131  2.85957e+23 
 159    3.9142882  2.73218e+23 
 160    4.0000000  2.61125e+23 
 161    4.0875886  2.49507e+23 
 162    4.1770951  2.38194e+23 
 163    4.2685616  2.27584e+23 
 164    4.3620309  2.17397e+23 
 165    4.4575470  2.07391e+23 
 166    4.5551545  1.97987e+23 
 167    4.6548994  1.88854e+23 
 168    4.7568285  1.80057e+23 
 169    4.8609894  1.71841e+23 
 170    4.9674312  1.63906e+23 
 171    5.0762038  1.56326e+23 
 172    5.1873582  1.48974e+23 
 173    5.3009466  1.42085e+23 
 174    5.4170222  1.35462e+23 
 175    5.5356395  1.29068e+23 
 176    5.6568542  1.23027e+23 
 177    5.7807232  1.17305e+23 
 178    5.9073046  1.11811e+23 
 179    6.0366577  1.06714e+23 
 180    6.1688433  1.01815e+23 
 181    6.3039234  9.70883e+22 
 182    6.4419613  9.27252e+22 
 183    6.5830219  8.85782e+22 
 184    6.7271713  8.45775e+22 
 185    6.8744772  8.08656e+22 
 186    7.0250086  7.71516e+22 
 187    7.1788363  7.35056e+22 
 188    7.3360323  6.99584e+22 
 189    7.4966705  6.65982e+22 


# z-band (filter: z_LSST.dat)
   0    0.1250000  1.91943e+26 
   1    0.1277371  1.95589e+26 
   2    0.1305342  1.99315e+26 
   3    0.1333926  2.03123e+26 
   4    0.1363135  2.06619e+26 
   5    0.1392983  2.10052e+26 
   6    0.1423486  2.13264e+26 
   7    0.1454656  2.16376e+26 
   8    0.1486509  2.19474e+26 
   9    0.1519059  2.22586e+26 
  10    0.1552322  2.25726e+26 
  11    0.1586314  2.28713e+26 
  12    0.1621049  2.32183e+26 
  13    0.1656546  2.35658e+26 
  14    0.1692819  2.39398e+26 
  15    0.1729887  2.43006e+26 
  16    0.1767767  2.47180e+26 
  17    0.1806476  2.51241e+26 
  18    0.1846033  2.55427e+26 
  19    0.1886456  2.59691e+26 
  20    0.1927764  2.63710e+26 
  21    0.1969976  2.67868e+26 
  22    0.2013113  2.72057e+26 
  23    0.2057194  2.75823e+26 
  24    0.2102241  2.79111e+26 
  25    0.2148274  2.81145e+26 
  26    0.2195315  2.81626e+26 
  27    0.2243386  2.81764e+26 
  28    0.2292510  2.79371e+26 
  29    0.2342710  2.75624e+26 
  30    0.2394008  2.71055e+26 
  31    0.2446430  2.64192e+26 
  32    0.2500000  2.55935e+26 
  33    0.2554743  2.46331e+26 
  34    0.2610684  2.35269e+26 
  35    0.2667851  2.23219e+26 
  36    0.2726269  2.10741e+26 
  37    0.2785967  1.97345e+26 
  38    0.2846972  1.84832e+26 
  39    0.2909312  1.72769e+26 
  40    0.2973018  1.60551e+26 
  41    0.3038118  1.49815e+26 
  42    0.3104645  1.39692e+26 
  43    0.3172627  1.30337e+26 
  44    0.3242099  1.22199e+26 
  45    0.3313092  1.14905e+26 
  46    0.3385639  1.08463e+26 
  47    0.3459775  1.02790e+26 
  48    0.3535534  9.77575e+25 
  49    0.3612952  9.33239e+25 
  50    0.3692065  8.92968e+25 
  51    0.3772911  8.55769e+25 
  52    0.3855527  8.20631e+25 
  53    0.3939952  7.88900e+25 
  54    0.4026226  7.59181e+25 
  55    0.4114389  7.30026e+25 
  56    0.4204482  7.03859e+25 
  57    0.4296548  6.78857e+25 
  58    0.4390630  6.56294e+25 
  59    0.4486773  6.35065e+25 
  60    0.4585020  6.16152e+25 
  61    0.4685419  5.99202e+25 
  62    0.4788016  5.84185e+25 
  63    0.4892860  5.71318e+25 
  64    0.5000000  5.60512e+25 
  65    0.5109486  5.51240e+25 
  66    0.5221369  5.44424e+25 
  67    0.5335702  5.39678e+25 
  68    0.5452539  5.36444e+25 
  69    0.5571934  5.35212e+25 
  70    0.5693943  5.34678e+25 
  71    0.5818624  5.35345e+25 
  72    0.5946036  5.36751e+25 
  73    0.6076237  5.36894e+25 
  74    0.6209289  5.37208e+25 
  75    0.6345255  5.33150e+25 
  76    0.6484198  5.25790e+25 
  77    0.6626183  5.17535e+25 
  78    0.6771278  5.03164e+25 
  79    0.6919549  4.87276e+25 
  80    0.7071068  4.70097e+25 
  81    0.7225904  4.49223e+25 
  82    0.7384131  4.28278e+25 
  83    0.7545822  4.05999e+25 
  84    0.7711054  3.81084e+25 
  85    0.7879904  3.57591e+25 
  86    0.8052452  3.33982e+25 
  87    0.8228777  3.11186e+25 
  88    0.8408964  2.89964e+25 
  89    0.8593096  2.70526e+25 
  90    0.8781261  2.52493e+25 
  91    0.8973545  2.36313e+25 
  92    0.9170040  2.21409e+25 
  93    0.9370838  2.07350e+25 
  94    0.9576033  1.94830e+25 
  95    0.9785721  1.82341e+25 
  96    1.0000000  1.70395e+25 
  97    1.0218971  1.58225e+25 
  98    1.0442738  1.46308e+25 
  99    1.0671404  1.35238e+25 
 100    1.0905077  1.24464e+25 
 101    1.1143867  1.14550e+25 
 102    1.1387886  1.05321e+25 
 103    1.1637249  9.55499e+24 
 104    1.1892071  8.71226e+24 
 105    1.2152474  7.89166e+24 
 106    1.2418578  7.11568e+24 
 107    1.2690510  6.45213e+24 
 108    1.2968396  5.86369e+24 
 109    1.3252366  5.37207e+24 
 110    1.3542555  4.93900e+24 
 111    1.3839099  4.54325e+24 
 112    1.4142136  4.19528e+24 
 113    1.4451808  3.87506e+24 
 114    1.4768261  3.57610e+24 
 115    1.5091644  3.28694e+24 
 116    1.5422108  3.01867e+24 
 117    1.5759808  2.76320e+24 
 118    1.6104903  2.51198e+24 
 119    1.6457555  2.28350e+24 
 120    1.6817928  2.06821e+24 
 121    1.7186193  1.86368e+24 
 122    1.7562522  1.68520e+24 
 123    1.7947091  1.52726e+24 
 124    1.8340081  1.38541e+24 
 125    1.8741676  1.25604e+24 
 126    1.9152066  1.14752e+24 
 127    1.9571441  1.05464e+24 
 128    2.0000000  9.74958e+23 
 129    2.0437943  9.06136e+23 
 130    2.0885476  8.46134e+23 
 131    2.1342808  7.96413e+23 
 132    2.1810155  7.51798e+23 
 133    2.2287735  7.12080e+23 
 134    2.2775773  6.76389e+23 
 135    2.3274497  6.43974e+23 
 136    2.3784142  6.13154e+23 
 137    2.4304947  5.83585e+23 
 138    2.4837156  5.56106e+23 
 139    2.5381019  5.29136e+23 
 140    2.5936791  5.03873e+23 
 141    2.6504733  4.80361e+23 
 142    2.7085111  4.57662e+23 
 143    2.7678198  4.35944e+23 
 144    2.8284271  4.15843e+23 
 145    2.8903616  3.96524e+23 
 146    2.9536523  3.78111e+23 
 147    3.0183289  3.60333e+23 
 148    3.0844217  3.43542e+23 
 149    3.1519617  3.27444e+23 
 150    3.2209807  3.11753e+23 
 151    3.2915110  2.97078e+23 
 152    3.3635857  2.82937e+23 
 153    3.4372386  2.69253e+23 
 154    3.5125043  2.56421e+23 
 155    3.5894182  2.44175e+23 
 156    3.6680162  2.32159e+23 
 157    3.7483353  2.20869e+23 
 158    3.8304131  2.10120e+23 
 159    3.9142882  1.99747e+23 
 160    4.0000000  1.89939e+23 
 161    4.0875886  1.80464e+23 
 162    4.1770951  1.71434e+23 
 163    4.2685616  1.62863e+23 
 164    4.3620309  1.54684e+23 
 165    4.4575470  1.46717e+23 
 166    4.5551545  1.39347e+23 
 167    4.6548994  1.32237e+23 
 168    4.7568285  1.25348e+23 
 169    4.8609894  1.19033e+23 
 170    4.9674312  1.12869e+23 
 171    5.0762038  1.07069e+23 
 172    5.1873582  1.01495e+23 
 173    5.3009466  9.63224e+22 
 174    5.4170222  9.13973e+22 
 175    5.5356395  8.66629e+22 
 176    5.6568542  8.22740e+22 
 177    5.7807232  7.80885e+22 
 178    5.9073046  7.40716e+22 
 179    6.0366577  7.03679e+22 
 180    6.1688433  6.68146e+22 
 181    6.3039234  6.34142e+22 
 182    6.4419613  6.02569e+22 
 183    6.5830219  5.72598e+22 
 184    6.7271713  5.44013e+22 
 185    6.8744772  5.17446e+22 
 186    7.0250086  4.90928e+22 
 187    7.1788363  4.64905e+22 
 188    7.3360323  4.39501e+22 
 189    7.4966705  4.15449e+22 


# y-band (filter: y_LSST.dat)
   0    0.1250000  1.49588e+26 
   1    0.1277371  1.52333e+26 
   2    0.1305342  1.55139e+26 
   3    0.1333926  1.58006e+26 
   4    0.1363135  1.60877e+26 
   5    0.1392983  1.63565e+26 
   6    0.1423486  1.66176e+26 
   7    0.1454656  1.68736e+26 
   8    0.1486509  1.71215e+26 
   9    0.1519059  1.73841e+26 
  10    0.1552322  1.76501e+26 
  11    0.1586314  1.79377e+26 
  12    0.1621049  1.82665e+26 
  13    0.1656546  1.85987e+26 
  14    0.1692819  1.89567e+26 
  15    0.1729887  1.93475e+26 
  16    0.1767767  1.97767e+26 
  17    0.1806476  2.02350e+26 
  18    0.1846033  2.07130e+26 
  19    0.1886456  2.12177e+26 
  20    0.1927764  2.17617e+26 
  21    0.1969976  2.23446e+26 
  22    0.2013113  2.29818e+26 
  23    0.2057194  2.35684e+26 
  24    0.2102241  2.41762e+26 
  25    0.2148274  2.47646e+26 
  26    0.2195315  2.53492e+26 
  27    0.2243386  2.59287e+26 
  28    0.2292510  2.64354e+26 
  29    0.2342710  2.69188e+26 
  30    0.2394008  2.73896e+26 
  31    0.2446430  2.77841e+26 
  32    0.2500000  2.80889e+26 
  33    0.2554743  2.83328e+26 
  34    0.2610684  2.84356e+26 
  35    0.2667851  2.84381e+26 
  36    0.2726269  2.83333e+26 
  37    0.2785967  2.81381e+26 
  38    0.2846972  2.77569e+26 
  39    0.2909312  2.72561e+26 
  40    0.2973018  2.66470e+26 
  41    0.3038118  2.58918e+26 
  42    0.3104645  2.50457e+26 
  43    0.3172627  2.40966e+26 
  44    0.3242099  2.31069e+26 
  45    0.3313092  2.20765e+26 
  46    0.3385639  2.09667e+26 
  47    0.3459775  1.99057e+26 
  48    0.3535534  1.88609e+26 
  49    0.3612952  1.78047e+26 
  50    0.3692065  1.68374e+26 
  51    0.3772911  1.59234e+26 
  52    0.3855527  1.50394e+26 
  53    0.3939952  1.42496e+26 
  54    0.4026226  1.35048e+26 
  55    0.4114389  1.28077e+26 
  56    0.4204482  1.21678e+26 
  57    0.4296548  1.15677e+26 
  58    0.4390630  1.10104e+26 
  59    0.4486773  1.04873e+26 
  60    0.4585020  9.99711e+25 
  61    0.4685419  9.53555e+25 
  62    0.4788016  9.09264e+25 
  63    0.4892860  8.67906e+25 
  64    0.5000000  8.29275e+25 
  65    0.5109486  7.91096e+25 
  66    0.5221369  7.55884e+25 
  67    0.5335702  7.22271e+25 
  68    0.5452539  6.90214e+25 
  69    0.5571934  6.60009e+25 
  70    0.5693943  6.31764e+25 
  71    0.5818624  6.04053e+25 
  72    0.5946036  5.78029e+25 
  73    0.6076237  5.53213e+25 
  74    0.6209289  5.29184e+25 
  75    0.6345255  5.06576e+25 
  76    0.6484198  4.84463e+25 
  77    0.6626183  4.63181e+25 
  78    0.6771278  4.42809e+25 
  79    0.6919549  4.23038e+25 
  80    0.7071068  4.04122e+25 
  81    0.7225904  3.85509e+25 
  82    0.7384131  3.67423e+25 
  83    0.7545822  3.50648e+25 
  84    0.7711054  3.33865e+25 
  85    0.7879904  3.18760e+25 
  86    0.8052452  3.03988e+25 
  87    0.8228777  2.89713e+25 
  88    0.8408964  2.76407e+25 
  89    0.8593096  2.64221e+25 
  90    0.8781261  2.52361e+25 
  91    0.8973545  2.41450e+25 
  92    0.9170040  2.31008e+25 
  93    0.9370838  2.21431e+25 
  94    0.9576033  2.12229e+25 
  95    0.9785721  2.02938e+25 
  96    1.0000000  1.94023e+25 
  97    1.0218971  1.84523e+25 
  98    1.0442738  1.74877e+25 
  99    1.0671404  1.65076e+25 
 100    1.0905077  1.54889e+25 
 101    1.1143867  1.44233e+25 
 102    1.1387886  1.33720e+25 
 103    1.1637249  1.22729e+25 
 104    1.1892071  1.12068e+25 
 105    1.2152474  1.01540e+25 
 106    1.2418578  9.08800e+24 
 107    1.2690510  8.12867e+24 
 108    1.2968396  7.21707e+24 
 109    1.3252366  6.35140e+24 
 110    1.3542555  5.60784e+24 
 111    1.3839099  4.94234e+24 
 112    1.4142136  4.34300e+24 
 113    1.4451808  3.84749e+24 
 114    1.4768261  3.42007e+24 
 115    1.5091644  3.05395e+24 
 116    1.5422108  2.75220e+24 
 117    1.5759808  2.49608e+24 
 118    1.6104903  2.28362e+24 
 119    1.6457555  2.10454e+24 
 120    1.6817928  1.95071e+24 
 121    1.7186193  1.81988e+24 
 122    1.7562522  1.70333e+24 
 123    1.7947091  1.60170e+24 
 124    1.8340081  1.50861e+24 
 125    1.8741676  1.42351e+24 
 126    1.9152066  1.34375e+24 
 127    1.9571441  1.26977e+24 
 128    2.0000000  1.19953e+24 
 129    2.0437943  1.13312e+24 
 130    2.0885476  1.06946e+24 
 131    2.1342808  1.00886e+24 
 132    2.1810155  9.51630e+23 
 133    2.2287735  8.96222e+23 
 134    2.2775773  8.43641e+23 
 135    2.3274497  7.93471e+23 
 136    2.3784142  7.45959e+23 
 137    2.4304947  7.00021e+23 
 138    2.4837156  6.57405e+23 
 139    2.5381019  6.16944e+23 
 140    2.5936791  5.78029e+23 
 141    2.6504733  5.42355e+23 
 142    2.7085111  5.08534e+23 
 143    2.7678198  4.75798e+23 
 144    2.8284271  4.45918e+23 
 145    2.8903616  4.17569e+23 
 146    2.9536523  3.90588e+23 
 147    3.0183289  3.65374e+23 
 148    3.0844217  3.41943e+23 
 149    3.1519617  3.19735e+23 
 150    3.2209807  2.98562e+23 
 151    3.2915110  2.78959e+23 
 152    3.3635857  2.60567e+23 
 153    3.4372386  2.42980e+23 
 154    3.5125043  2.26652e+23 
 155    3.5894182  2.11359e+23 
 156    3.6680162  1.96753e+23 
 157    3.7483353  1.83289e+23 
 158    3.8304131  1.70707e+23 
 159    3.9142882  1.58648e+23 
 160    4.0000000  1.47613e+23 
 161    4.0875886  1.37217e+23 
 162    4.1770951  1.27311e+23 
 163    4.2685616  1.18266e+23 
 164    4.3620309  1.09768e+23 
 165    4.4575470  1.01693e+23 
 166    4.5551545  9.44082e+22 
 167    4.6548994  8.75085e+22 
 168    4.7568285  8.09756e+22 
 169    4.8609894  7.50756e+22 
 170    4.9674312  6.96016e+22 
 171    5.0762038  6.44705e+22 
 172    5.1873582  5.96786e+22 
 173    5.3009466  5.53674e+22 
 174    5.4170222  5.13712e+22 
 175    5.5356395  4.76077e+22 
 176    5.6568542  4.42306e+22 
 177    5.7807232  4.11140e+22 
 178    5.9073046  3.82106e+22 
 179    6.0366577  3.56159e+22 
 180    6.1688433  3.32301e+22 
 181    6.3039234  3.10011e+22 
 182    6.4419613  2.89862e+22 
 183    6.5830219  2.71345e+22 
 184    6.7271713  2.54003e+22 
 185    6.8744772  2.38405e+22 
 186    7.0250086  2.23131e+22 
 187    7.1788363  2.08392e+22 
 188    7.3360323  1.94248e+22 
 189    7.4966705  1.81242e+22 


# J-band (filter: J_2MASS.dat)
   0    0.1250000  8.84232e+25 
   1    0.1277371  8.94521e+25 
   2    0.1305342  9.05036e+25 
   3    0.1333926  9.15781e+25 
   4    0.1363135  9.26669e+25 
   5    0.1392983  9.31940e+25 
   6    0.1423486  9.37413e+25 
   7    0.1454656  9.41409e+25 
   8    0.1486509  9.39911e+25 
   9    0.1519059  9.41181e+25 
  10    0.1552322  9.44315e+25 
  11    0.1586314  9.49721e+25 
  12    0.1621049  9.60158e+25 
  13    0.1656546  9.74545e+25 
  14    0.1692819  9.91229e+25 
  15    0.1729887  1.01029e+26 
  16    0.1767767  1.03042e+26 
  17    0.1806476  1.05570e+26 
  18    0.1846033  1.08382e+26 
  19    0.1886456  1.11650e+26 
  20    0.1927764  1.15194e+26 
  21    0.1969976  1.18811e+26 
  22    0.2013113  1.22637e+26 
  23    0.2057194  1.26838e+26 
  24    0.2102241  1.31248e+26 
  25    0.2148274  1.36026e+26 
  26    0.2195315  1.41128e+26 
  27    0.2243386  1.46510e+26 
  28    0.2292510  1.52241e+26 
  29    0.2342710  1.58322e+26 
  30    0.2394008  1.64644e+26 
  31    0.2446430  1.71261e+26 
  32    0.2500000  1.78072e+26 
  33    0.2554743  1.85268e+26 
  34    0.2610684  1.92497e+26 
  35    0.2667851  1.99703e+26 
  36    0.2726269  2.06976e+26 
  37    0.2785967  2.14205e+26 
  38    0.2846972  2.21153e+26 
  39    0.2909312  2.27929e+26 
  40    0.2973018  2.34364e+26 
  41    0.3038118  2.39893e+26 
  42    0.3104645  2.44933e+26 
  43    0.3172627  2.49706e+26 
  44    0.3242099  2.53399e+26 
  45    0.3313092  2.56498e+26 
  46    0.3385639  2.59172e+26 
  47    0.3459775  2.61198e+26 
  48    0.3535534  2.62601e+26 
  49    0.3612952  2.63386e+26 
  50    0.3692065  2.63673e+26 
  51    0.3772911  2.63465e+26 
  52    0.3855527  2.63000e+26 
  53    0.3939952  2.62135e+26 
  54    0.4026226  2.60880e+26 
  55    0.4114389  2.59470e+26 
  56    0.4204482  2.57683e+26 
  57    0.4296548  2.55594e+26 
  58    0.4390630  2.53185e+26 
  59    0.4486773  2.50512e+26 
  60    0.4585020  2.47482e+26 
  61    0.4685419  2.44096e+26 
  62    0.4788016  2.40412e+26 
  63    0.4892860  2.36290e+26 
  64    0.5000000  2.31677e+26 
  65    0.5109486  2.26705e+26 
  66    0.5221369  2.21337e+26 
  67    0.5335702  2.15621e+26 
  68    0.5452539  2.09603e+26 
  69    0.5571934  2.03408e+26 
  70    0.5693943  1.97029e+26 
  71    0.5818624  1.90305e+26 
  72    0.5946036  1.83674e+26 
  73    0.6076237  1.76965e+26 
  74    0.6209289  1.70165e+26 
  75    0.6345255  1.63509e+26 
  76    0.6484198  1.57053e+26 
  77    0.6626183  1.50735e+26 
  78    0.6771278  1.44843e+26 
  79    0.6919549  1.39230e+26 
  80    0.7071068  1.33946e+26 
  81    0.7225904  1.28899e+26 
  82    0.7384131  1.24409e+26 
  83    0.7545822  1.20217e+26 
  84    0.7711054  1.16253e+26 
  85    0.7879904  1.12825e+26 
  86    0.8052452  1.09723e+26 
  87    0.8228777  1.06849e+26 
  88    0.8408964  1.04407e+26 
  89    0.8593096  1.02161e+26 
  90    0.8781261  1.00136e+26 
  91    0.8973545  9.83795e+25 
  92    0.9170040  9.67959e+25 
  93    0.9370838  9.53563e+25 
  94    0.9576033  9.40966e+25 
  95    0.9785721  9.29567e+25 
  96    1.0000000  9.19843e+25 
  97    1.0218971  9.09449e+25 
  98    1.0442738  8.98565e+25 
  99    1.0671404  8.88271e+25 
 100    1.0905077  8.75642e+25 
 101    1.1143867  8.61669e+25 
 102    1.1387886  8.46081e+25 
 103    1.1637249  8.28868e+25 
 104    1.1892071  8.08079e+25 
 105    1.2152474  7.83977e+25 
 106    1.2418578  7.57408e+25 
 107    1.2690510  7.26261e+25 
 108    1.2968396  6.92209e+25 
 109    1.3252366  6.55565e+25 
 110    1.3542555  6.15914e+25 
 111    1.3839099  5.74629e+25 
 112    1.4142136  5.30830e+25 
 113    1.4451808  4.86434e+25 
 114    1.4768261  4.41890e+25 
 115    1.5091644  3.95957e+25 
 116    1.5422108  3.52407e+25 
 117    1.5759808  3.10804e+25 
 118    1.6104903  2.69701e+25 
 119    1.6457555  2.33842e+25 
 120    1.6817928  2.01077e+25 
 121    1.7186193  1.70206e+25 
 122    1.7562522  1.45094e+25 
 123    1.7947091  1.23143e+25 
 124    1.8340081  1.04157e+25 
 125    1.8741676  8.85789e+24 
 126    1.9152066  7.58884e+24 
 127    1.9571441  6.56393e+24 
 128    2.0000000  5.80153e+24 
 129    2.0437943  5.17781e+24 
 130    2.0885476  4.68761e+24 
 131    2.1342808  4.31103e+24 
 132    2.1810155  3.98732e+24 
 133    2.2287735  3.71307e+24 
 134    2.2775773  3.47463e+24 
 135    2.3274497  3.25683e+24 
 136    2.3784142  3.05827e+24 
 137    2.4304947  2.87062e+24 
 138    2.4837156  2.69745e+24 
 139    2.5381019  2.53385e+24 
 140    2.5936791  2.37722e+24 
 141    2.6504733  2.23284e+24 
 142    2.7085111  2.09602e+24 
 143    2.7678198  1.96500e+24 
 144    2.8284271  1.84376e+24 
 145    2.8903616  1.72817e+24 
 146    2.9536523  1.61968e+24 
 147    3.0183289  1.51617e+24 
 148    3.0844217  1.41947e+24 
 149    3.1519617  1.32789e+24 
 150    3.2209807  1.24058e+24 
 151    3.2915110  1.15948e+24 
 152    3.3635857  1.08320e+24 
 153    3.4372386  1.00962e+24 
 154    3.5125043  9.41801e+23 
 155    3.5894182  8.77632e+23 
 156    3.6680162  8.16482e+23 
 157    3.7483353  7.60070e+23 
 158    3.8304131  7.06689e+23 
 159    3.9142882  6.55864e+23 
 160    4.0000000  6.09127e+23 
 161    4.0875886  5.65196e+23 
 162    4.1770951  5.23320e+23 
 163    4.2685616  4.84804e+23 
 164    4.3620309  4.48598e+23 
 165    4.4575470  4.14168e+23 
 166    4.5551545  3.82534e+23 
 167    4.6548994  3.52914e+23 
 168    4.7568285  3.24648e+23 
 169    4.8609894  2.98922e+23 
 170    4.9674312  2.74801e+23 
 171    5.0762038  2.52190e+23 
 172    5.1873582  2.30909e+23 
 173    5.3009466  2.11417e+23 
 174    5.4170222  1.93260e+23 
 175    5.5356395  1.76147e+23 
 176    5.6568542  1.60555e+23 
 177    5.7807232  1.46088e+23 
 178    5.9073046  1.32457e+23 
 179    6.0366577  1.20089e+23 
 180    6.1688433  1.08652e+23 
 181    6.3039234  9.79476e+22 
 182    6.4419613  8.82952e+22 
 183    6.5830219  7.94276e+22 
 184    6.7271713  7.10985e+22 
 185    6.8744772  6.36708e+22 
 186    7.0250086  5.63436e+22 
 187    7.1788363  4.92896e+22 
 188    7.3360323  4.25906e+22 
 189    7.4966705  3.65123e+22 


# H-band (filter: H_2MASS.dat)
   0    0.1250000  8.83700e+25 
   1    0.1277371  8.66928e+25 
   2    0.1305342  8.49789e+25 
   3    0.1333926  8.32275e+25 
   4    0.1363135  8.08656e+25 
   5    0.1392983  7.80992e+25 
   6    0.1423486  7.49181e+25 
   7    0.1454656  7.15700e+25 
   8    0.1486509  6.75651e+25 
   9    0.1519059  6.43200e+25 
  10    0.1552322  6.13514e+25 
  11    0.1586314  5.80870e+25 
  12    0.1621049  5.55968e+25 
  13    0.1656546  5.36733e+25 
  14    0.1692819  5.21102e+25 
  15    0.1729887  5.09823e+25 
  16    0.1767767  5.02562e+25 
  17    0.1806476  4.99358e+25 
  18    0.1846033  5.01622e+25 
  19    0.1886456  5.08499e+25 
  20    0.1927764  5.16065e+25 
  21    0.1969976  5.27753e+25 
  22    0.2013113  5.45059e+25 
  23    0.2057194  5.64768e+25 
  24    0.2102241  5.86047e+25 
  25    0.2148274  6.09818e+25 
  26    0.2195315  6.33061e+25 
  27    0.2243386  6.60154e+25 
  28    0.2292510  6.88946e+25 
  29    0.2342710  7.16515e+25 
  30    0.2394008  7.46031e+25 
  31    0.2446430  7.71699e+25 
  32    0.2500000  7.98771e+25 
  33    0.2554743  8.25356e+25 
  34    0.2610684  8.45277e+25 
  35    0.2667851  8.65163e+25 
  36    0.2726269  8.81913e+25 
  37    0.2785967  8.96830e+25 
  38    0.2846972  9.08990e+25 
  39    0.2909312  9.17987e+25 
  40    0.2973018  9.23707e+25 
  41    0.3038118  9.24374e+25 
  42    0.3104645  9.22662e+25 
  43    0.3172627  9.18013e+25 
  44    0.3242099  9.08715e+25 
  45    0.3313092  8.96279e+25 
  46    0.3385639  8.82889e+25 
  47    0.3459775  8.68403e+25 
  48    0.3535534  8.53173e+25 
  49    0.3612952  8.36793e+25 
  50    0.3692065  8.23940e+25 
  51    0.3772911  8.12222e+25 
  52    0.3855527  8.01833e+25 
  53    0.3939952  7.98386e+25 
  54    0.4026226  7.98581e+25 
  55    0.4114389  8.02955e+25 
  56    0.4204482  8.15454e+25 
  57    0.4296548  8.34603e+25 
  58    0.4390630  8.58977e+25 
  59    0.4486773  8.88725e+25 
  60    0.4585020  9.24924e+25 
  61    0.4685419  9.65528e+25 
  62    0.4788016  1.01125e+26 
  63    0.4892860  1.06013e+26 
  64    0.5000000  1.11170e+26 
  65    0.5109486  1.16704e+26 
  66    0.5221369  1.22243e+26 
  67    0.5335702  1.27681e+26 
  68    0.5452539  1.33273e+26 
  69    0.5571934  1.38359e+26 
  70    0.5693943  1.43078e+26 
  71    0.5818624  1.47632e+26 
  72    0.5946036  1.51303e+26 
  73    0.6076237  1.54346e+26 
  74    0.6209289  1.57003e+26 
  75    0.6345255  1.58692e+26 
  76    0.6484198  1.59587e+26 
  77    0.6626183  1.59851e+26 
  78    0.6771278  1.58907e+26 
  79    0.6919549  1.57221e+26 
  80    0.7071068  1.54923e+26 
  81    0.7225904  1.51901e+26 
  82    0.7384131  1.48280e+26 
  83    0.7545822  1.44327e+26 
  84    0.7711054  1.39784e+26 
  85    0.7879904  1.35189e+26 
  86    0.8052452  1.30325e+26 
  87    0.8228777  1.25143e+26 
  88    0.8408964  1.20151e+26 
  89    0.8593096  1.15241e+26 
  90    0.8781261  1.10411e+26 
  91    0.8973545  1.05809e+26 
  92    0.9170040  1.01329e+26 
  93    0.9370838  9.70742e+25 
  94    0.9576033  9.30700e+25 
  95    0.9785721  8.92416e+25 
  96    1.0000000  8.55539e+25 
  97    1.0218971  8.21206e+25 
  98    1.0442738  7.89183e+25 
  99    1.0671404  7.58471e+25 
 100    1.0905077  7.29807e+25 
 101    1.1143867  7.02885e+25 
 102    1.1387886  6.77907e+25 
 103    1.1637249  6.54127e+25 
 104    1.1892071  6.31533e+25 
 105    1.2152474  6.09314e+25 
 106    1.2418578  5.87916e+25 
 107    1.2690510  5.66253e+25 
 108    1.2968396  5.44690e+25 
 109    1.3252366  5.23055e+25 
 110    1.3542555  4.99325e+25 
 111    1.3839099  4.74394e+25 
 112    1.4142136  4.48654e+25 
 113    1.4451808  4.20724e+25 
 114    1.4768261  3.91515e+25 
 115    1.5091644  3.61118e+25 
 116    1.5422108  3.30365e+25 
 117    1.5759808  2.99608e+25 
 118    1.6104903  2.67753e+25 
 119    1.6457555  2.38061e+25 
 120    1.6817928  2.09418e+25 
 121    1.7186193  1.81097e+25 
 122    1.7562522  1.56612e+25 
 123    1.7947091  1.34361e+25 
 124    1.8340081  1.14459e+25 
 125    1.8741676  9.66733e+24 
 126    1.9152066  8.19392e+24 
 127    1.9571441  6.92854e+24 
 128    2.0000000  5.89974e+24 
 129    2.0437943  5.05675e+24 
 130    2.0885476  4.37514e+24 
 131    2.1342808  3.84860e+24 
 132    2.1810155  3.41748e+24 
 133    2.2287735  3.06901e+24 
 134    2.2775773  2.79926e+24 
 135    2.3274497  2.57116e+24 
 136    2.3784142  2.37870e+24 
 137    2.4304947  2.21264e+24 
 138    2.4837156  2.06534e+24 
 139    2.5381019  1.93257e+24 
 140    2.5936791  1.81096e+24 
 141    2.6504733  1.69955e+24 
 142    2.7085111  1.59526e+24 
 143    2.7678198  1.49579e+24 
 144    2.8284271  1.40539e+24 
 145    2.8903616  1.31932e+24 
 146    2.9536523  1.23823e+24 
 147    3.0183289  1.16099e+24 
 148    3.0844217  1.08950e+24 
 149    3.1519617  1.02190e+24 
 150    3.2209807  9.57630e+23 
 151    3.2915110  8.98037e+23 
 152    3.3635857  8.41751e+23 
 153    3.4372386  7.88155e+23 
 154    3.5125043  7.38352e+23 
 155    3.5894182  6.91258e+23 
 156    3.6680162  6.46361e+23 
 157    3.7483353  6.04829e+23 
 158    3.8304131  5.65606e+23 
 159    3.9142882  5.28018e+23 
 160    4.0000000  4.93126e+23 
 161    4.0875886  4.60232e+23 
 162    4.1770951  4.28648e+23 
 163    4.2685616  3.99652e+23 
 164    4.3620309  3.72246e+23 
 165    4.4575470  3.46045e+23 
 166    4.5551545  3.21957e+23 
 167    4.6548994  2.99269e+23 
 168    4.7568285  2.77503e+23 
 169    4.8609894  2.57582e+23 
 170    4.9674312  2.38847e+23 
 171    5.0762038  2.21272e+23 
 172    5.1873582  2.04572e+23 
 173    5.3009466  1.89167e+23 
 174    5.4170222  1.74772e+23 
 175    5.5356395  1.61031e+23 
 176    5.6568542  1.48434e+23 
 177    5.7807232  1.36548e+23 
 178    5.9073046  1.25398e+23 
 179    6.0366577  1.15137e+23 
 180    6.1688433  1.05538e+23 
 181    6.3039234  9.64075e+22 
 182    6.4419613  8.80923e+22 
 183    6.5830219  8.03033e+22 
 184    6.7271713  7.29737e+22 
 185    6.8744772  6.63112e+22 
 186    7.0250086  5.96746e+22 
 187    7.1788363  5.32783e+22 
 188    7.3360323  4.71201e+22 
 189    7.4966705  4.13899e+22 


# K-band (filter: Ks_mosfire.dat)
   0    0.1250000  5.17218e+25 
   1    0.1277371  5.13491e+25 
   2    0.1305342  5.09682e+25 
   3    0.1333926  5.05790e+25 
   4    0.1363135  4.97742e+25 
   5    0.1392983  4.80213e+25 
   6    0.1423486  4.58975e+25 
   7    0.1454656  4.38377e+25 
   8    0.1486509  4.15240e+25 
   9    0.1519059  3.92636e+25 
  10    0.1552322  3.69579e+25 
  11    0.1586314  3.46246e+25 
  12    0.1621049  3.24274e+25 
  13    0.1656546  3.05157e+25 
  14    0.1692819  2.91453e+25 
  15    0.1729887  2.76539e+25 
  16    0.1767767  2.65059e+25 
  17    0.1806476  2.58620e+25 
  18    0.1846033  2.53284e+25 
  19    0.1886456  2.48509e+25 
  20    0.1927764  2.45357e+25 
  21    0.1969976  2.42615e+25 
  22    0.2013113  2.44238e+25 
  23    0.2057194  2.45455e+25 
  24    0.2102241  2.49089e+25 
  25    0.2148274  2.54397e+25 
  26    0.2195315  2.57093e+25 
  27    0.2243386  2.63085e+25 
  28    0.2292510  2.68525e+25 
  29    0.2342710  2.73369e+25 
  30    0.2394008  2.79200e+25 
  31    0.2446430  2.84304e+25 
  32    0.2500000  2.88696e+25 
  33    0.2554743  2.92411e+25 
  34    0.2610684  2.94830e+25 
  35    0.2667851  2.97982e+25 
  36    0.2726269  2.98279e+25 
  37    0.2785967  2.98986e+25 
  38    0.2846972  2.98538e+25 
  39    0.2909312  2.96750e+25 
  40    0.2973018  2.94543e+25 
  41    0.3038118  2.91910e+25 
  42    0.3104645  2.86114e+25 
  43    0.3172627  2.80797e+25 
  44    0.3242099  2.74437e+25 
  45    0.3313092  2.66830e+25 
  46    0.3385639  2.58941e+25 
  47    0.3459775  2.50274e+25 
  48    0.3535534  2.41709e+25 
  49    0.3612952  2.32312e+25 
  50    0.3692065  2.24205e+25 
  51    0.3772911  2.16720e+25 
  52    0.3855527  2.09011e+25 
  53    0.3939952  2.02367e+25 
  54    0.4026226  1.97998e+25 
  55    0.4114389  1.93336e+25 
  56    0.4204482  1.91376e+25 
  57    0.4296548  1.91451e+25 
  58    0.4390630  1.93374e+25 
  59    0.4486773  1.96881e+25 
  60    0.4585020  2.03731e+25 
  61    0.4685419  2.12414e+25 
  62    0.4788016  2.22936e+25 
  63    0.4892860  2.37133e+25 
  64    0.5000000  2.53890e+25 
  65    0.5109486  2.72649e+25 
  66    0.5221369  2.93706e+25 
  67    0.5335702  3.17017e+25 
  68    0.5452539  3.41687e+25 
  69    0.5571934  3.67105e+25 
  70    0.5693943  3.93196e+25 
  71    0.5818624  4.20340e+25 
  72    0.5946036  4.45673e+25 
  73    0.6076237  4.69423e+25 
  74    0.6209289  4.92315e+25 
  75    0.6345255  5.10087e+25 
  76    0.6484198  5.24671e+25 
  77    0.6626183  5.36708e+25 
  78    0.6771278  5.41896e+25 
  79    0.6919549  5.43419e+25 
  80    0.7071068  5.40897e+25 
  81    0.7225904  5.34155e+25 
  82    0.7384131  5.22467e+25 
  83    0.7545822  5.07299e+25 
  84    0.7711054  4.88239e+25 
  85    0.7879904  4.66550e+25 
  86    0.8052452  4.42876e+25 
  87    0.8228777  4.16990e+25 
  88    0.8408964  3.90648e+25 
  89    0.8593096  3.64282e+25 
  90    0.8781261  3.36448e+25 
  91    0.8973545  3.09991e+25 
  92    0.9170040  2.84566e+25 
  93    0.9370838  2.59371e+25 
  94    0.9576033  2.36328e+25 
  95    0.9785721  2.14747e+25 
  96    1.0000000  1.93928e+25 
  97    1.0218971  1.75459e+25 
  98    1.0442738  1.58765e+25 
  99    1.0671404  1.43081e+25 
 100    1.0905077  1.29278e+25 
 101    1.1143867  1.16816e+25 
 102    1.1387886  1.05900e+25 
 103    1.1637249  9.57780e+24 
 104    1.1892071  8.68173e+24 
 105    1.2152474  7.87569e+24 
 106    1.2418578  7.13533e+24 
 107    1.2690510  6.45611e+24 
 108    1.2968396  5.85796e+24 
 109    1.3252366  5.28594e+24 
 110    1.3542555  4.74610e+24 
 111    1.3839099  4.22517e+24 
 112    1.4142136  3.73448e+24 
 113    1.4451808  3.26098e+24 
 114    1.4768261  2.82276e+24 
 115    1.5091644  2.39605e+24 
 116    1.5422108  2.02653e+24 
 117    1.5759808  1.68919e+24 
 118    1.6104903  1.37260e+24 
 119    1.6457555  1.11803e+24 
 120    1.6817928  8.90869e+23 
 121    1.7186193  6.93048e+23 
 122    1.7562522  5.41236e+23 
 123    1.7947091  4.15704e+23 
 124    1.8340081  3.20417e+23 
 125    1.8741676  2.61892e+23 
 126    1.9152066  2.17201e+23 
 127    1.9571441  1.85873e+23 
 128    2.0000000  1.65207e+23 
 129    2.0437943  1.48363e+23 
 130    2.0885476  1.35687e+23 
 131    2.1342808  1.25673e+23 
 132    2.1810155  1.16284e+23 
 133    2.2287735  1.08319e+23 
 134    2.2775773  1.01042e+23 
 135    2.3274497  9.43118e+22 
 136    2.3784142  8.81483e+22 
 137    2.4304947  8.25139e+22 
 138    2.4837156  7.73703e+22 
 139    2.5381019  7.24215e+22 
 140    2.5936791  6.75956e+22 
 141    2.6504733  6.32327e+22 
 142    2.7085111  5.91229e+22 
 143    2.7678198  5.52478e+22 
 144    2.8284271  5.16674e+22 
 145    2.8903616  4.83402e+22 
 146    2.9536523  4.52296e+22 
 147    3.0183289  4.23344e+22 
 148    3.0844217  3.96361e+22 
 149    3.1519617  3.69469e+22 
 150    3.2209807  3.44515e+22 
 151    3.2915110  3.22426e+22 
 152    3.3635857  3.00874e+22 
 153    3.4372386  2.80746e+22 
 154    3.5125043  2.61864e+22 
 155    3.5894182  2.44309e+22 
 156    3.6680162  2.27454e+22 
 157    3.7483353  2.11935e+22 
 158    3.8304131  1.97811e+22 
 159    3.9142882  1.83665e+22 
 160    4.0000000  1.70902e+22 
 161    4.0875886  1.59238e+22 
 162    4.1770951  1.48044e+22 
 163    4.2685616  1.37543e+22 
 164    4.3620309  1.27817e+22 
 165    4.4575470  1.18538e+22 
 166    4.5551545  1.09883e+22 
 167    4.6548994  1.01812e+22 
 168    4.7568285  9.40635e+21 
 169    4.8609894  8.69762e+21 
 170    4.9674312  8.02031e+21 
 171    5.0762038  7.39672e+21 
 172    5.1873582  6.80535e+21 
 173    5.3009466  6.25155e+21 
 174    5.4170222  5.72438e+21 
 175    5.5356395  5.24849e+21 
 176    5.6568542  4.79669e+21 
 177    5.7807232  4.37930e+21 
 178    5.9073046  3.98341e+21 
 179    6.0366577  3.61631e+21 
 180    6.1688433  3.28312e+21 
 181    6.3039234  2.95851e+21 
 182    6.4419613  2.66357e+21 
 183    6.5830219  2.39464e+21 
 184    6.7271713  2.14094e+21 
 185    6.8744772  1.91445e+21 
 186    7.0250086  1.69282e+21 
 187    7.1788363  1.47726e+21 
 188    7.3360323  1.27201e+21 
 189    7.4966705  1.08520e+21 


# S-band (filter: Spitzer_IRAC2.dat)
   0    0.1250000  8.52383e+24 
   1    0.1277371  8.74726e+24 
   2    0.1305342  8.97558e+24 
   3    0.1333926  9.20890e+24 
   4    0.1363135  9.44801e+24 
   5    0.1392983  9.45046e+24 
   6    0.1423486  9.34764e+24 
   7    0.1454656  9.42846e+24 
   8    0.1486509  9.39576e+24 
   9    0.1519059  9.18446e+24 
  10    0.1552322  8.98245e+24 
  11    0.1586314  8.73425e+24 
  12    0.1621049  8.46827e+24 
  13    0.1656546  8.12948e+24 
  14    0.1692819  7.81064e+24 
  15    0.1729887  7.36999e+24 
  16    0.1767767  7.01544e+24 
  17    0.1806476  6.73613e+24 
  18    0.1846033  6.46849e+24 
  19    0.1886456  6.07719e+24 
  20    0.1927764  5.74369e+24 
  21    0.1969976  5.49405e+24 
  22    0.2013113  5.18815e+24 
  23    0.2057194  4.86722e+24 
  24    0.2102241  4.67602e+24 
  25    0.2148274  4.41699e+24 
  26    0.2195315  4.23810e+24 
  27    0.2243386  4.02003e+24 
  28    0.2292510  3.81618e+24 
  29    0.2342710  3.64909e+24 
  30    0.2394008  3.43940e+24 
  31    0.2446430  3.16806e+24 
  32    0.2500000  3.00291e+24 
  33    0.2554743  2.78489e+24 
  34    0.2610684  2.61090e+24 
  35    0.2667851  2.47222e+24 
  36    0.2726269  2.30591e+24 
  37    0.2785967  2.15870e+24 
  38    0.2846972  1.98326e+24 
  39    0.2909312  1.87466e+24 
  40    0.2973018  1.76655e+24 
  41    0.3038118  1.62252e+24 
  42    0.3104645  1.55062e+24 
  43    0.3172627  1.46520e+24 
  44    0.3242099  1.38743e+24 
  45    0.3313092  1.33627e+24 
  46    0.3385639  1.26107e+24 
  47    0.3459775  1.20833e+24 
  48    0.3535534  1.17575e+24 
  49    0.3612952  1.15485e+24 
  50    0.3692065  1.15903e+24 
  51    0.3772911  1.15512e+24 
  52    0.3855527  1.17790e+24 
  53    0.3939952  1.21815e+24 
  54    0.4026226  1.26781e+24 
  55    0.4114389  1.34103e+24 
  56    0.4204482  1.43183e+24 
  57    0.4296548  1.53804e+24 
  58    0.4390630  1.69315e+24 
  59    0.4486773  1.85876e+24 
  60    0.4585020  2.04377e+24 
  61    0.4685419  2.25399e+24 
  62    0.4788016  2.46720e+24 
  63    0.4892860  2.69490e+24 
  64    0.5000000  2.96252e+24 
  65    0.5109486  3.23331e+24 
  66    0.5221369  3.49472e+24 
  67    0.5335702  3.78961e+24 
  68    0.5452539  4.09227e+24 
  69    0.5571934  4.37492e+24 
  70    0.5693943  4.63609e+24 
  71    0.5818624  4.88694e+24 
  72    0.5946036  5.11884e+24 
  73    0.6076237  5.31327e+24 
  74    0.6209289  5.51197e+24 
  75    0.6345255  5.66956e+24 
  76    0.6484198  5.75483e+24 
  77    0.6626183  5.83799e+24 
  78    0.6771278  5.87050e+24 
  79    0.6919549  5.84007e+24 
  80    0.7071068  5.79245e+24 
  81    0.7225904  5.71953e+24 
  82    0.7384131  5.57786e+24 
  83    0.7545822  5.40463e+24 
  84    0.7711054  5.21258e+24 
  85    0.7879904  4.96603e+24 
  86    0.8052452  4.70933e+24 
  87    0.8228777  4.42052e+24 
  88    0.8408964  4.13944e+24 
  89    0.8593096  3.87582e+24 
  90    0.8781261  3.58524e+24 
  91    0.8973545  3.31261e+24 
  92    0.9170040  3.03137e+24 
  93    0.9370838  2.76234e+24 
  94    0.9576033  2.53088e+24 
  95    0.9785721  2.32193e+24 
  96    1.0000000  2.11098e+24 
  97    1.0218971  1.95313e+24 
  98    1.0442738  1.79334e+24 
  99    1.0671404  1.65342e+24 
 100    1.0905077  1.52961e+24 
 101    1.1143867  1.41304e+24 
 102    1.1387886  1.31197e+24 
 103    1.1637249  1.22234e+24 
 104    1.1892071  1.14579e+24 
 105    1.2152474  1.06797e+24 
 106    1.2418578  9.97760e+23 
 107    1.2690510  9.31037e+23 
 108    1.2968396  8.58782e+23 
 109    1.3252366  7.89320e+23 
 110    1.3542555  7.21710e+23 
 111    1.3839099  6.60225e+23 
 112    1.4142136  5.93938e+23 
 113    1.4451808  5.24022e+23 
 114    1.4768261  4.56185e+23 
 115    1.5091644  3.90782e+23 
 116    1.5422108  3.27990e+23 
 117    1.5759808  2.74307e+23 
 118    1.6104903  2.19434e+23 
 119    1.6457555  1.74076e+23 
 120    1.6817928  1.36289e+23 
 121    1.7186193  1.01722e+23 
 122    1.7562522  7.59758e+22 
 123    1.7947091  5.16476e+22 
 124    1.8340081  3.48493e+22 
 125    1.8741676  2.34117e+22 
 126    1.9152066  1.54836e+22 
 127    1.9571441  1.08112e+22 
 128    2.0000000  7.86207e+21 
 129    2.0437943  5.56808e+21 
 130    2.0885476  4.33721e+21 
 131    2.1342808  3.79917e+21 
 132    2.1810155  3.23448e+21 
 133    2.2287735  2.87115e+21 
 134    2.2775773  2.70035e+21 
 135    2.3274497  2.55351e+21 
 136    2.3784142  2.38041e+21 
 137    2.4304947  2.30329e+21 
 138    2.4837156  2.21700e+21 
 139    2.5381019  2.14860e+21 
 140    2.5936791  2.07334e+21 
 141    2.6504733  2.01273e+21 
 142    2.7085111  1.95135e+21 
 143    2.7678198  1.86740e+21 
 144    2.8284271  1.79094e+21 
 145    2.8903616  1.70273e+21 
 146    2.9536523  1.62741e+21 
 147    3.0183289  1.54782e+21 
 148    3.0844217  1.47357e+21 
 149    3.1519617  1.41934e+21 
 150    3.2209807  1.34983e+21 
 151    3.2915110  1.28688e+21 
 152    3.3635857  1.23197e+21 
 153    3.4372386  1.17399e+21 
 154    3.5125043  1.10755e+21 
 155    3.5894182  1.05683e+21 
 156    3.6680162  1.01313e+21 
 157    3.7483353  9.72546e+20 
 158    3.8304131  9.23718e+20 
 159    3.9142882  8.74986e+20 
 160    4.0000000  8.40627e+20 
 161    4.0875886  7.92172e+20 
 162    4.1770951  7.49647e+20 
 163    4.2685616  7.11613e+20 
 164    4.3620309  6.74965e+20 
 165    4.4575470  6.36641e+20 
 166    4.5551545  6.03454e+20 
 167    4.6548994  5.72318e+20 
 168    4.7568285  5.38363e+20 
 169    4.8609894  5.09656e+20 
 170    4.9674312  4.84155e+20 
 171    5.0762038  4.56468e+20 
 172    5.1873582  4.25387e+20 
 173    5.3009466  4.02267e+20 
 174    5.4170222  3.76984e+20 
 175    5.5356395  3.55285e+20 
 176    5.6568542  3.29786e+20 
 177    5.7807232  3.09044e+20 
 178    5.9073046  2.85152e+20 
 179    6.0366577  2.64670e+20 
 180    6.1688433  2.42882e+20 
 181    6.3039234  2.24149e+20 
 182    6.4419613  2.05441e+20 
 183    6.5830219  1.90474e+20 
 184    6.7271713  1.73758e+20 
 185    6.8744772  1.57127e+20 
 186    7.0250086  1.40650e+20 
 187    7.1788363  1.25033e+20 
 188    7.3360323  1.10385e+20 
 189    7.4966705  9.72795e+19 


