# 1:iteration 2:time bin[s] 3-k:AB magnitude for k-th angular bin
# g-band (filter: g_LSST.dat)
   0    0.1250000 -1.48814e+01 
   1    0.1277371 -1.48867e+01 
   2    0.1305342 -1.48921e+01 
   3    0.1333926 -1.48977e+01 
   4    0.1363135 -1.49024e+01 
   5    0.1392983 -1.49057e+01 
   6    0.1423486 -1.49072e+01 
   7    0.1454656 -1.49069e+01 
   8    0.1486509 -1.49058e+01 
   9    0.1519059 -1.49032e+01 
  10    0.1552322 -1.48991e+01 
  11    0.1586314 -1.48941e+01 
  12    0.1621049 -1.48879e+01 
  13    0.1656546 -1.48807e+01 
  14    0.1692819 -1.48731e+01 
  15    0.1729887 -1.48640e+01 
  16    0.1767767 -1.48533e+01 
  17    0.1806476 -1.48412e+01 
  18    0.1846033 -1.48286e+01 
  19    0.1886456 -1.48143e+01 
  20    0.1927764 -1.47993e+01 
  21    0.1969976 -1.47830e+01 
  22    0.2013113 -1.47649e+01 
  23    0.2057194 -1.47453e+01 
  24    0.2102241 -1.47243e+01 
  25    0.2148274 -1.47007e+01 
  26    0.2195315 -1.46749e+01 
  27    0.2243386 -1.46478e+01 
  28    0.2292510 -1.46167e+01 
  29    0.2342710 -1.45834e+01 
  30    0.2394008 -1.45474e+01 
  31    0.2446430 -1.45062e+01 
  32    0.2500000 -1.44611e+01 
  33    0.2554743 -1.44129e+01 
  34    0.2610684 -1.43582e+01 
  35    0.2667851 -1.42984e+01 
  36    0.2726269 -1.42337e+01 
  37    0.2785967 -1.41644e+01 
  38    0.2846972 -1.40885e+01 
  39    0.2909312 -1.40071e+01 
  40    0.2973018 -1.39204e+01 
  41    0.3038118 -1.38276e+01 
  42    0.3104645 -1.37291e+01 
  43    0.3172627 -1.36254e+01 
  44    0.3242099 -1.35156e+01 
  45    0.3313092 -1.34007e+01 
  46    0.3385639 -1.32814e+01 
  47    0.3459775 -1.31570e+01 
  48    0.3535534 -1.30292e+01 
  49    0.3612952 -1.28992e+01 
  50    0.3692065 -1.27721e+01 
  51    0.3772911 -1.26478e+01 
  52    0.3855527 -1.25197e+01 
  53    0.3939952 -1.23954e+01 
  54    0.4026226 -1.22647e+01 
  55    0.4114389 -1.21319e+01 
  56    0.4204482 -1.19859e+01 
  57    0.4296548 -1.18301e+01 
  58    0.4390630 -1.16708e+01 
  59    0.4486773 -1.15107e+01 
  60    0.4585020 -1.13498e+01 
  61    0.4685419 -1.11908e+01 
  62    0.4788016 -1.10220e+01 
  63    0.4892860 -1.08634e+01 
  64    0.5000000 -1.07056e+01 
  65    0.5109486 -1.05430e+01 
  66    0.5221369 -1.03913e+01 
  67    0.5335702 -1.02514e+01 
  68    0.5452539 -1.01196e+01 
  69    0.5571934 -9.99769e+00 
  70    0.5693943 -9.88652e+00 
  71    0.5818624 -9.77983e+00 
  72    0.5946036 -9.68184e+00 
  73    0.6076237 -9.58888e+00 
  74    0.6209289 -9.49746e+00 
  75    0.6345255 -9.41593e+00 
  76    0.6484198 -9.33533e+00 
  77    0.6626183 -9.26105e+00 
  78    0.6771278 -9.19326e+00 
  79    0.6919549 -9.12466e+00 
  80    0.7071068 -9.06127e+00 
  81    0.7225904 -9.00148e+00 
  82    0.7384131 -8.94826e+00 
  83    0.7545822 -8.89866e+00 
  84    0.7711054 -8.85437e+00 
  85    0.7879904 -8.81463e+00 
  86    0.8052452 -8.78056e+00 
  87    0.8228777 -8.74954e+00 
  88    0.8408964 -8.72720e+00 
  89    0.8593096 -8.70780e+00 
  90    0.8781261 -8.69221e+00 
  91    0.8973545 -8.69403e+00 
  92    0.9170040 -8.69799e+00 
  93    0.9370838 -8.71071e+00 
  94    0.9576033 -8.73143e+00 
  95    0.9785721 -8.76010e+00 
  96    1.0000000 -8.79258e+00 
  97    1.0218971 -8.83623e+00 
  98    1.0442738 -8.88947e+00 
  99    1.0671404 -8.94901e+00 
 100    1.0905077 -9.02291e+00 
 101    1.1143867 -9.10566e+00 
 102    1.1387886 -9.19535e+00 
 103    1.1637249 -9.28987e+00 
 104    1.1892071 -9.39037e+00 
 105    1.2152474 -9.48874e+00 
 106    1.2418578 -9.59503e+00 
 107    1.2690510 -9.69665e+00 
 108    1.2968396 -9.80341e+00 
 109    1.3252366 -9.90910e+00 
 110    1.3542555 -1.00109e+01 
 111    1.3839099 -1.01136e+01 
 112    1.4142136 -1.02097e+01 
 113    1.4451808 -1.03016e+01 
 114    1.4768261 -1.03896e+01 
 115    1.5091644 -1.04758e+01 
 116    1.5422108 -1.05601e+01 
 117    1.5759808 -1.06443e+01 
 118    1.6104903 -1.07276e+01 
 119    1.6457555 -1.08093e+01 
 120    1.6817928 -1.08863e+01 
 121    1.7186193 -1.09614e+01 
 122    1.7562522 -1.10268e+01 
 123    1.7947091 -1.10810e+01 
 124    1.8340081 -1.11234e+01 
 125    1.8741676 -1.11595e+01 
 126    1.9152066 -1.11647e+01 
 127    1.9571441 -1.11449e+01 
 128    2.0000000 -1.11097e+01 
 129    2.0437943 -1.10321e+01 
 130    2.0885476 -1.09245e+01 
 131    2.1342808 -1.07930e+01 
 132    2.1810155 -1.06229e+01 
 133    2.2287735 -1.04323e+01 
 134    2.2775773 -1.02139e+01 
 135    2.3274497 -9.98011e+00 
 136    2.3784142 -9.72929e+00 
 137    2.4304947 -9.45762e+00 
 138    2.4837156 -9.17837e+00 
 139    2.5381019 -8.89125e+00 
 140    2.5936791 -8.59598e+00 
 141    2.6504733 -8.30059e+00 
 142    2.7085111 -8.00238e+00 
 143    2.7678198 -7.70965e+00 
 144    2.8284271 -7.42614e+00 
 145    2.8903616 -7.14619e+00 
 146    2.9536523 -6.88233e+00 
 147    3.0183289 -6.61668e+00 
 148    3.0844217 -6.37888e+00 
 149    3.1519617 -6.15520e+00 
 150    3.2209807 -5.94285e+00 
 151    3.2915110 -5.76021e+00 
 152    3.3635857 -5.59243e+00 
 153    3.4372386 -5.43793e+00 
 154    3.5125043 -5.30614e+00 
 155    3.5894182 -5.18727e+00 
 156    3.6680162 -5.08442e+00 
 157    3.7483353 -4.99476e+00 
 158    3.8304131 -4.91132e+00 
 159    3.9142882 -4.83855e+00 
 160    4.0000000 -4.77131e+00 
 161    4.0875886 -4.70883e+00 
 162    4.1770951 -4.64961e+00 
 163    4.2685616 -4.59225e+00 
 164    4.3620309 -4.53769e+00 
 165    4.4575470 -4.48496e+00 
 166    4.5551545 -4.43344e+00 
 167    4.6548994 -4.38179e+00 
 168    4.7568285 -4.33075e+00 
 169    4.8609894 -4.28081e+00 
 170    4.9674312 -4.23122e+00 
 171    5.0762038 -4.18102e+00 
 172    5.1873582 -4.13109e+00 
 173    5.3009466 -4.08076e+00 
 174    5.4170222 -4.03019e+00 
 175    5.5356395 -3.97980e+00 
 176    5.6568542 -3.92942e+00 
 177    5.7807232 -3.87978e+00 
 178    5.9073046 -3.82901e+00 
 179    6.0366577 -3.77718e+00 
 180    6.1688433 -3.72636e+00 
 181    6.3039234 -3.67459e+00 
 182    6.4419613 -3.62283e+00 
 183    6.5830219 -3.57084e+00 
 184    6.7271713 -3.51829e+00 
 185    6.8744772 -3.46663e+00 
 186    7.0250086 -3.41362e+00 
 187    7.1788363 -3.35955e+00 
 188    7.3360323 -3.30489e+00 
 189    7.4966705 -3.25051e+00 


# r-band (filter: r_LSST.dat)
   0    0.1250000 -1.49156e+01 
   1    0.1277371 -1.49316e+01 
   2    0.1305342 -1.49479e+01 
   3    0.1333926 -1.49646e+01 
   4    0.1363135 -1.49804e+01 
   5    0.1392983 -1.49950e+01 
   6    0.1423486 -1.50080e+01 
   7    0.1454656 -1.50195e+01 
   8    0.1486509 -1.50303e+01 
   9    0.1519059 -1.50399e+01 
  10    0.1552322 -1.50480e+01 
  11    0.1586314 -1.50559e+01 
  12    0.1621049 -1.50621e+01 
  13    0.1656546 -1.50676e+01 
  14    0.1692819 -1.50719e+01 
  15    0.1729887 -1.50760e+01 
  16    0.1767767 -1.50785e+01 
  17    0.1806476 -1.50802e+01 
  18    0.1846033 -1.50811e+01 
  19    0.1886456 -1.50810e+01 
  20    0.1927764 -1.50800e+01 
  21    0.1969976 -1.50784e+01 
  22    0.2013113 -1.50757e+01 
  23    0.2057194 -1.50725e+01 
  24    0.2102241 -1.50682e+01 
  25    0.2148274 -1.50624e+01 
  26    0.2195315 -1.50557e+01 
  27    0.2243386 -1.50483e+01 
  28    0.2292510 -1.50398e+01 
  29    0.2342710 -1.50298e+01 
  30    0.2394008 -1.50188e+01 
  31    0.2446430 -1.50067e+01 
  32    0.2500000 -1.49932e+01 
  33    0.2554743 -1.49783e+01 
  34    0.2610684 -1.49617e+01 
  35    0.2667851 -1.49435e+01 
  36    0.2726269 -1.49243e+01 
  37    0.2785967 -1.49038e+01 
  38    0.2846972 -1.48819e+01 
  39    0.2909312 -1.48586e+01 
  40    0.2973018 -1.48338e+01 
  41    0.3038118 -1.48073e+01 
  42    0.3104645 -1.47796e+01 
  43    0.3172627 -1.47504e+01 
  44    0.3242099 -1.47200e+01 
  45    0.3313092 -1.46883e+01 
  46    0.3385639 -1.46556e+01 
  47    0.3459775 -1.46225e+01 
  48    0.3535534 -1.45894e+01 
  49    0.3612952 -1.45547e+01 
  50    0.3692065 -1.45187e+01 
  51    0.3772911 -1.44826e+01 
  52    0.3855527 -1.44467e+01 
  53    0.3939952 -1.44149e+01 
  54    0.4026226 -1.43884e+01 
  55    0.4114389 -1.43627e+01 
  56    0.4204482 -1.43432e+01 
  57    0.4296548 -1.43226e+01 
  58    0.4390630 -1.42996e+01 
  59    0.4486773 -1.42754e+01 
  60    0.4585020 -1.42401e+01 
  61    0.4685419 -1.42032e+01 
  62    0.4788016 -1.41677e+01 
  63    0.4892860 -1.41291e+01 
  64    0.5000000 -1.40946e+01 
  65    0.5109486 -1.40551e+01 
  66    0.5221369 -1.40266e+01 
  67    0.5335702 -1.39997e+01 
  68    0.5452539 -1.39693e+01 
  69    0.5571934 -1.39458e+01 
  70    0.5693943 -1.39226e+01 
  71    0.5818624 -1.39146e+01 
  72    0.5946036 -1.39140e+01 
  73    0.6076237 -1.39209e+01 
  74    0.6209289 -1.39308e+01 
  75    0.6345255 -1.39446e+01 
  76    0.6484198 -1.39605e+01 
  77    0.6626183 -1.39774e+01 
  78    0.6771278 -1.39928e+01 
  79    0.6919549 -1.40051e+01 
  80    0.7071068 -1.40183e+01 
  81    0.7225904 -1.40336e+01 
  82    0.7384131 -1.40490e+01 
  83    0.7545822 -1.40612e+01 
  84    0.7711054 -1.40702e+01 
  85    0.7879904 -1.40808e+01 
  86    0.8052452 -1.40900e+01 
  87    0.8228777 -1.40972e+01 
  88    0.8408964 -1.41031e+01 
  89    0.8593096 -1.41074e+01 
  90    0.8781261 -1.41136e+01 
  91    0.8973545 -1.41244e+01 
  92    0.9170040 -1.41353e+01 
  93    0.9370838 -1.41450e+01 
  94    0.9576033 -1.41553e+01 
  95    0.9785721 -1.41669e+01 
  96    1.0000000 -1.41790e+01 
  97    1.0218971 -1.41912e+01 
  98    1.0442738 -1.42078e+01 
  99    1.0671404 -1.42275e+01 
 100    1.0905077 -1.42488e+01 
 101    1.1143867 -1.42659e+01 
 102    1.1387886 -1.42565e+01 
 103    1.1637249 -1.42461e+01 
 104    1.1892071 -1.42166e+01 
 105    1.2152474 -1.41915e+01 
 106    1.2418578 -1.41636e+01 
 107    1.2690510 -1.41412e+01 
 108    1.2968396 -1.41227e+01 
 109    1.3252366 -1.40921e+01 
 110    1.3542555 -1.40726e+01 
 111    1.3839099 -1.40468e+01 
 112    1.4142136 -1.40223e+01 
 113    1.4451808 -1.39959e+01 
 114    1.4768261 -1.39807e+01 
 115    1.5091644 -1.39762e+01 
 116    1.5422108 -1.39681e+01 
 117    1.5759808 -1.39585e+01 
 118    1.6104903 -1.39455e+01 
 119    1.6457555 -1.39271e+01 
 120    1.6817928 -1.39046e+01 
 121    1.7186193 -1.38781e+01 
 122    1.7562522 -1.38498e+01 
 123    1.7947091 -1.38210e+01 
 124    1.8340081 -1.37898e+01 
 125    1.8741676 -1.37552e+01 
 126    1.9152066 -1.37113e+01 
 127    1.9571441 -1.36544e+01 
 128    2.0000000 -1.35944e+01 
 129    2.0437943 -1.35135e+01 
 130    2.0885476 -1.34219e+01 
 131    2.1342808 -1.33235e+01 
 132    2.1810155 -1.32081e+01 
 133    2.2287735 -1.30838e+01 
 134    2.2775773 -1.29446e+01 
 135    2.3274497 -1.27970e+01 
 136    2.3784142 -1.26389e+01 
 137    2.4304947 -1.24689e+01 
 138    2.4837156 -1.22928e+01 
 139    2.5381019 -1.21056e+01 
 140    2.5936791 -1.19127e+01 
 141    2.6504733 -1.17037e+01 
 142    2.7085111 -1.14818e+01 
 143    2.7678198 -1.12532e+01 
 144    2.8284271 -1.10033e+01 
 145    2.8903616 -1.07386e+01 
 146    2.9536523 -1.04661e+01 
 147    3.0183289 -1.01794e+01 
 148    3.0844217 -9.88521e+00 
 149    3.1519617 -9.58832e+00 
 150    3.2209807 -9.27840e+00 
 151    3.2915110 -8.97691e+00 
 152    3.3635857 -8.68352e+00 
 153    3.4372386 -8.39101e+00 
 154    3.5125043 -8.12355e+00 
 155    3.5894182 -7.87256e+00 
 156    3.6680162 -7.63192e+00 
 157    3.7483353 -7.42552e+00 
 158    3.8304131 -7.23548e+00 
 159    3.9142882 -7.06141e+00 
 160    4.0000000 -6.91362e+00 
 161    4.0875886 -6.78062e+00 
 162    4.1770951 -6.66537e+00 
 163    4.2685616 -6.56692e+00 
 164    4.3620309 -6.47879e+00 
 165    4.4575470 -6.40088e+00 
 166    4.5551545 -6.33105e+00 
 167    4.6548994 -6.26667e+00 
 168    4.7568285 -6.20680e+00 
 169    4.8609894 -6.15017e+00 
 170    4.9674312 -6.09627e+00 
 171    5.0762038 -6.04428e+00 
 172    5.1873582 -5.99306e+00 
 173    5.3009466 -5.94277e+00 
 174    5.4170222 -5.89346e+00 
 175    5.5356395 -5.84458e+00 
 176    5.6568542 -5.79697e+00 
 177    5.7807232 -5.74954e+00 
 178    5.9073046 -5.70233e+00 
 179    6.0366577 -5.65611e+00 
 180    6.1688433 -5.61009e+00 
 181    6.3039234 -5.56410e+00 
 182    6.4419613 -5.51859e+00 
 183    6.5830219 -5.47350e+00 
 184    6.7271713 -5.42843e+00 
 185    6.8744772 -5.38390e+00 
 186    7.0250086 -5.33886e+00 
 187    7.1788363 -5.29314e+00 
 188    7.3360323 -5.24717e+00 
 189    7.4966705 -5.20140e+00 


# i-band (filter: i_LSST.dat)
   0    0.1250000 -1.44848e+01 
   1    0.1277371 -1.45055e+01 
   2    0.1305342 -1.45266e+01 
   3    0.1333926 -1.45482e+01 
   4    0.1363135 -1.45690e+01 
   5    0.1392983 -1.45893e+01 
   6    0.1423486 -1.46082e+01 
   7    0.1454656 -1.46265e+01 
   8    0.1486509 -1.46435e+01 
   9    0.1519059 -1.46608e+01 
  10    0.1552322 -1.46769e+01 
  11    0.1586314 -1.46933e+01 
  12    0.1621049 -1.47088e+01 
  13    0.1656546 -1.47247e+01 
  14    0.1692819 -1.47393e+01 
  15    0.1729887 -1.47540e+01 
  16    0.1767767 -1.47684e+01 
  17    0.1806476 -1.47821e+01 
  18    0.1846033 -1.47958e+01 
  19    0.1886456 -1.48082e+01 
  20    0.1927764 -1.48197e+01 
  21    0.1969976 -1.48302e+01 
  22    0.2013113 -1.48391e+01 
  23    0.2057194 -1.48455e+01 
  24    0.2102241 -1.48510e+01 
  25    0.2148274 -1.48523e+01 
  26    0.2195315 -1.48511e+01 
  27    0.2243386 -1.48481e+01 
  28    0.2292510 -1.48400e+01 
  29    0.2342710 -1.48281e+01 
  30    0.2394008 -1.48138e+01 
  31    0.2446430 -1.47948e+01 
  32    0.2500000 -1.47719e+01 
  33    0.2554743 -1.47463e+01 
  34    0.2610684 -1.47157e+01 
  35    0.2667851 -1.46822e+01 
  36    0.2726269 -1.46468e+01 
  37    0.2785967 -1.46090e+01 
  38    0.2846972 -1.45713e+01 
  39    0.2909312 -1.45335e+01 
  40    0.2973018 -1.44939e+01 
  41    0.3038118 -1.44576e+01 
  42    0.3104645 -1.44213e+01 
  43    0.3172627 -1.43861e+01 
  44    0.3242099 -1.43540e+01 
  45    0.3313092 -1.43231e+01 
  46    0.3385639 -1.42950e+01 
  47    0.3459775 -1.42701e+01 
  48    0.3535534 -1.42488e+01 
  49    0.3612952 -1.42293e+01 
  50    0.3692065 -1.42153e+01 
  51    0.3772911 -1.42059e+01 
  52    0.3855527 -1.41990e+01 
  53    0.3939952 -1.42004e+01 
  54    0.4026226 -1.42091e+01 
  55    0.4114389 -1.42212e+01 
  56    0.4204482 -1.42417e+01 
  57    0.4296548 -1.42649e+01 
  58    0.4390630 -1.42906e+01 
  59    0.4486773 -1.43223e+01 
  60    0.4585020 -1.43534e+01 
  61    0.4685419 -1.43841e+01 
  62    0.4788016 -1.44174e+01 
  63    0.4892860 -1.44496e+01 
  64    0.5000000 -1.44779e+01 
  65    0.5109486 -1.45031e+01 
  66    0.5221369 -1.45214e+01 
  67    0.5335702 -1.45348e+01 
  68    0.5452539 -1.45461e+01 
  69    0.5571934 -1.45532e+01 
  70    0.5693943 -1.45575e+01 
  71    0.5818624 -1.45581e+01 
  72    0.5946036 -1.45555e+01 
  73    0.6076237 -1.45516e+01 
  74    0.6209289 -1.45450e+01 
  75    0.6345255 -1.45349e+01 
  76    0.6484198 -1.45243e+01 
  77    0.6626183 -1.45133e+01 
  78    0.6771278 -1.45016e+01 
  79    0.6919549 -1.44890e+01 
  80    0.7071068 -1.44747e+01 
  81    0.7225904 -1.44594e+01 
  82    0.7384131 -1.44437e+01 
  83    0.7545822 -1.44260e+01 
  84    0.7711054 -1.44077e+01 
  85    0.7879904 -1.43882e+01 
  86    0.8052452 -1.43673e+01 
  87    0.8228777 -1.43457e+01 
  88    0.8408964 -1.43229e+01 
  89    0.8593096 -1.42996e+01 
  90    0.8781261 -1.42754e+01 
  91    0.8973545 -1.42504e+01 
  92    0.9170040 -1.42254e+01 
  93    0.9370838 -1.41994e+01 
  94    0.9576033 -1.41737e+01 
  95    0.9785721 -1.41474e+01 
  96    1.0000000 -1.41213e+01 
  97    1.0218971 -1.40936e+01 
  98    1.0442738 -1.40556e+01 
  99    1.0671404 -1.40132e+01 
 100    1.0905077 -1.39486e+01 
 101    1.1143867 -1.38699e+01 
 102    1.1387886 -1.37855e+01 
 103    1.1637249 -1.36970e+01 
 104    1.1892071 -1.36122e+01 
 105    1.2152474 -1.35338e+01 
 106    1.2418578 -1.34434e+01 
 107    1.2690510 -1.33723e+01 
 108    1.2968396 -1.33011e+01 
 109    1.3252366 -1.32307e+01 
 110    1.3542555 -1.31727e+01 
 111    1.3839099 -1.31215e+01 
 112    1.4142136 -1.30875e+01 
 113    1.4451808 -1.30587e+01 
 114    1.4768261 -1.30381e+01 
 115    1.5091644 -1.30221e+01 
 116    1.5422108 -1.30052e+01 
 117    1.5759808 -1.29875e+01 
 118    1.6104903 -1.29696e+01 
 119    1.6457555 -1.29512e+01 
 120    1.6817928 -1.29331e+01 
 121    1.7186193 -1.29138e+01 
 122    1.7562522 -1.28965e+01 
 123    1.7947091 -1.28811e+01 
 124    1.8340081 -1.28655e+01 
 125    1.8741676 -1.28505e+01 
 126    1.9152066 -1.28347e+01 
 127    1.9571441 -1.28166e+01 
 128    2.0000000 -1.27993e+01 
 129    2.0437943 -1.27780e+01 
 130    2.0885476 -1.27556e+01 
 131    2.1342808 -1.27332e+01 
 132    2.1810155 -1.27092e+01 
 133    2.2287735 -1.26864e+01 
 134    2.2775773 -1.26613e+01 
 135    2.3274497 -1.26400e+01 
 136    2.3784142 -1.26185e+01 
 137    2.4304947 -1.25958e+01 
 138    2.4837156 -1.25748e+01 
 139    2.5381019 -1.25520e+01 
 140    2.5936791 -1.25298e+01 
 141    2.6504733 -1.24983e+01 
 142    2.7085111 -1.24542e+01 
 143    2.7678198 -1.24060e+01 
 144    2.8284271 -1.23282e+01 
 145    2.8903616 -1.22265e+01 
 146    2.9536523 -1.21016e+01 
 147    3.0183289 -1.19608e+01 
 148    3.0844217 -1.17869e+01 
 149    3.1519617 -1.15920e+01 
 150    3.2209807 -1.13712e+01 
 151    3.2915110 -1.11260e+01 
 152    3.3635857 -1.08607e+01 
 153    3.4372386 -1.05737e+01 
 154    3.5125043 -1.02750e+01 
 155    3.5894182 -9.96690e+00 
 156    3.6680162 -9.64843e+00 
 157    3.7483353 -9.33739e+00 
 158    3.8304131 -9.03009e+00 
 159    3.9142882 -8.71915e+00 
 160    4.0000000 -8.43238e+00 
 161    4.0875886 -8.15952e+00 
 162    4.1770951 -7.89298e+00 
 163    4.2685616 -7.66026e+00 
 164    4.3620309 -7.44551e+00 
 165    4.4575470 -7.24447e+00 
 166    4.5551545 -7.07386e+00 
 167    4.6548994 -6.92235e+00 
 168    4.7568285 -6.78605e+00 
 169    4.8609894 -6.66857e+00 
 170    4.9674312 -6.56526e+00 
 171    5.0762038 -6.47464e+00 
 172    5.1873582 -6.39458e+00 
 173    5.3009466 -6.32181e+00 
 174    5.4170222 -6.25470e+00 
 175    5.5356395 -6.19158e+00 
 176    5.6568542 -6.13272e+00 
 177    5.7807232 -6.07570e+00 
 178    5.9073046 -6.02079e+00 
 179    6.0366577 -5.96631e+00 
 180    6.1688433 -5.91415e+00 
 181    6.3039234 -5.86225e+00 
 182    6.4419613 -5.81140e+00 
 183    6.5830219 -5.76144e+00 
 184    6.7271713 -5.71136e+00 
 185    6.8744772 -5.66207e+00 
 186    7.0250086 -5.61239e+00 
 187    7.1788363 -5.56246e+00 
 188    7.3360323 -5.51225e+00 
 189    7.4966705 -5.46253e+00 


# z-band (filter: z_LSST.dat)
   0    0.1250000 -1.41120e+01 
   1    0.1277371 -1.41318e+01 
   2    0.1305342 -1.41521e+01 
   3    0.1333926 -1.41728e+01 
   4    0.1363135 -1.41908e+01 
   5    0.1392983 -1.42086e+01 
   6    0.1423486 -1.42251e+01 
   7    0.1454656 -1.42414e+01 
   8    0.1486509 -1.42568e+01 
   9    0.1519059 -1.42711e+01 
  10    0.1552322 -1.42861e+01 
  11    0.1586314 -1.43010e+01 
  12    0.1621049 -1.43170e+01 
  13    0.1656546 -1.43326e+01 
  14    0.1692819 -1.43493e+01 
  15    0.1729887 -1.43660e+01 
  16    0.1767767 -1.43844e+01 
  17    0.1806476 -1.44029e+01 
  18    0.1846033 -1.44216e+01 
  19    0.1886456 -1.44389e+01 
  20    0.1927764 -1.44556e+01 
  21    0.1969976 -1.44734e+01 
  22    0.2013113 -1.44880e+01 
  23    0.2057194 -1.44993e+01 
  24    0.2102241 -1.45102e+01 
  25    0.2148274 -1.45163e+01 
  26    0.2195315 -1.45180e+01 
  27    0.2243386 -1.45174e+01 
  28    0.2292510 -1.45083e+01 
  29    0.2342710 -1.44926e+01 
  30    0.2394008 -1.44734e+01 
  31    0.2446430 -1.44436e+01 
  32    0.2500000 -1.44044e+01 
  33    0.2554743 -1.43600e+01 
  34    0.2610684 -1.43039e+01 
  35    0.2667851 -1.42418e+01 
  36    0.2726269 -1.41746e+01 
  37    0.2785967 -1.41008e+01 
  38    0.2846972 -1.40260e+01 
  39    0.2909312 -1.39501e+01 
  40    0.2973018 -1.38702e+01 
  41    0.3038118 -1.37952e+01 
  42    0.3104645 -1.37212e+01 
  43    0.3172627 -1.36484e+01 
  44    0.3242099 -1.35815e+01 
  45    0.3313092 -1.35178e+01 
  46    0.3385639 -1.34573e+01 
  47    0.3459775 -1.34009e+01 
  48    0.3535534 -1.33472e+01 
  49    0.3612952 -1.32961e+01 
  50    0.3692065 -1.32490e+01 
  51    0.3772911 -1.32024e+01 
  52    0.3855527 -1.31576e+01 
  53    0.3939952 -1.31165e+01 
  54    0.4026226 -1.30766e+01 
  55    0.4114389 -1.30372e+01 
  56    0.4204482 -1.30018e+01 
  57    0.4296548 -1.29692e+01 
  58    0.4390630 -1.29394e+01 
  59    0.4486773 -1.29117e+01 
  60    0.4585020 -1.28899e+01 
  61    0.4685419 -1.28718e+01 
  62    0.4788016 -1.28553e+01 
  63    0.4892860 -1.28456e+01 
  64    0.5000000 -1.28393e+01 
  65    0.5109486 -1.28368e+01 
  66    0.5221369 -1.28407e+01 
  67    0.5335702 -1.28497e+01 
  68    0.5452539 -1.28612e+01 
  69    0.5571934 -1.28790e+01 
  70    0.5693943 -1.29007e+01 
  71    0.5818624 -1.29260e+01 
  72    0.5946036 -1.29528e+01 
  73    0.6076237 -1.29834e+01 
  74    0.6209289 -1.30161e+01 
  75    0.6345255 -1.30486e+01 
  76    0.6484198 -1.30810e+01 
  77    0.6626183 -1.31139e+01 
  78    0.6771278 -1.31431e+01 
  79    0.6919549 -1.31705e+01 
  80    0.7071068 -1.31955e+01 
  81    0.7225904 -1.32191e+01 
  82    0.7384131 -1.32380e+01 
  83    0.7545822 -1.32534e+01 
  84    0.7711054 -1.32666e+01 
  85    0.7879904 -1.32749e+01 
  86    0.8052452 -1.32800e+01 
  87    0.8228777 -1.32817e+01 
  88    0.8408964 -1.32795e+01 
  89    0.8593096 -1.32747e+01 
  90    0.8781261 -1.32684e+01 
  91    0.8973545 -1.32588e+01 
  92    0.9170040 -1.32486e+01 
  93    0.9370838 -1.32366e+01 
  94    0.9576033 -1.32229e+01 
  95    0.9785721 -1.32087e+01 
  96    1.0000000 -1.31935e+01 
  97    1.0218971 -1.31769e+01 
  98    1.0442738 -1.31494e+01 
  99    1.0671404 -1.31184e+01 
 100    1.0905077 -1.30707e+01 
 101    1.1143867 -1.30154e+01 
 102    1.1387886 -1.29609e+01 
 103    1.1637249 -1.29015e+01 
 104    1.1892071 -1.28476e+01 
 105    1.2152474 -1.27968e+01 
 106    1.2418578 -1.27388e+01 
 107    1.2690510 -1.26939e+01 
 108    1.2968396 -1.26484e+01 
 109    1.3252366 -1.26059e+01 
 110    1.3542555 -1.25714e+01 
 111    1.3839099 -1.25436e+01 
 112    1.4142136 -1.25263e+01 
 113    1.4451808 -1.25128e+01 
 114    1.4768261 -1.25029e+01 
 115    1.5091644 -1.24950e+01 
 116    1.5422108 -1.24858e+01 
 117    1.5759808 -1.24766e+01 
 118    1.6104903 -1.24668e+01 
 119    1.6457555 -1.24556e+01 
 120    1.6817928 -1.24443e+01 
 121    1.7186193 -1.24325e+01 
 122    1.7562522 -1.24204e+01 
 123    1.7947091 -1.24088e+01 
 124    1.8340081 -1.23951e+01 
 125    1.8741676 -1.23807e+01 
 126    1.9152066 -1.23631e+01 
 127    1.9571441 -1.23412e+01 
 128    2.0000000 -1.23190e+01 
 129    2.0437943 -1.22895e+01 
 130    2.0885476 -1.22569e+01 
 131    2.1342808 -1.22216e+01 
 132    2.1810155 -1.21828e+01 
 133    2.2287735 -1.21435e+01 
 134    2.2775773 -1.21007e+01 
 135    2.3274497 -1.20607e+01 
 136    2.3784142 -1.20243e+01 
 137    2.4304947 -1.19861e+01 
 138    2.4837156 -1.19567e+01 
 139    2.5381019 -1.19317e+01 
 140    2.5936791 -1.19098e+01 
 141    2.6504733 -1.18951e+01 
 142    2.7085111 -1.18825e+01 
 143    2.7678198 -1.18737e+01 
 144    2.8284271 -1.18602e+01 
 145    2.8903616 -1.18361e+01 
 146    2.9536523 -1.17984e+01 
 147    3.0183289 -1.17576e+01 
 148    3.0844217 -1.16907e+01 
 149    3.1519617 -1.16098e+01 
 150    3.2209807 -1.15158e+01 
 151    3.2915110 -1.13964e+01 
 152    3.3635857 -1.12544e+01 
 153    3.4372386 -1.10892e+01 
 154    3.5125043 -1.08956e+01 
 155    3.5894182 -1.06783e+01 
 156    3.6680162 -1.04442e+01 
 157    3.7483353 -1.01910e+01 
 158    3.8304131 -9.92648e+00 
 159    3.9142882 -9.64635e+00 
 160    4.0000000 -9.35765e+00 
 161    4.0875886 -9.05817e+00 
 162    4.1770951 -8.74816e+00 
 163    4.2685616 -8.44474e+00 
 164    4.3620309 -8.14660e+00 
 165    4.4575470 -7.84844e+00 
 166    4.5551545 -7.57791e+00 
 167    4.6548994 -7.32138e+00 
 168    4.7568285 -7.06825e+00 
 169    4.8609894 -6.84825e+00 
 170    4.9674312 -6.64380e+00 
 171    5.0762038 -6.45661e+00 
 172    5.1873582 -6.28854e+00 
 173    5.3009466 -6.14414e+00 
 174    5.4170222 -6.01509e+00 
 175    5.5356395 -5.90073e+00 
 176    5.6568542 -5.80009e+00 
 177    5.7807232 -5.70931e+00 
 178    5.9073046 -5.62729e+00 
 179    6.0366577 -5.55219e+00 
 180    6.1688433 -5.48338e+00 
 181    6.3039234 -5.41734e+00 
 182    6.4419613 -5.35523e+00 
 183    6.5830219 -5.29592e+00 
 184    6.7271713 -5.23763e+00 
 185    6.8744772 -5.18108e+00 
 186    7.0250086 -5.12418e+00 
 187    7.1788363 -5.06719e+00 
 188    7.3360323 -5.01022e+00 
 189    7.4966705 -4.95442e+00 


# y-band (filter: y_LSST.dat)
   0    0.1250000 -1.38418e+01 
   1    0.1277371 -1.38612e+01 
   2    0.1305342 -1.38809e+01 
   3    0.1333926 -1.39011e+01 
   4    0.1363135 -1.39209e+01 
   5    0.1392983 -1.39393e+01 
   6    0.1423486 -1.39557e+01 
   7    0.1454656 -1.39721e+01 
   8    0.1486509 -1.39881e+01 
   9    0.1519059 -1.40055e+01 
  10    0.1552322 -1.40223e+01 
  11    0.1586314 -1.40400e+01 
  12    0.1621049 -1.40596e+01 
  13    0.1656546 -1.40784e+01 
  14    0.1692819 -1.40981e+01 
  15    0.1729887 -1.41194e+01 
  16    0.1767767 -1.41428e+01 
  17    0.1806476 -1.41671e+01 
  18    0.1846033 -1.41923e+01 
  19    0.1886456 -1.42187e+01 
  20    0.1927764 -1.42451e+01 
  21    0.1969976 -1.42729e+01 
  22    0.2013113 -1.42996e+01 
  23    0.2057194 -1.43256e+01 
  24    0.2102241 -1.43528e+01 
  25    0.2148274 -1.43787e+01 
  26    0.2195315 -1.44047e+01 
  27    0.2243386 -1.44294e+01 
  28    0.2292510 -1.44513e+01 
  29    0.2342710 -1.44711e+01 
  30    0.2394008 -1.44893e+01 
  31    0.2446430 -1.45016e+01 
  32    0.2500000 -1.45111e+01 
  33    0.2554743 -1.45187e+01 
  34    0.2610684 -1.45212e+01 
  35    0.2667851 -1.45198e+01 
  36    0.2726269 -1.45135e+01 
  37    0.2785967 -1.45027e+01 
  38    0.2846972 -1.44854e+01 
  39    0.2909312 -1.44633e+01 
  40    0.2973018 -1.44377e+01 
  41    0.3038118 -1.44057e+01 
  42    0.3104645 -1.43688e+01 
  43    0.3172627 -1.43281e+01 
  44    0.3242099 -1.42831e+01 
  45    0.3313092 -1.42340e+01 
  46    0.3385639 -1.41806e+01 
  47    0.3459775 -1.41242e+01 
  48    0.3535534 -1.40661e+01 
  49    0.3612952 -1.40063e+01 
  50    0.3692065 -1.39457e+01 
  51    0.3772911 -1.38856e+01 
  52    0.3855527 -1.38238e+01 
  53    0.3939952 -1.37655e+01 
  54    0.4026226 -1.37084e+01 
  55    0.4114389 -1.36517e+01 
  56    0.4204482 -1.35984e+01 
  57    0.4296548 -1.35477e+01 
  58    0.4390630 -1.34994e+01 
  59    0.4486773 -1.34532e+01 
  60    0.4585020 -1.34106e+01 
  61    0.4685419 -1.33682e+01 
  62    0.4788016 -1.33295e+01 
  63    0.4892860 -1.32921e+01 
  64    0.5000000 -1.32572e+01 
  65    0.5109486 -1.32229e+01 
  66    0.5221369 -1.31912e+01 
  67    0.5335702 -1.31604e+01 
  68    0.5452539 -1.31302e+01 
  69    0.5571934 -1.31018e+01 
  70    0.5693943 -1.30734e+01 
  71    0.5818624 -1.30449e+01 
  72    0.5946036 -1.30174e+01 
  73    0.6076237 -1.29921e+01 
  74    0.6209289 -1.29652e+01 
  75    0.6345255 -1.29409e+01 
  76    0.6484198 -1.29172e+01 
  77    0.6626183 -1.28946e+01 
  78    0.6771278 -1.28739e+01 
  79    0.6919549 -1.28552e+01 
  80    0.7071068 -1.28385e+01 
  81    0.7225904 -1.28238e+01 
  82    0.7384131 -1.28140e+01 
  83    0.7545822 -1.28066e+01 
  84    0.7711054 -1.28015e+01 
  85    0.7879904 -1.28021e+01 
  86    0.8052452 -1.28060e+01 
  87    0.8228777 -1.28127e+01 
  88    0.8408964 -1.28257e+01 
  89    0.8593096 -1.28432e+01 
  90    0.8781261 -1.28636e+01 
  91    0.8973545 -1.28881e+01 
  92    0.9170040 -1.29160e+01 
  93    0.9370838 -1.29474e+01 
  94    0.9576033 -1.29820e+01 
  95    0.9785721 -1.30188e+01 
  96    1.0000000 -1.30583e+01 
  97    1.0218971 -1.30982e+01 
  98    1.0442738 -1.31392e+01 
  99    1.0671404 -1.31819e+01 
 100    1.0905077 -1.32233e+01 
 101    1.1143867 -1.32649e+01 
 102    1.1387886 -1.33064e+01 
 103    1.1637249 -1.33484e+01 
 104    1.1892071 -1.33873e+01 
 105    1.2152474 -1.34240e+01 
 106    1.2418578 -1.34595e+01 
 107    1.2690510 -1.34903e+01 
 108    1.2968396 -1.35188e+01 
 109    1.3252366 -1.35457e+01 
 110    1.3542555 -1.35674e+01 
 111    1.3839099 -1.35864e+01 
 112    1.4142136 -1.36032e+01 
 113    1.4451808 -1.36145e+01 
 114    1.4768261 -1.36234e+01 
 115    1.5091644 -1.36289e+01 
 116    1.5422108 -1.36313e+01 
 117    1.5759808 -1.36309e+01 
 118    1.6104903 -1.36288e+01 
 119    1.6457555 -1.36241e+01 
 120    1.6817928 -1.36171e+01 
 121    1.7186193 -1.36086e+01 
 122    1.7562522 -1.35983e+01 
 123    1.7947091 -1.35844e+01 
 124    1.8340081 -1.35674e+01 
 125    1.8741676 -1.35480e+01 
 126    1.9152066 -1.35197e+01 
 127    1.9571441 -1.34820e+01 
 128    2.0000000 -1.34394e+01 
 129    2.0437943 -1.33764e+01 
 130    2.0885476 -1.32965e+01 
 131    2.1342808 -1.32072e+01 
 132    2.1810155 -1.30882e+01 
 133    2.2287735 -1.29482e+01 
 134    2.2775773 -1.27919e+01 
 135    2.3274497 -1.26062e+01 
 136    2.3784142 -1.24022e+01 
 137    2.4304947 -1.21797e+01 
 138    2.4837156 -1.19454e+01 
 139    2.5381019 -1.17088e+01 
 140    2.5936791 -1.14595e+01 
 141    2.6504733 -1.12305e+01 
 142    2.7085111 -1.10162e+01 
 143    2.7678198 -1.08008e+01 
 144    2.8284271 -1.06257e+01 
 145    2.8903616 -1.04690e+01 
 146    2.9536523 -1.03304e+01 
 147    3.0183289 -1.02131e+01 
 148    3.0844217 -1.01149e+01 
 149    3.1519617 -1.00314e+01 
 150    3.2209807 -9.96633e+00 
 151    3.2915110 -9.90034e+00 
 152    3.3635857 -9.83612e+00 
 153    3.4372386 -9.77308e+00 
 154    3.5125043 -9.69068e+00 
 155    3.5894182 -9.59645e+00 
 156    3.6680162 -9.49240e+00 
 157    3.7483353 -9.36378e+00 
 158    3.8304131 -9.21965e+00 
 159    3.9142882 -9.05986e+00 
 160    4.0000000 -8.88434e+00 
 161    4.0875886 -8.68796e+00 
 162    4.1770951 -8.47605e+00 
 163    4.2685616 -8.24298e+00 
 164    4.3620309 -8.00239e+00 
 165    4.4575470 -7.75144e+00 
 166    4.5551545 -7.50226e+00 
 167    4.6548994 -7.25253e+00 
 168    4.7568285 -6.99202e+00 
 169    4.8609894 -6.74669e+00 
 170    4.9674312 -6.50992e+00 
 171    5.0762038 -6.27854e+00 
 172    5.1873582 -6.05456e+00 
 173    5.3009466 -5.84910e+00 
 174    5.4170222 -5.65708e+00 
 175    5.5356395 -5.47910e+00 
 176    5.6568542 -5.31894e+00 
 177    5.7807232 -5.16904e+00 
 178    5.9073046 -5.03225e+00 
 179    6.0366577 -4.90839e+00 
 180    6.1688433 -4.79952e+00 
 181    6.3039234 -4.69380e+00 
 182    6.4419613 -4.59835e+00 
 183    6.5830219 -4.51053e+00 
 184    6.7271713 -4.42644e+00 
 185    6.8744772 -4.34874e+00 
 186    7.0250086 -4.27211e+00 
 187    7.1788363 -4.19766e+00 
 188    7.3360323 -4.12498e+00 
 189    7.4966705 -4.05496e+00 


# J-band (filter: J_2MASS.dat)
   0    0.1250000 -1.32688e+01 
   1    0.1277371 -1.32815e+01 
   2    0.1305342 -1.32944e+01 
   3    0.1333926 -1.33077e+01 
   4    0.1363135 -1.33196e+01 
   5    0.1392983 -1.33257e+01 
   6    0.1423486 -1.33328e+01 
   7    0.1454656 -1.33370e+01 
   8    0.1486509 -1.33356e+01 
   9    0.1519059 -1.33355e+01 
  10    0.1552322 -1.33406e+01 
  11    0.1586314 -1.33474e+01 
  12    0.1621049 -1.33585e+01 
  13    0.1656546 -1.33755e+01 
  14    0.1692819 -1.33934e+01 
  15    0.1729887 -1.34159e+01 
  16    0.1767767 -1.34397e+01 
  17    0.1806476 -1.34662e+01 
  18    0.1846033 -1.34946e+01 
  19    0.1886456 -1.35260e+01 
  20    0.1927764 -1.35588e+01 
  21    0.1969976 -1.35931e+01 
  22    0.2013113 -1.36278e+01 
  23    0.2057194 -1.36644e+01 
  24    0.2102241 -1.37019e+01 
  25    0.2148274 -1.37406e+01 
  26    0.2195315 -1.37768e+01 
  27    0.2243386 -1.38149e+01 
  28    0.2292510 -1.38530e+01 
  29    0.2342710 -1.38912e+01 
  30    0.2394008 -1.39292e+01 
  31    0.2446430 -1.39672e+01 
  32    0.2500000 -1.40060e+01 
  33    0.2554743 -1.40443e+01 
  34    0.2610684 -1.40808e+01 
  35    0.2667851 -1.41187e+01 
  36    0.2726269 -1.41545e+01 
  37    0.2785967 -1.41909e+01 
  38    0.2846972 -1.42276e+01 
  39    0.2909312 -1.42632e+01 
  40    0.2973018 -1.42990e+01 
  41    0.3038118 -1.43330e+01 
  42    0.3104645 -1.43659e+01 
  43    0.3172627 -1.43981e+01 
  44    0.3242099 -1.44267e+01 
  45    0.3313092 -1.44544e+01 
  46    0.3385639 -1.44815e+01 
  47    0.3459775 -1.45049e+01 
  48    0.3535534 -1.45272e+01 
  49    0.3612952 -1.45478e+01 
  50    0.3692065 -1.45659e+01 
  51    0.3772911 -1.45808e+01 
  52    0.3855527 -1.45944e+01 
  53    0.3939952 -1.46044e+01 
  54    0.4026226 -1.46118e+01 
  55    0.4114389 -1.46177e+01 
  56    0.4204482 -1.46201e+01 
  57    0.4296548 -1.46194e+01 
  58    0.4390630 -1.46163e+01 
  59    0.4486773 -1.46109e+01 
  60    0.4585020 -1.46023e+01 
  61    0.4685419 -1.45911e+01 
  62    0.4788016 -1.45783e+01 
  63    0.4892860 -1.45640e+01 
  64    0.5000000 -1.45475e+01 
  65    0.5109486 -1.45293e+01 
  66    0.5221369 -1.45101e+01 
  67    0.5335702 -1.44903e+01 
  68    0.5452539 -1.44693e+01 
  69    0.5571934 -1.44481e+01 
  70    0.5693943 -1.44252e+01 
  71    0.5818624 -1.44023e+01 
  72    0.5946036 -1.43805e+01 
  73    0.6076237 -1.43598e+01 
  74    0.6209289 -1.43378e+01 
  75    0.6345255 -1.43168e+01 
  76    0.6484198 -1.42965e+01 
  77    0.6626183 -1.42765e+01 
  78    0.6771278 -1.42579e+01 
  79    0.6919549 -1.42394e+01 
  80    0.7071068 -1.42218e+01 
  81    0.7225904 -1.42055e+01 
  82    0.7384131 -1.41912e+01 
  83    0.7545822 -1.41778e+01 
  84    0.7711054 -1.41647e+01 
  85    0.7879904 -1.41538e+01 
  86    0.8052452 -1.41436e+01 
  87    0.8228777 -1.41347e+01 
  88    0.8408964 -1.41279e+01 
  89    0.8593096 -1.41226e+01 
  90    0.8781261 -1.41185e+01 
  91    0.8973545 -1.41174e+01 
  92    0.9170040 -1.41178e+01 
  93    0.9370838 -1.41197e+01 
  94    0.9576033 -1.41252e+01 
  95    0.9785721 -1.41321e+01 
  96    1.0000000 -1.41412e+01 
  97    1.0218971 -1.41525e+01 
  98    1.0442738 -1.41650e+01 
  99    1.0671404 -1.41785e+01 
 100    1.0905077 -1.41923e+01 
 101    1.1143867 -1.42071e+01 
 102    1.1387886 -1.42223e+01 
 103    1.1637249 -1.42386e+01 
 104    1.1892071 -1.42560e+01 
 105    1.2152474 -1.42736e+01 
 106    1.2418578 -1.42912e+01 
 107    1.2690510 -1.43100e+01 
 108    1.2968396 -1.43286e+01 
 109    1.3252366 -1.43474e+01 
 110    1.3542555 -1.43667e+01 
 111    1.3839099 -1.43858e+01 
 112    1.4142136 -1.44057e+01 
 113    1.4451808 -1.44246e+01 
 114    1.4768261 -1.44433e+01 
 115    1.5091644 -1.44616e+01 
 116    1.5422108 -1.44779e+01 
 117    1.5759808 -1.44929e+01 
 118    1.6104903 -1.45069e+01 
 119    1.6457555 -1.45187e+01 
 120    1.6817928 -1.45296e+01 
 121    1.7186193 -1.45393e+01 
 122    1.7562522 -1.45484e+01 
 123    1.7947091 -1.45571e+01 
 124    1.8340081 -1.45660e+01 
 125    1.8741676 -1.45744e+01 
 126    1.9152066 -1.45843e+01 
 127    1.9571441 -1.45946e+01 
 128    2.0000000 -1.46053e+01 
 129    2.0437943 -1.46164e+01 
 130    2.0885476 -1.46267e+01 
 131    2.1342808 -1.46372e+01 
 132    2.1810155 -1.46437e+01 
 133    2.2287735 -1.46464e+01 
 134    2.2775773 -1.46479e+01 
 135    2.3274497 -1.46391e+01 
 136    2.3784142 -1.46225e+01 
 137    2.4304947 -1.46008e+01 
 138    2.4837156 -1.45622e+01 
 139    2.5381019 -1.45098e+01 
 140    2.5936791 -1.44479e+01 
 141    2.6504733 -1.43599e+01 
 142    2.7085111 -1.42505e+01 
 143    2.7678198 -1.41272e+01 
 144    2.8284271 -1.39672e+01 
 145    2.8903616 -1.37786e+01 
 146    2.9536523 -1.35593e+01 
 147    3.0183289 -1.33158e+01 
 148    3.0844217 -1.30298e+01 
 149    3.1519617 -1.27155e+01 
 150    3.2209807 -1.23725e+01 
 151    3.2915110 -1.20016e+01 
 152    3.3635857 -1.16137e+01 
 153    3.4372386 -1.12024e+01 
 154    3.5125043 -1.07981e+01 
 155    3.5894182 -1.04006e+01 
 156    3.6680162 -9.99345e+00 
 157    3.7483353 -9.62776e+00 
 158    3.8304131 -9.28166e+00 
 159    3.9142882 -8.94521e+00 
 160    4.0000000 -8.65588e+00 
 161    4.0875886 -8.39070e+00 
 162    4.1770951 -8.15274e+00 
 163    4.2685616 -7.94727e+00 
 164    4.3620309 -7.76469e+00 
 165    4.4575470 -7.60533e+00 
 166    4.5551545 -7.46344e+00 
 167    4.6548994 -7.33427e+00 
 168    4.7568285 -7.21502e+00 
 169    4.8609894 -7.10197e+00 
 170    4.9674312 -6.99401e+00 
 171    5.0762038 -6.88900e+00 
 172    5.1873582 -6.78544e+00 
 173    5.3009466 -6.68233e+00 
 174    5.4170222 -6.57840e+00 
 175    5.5356395 -6.47446e+00 
 176    5.6568542 -6.36930e+00 
 177    5.7807232 -6.26280e+00 
 178    5.9073046 -6.15433e+00 
 179    6.0366577 -6.04417e+00 
 180    6.1688433 -5.93202e+00 
 181    6.3039234 -5.81735e+00 
 182    6.4419613 -5.70036e+00 
 183    6.5830219 -5.58099e+00 
 184    6.7271713 -5.45874e+00 
 185    6.8744772 -5.33368e+00 
 186    7.0250086 -5.20603e+00 
 187    7.1788363 -5.07555e+00 
 188    7.3360323 -4.94208e+00 
 189    7.4966705 -4.80529e+00 


# H-band (filter: H_2MASS.dat)
   0    0.1250000 -1.32719e+01 
   1    0.1277371 -1.32479e+01 
   2    0.1305342 -1.32234e+01 
   3    0.1333926 -1.31983e+01 
   4    0.1363135 -1.31648e+01 
   5    0.1392983 -1.31243e+01 
   6    0.1423486 -1.30704e+01 
   7    0.1454656 -1.30171e+01 
   8    0.1486509 -1.29549e+01 
   9    0.1519059 -1.29015e+01 
  10    0.1552322 -1.28487e+01 
  11    0.1586314 -1.27953e+01 
  12    0.1621049 -1.27535e+01 
  13    0.1656546 -1.27215e+01 
  14    0.1692819 -1.26960e+01 
  15    0.1729887 -1.26807e+01 
  16    0.1767767 -1.26703e+01 
  17    0.1806476 -1.26742e+01 
  18    0.1846033 -1.26839e+01 
  19    0.1886456 -1.26992e+01 
  20    0.1927764 -1.27187e+01 
  21    0.1969976 -1.27488e+01 
  22    0.2013113 -1.27841e+01 
  23    0.2057194 -1.28194e+01 
  24    0.2102241 -1.28573e+01 
  25    0.2148274 -1.28977e+01 
  26    0.2195315 -1.29379e+01 
  27    0.2243386 -1.29803e+01 
  28    0.2292510 -1.30267e+01 
  29    0.2342710 -1.30714e+01 
  30    0.2394008 -1.31160e+01 
  31    0.2446430 -1.31628e+01 
  32    0.2500000 -1.32092e+01 
  33    0.2554743 -1.32507e+01 
  34    0.2610684 -1.32891e+01 
  35    0.2667851 -1.33289e+01 
  36    0.2726269 -1.33645e+01 
  37    0.2785967 -1.33982e+01 
  38    0.2846972 -1.34289e+01 
  39    0.2909312 -1.34488e+01 
  40    0.2973018 -1.34696e+01 
  41    0.3038118 -1.34837e+01 
  42    0.3104645 -1.34930e+01 
  43    0.3172627 -1.34980e+01 
  44    0.3242099 -1.34985e+01 
  45    0.3313092 -1.34958e+01 
  46    0.3385639 -1.34889e+01 
  47    0.3459775 -1.34777e+01 
  48    0.3535534 -1.34655e+01 
  49    0.3612952 -1.34509e+01 
  50    0.3692065 -1.34370e+01 
  51    0.3772911 -1.34281e+01 
  52    0.3855527 -1.34159e+01 
  53    0.3939952 -1.34089e+01 
  54    0.4026226 -1.34071e+01 
  55    0.4114389 -1.34078e+01 
  56    0.4204482 -1.34142e+01 
  57    0.4296548 -1.34264e+01 
  58    0.4390630 -1.34423e+01 
  59    0.4486773 -1.34642e+01 
  60    0.4585020 -1.34911e+01 
  61    0.4685419 -1.35227e+01 
  62    0.4788016 -1.35580e+01 
  63    0.4892860 -1.35944e+01 
  64    0.5000000 -1.36340e+01 
  65    0.5109486 -1.36750e+01 
  66    0.5221369 -1.37154e+01 
  67    0.5335702 -1.37550e+01 
  68    0.5452539 -1.37955e+01 
  69    0.5571934 -1.38316e+01 
  70    0.5693943 -1.38655e+01 
  71    0.5818624 -1.38980e+01 
  72    0.5946036 -1.39253e+01 
  73    0.6076237 -1.39493e+01 
  74    0.6209289 -1.39715e+01 
  75    0.6345255 -1.39892e+01 
  76    0.6484198 -1.40029e+01 
  77    0.6626183 -1.40140e+01 
  78    0.6771278 -1.40187e+01 
  79    0.6919549 -1.40197e+01 
  80    0.7071068 -1.40183e+01 
  81    0.7225904 -1.40145e+01 
  82    0.7384131 -1.40078e+01 
  83    0.7545822 -1.39991e+01 
  84    0.7711054 -1.39877e+01 
  85    0.7879904 -1.39758e+01 
  86    0.8052452 -1.39626e+01 
  87    0.8228777 -1.39473e+01 
  88    0.8408964 -1.39325e+01 
  89    0.8593096 -1.39180e+01 
  90    0.8781261 -1.39039e+01 
  91    0.8973545 -1.38905e+01 
  92    0.9170040 -1.38779e+01 
  93    0.9370838 -1.38655e+01 
  94    0.9576033 -1.38542e+01 
  95    0.9785721 -1.38444e+01 
  96    1.0000000 -1.38363e+01 
  97    1.0218971 -1.38295e+01 
  98    1.0442738 -1.38242e+01 
  99    1.0671404 -1.38201e+01 
 100    1.0905077 -1.38176e+01 
 101    1.1143867 -1.38163e+01 
 102    1.1387886 -1.38162e+01 
 103    1.1637249 -1.38183e+01 
 104    1.1892071 -1.38215e+01 
 105    1.2152474 -1.38275e+01 
 106    1.2418578 -1.38345e+01 
 107    1.2690510 -1.38443e+01 
 108    1.2968396 -1.38550e+01 
 109    1.3252366 -1.38672e+01 
 110    1.3542555 -1.38811e+01 
 111    1.3839099 -1.38961e+01 
 112    1.4142136 -1.39130e+01 
 113    1.4451808 -1.39310e+01 
 114    1.4768261 -1.39498e+01 
 115    1.5091644 -1.39688e+01 
 116    1.5422108 -1.39882e+01 
 117    1.5759808 -1.40073e+01 
 118    1.6104903 -1.40263e+01 
 119    1.6457555 -1.40440e+01 
 120    1.6817928 -1.40608e+01 
 121    1.7186193 -1.40775e+01 
 122    1.7562522 -1.40922e+01 
 123    1.7947091 -1.41060e+01 
 124    1.8340081 -1.41178e+01 
 125    1.8741676 -1.41287e+01 
 126    1.9152066 -1.41379e+01 
 127    1.9571441 -1.41456e+01 
 128    2.0000000 -1.41515e+01 
 129    2.0437943 -1.41546e+01 
 130    2.0885476 -1.41565e+01 
 131    2.1342808 -1.41570e+01 
 132    2.1810155 -1.41548e+01 
 133    2.2287735 -1.41514e+01 
 134    2.2775773 -1.41462e+01 
 135    2.3274497 -1.41397e+01 
 136    2.3784142 -1.41325e+01 
 137    2.4304947 -1.41242e+01 
 138    2.4837156 -1.41156e+01 
 139    2.5381019 -1.41077e+01 
 140    2.5936791 -1.40989e+01 
 141    2.6504733 -1.40901e+01 
 142    2.7085111 -1.40780e+01 
 143    2.7678198 -1.40648e+01 
 144    2.8284271 -1.40418e+01 
 145    2.8903616 -1.40042e+01 
 146    2.9536523 -1.39501e+01 
 147    3.0183289 -1.38902e+01 
 148    3.0844217 -1.38010e+01 
 149    3.1519617 -1.36933e+01 
 150    3.2209807 -1.35698e+01 
 151    3.2915110 -1.34133e+01 
 152    3.3635857 -1.32309e+01 
 153    3.4372386 -1.30232e+01 
 154    3.5125043 -1.27806e+01 
 155    3.5894182 -1.25086e+01 
 156    3.6680162 -1.22130e+01 
 157    3.7483353 -1.18872e+01 
 158    3.8304131 -1.15420e+01 
 159    3.9142882 -1.11774e+01 
 160    4.0000000 -1.07996e+01 
 161    4.0875886 -1.04161e+01 
 162    4.1770951 -1.00212e+01 
 163    4.2685616 -9.65028e+00 
 164    4.3620309 -9.29035e+00 
 165    4.4575470 -8.92766e+00 
 166    4.5551545 -8.60227e+00 
 167    4.6548994 -8.28966e+00 
 168    4.7568285 -7.99313e+00 
 169    4.8609894 -7.73078e+00 
 170    4.9674312 -7.49235e+00 
 171    5.0762038 -7.27389e+00 
 172    5.1873582 -7.07763e+00 
 173    5.3009466 -6.90296e+00 
 174    5.4170222 -6.73885e+00 
 175    5.5356395 -6.58882e+00 
 176    5.6568542 -6.44911e+00 
 177    5.7807232 -6.31759e+00 
 178    5.9073046 -6.19359e+00 
 179    6.0366577 -6.07708e+00 
 180    6.1688433 -5.96315e+00 
 181    6.3039234 -5.85129e+00 
 182    6.4419613 -5.73967e+00 
 183    6.5830219 -5.62941e+00 
 184    6.7271713 -5.51943e+00 
 185    6.8744772 -5.40839e+00 
 186    7.0250086 -5.29613e+00 
 187    7.1788363 -5.18121e+00 
 188    7.3360323 -5.06450e+00 
 189    7.4966705 -4.94615e+00 


# K-band (filter: Ks_mosfire.dat)
   0    0.1250000 -1.26833e+01 
   1    0.1277371 -1.26736e+01 
   2    0.1305342 -1.26638e+01 
   3    0.1333926 -1.26537e+01 
   4    0.1363135 -1.26347e+01 
   5    0.1392983 -1.25927e+01 
   6    0.1423486 -1.25421e+01 
   7    0.1454656 -1.24894e+01 
   8    0.1486509 -1.24311e+01 
   9    0.1519059 -1.23698e+01 
  10    0.1552322 -1.23072e+01 
  11    0.1586314 -1.22429e+01 
  12    0.1621049 -1.21780e+01 
  13    0.1656546 -1.21209e+01 
  14    0.1692819 -1.20738e+01 
  15    0.1729887 -1.20300e+01 
  16    0.1767767 -1.20020e+01 
  17    0.1806476 -1.19819e+01 
  18    0.1846033 -1.19648e+01 
  19    0.1886456 -1.19570e+01 
  20    0.1927764 -1.19495e+01 
  21    0.1969976 -1.19547e+01 
  22    0.2013113 -1.19602e+01 
  23    0.2057194 -1.19666e+01 
  24    0.2102241 -1.19822e+01 
  25    0.2148274 -1.20031e+01 
  26    0.2195315 -1.20300e+01 
  27    0.2243386 -1.20589e+01 
  28    0.2292510 -1.20810e+01 
  29    0.2342710 -1.21135e+01 
  30    0.2394008 -1.21437e+01 
  31    0.2446430 -1.21719e+01 
  32    0.2500000 -1.22010e+01 
  33    0.2554743 -1.22274e+01 
  34    0.2610684 -1.22582e+01 
  35    0.2667851 -1.22853e+01 
  36    0.2726269 -1.23109e+01 
  37    0.2785967 -1.23360e+01 
  38    0.2846972 -1.23541e+01 
  39    0.2909312 -1.23730e+01 
  40    0.2973018 -1.23859e+01 
  41    0.3038118 -1.23915e+01 
  42    0.3104645 -1.23910e+01 
  43    0.3172627 -1.23890e+01 
  44    0.3242099 -1.23806e+01 
  45    0.3313092 -1.23709e+01 
  46    0.3385639 -1.23520e+01 
  47    0.3459775 -1.23355e+01 
  48    0.3535534 -1.23122e+01 
  49    0.3612952 -1.22834e+01 
  50    0.3692065 -1.22521e+01 
  51    0.3772911 -1.22225e+01 
  52    0.3855527 -1.21904e+01 
  53    0.3939952 -1.21661e+01 
  54    0.4026226 -1.21442e+01 
  55    0.4114389 -1.21226e+01 
  56    0.4204482 -1.21041e+01 
  57    0.4296548 -1.20910e+01 
  58    0.4390630 -1.20842e+01 
  59    0.4486773 -1.20802e+01 
  60    0.4585020 -1.20874e+01 
  61    0.4685419 -1.21011e+01 
  62    0.4788016 -1.21227e+01 
  63    0.4892860 -1.21515e+01 
  64    0.5000000 -1.21850e+01 
  65    0.5109486 -1.22215e+01 
  66    0.5221369 -1.22640e+01 
  67    0.5335702 -1.23104e+01 
  68    0.5452539 -1.23632e+01 
  69    0.5571934 -1.24133e+01 
  70    0.5693943 -1.24681e+01 
  71    0.5818624 -1.25222e+01 
  72    0.5946036 -1.25730e+01 
  73    0.6076237 -1.26185e+01 
  74    0.6209289 -1.26639e+01 
  75    0.6345255 -1.26992e+01 
  76    0.6484198 -1.27278e+01 
  77    0.6626183 -1.27531e+01 
  78    0.6771278 -1.27657e+01 
  79    0.6919549 -1.27709e+01 
  80    0.7071068 -1.27681e+01 
  81    0.7225904 -1.27592e+01 
  82    0.7384131 -1.27369e+01 
  83    0.7545822 -1.27076e+01 
  84    0.7711054 -1.26710e+01 
  85    0.7879904 -1.26279e+01 
  86    0.8052452 -1.25782e+01 
  87    0.8228777 -1.25233e+01 
  88    0.8408964 -1.24639e+01 
  89    0.8593096 -1.24014e+01 
  90    0.8781261 -1.23346e+01 
  91    0.8973545 -1.22683e+01 
  92    0.9170040 -1.21983e+01 
  93    0.9370838 -1.21275e+01 
  94    0.9576033 -1.20587e+01 
  95    0.9785721 -1.19889e+01 
  96    1.0000000 -1.19178e+01 
  97    1.0218971 -1.18492e+01 
  98    1.0442738 -1.17776e+01 
  99    1.0671404 -1.17085e+01 
 100    1.0905077 -1.16397e+01 
 101    1.1143867 -1.15734e+01 
 102    1.1387886 -1.15062e+01 
 103    1.1637249 -1.14403e+01 
 104    1.1892071 -1.13771e+01 
 105    1.2152474 -1.13170e+01 
 106    1.2418578 -1.12563e+01 
 107    1.2690510 -1.12021e+01 
 108    1.2968396 -1.11470e+01 
 109    1.3252366 -1.10934e+01 
 110    1.3542555 -1.10425e+01 
 111    1.3839099 -1.09893e+01 
 112    1.4142136 -1.09388e+01 
 113    1.4451808 -1.08901e+01 
 114    1.4768261 -1.08406e+01 
 115    1.5091644 -1.07908e+01 
 116    1.5422108 -1.07415e+01 
 117    1.5759808 -1.06920e+01 
 118    1.6104903 -1.06394e+01 
 119    1.6457555 -1.05894e+01 
 120    1.6817928 -1.05392e+01 
 121    1.7186193 -1.04919e+01 
 122    1.7562522 -1.04456e+01 
 123    1.7947091 -1.03997e+01 
 124    1.8340081 -1.03552e+01 
 125    1.8741676 -1.03088e+01 
 126    1.9152066 -1.02649e+01 
 127    1.9571441 -1.02237e+01 
 128    2.0000000 -1.01849e+01 
 129    2.0437943 -1.01473e+01 
 130    2.0885476 -1.01122e+01 
 131    2.1342808 -1.00782e+01 
 132    2.1810155 -1.00468e+01 
 133    2.2287735 -1.00123e+01 
 134    2.2775773 -9.97809e+00 
 135    2.3274497 -9.94337e+00 
 136    2.3784142 -9.90557e+00 
 137    2.4304947 -9.86846e+00 
 138    2.4837156 -9.82353e+00 
 139    2.5381019 -9.76998e+00 
 140    2.5936791 -9.71241e+00 
 141    2.6504733 -9.64135e+00 
 142    2.7085111 -9.55446e+00 
 143    2.7678198 -9.45695e+00 
 144    2.8284271 -9.33601e+00 
 145    2.8903616 -9.18542e+00 
 146    2.9536523 -9.01265e+00 
 147    3.0183289 -8.82460e+00 
 148    3.0844217 -8.60582e+00 
 149    3.1519617 -8.39063e+00 
 150    3.2209807 -8.16120e+00 
 151    3.2915110 -7.94617e+00 
 152    3.3635857 -7.73461e+00 
 153    3.4372386 -7.51001e+00 
 154    3.5125043 -7.32630e+00 
 155    3.5894182 -7.13473e+00 
 156    3.6680162 -6.95828e+00 
 157    3.7483353 -6.78785e+00 
 158    3.8304131 -6.62349e+00 
 159    3.9142882 -6.47270e+00 
 160    4.0000000 -6.32367e+00 
 161    4.0875886 -6.18803e+00 
 162    4.1770951 -6.04499e+00 
 163    4.2685616 -5.89024e+00 
 164    4.3620309 -5.74364e+00 
 165    4.4575470 -5.59011e+00 
 166    4.5551545 -5.44571e+00 
 167    4.6548994 -5.27984e+00 
 168    4.7568285 -5.12189e+00 
 169    4.8609894 -4.94899e+00 
 170    4.9674312 -4.78083e+00 
 171    5.0762038 -4.59533e+00 
 172    5.1873582 -4.39913e+00 
 173    5.3009466 -4.18738e+00 
 174    5.4170222 -3.98817e+00 
 175    5.5356395 -3.77434e+00 
 176    5.6568542 -3.57474e+00 
 177    5.7807232 -3.34383e+00 
 178    5.9073046 -3.13598e+00 
 179    6.0366577 -2.92286e+00 
 180    6.1688433 -2.70929e+00 
 181    6.3039234 -2.49864e+00 
 182    6.4419613 -2.32370e+00 
 183    6.5830219 -2.13454e+00 
 184    6.7271713 -1.95842e+00 
 185    6.8744772 -1.77706e+00 
 186    7.0250086 -1.59233e+00 
 187    7.1788363 -1.41376e+00 
 188    7.3360323 -1.23548e+00 
 189    7.4966705 -1.04636e+00 


# S-band (filter: Spitzer_IRAC2.dat)
   0    0.1250000 -1.06959e+01 
   1    0.1277371 -1.07267e+01 
   2    0.1305342 -1.07583e+01 
   3    0.1333926 -1.07905e+01 
   4    0.1363135 -1.08189e+01 
   5    0.1392983 -1.08214e+01 
   6    0.1423486 -1.08284e+01 
   7    0.1454656 -1.08322e+01 
   8    0.1486509 -1.08257e+01 
   9    0.1519059 -1.08122e+01 
  10    0.1552322 -1.07902e+01 
  11    0.1586314 -1.07666e+01 
  12    0.1621049 -1.07451e+01 
  13    0.1656546 -1.07055e+01 
  14    0.1692819 -1.06652e+01 
  15    0.1729887 -1.06067e+01 
  16    0.1767767 -1.05730e+01 
  17    0.1806476 -1.05365e+01 
  18    0.1846033 -1.04856e+01 
  19    0.1886456 -1.04200e+01 
  20    0.1927764 -1.03758e+01 
  21    0.1969976 -1.03252e+01 
  22    0.2013113 -1.02853e+01 
  23    0.2057194 -1.02456e+01 
  24    0.2102241 -1.01969e+01 
  25    0.2148274 -1.01698e+01 
  26    0.2195315 -1.01379e+01 
  27    0.2243386 -1.01093e+01 
  28    0.2292510 -1.00646e+01 
  29    0.2342710 -1.00303e+01 
  30    0.2394008 -9.98922e+00 
  31    0.2446430 -9.97127e+00 
  32    0.2500000 -9.93471e+00 
  33    0.2554743 -9.89483e+00 
  34    0.2610684 -9.86078e+00 
  35    0.2667851 -9.81729e+00 
  36    0.2726269 -9.78599e+00 
  37    0.2785967 -9.73490e+00 
  38    0.2846972 -9.68195e+00 
  39    0.2909312 -9.66039e+00 
  40    0.2973018 -9.60987e+00 
  41    0.3038118 -9.55588e+00 
  42    0.3104645 -9.53491e+00 
  43    0.3172627 -9.48633e+00 
  44    0.3242099 -9.45102e+00 
  45    0.3313092 -9.41616e+00 
  46    0.3385639 -9.37116e+00 
  47    0.3459775 -9.35089e+00 
  48    0.3535534 -9.31505e+00 
  49    0.3612952 -9.30204e+00 
  50    0.3692065 -9.28477e+00 
  51    0.3772911 -9.24253e+00 
  52    0.3855527 -9.23175e+00 
  53    0.3939952 -9.24771e+00 
  54    0.4026226 -9.24888e+00 
  55    0.4114389 -9.25532e+00 
  56    0.4204482 -9.27401e+00 
  57    0.4296548 -9.29918e+00 
  58    0.4390630 -9.34160e+00 
  59    0.4486773 -9.37795e+00 
  60    0.4585020 -9.42806e+00 
  61    0.4685419 -9.47881e+00 
  62    0.4788016 -9.53865e+00 
  63    0.4892860 -9.61292e+00 
  64    0.5000000 -9.66794e+00 
  65    0.5109486 -9.73279e+00 
  66    0.5221369 -9.79091e+00 
  67    0.5335702 -9.84986e+00 
  68    0.5452539 -9.91360e+00 
  69    0.5571934 -9.97325e+00 
  70    0.5693943 -1.00286e+01 
  71    0.5818624 -1.00769e+01 
  72    0.5946036 -1.01137e+01 
  73    0.6076237 -1.01473e+01 
  74    0.6209289 -1.01788e+01 
  75    0.6345255 -1.01987e+01 
  76    0.6484198 -1.02075e+01 
  77    0.6626183 -1.02182e+01 
  78    0.6771278 -1.02194e+01 
  79    0.6919549 -1.02138e+01 
  80    0.7071068 -1.02038e+01 
  81    0.7225904 -1.01849e+01 
  82    0.7384131 -1.01606e+01 
  83    0.7545822 -1.01304e+01 
  84    0.7711054 -1.01015e+01 
  85    0.7879904 -1.00590e+01 
  86    0.8052452 -1.00230e+01 
  87    0.8228777 -9.98027e+00 
  88    0.8408964 -9.93692e+00 
  89    0.8593096 -9.88902e+00 
  90    0.8781261 -9.84057e+00 
  91    0.8973545 -9.79879e+00 
  92    0.9170040 -9.74672e+00 
  93    0.9370838 -9.69463e+00 
  94    0.9576033 -9.64545e+00 
  95    0.9785721 -9.60273e+00 
  96    1.0000000 -9.55766e+00 
  97    1.0218971 -9.51889e+00 
  98    1.0442738 -9.47003e+00 
  99    1.0671404 -9.43442e+00 
 100    1.0905077 -9.39292e+00 
 101    1.1143867 -9.35952e+00 
 102    1.1387886 -9.32426e+00 
 103    1.1637249 -9.28356e+00 
 104    1.1892071 -9.24831e+00 
 105    1.2152474 -9.21085e+00 
 106    1.2418578 -9.17677e+00 
 107    1.2690510 -9.13372e+00 
 108    1.2968396 -9.09334e+00 
 109    1.3252366 -9.05867e+00 
 110    1.3542555 -9.02192e+00 
 111    1.3839099 -8.98068e+00 
 112    1.4142136 -8.94398e+00 
 113    1.4451808 -8.90156e+00 
 114    1.4768261 -8.85892e+00 
 115    1.5091644 -8.81826e+00 
 116    1.5422108 -8.77292e+00 
 117    1.5759808 -8.72851e+00 
 118    1.6104903 -8.68392e+00 
 119    1.6457555 -8.64567e+00 
 120    1.6817928 -8.60600e+00 
 121    1.7186193 -8.56132e+00 
 122    1.7562522 -8.51594e+00 
 123    1.7947091 -8.47429e+00 
 124    1.8340081 -8.42909e+00 
 125    1.8741676 -8.39387e+00 
 126    1.9152066 -8.35179e+00 
 127    1.9571441 -8.30912e+00 
 128    2.0000000 -8.27473e+00 
 129    2.0437943 -8.24645e+00 
 130    2.0885476 -8.21266e+00 
 131    2.1342808 -8.18449e+00 
 132    2.1810155 -8.14862e+00 
 133    2.2287735 -8.11433e+00 
 134    2.2775773 -8.08094e+00 
 135    2.3274497 -8.04192e+00 
 136    2.3784142 -8.01278e+00 
 137    2.4304947 -7.97802e+00 
 138    2.4837156 -7.94351e+00 
 139    2.5381019 -7.90821e+00 
 140    2.5936791 -7.86339e+00 
 141    2.6504733 -7.79969e+00 
 142    2.7085111 -7.73692e+00 
 143    2.7678198 -7.66422e+00 
 144    2.8284271 -7.55770e+00 
 145    2.8903616 -7.41668e+00 
 146    2.9536523 -7.24759e+00 
 147    3.0183289 -7.04943e+00 
 148    3.0844217 -6.81738e+00 
 149    3.1519617 -6.57125e+00 
 150    3.2209807 -6.29709e+00 
 151    3.2915110 -5.95846e+00 
 152    3.3635857 -5.63847e+00 
 153    3.4372386 -5.25820e+00 
 154    3.5125043 -4.86143e+00 
 155    3.5894182 -4.45983e+00 
 156    3.6680162 -4.04085e+00 
 157    3.7483353 -3.65444e+00 
 158    3.8304131 -3.25566e+00 
 159    3.9142882 -2.88183e+00 
 160    4.0000000 -2.55628e+00 
 161    4.0875886 -2.16811e+00 
 162    4.1770951 -1.87963e+00 
 163    4.2685616 -1.63698e+00 
 164    4.3620309 -1.33567e+00 
 165    4.4575470 -1.10123e+00 
 166    4.5551545 -9.46568e-01 
 167    4.6548994 -7.80931e-01 
 168    4.7568285 -6.23968e-01 
 169    4.8609894 -5.21997e-01 
 170    4.9674312 -4.21558e-01 
 171    5.0762038 -2.84726e-01 
 172    5.1873582 -2.15742e-01 
 173    5.3009466 -1.33640e-01 
 174    5.4170222 -8.62873e-04 
 175    5.5356395  1.02738e-01 
 176    5.6568542  1.79286e-01 
 177    5.7807232  3.07301e-01 
 178    5.9073046  3.82071e-01 
 179    6.0366577  4.76016e-01 
 180    6.1688433  5.97510e-01 
 181    6.3039234  6.93143e-01 
 182    6.4419613  8.14063e-01 
 183    6.5830219  9.07455e-01 
 184    6.7271713  1.04878e+00 
 185    6.8744772  1.18025e+00 
 186    7.0250086  1.29476e+00 
 187    7.1788363  1.42045e+00 
 188    7.3360323  1.55621e+00 
 189    7.4966705  1.71088e+00 


