# 1:iteration 2:time bin[s] 3-k:AB magnitude for k-th angular bin
# g-band (filter: g_LSST.dat)
   0    0.1250000 -1.48323e+01 
   1    0.1277371 -1.48365e+01 
   2    0.1305342 -1.48408e+01 
   3    0.1333926 -1.48453e+01 
   4    0.1363135 -1.48478e+01 
   5    0.1392983 -1.48494e+01 
   6    0.1423486 -1.48497e+01 
   7    0.1454656 -1.48485e+01 
   8    0.1486509 -1.48464e+01 
   9    0.1519059 -1.48427e+01 
  10    0.1552322 -1.48372e+01 
  11    0.1586314 -1.48304e+01 
  12    0.1621049 -1.48215e+01 
  13    0.1656546 -1.48117e+01 
  14    0.1692819 -1.48010e+01 
  15    0.1729887 -1.47893e+01 
  16    0.1767767 -1.47763e+01 
  17    0.1806476 -1.47626e+01 
  18    0.1846033 -1.47466e+01 
  19    0.1886456 -1.47286e+01 
  20    0.1927764 -1.47097e+01 
  21    0.1969976 -1.46894e+01 
  22    0.2013113 -1.46677e+01 
  23    0.2057194 -1.46444e+01 
  24    0.2102241 -1.46198e+01 
  25    0.2148274 -1.45922e+01 
  26    0.2195315 -1.45617e+01 
  27    0.2243386 -1.45304e+01 
  28    0.2292510 -1.44958e+01 
  29    0.2342710 -1.44574e+01 
  30    0.2394008 -1.44195e+01 
  31    0.2446430 -1.43809e+01 
  32    0.2500000 -1.43387e+01 
  33    0.2554743 -1.42955e+01 
  34    0.2610684 -1.42530e+01 
  35    0.2667851 -1.42130e+01 
  36    0.2726269 -1.41753e+01 
  37    0.2785967 -1.41385e+01 
  38    0.2846972 -1.41059e+01 
  39    0.2909312 -1.40770e+01 
  40    0.2973018 -1.40516e+01 
  41    0.3038118 -1.40353e+01 
  42    0.3104645 -1.40232e+01 
  43    0.3172627 -1.40186e+01 
  44    0.3242099 -1.40226e+01 
  45    0.3313092 -1.40360e+01 
  46    0.3385639 -1.40544e+01 
  47    0.3459775 -1.40795e+01 
  48    0.3535534 -1.41076e+01 
  49    0.3612952 -1.41409e+01 
  50    0.3692065 -1.41828e+01 
  51    0.3772911 -1.42250e+01 
  52    0.3855527 -1.42719e+01 
  53    0.3939952 -1.43180e+01 
  54    0.4026226 -1.43662e+01 
  55    0.4114389 -1.44127e+01 
  56    0.4204482 -1.44604e+01 
  57    0.4296548 -1.45065e+01 
  58    0.4390630 -1.45543e+01 
  59    0.4486773 -1.46016e+01 
  60    0.4585020 -1.46513e+01 
  61    0.4685419 -1.47020e+01 
  62    0.4788016 -1.47493e+01 
  63    0.4892860 -1.48000e+01 
  64    0.5000000 -1.48478e+01 
  65    0.5109486 -1.48984e+01 
  66    0.5221369 -1.49439e+01 
  67    0.5335702 -1.49907e+01 
  68    0.5452539 -1.50387e+01 
  69    0.5571934 -1.50931e+01 
  70    0.5693943 -1.51484e+01 
  71    0.5818624 -1.51986e+01 
  72    0.5946036 -1.52458e+01 
  73    0.6076237 -1.52914e+01 
  74    0.6209289 -1.53384e+01 
  75    0.6345255 -1.53803e+01 
  76    0.6484198 -1.54206e+01 
  77    0.6626183 -1.54624e+01 
  78    0.6771278 -1.54951e+01 
  79    0.6919549 -1.55345e+01 
  80    0.7071068 -1.55917e+01 
  81    0.7225904 -1.56373e+01 
  82    0.7384131 -1.56887e+01 
  83    0.7545822 -1.57535e+01 
  84    0.7711054 -1.58226e+01 
  85    0.7879904 -1.58987e+01 
  86    0.8052452 -1.59832e+01 
  87    0.8228777 -1.60729e+01 
  88    0.8408964 -1.61724e+01 
  89    0.8593096 -1.62884e+01 
  90    0.8781261 -1.64095e+01 
  91    0.8973545 -1.65328e+01 
  92    0.9170040 -1.66431e+01 
  93    0.9370838 -1.67604e+01 
  94    0.9576033 -1.68685e+01 
  95    0.9785721 -1.69688e+01 
  96    1.0000000 -1.70700e+01 
  97    1.0218971 -1.71630e+01 
  98    1.0442738 -1.72520e+01 
  99    1.0671404 -1.73348e+01 
 100    1.0905077 -1.74080e+01 
 101    1.1143867 -1.74683e+01 
 102    1.1387886 -1.75264e+01 
 103    1.1637249 -1.75779e+01 
 104    1.1892071 -1.76248e+01 
 105    1.2152474 -1.76695e+01 
 106    1.2418578 -1.77098e+01 
 107    1.2690510 -1.77472e+01 
 108    1.2968396 -1.77798e+01 
 109    1.3252366 -1.78094e+01 
 110    1.3542555 -1.78339e+01 
 111    1.3839099 -1.78571e+01 
 112    1.4142136 -1.78781e+01 
 113    1.4451808 -1.78966e+01 
 114    1.4768261 -1.79116e+01 
 115    1.5091644 -1.79256e+01 
 116    1.5422108 -1.79397e+01 
 117    1.5759808 -1.79520e+01 
 118    1.6104903 -1.79640e+01 
 119    1.6457555 -1.79735e+01 
 120    1.6817928 -1.79807e+01 
 121    1.7186193 -1.79868e+01 
 122    1.7562522 -1.79883e+01 
 123    1.7947091 -1.79858e+01 
 124    1.8340081 -1.79809e+01 
 125    1.8741676 -1.79745e+01 
 126    1.9152066 -1.79699e+01 
 127    1.9571441 -1.79789e+01 
 128    2.0000000 -1.79935e+01 
 129    2.0437943 -1.79972e+01 
 130    2.0885476 -1.79544e+01 
 131    2.1342808 -1.79186e+01 
 132    2.1810155 -1.78611e+01 
 133    2.2287735 -1.78089e+01 
 134    2.2775773 -1.77455e+01 
 135    2.3274497 -1.76781e+01 
 136    2.3784142 -1.76217e+01 
 137    2.4304947 -1.75511e+01 
 138    2.4837156 -1.75027e+01 
 139    2.5381019 -1.74459e+01 
 140    2.5936791 -1.73790e+01 
 141    2.6504733 -1.73301e+01 
 142    2.7085111 -1.73075e+01 
 143    2.7678198 -1.72955e+01 
 144    2.8284271 -1.72891e+01 
 145    2.8903616 -1.72845e+01 
 146    2.9536523 -1.72946e+01 
 147    3.0183289 -1.73078e+01 
 148    3.0844217 -1.73209e+01 
 149    3.1519617 -1.73330e+01 
 150    3.2209807 -1.73446e+01 
 151    3.2915110 -1.73521e+01 
 152    3.3635857 -1.73547e+01 
 153    3.4372386 -1.73554e+01 
 154    3.5125043 -1.73441e+01 
 155    3.5894182 -1.73225e+01 
 156    3.6680162 -1.72952e+01 
 157    3.7483353 -1.72462e+01 
 158    3.8304131 -1.71828e+01 
 159    3.9142882 -1.71087e+01 
 160    4.0000000 -1.70096e+01 
 161    4.0875886 -1.68917e+01 
 162    4.1770951 -1.67578e+01 
 163    4.2685616 -1.65963e+01 
 164    4.3620309 -1.64148e+01 
 165    4.4575470 -1.62172e+01 
 166    4.5551545 -1.59996e+01 
 167    4.6548994 -1.57696e+01 
 168    4.7568285 -1.55258e+01 
 169    4.8609894 -1.52788e+01 
 170    4.9674312 -1.50277e+01 
 171    5.0762038 -1.47706e+01 
 172    5.1873582 -1.45048e+01 
 173    5.3009466 -1.42339e+01 
 174    5.4170222 -1.39496e+01 
 175    5.5356395 -1.36621e+01 
 176    5.6568542 -1.33497e+01 
 177    5.7807232 -1.30213e+01 
 178    5.9073046 -1.26906e+01 
 179    6.0366577 -1.23440e+01 
 180    6.1688433 -1.19932e+01 
 181    6.3039234 -1.16258e+01 
 182    6.4419613 -1.12629e+01 
 183    6.5830219 -1.08793e+01 
 184    6.7271713 -1.04838e+01 
 185    6.8744772 -1.00848e+01 
 186    7.0250086 -9.66960e+00 
 187    7.1788363 -9.25900e+00 
 188    7.3360323 -8.84735e+00 
 189    7.4966705 -8.43240e+00 


# r-band (filter: r_LSST.dat)
   0    0.1250000 -1.48511e+01 
   1    0.1277371 -1.48668e+01 
   2    0.1305342 -1.48828e+01 
   3    0.1333926 -1.48992e+01 
   4    0.1363135 -1.49151e+01 
   5    0.1392983 -1.49294e+01 
   6    0.1423486 -1.49415e+01 
   7    0.1454656 -1.49540e+01 
   8    0.1486509 -1.49648e+01 
   9    0.1519059 -1.49734e+01 
  10    0.1552322 -1.49810e+01 
  11    0.1586314 -1.49880e+01 
  12    0.1621049 -1.49945e+01 
  13    0.1656546 -1.49994e+01 
  14    0.1692819 -1.50040e+01 
  15    0.1729887 -1.50077e+01 
  16    0.1767767 -1.50105e+01 
  17    0.1806476 -1.50133e+01 
  18    0.1846033 -1.50145e+01 
  19    0.1886456 -1.50147e+01 
  20    0.1927764 -1.50142e+01 
  21    0.1969976 -1.50136e+01 
  22    0.2013113 -1.50122e+01 
  23    0.2057194 -1.50090e+01 
  24    0.2102241 -1.50059e+01 
  25    0.2148274 -1.50021e+01 
  26    0.2195315 -1.49970e+01 
  27    0.2243386 -1.49914e+01 
  28    0.2292510 -1.49852e+01 
  29    0.2342710 -1.49792e+01 
  30    0.2394008 -1.49726e+01 
  31    0.2446430 -1.49640e+01 
  32    0.2500000 -1.49560e+01 
  33    0.2554743 -1.49484e+01 
  34    0.2610684 -1.49428e+01 
  35    0.2667851 -1.49367e+01 
  36    0.2726269 -1.49312e+01 
  37    0.2785967 -1.49271e+01 
  38    0.2846972 -1.49246e+01 
  39    0.2909312 -1.49236e+01 
  40    0.2973018 -1.49246e+01 
  41    0.3038118 -1.49276e+01 
  42    0.3104645 -1.49319e+01 
  43    0.3172627 -1.49408e+01 
  44    0.3242099 -1.49569e+01 
  45    0.3313092 -1.49722e+01 
  46    0.3385639 -1.49883e+01 
  47    0.3459775 -1.50109e+01 
  48    0.3535534 -1.50370e+01 
  49    0.3612952 -1.50644e+01 
  50    0.3692065 -1.50997e+01 
  51    0.3772911 -1.51407e+01 
  52    0.3855527 -1.51823e+01 
  53    0.3939952 -1.52311e+01 
  54    0.4026226 -1.52869e+01 
  55    0.4114389 -1.53370e+01 
  56    0.4204482 -1.53799e+01 
  57    0.4296548 -1.54254e+01 
  58    0.4390630 -1.54739e+01 
  59    0.4486773 -1.55248e+01 
  60    0.4585020 -1.55739e+01 
  61    0.4685419 -1.56254e+01 
  62    0.4788016 -1.56754e+01 
  63    0.4892860 -1.57349e+01 
  64    0.5000000 -1.57944e+01 
  65    0.5109486 -1.58611e+01 
  66    0.5221369 -1.59480e+01 
  67    0.5335702 -1.60365e+01 
  68    0.5452539 -1.61270e+01 
  69    0.5571934 -1.62113e+01 
  70    0.5693943 -1.62981e+01 
  71    0.5818624 -1.64035e+01 
  72    0.5946036 -1.65140e+01 
  73    0.6076237 -1.66180e+01 
  74    0.6209289 -1.67216e+01 
  75    0.6345255 -1.68206e+01 
  76    0.6484198 -1.69251e+01 
  77    0.6626183 -1.70199e+01 
  78    0.6771278 -1.71227e+01 
  79    0.6919549 -1.72265e+01 
  80    0.7071068 -1.73298e+01 
  81    0.7225904 -1.74327e+01 
  82    0.7384131 -1.75257e+01 
  83    0.7545822 -1.76021e+01 
  84    0.7711054 -1.76855e+01 
  85    0.7879904 -1.77550e+01 
  86    0.8052452 -1.78201e+01 
  87    0.8228777 -1.78813e+01 
  88    0.8408964 -1.79334e+01 
  89    0.8593096 -1.79852e+01 
  90    0.8781261 -1.80199e+01 
  91    0.8973545 -1.80424e+01 
  92    0.9170040 -1.80584e+01 
  93    0.9370838 -1.80727e+01 
  94    0.9576033 -1.80826e+01 
  95    0.9785721 -1.80912e+01 
  96    1.0000000 -1.80914e+01 
  97    1.0218971 -1.80752e+01 
  98    1.0442738 -1.80644e+01 
  99    1.0671404 -1.80555e+01 
 100    1.0905077 -1.80696e+01 
 101    1.1143867 -1.80737e+01 
 102    1.1387886 -1.80791e+01 
 103    1.1637249 -1.80958e+01 
 104    1.1892071 -1.81302e+01 
 105    1.2152474 -1.81663e+01 
 106    1.2418578 -1.82069e+01 
 107    1.2690510 -1.82427e+01 
 108    1.2968396 -1.82850e+01 
 109    1.3252366 -1.83381e+01 
 110    1.3542555 -1.83822e+01 
 111    1.3839099 -1.84151e+01 
 112    1.4142136 -1.84452e+01 
 113    1.4451808 -1.84672e+01 
 114    1.4768261 -1.84896e+01 
 115    1.5091644 -1.84989e+01 
 116    1.5422108 -1.84991e+01 
 117    1.5759808 -1.84895e+01 
 118    1.6104903 -1.84750e+01 
 119    1.6457555 -1.84477e+01 
 120    1.6817928 -1.84124e+01 
 121    1.7186193 -1.83723e+01 
 122    1.7562522 -1.83187e+01 
 123    1.7947091 -1.82584e+01 
 124    1.8340081 -1.81932e+01 
 125    1.8741676 -1.81198e+01 
 126    1.9152066 -1.80491e+01 
 127    1.9571441 -1.79881e+01 
 128    2.0000000 -1.79026e+01 
 129    2.0437943 -1.77927e+01 
 130    2.0885476 -1.76739e+01 
 131    2.1342808 -1.75568e+01 
 132    2.1810155 -1.74337e+01 
 133    2.2287735 -1.73074e+01 
 134    2.2775773 -1.71773e+01 
 135    2.3274497 -1.70595e+01 
 136    2.3784142 -1.69554e+01 
 137    2.4304947 -1.68416e+01 
 138    2.4837156 -1.67526e+01 
 139    2.5381019 -1.66569e+01 
 140    2.5936791 -1.65851e+01 
 141    2.6504733 -1.65343e+01 
 142    2.7085111 -1.64963e+01 
 143    2.7678198 -1.64716e+01 
 144    2.8284271 -1.64541e+01 
 145    2.8903616 -1.64491e+01 
 146    2.9536523 -1.64534e+01 
 147    3.0183289 -1.64618e+01 
 148    3.0844217 -1.64745e+01 
 149    3.1519617 -1.64904e+01 
 150    3.2209807 -1.65088e+01 
 151    3.2915110 -1.65308e+01 
 152    3.3635857 -1.65542e+01 
 153    3.4372386 -1.65797e+01 
 154    3.5125043 -1.66039e+01 
 155    3.5894182 -1.66248e+01 
 156    3.6680162 -1.66457e+01 
 157    3.7483353 -1.66551e+01 
 158    3.8304131 -1.66564e+01 
 159    3.9142882 -1.66540e+01 
 160    4.0000000 -1.66320e+01 
 161    4.0875886 -1.65937e+01 
 162    4.1770951 -1.65442e+01 
 163    4.2685616 -1.64637e+01 
 164    4.3620309 -1.63605e+01 
 165    4.4575470 -1.62417e+01 
 166    4.5551545 -1.60912e+01 
 167    4.6548994 -1.59255e+01 
 168    4.7568285 -1.57450e+01 
 169    4.8609894 -1.55582e+01 
 170    4.9674312 -1.53722e+01 
 171    5.0762038 -1.51885e+01 
 172    5.1873582 -1.49956e+01 
 173    5.3009466 -1.48260e+01 
 174    5.4170222 -1.46635e+01 
 175    5.5356395 -1.45078e+01 
 176    5.6568542 -1.43653e+01 
 177    5.7807232 -1.42255e+01 
 178    5.9073046 -1.40981e+01 
 179    6.0366577 -1.39578e+01 
 180    6.1688433 -1.38125e+01 
 181    6.3039234 -1.36704e+01 
 182    6.4419613 -1.35087e+01 
 183    6.5830219 -1.33357e+01 
 184    6.7271713 -1.31489e+01 
 185    6.8744772 -1.29387e+01 
 186    7.0250086 -1.27145e+01 
 187    7.1788363 -1.24782e+01 
 188    7.3360323 -1.22277e+01 
 189    7.4966705 -1.19612e+01 


# i-band (filter: i_LSST.dat)
   0    0.1250000 -1.43775e+01 
   1    0.1277371 -1.43987e+01 
   2    0.1305342 -1.44204e+01 
   3    0.1333926 -1.44426e+01 
   4    0.1363135 -1.44635e+01 
   5    0.1392983 -1.44832e+01 
   6    0.1423486 -1.45031e+01 
   7    0.1454656 -1.45229e+01 
   8    0.1486509 -1.45404e+01 
   9    0.1519059 -1.45584e+01 
  10    0.1552322 -1.45745e+01 
  11    0.1586314 -1.45907e+01 
  12    0.1621049 -1.46084e+01 
  13    0.1656546 -1.46226e+01 
  14    0.1692819 -1.46372e+01 
  15    0.1729887 -1.46516e+01 
  16    0.1767767 -1.46651e+01 
  17    0.1806476 -1.46769e+01 
  18    0.1846033 -1.46884e+01 
  19    0.1886456 -1.46962e+01 
  20    0.1927764 -1.47044e+01 
  21    0.1969976 -1.47094e+01 
  22    0.2013113 -1.47125e+01 
  23    0.2057194 -1.47108e+01 
  24    0.2102241 -1.47070e+01 
  25    0.2148274 -1.47012e+01 
  26    0.2195315 -1.46918e+01 
  27    0.2243386 -1.46798e+01 
  28    0.2292510 -1.46670e+01 
  29    0.2342710 -1.46550e+01 
  30    0.2394008 -1.46400e+01 
  31    0.2446430 -1.46235e+01 
  32    0.2500000 -1.46069e+01 
  33    0.2554743 -1.45879e+01 
  34    0.2610684 -1.45762e+01 
  35    0.2667851 -1.45722e+01 
  36    0.2726269 -1.45669e+01 
  37    0.2785967 -1.45728e+01 
  38    0.2846972 -1.46013e+01 
  39    0.2909312 -1.46346e+01 
  40    0.2973018 -1.46707e+01 
  41    0.3038118 -1.47289e+01 
  42    0.3104645 -1.47893e+01 
  43    0.3172627 -1.48639e+01 
  44    0.3242099 -1.49460e+01 
  45    0.3313092 -1.50253e+01 
  46    0.3385639 -1.51140e+01 
  47    0.3459775 -1.52035e+01 
  48    0.3535534 -1.53173e+01 
  49    0.3612952 -1.54134e+01 
  50    0.3692065 -1.55005e+01 
  51    0.3772911 -1.55830e+01 
  52    0.3855527 -1.56642e+01 
  53    0.3939952 -1.57303e+01 
  54    0.4026226 -1.57990e+01 
  55    0.4114389 -1.58612e+01 
  56    0.4204482 -1.59118e+01 
  57    0.4296548 -1.59671e+01 
  58    0.4390630 -1.60236e+01 
  59    0.4486773 -1.60667e+01 
  60    0.4585020 -1.61067e+01 
  61    0.4685419 -1.61492e+01 
  62    0.4788016 -1.61973e+01 
  63    0.4892860 -1.62436e+01 
  64    0.5000000 -1.62855e+01 
  65    0.5109486 -1.63302e+01 
  66    0.5221369 -1.63737e+01 
  67    0.5335702 -1.64209e+01 
  68    0.5452539 -1.64708e+01 
  69    0.5571934 -1.65220e+01 
  70    0.5693943 -1.65727e+01 
  71    0.5818624 -1.66230e+01 
  72    0.5946036 -1.66756e+01 
  73    0.6076237 -1.67291e+01 
  74    0.6209289 -1.67799e+01 
  75    0.6345255 -1.68322e+01 
  76    0.6484198 -1.68876e+01 
  77    0.6626183 -1.69437e+01 
  78    0.6771278 -1.69958e+01 
  79    0.6919549 -1.70461e+01 
  80    0.7071068 -1.70948e+01 
  81    0.7225904 -1.71431e+01 
  82    0.7384131 -1.71897e+01 
  83    0.7545822 -1.72333e+01 
  84    0.7711054 -1.72765e+01 
  85    0.7879904 -1.73171e+01 
  86    0.8052452 -1.73552e+01 
  87    0.8228777 -1.73915e+01 
  88    0.8408964 -1.74243e+01 
  89    0.8593096 -1.74542e+01 
  90    0.8781261 -1.74838e+01 
  91    0.8973545 -1.75096e+01 
  92    0.9170040 -1.75327e+01 
  93    0.9370838 -1.75537e+01 
  94    0.9576033 -1.75712e+01 
  95    0.9785721 -1.75856e+01 
  96    1.0000000 -1.75969e+01 
  97    1.0218971 -1.76046e+01 
  98    1.0442738 -1.76095e+01 
  99    1.0671404 -1.76124e+01 
 100    1.0905077 -1.76118e+01 
 101    1.1143867 -1.76080e+01 
 102    1.1387886 -1.76018e+01 
 103    1.1637249 -1.75937e+01 
 104    1.1892071 -1.75818e+01 
 105    1.2152474 -1.75676e+01 
 106    1.2418578 -1.75515e+01 
 107    1.2690510 -1.75331e+01 
 108    1.2968396 -1.75126e+01 
 109    1.3252366 -1.74902e+01 
 110    1.3542555 -1.74651e+01 
 111    1.3839099 -1.74383e+01 
 112    1.4142136 -1.74100e+01 
 113    1.4451808 -1.73799e+01 
 114    1.4768261 -1.73482e+01 
 115    1.5091644 -1.73154e+01 
 116    1.5422108 -1.72803e+01 
 117    1.5759808 -1.72409e+01 
 118    1.6104903 -1.71998e+01 
 119    1.6457555 -1.71524e+01 
 120    1.6817928 -1.71015e+01 
 121    1.7186193 -1.70487e+01 
 122    1.7562522 -1.69908e+01 
 123    1.7947091 -1.69299e+01 
 124    1.8340081 -1.68673e+01 
 125    1.8741676 -1.67995e+01 
 126    1.9152066 -1.67296e+01 
 127    1.9571441 -1.66437e+01 
 128    2.0000000 -1.65496e+01 
 129    2.0437943 -1.64309e+01 
 130    2.0885476 -1.63063e+01 
 131    2.1342808 -1.61820e+01 
 132    2.1810155 -1.60581e+01 
 133    2.2287735 -1.59341e+01 
 134    2.2775773 -1.58031e+01 
 135    2.3274497 -1.56943e+01 
 136    2.3784142 -1.55947e+01 
 137    2.4304947 -1.54919e+01 
 138    2.4837156 -1.54103e+01 
 139    2.5381019 -1.53402e+01 
 140    2.5936791 -1.52898e+01 
 141    2.6504733 -1.52535e+01 
 142    2.7085111 -1.52282e+01 
 143    2.7678198 -1.52136e+01 
 144    2.8284271 -1.52022e+01 
 145    2.8903616 -1.51993e+01 
 146    2.9536523 -1.51982e+01 
 147    3.0183289 -1.51974e+01 
 148    3.0844217 -1.51966e+01 
 149    3.1519617 -1.51973e+01 
 150    3.2209807 -1.51981e+01 
 151    3.2915110 -1.52014e+01 
 152    3.3635857 -1.52064e+01 
 153    3.4372386 -1.52117e+01 
 154    3.5125043 -1.52187e+01 
 155    3.5894182 -1.52235e+01 
 156    3.6680162 -1.52286e+01 
 157    3.7483353 -1.52267e+01 
 158    3.8304131 -1.52201e+01 
 159    3.9142882 -1.52114e+01 
 160    4.0000000 -1.51858e+01 
 161    4.0875886 -1.51462e+01 
 162    4.1770951 -1.50999e+01 
 163    4.2685616 -1.50263e+01 
 164    4.3620309 -1.49327e+01 
 165    4.4575470 -1.48259e+01 
 166    4.5551545 -1.46914e+01 
 167    4.6548994 -1.45407e+01 
 168    4.7568285 -1.43756e+01 
 169    4.8609894 -1.42010e+01 
 170    4.9674312 -1.40259e+01 
 171    5.0762038 -1.38602e+01 
 172    5.1873582 -1.36897e+01 
 173    5.3009466 -1.35639e+01 
 174    5.4170222 -1.34603e+01 
 175    5.5356395 -1.33662e+01 
 176    5.6568542 -1.33163e+01 
 177    5.7807232 -1.32833e+01 
 178    5.9073046 -1.32765e+01 
 179    6.0366577 -1.32809e+01 
 180    6.1688433 -1.32901e+01 
 181    6.3039234 -1.33201e+01 
 182    6.4419613 -1.33251e+01 
 183    6.5830219 -1.33231e+01 
 184    6.7271713 -1.33159e+01 
 185    6.8744772 -1.32761e+01 
 186    7.0250086 -1.32318e+01 
 187    7.1788363 -1.31722e+01 
 188    7.3360323 -1.30914e+01 
 189    7.4966705 -1.29779e+01 


# z-band (filter: z_LSST.dat)
   0    0.1250000 -1.41605e+01 
   1    0.1277371 -1.41842e+01 
   2    0.1305342 -1.42085e+01 
   3    0.1333926 -1.42332e+01 
   4    0.1363135 -1.42581e+01 
   5    0.1392983 -1.42806e+01 
   6    0.1423486 -1.43035e+01 
   7    0.1454656 -1.43281e+01 
   8    0.1486509 -1.43490e+01 
   9    0.1519059 -1.43666e+01 
  10    0.1552322 -1.43841e+01 
  11    0.1586314 -1.44024e+01 
  12    0.1621049 -1.44189e+01 
  13    0.1656546 -1.44380e+01 
  14    0.1692819 -1.44565e+01 
  15    0.1729887 -1.44728e+01 
  16    0.1767767 -1.44888e+01 
  17    0.1806476 -1.45004e+01 
  18    0.1846033 -1.45122e+01 
  19    0.1886456 -1.45215e+01 
  20    0.1927764 -1.45293e+01 
  21    0.1969976 -1.45343e+01 
  22    0.2013113 -1.45303e+01 
  23    0.2057194 -1.45260e+01 
  24    0.2102241 -1.45207e+01 
  25    0.2148274 -1.45094e+01 
  26    0.2195315 -1.44913e+01 
  27    0.2243386 -1.44662e+01 
  28    0.2292510 -1.44363e+01 
  29    0.2342710 -1.44154e+01 
  30    0.2394008 -1.43889e+01 
  31    0.2446430 -1.43590e+01 
  32    0.2500000 -1.43305e+01 
  33    0.2554743 -1.42988e+01 
  34    0.2610684 -1.42735e+01 
  35    0.2667851 -1.42381e+01 
  36    0.2726269 -1.42097e+01 
  37    0.2785967 -1.41846e+01 
  38    0.2846972 -1.41646e+01 
  39    0.2909312 -1.41468e+01 
  40    0.2973018 -1.41315e+01 
  41    0.3038118 -1.41227e+01 
  42    0.3104645 -1.41275e+01 
  43    0.3172627 -1.41402e+01 
  44    0.3242099 -1.41640e+01 
  45    0.3313092 -1.42022e+01 
  46    0.3385639 -1.42450e+01 
  47    0.3459775 -1.42966e+01 
  48    0.3535534 -1.43518e+01 
  49    0.3612952 -1.44151e+01 
  50    0.3692065 -1.44742e+01 
  51    0.3772911 -1.45350e+01 
  52    0.3855527 -1.45976e+01 
  53    0.3939952 -1.46476e+01 
  54    0.4026226 -1.46972e+01 
  55    0.4114389 -1.47441e+01 
  56    0.4204482 -1.47914e+01 
  57    0.4296548 -1.48344e+01 
  58    0.4390630 -1.48822e+01 
  59    0.4486773 -1.49250e+01 
  60    0.4585020 -1.49750e+01 
  61    0.4685419 -1.50261e+01 
  62    0.4788016 -1.50842e+01 
  63    0.4892860 -1.51482e+01 
  64    0.5000000 -1.52180e+01 
  65    0.5109486 -1.52918e+01 
  66    0.5221369 -1.53670e+01 
  67    0.5335702 -1.54463e+01 
  68    0.5452539 -1.55270e+01 
  69    0.5571934 -1.56100e+01 
  70    0.5693943 -1.56958e+01 
  71    0.5818624 -1.57795e+01 
  72    0.5946036 -1.58648e+01 
  73    0.6076237 -1.59445e+01 
  74    0.6209289 -1.60249e+01 
  75    0.6345255 -1.61042e+01 
  76    0.6484198 -1.61794e+01 
  77    0.6626183 -1.62554e+01 
  78    0.6771278 -1.63294e+01 
  79    0.6919549 -1.64003e+01 
  80    0.7071068 -1.64712e+01 
  81    0.7225904 -1.65391e+01 
  82    0.7384131 -1.66027e+01 
  83    0.7545822 -1.66668e+01 
  84    0.7711054 -1.67295e+01 
  85    0.7879904 -1.67917e+01 
  86    0.8052452 -1.68498e+01 
  87    0.8228777 -1.69065e+01 
  88    0.8408964 -1.69605e+01 
  89    0.8593096 -1.70114e+01 
  90    0.8781261 -1.70602e+01 
  91    0.8973545 -1.71006e+01 
  92    0.9170040 -1.71373e+01 
  93    0.9370838 -1.71715e+01 
  94    0.9576033 -1.71997e+01 
  95    0.9785721 -1.72222e+01 
  96    1.0000000 -1.72394e+01 
  97    1.0218971 -1.72519e+01 
  98    1.0442738 -1.72597e+01 
  99    1.0671404 -1.72633e+01 
 100    1.0905077 -1.72605e+01 
 101    1.1143867 -1.72536e+01 
 102    1.1387886 -1.72433e+01 
 103    1.1637249 -1.72298e+01 
 104    1.1892071 -1.72118e+01 
 105    1.2152474 -1.71917e+01 
 106    1.2418578 -1.71674e+01 
 107    1.2690510 -1.71402e+01 
 108    1.2968396 -1.71118e+01 
 109    1.3252366 -1.70797e+01 
 110    1.3542555 -1.70456e+01 
 111    1.3839099 -1.70104e+01 
 112    1.4142136 -1.69735e+01 
 113    1.4451808 -1.69358e+01 
 114    1.4768261 -1.68964e+01 
 115    1.5091644 -1.68558e+01 
 116    1.5422108 -1.68129e+01 
 117    1.5759808 -1.67665e+01 
 118    1.6104903 -1.67191e+01 
 119    1.6457555 -1.66670e+01 
 120    1.6817928 -1.66106e+01 
 121    1.7186193 -1.65520e+01 
 122    1.7562522 -1.64882e+01 
 123    1.7947091 -1.64235e+01 
 124    1.8340081 -1.63570e+01 
 125    1.8741676 -1.62868e+01 
 126    1.9152066 -1.62125e+01 
 127    1.9571441 -1.61272e+01 
 128    2.0000000 -1.60338e+01 
 129    2.0437943 -1.59216e+01 
 130    2.0885476 -1.58070e+01 
 131    2.1342808 -1.56925e+01 
 132    2.1810155 -1.55830e+01 
 133    2.2287735 -1.54766e+01 
 134    2.2775773 -1.53640e+01 
 135    2.3274497 -1.52687e+01 
 136    2.3784142 -1.51786e+01 
 137    2.4304947 -1.50869e+01 
 138    2.4837156 -1.50133e+01 
 139    2.5381019 -1.49450e+01 
 140    2.5936791 -1.48944e+01 
 141    2.6504733 -1.48550e+01 
 142    2.7085111 -1.48220e+01 
 143    2.7678198 -1.47964e+01 
 144    2.8284271 -1.47718e+01 
 145    2.8903616 -1.47520e+01 
 146    2.9536523 -1.47322e+01 
 147    3.0183289 -1.47137e+01 
 148    3.0844217 -1.46937e+01 
 149    3.1519617 -1.46720e+01 
 150    3.2209807 -1.46479e+01 
 151    3.2915110 -1.46244e+01 
 152    3.3635857 -1.46002e+01 
 153    3.4372386 -1.45745e+01 
 154    3.5125043 -1.45520e+01 
 155    3.5894182 -1.45275e+01 
 156    3.6680162 -1.45023e+01 
 157    3.7483353 -1.44719e+01 
 158    3.8304131 -1.44356e+01 
 159    3.9142882 -1.43956e+01 
 160    4.0000000 -1.43405e+01 
 161    4.0875886 -1.42730e+01 
 162    4.1770951 -1.41997e+01 
 163    4.2685616 -1.41000e+01 
 164    4.3620309 -1.39833e+01 
 165    4.4575470 -1.38544e+01 
 166    4.5551545 -1.36966e+01 
 167    4.6548994 -1.35211e+01 
 168    4.7568285 -1.33263e+01 
 169    4.8609894 -1.31107e+01 
 170    4.9674312 -1.28809e+01 
 171    5.0762038 -1.26403e+01 
 172    5.1873582 -1.23873e+01 
 173    5.3009466 -1.21411e+01 
 174    5.4170222 -1.19043e+01 
 175    5.5356395 -1.16726e+01 
 176    5.6568542 -1.15009e+01 
 177    5.7807232 -1.13868e+01 
 178    5.9073046 -1.12908e+01 
 179    6.0366577 -1.12865e+01 
 180    6.1688433 -1.13263e+01 
 181    6.3039234 -1.14051e+01 
 182    6.4419613 -1.15228e+01 
 183    6.5830219 -1.16525e+01 
 184    6.7271713 -1.18311e+01 
 185    6.8744772 -1.19811e+01 
 186    7.0250086 -1.21686e+01 
 187    7.1788363 -1.23888e+01 
 188    7.3360323 -1.25970e+01 
 189    7.4966705 -1.27626e+01 


# y-band (filter: y_LSST.dat)
   0    0.1250000 -1.39882e+01 
   1    0.1277371 -1.40394e+01 
   2    0.1305342 -1.40917e+01 
   3    0.1333926 -1.41452e+01 
   4    0.1363135 -1.41877e+01 
   5    0.1392983 -1.42339e+01 
   6    0.1423486 -1.43131e+01 
   7    0.1454656 -1.43879e+01 
   8    0.1486509 -1.44580e+01 
   9    0.1519059 -1.45426e+01 
  10    0.1552322 -1.46144e+01 
  11    0.1586314 -1.46837e+01 
  12    0.1621049 -1.47392e+01 
  13    0.1656546 -1.48109e+01 
  14    0.1692819 -1.48810e+01 
  15    0.1729887 -1.49498e+01 
  16    0.1767767 -1.50137e+01 
  17    0.1806476 -1.50661e+01 
  18    0.1846033 -1.51014e+01 
  19    0.1886456 -1.51317e+01 
  20    0.1927764 -1.51642e+01 
  21    0.1969976 -1.51809e+01 
  22    0.2013113 -1.51986e+01 
  23    0.2057194 -1.52244e+01 
  24    0.2102241 -1.52368e+01 
  25    0.2148274 -1.52450e+01 
  26    0.2195315 -1.52547e+01 
  27    0.2243386 -1.52642e+01 
  28    0.2292510 -1.52938e+01 
  29    0.2342710 -1.53192e+01 
  30    0.2394008 -1.53417e+01 
  31    0.2446430 -1.53621e+01 
  32    0.2500000 -1.53764e+01 
  33    0.2554743 -1.53964e+01 
  34    0.2610684 -1.54162e+01 
  35    0.2667851 -1.54254e+01 
  36    0.2726269 -1.54397e+01 
  37    0.2785967 -1.54501e+01 
  38    0.2846972 -1.54673e+01 
  39    0.2909312 -1.54846e+01 
  40    0.2973018 -1.54935e+01 
  41    0.3038118 -1.55140e+01 
  42    0.3104645 -1.55388e+01 
  43    0.3172627 -1.55663e+01 
  44    0.3242099 -1.56033e+01 
  45    0.3313092 -1.56446e+01 
  46    0.3385639 -1.56914e+01 
  47    0.3459775 -1.57486e+01 
  48    0.3535534 -1.58053e+01 
  49    0.3612952 -1.58653e+01 
  50    0.3692065 -1.59263e+01 
  51    0.3772911 -1.59847e+01 
  52    0.3855527 -1.60442e+01 
  53    0.3939952 -1.61008e+01 
  54    0.4026226 -1.61593e+01 
  55    0.4114389 -1.62192e+01 
  56    0.4204482 -1.62740e+01 
  57    0.4296548 -1.63277e+01 
  58    0.4390630 -1.63804e+01 
  59    0.4486773 -1.64318e+01 
  60    0.4585020 -1.64838e+01 
  61    0.4685419 -1.65348e+01 
  62    0.4788016 -1.65843e+01 
  63    0.4892860 -1.66309e+01 
  64    0.5000000 -1.66785e+01 
  65    0.5109486 -1.67221e+01 
  66    0.5221369 -1.67628e+01 
  67    0.5335702 -1.68016e+01 
  68    0.5452539 -1.68413e+01 
  69    0.5571934 -1.68762e+01 
  70    0.5693943 -1.69118e+01 
  71    0.5818624 -1.69419e+01 
  72    0.5946036 -1.69710e+01 
  73    0.6076237 -1.69987e+01 
  74    0.6209289 -1.70237e+01 
  75    0.6345255 -1.70475e+01 
  76    0.6484198 -1.70699e+01 
  77    0.6626183 -1.70920e+01 
  78    0.6771278 -1.71121e+01 
  79    0.6919549 -1.71322e+01 
  80    0.7071068 -1.71510e+01 
  81    0.7225904 -1.71686e+01 
  82    0.7384131 -1.71849e+01 
  83    0.7545822 -1.72007e+01 
  84    0.7711054 -1.72157e+01 
  85    0.7879904 -1.72275e+01 
  86    0.8052452 -1.72397e+01 
  87    0.8228777 -1.72510e+01 
  88    0.8408964 -1.72574e+01 
  89    0.8593096 -1.72619e+01 
  90    0.8781261 -1.72648e+01 
  91    0.8973545 -1.72624e+01 
  92    0.9170040 -1.72566e+01 
  93    0.9370838 -1.72490e+01 
  94    0.9576033 -1.72370e+01 
  95    0.9785721 -1.72225e+01 
  96    1.0000000 -1.72054e+01 
  97    1.0218971 -1.71853e+01 
  98    1.0442738 -1.71617e+01 
  99    1.0671404 -1.71362e+01 
 100    1.0905077 -1.71070e+01 
 101    1.1143867 -1.70754e+01 
 102    1.1387886 -1.70427e+01 
 103    1.1637249 -1.70083e+01 
 104    1.1892071 -1.69730e+01 
 105    1.2152474 -1.69352e+01 
 106    1.2418578 -1.68963e+01 
 107    1.2690510 -1.68578e+01 
 108    1.2968396 -1.68175e+01 
 109    1.3252366 -1.67757e+01 
 110    1.3542555 -1.67331e+01 
 111    1.3839099 -1.66900e+01 
 112    1.4142136 -1.66473e+01 
 113    1.4451808 -1.66045e+01 
 114    1.4768261 -1.65603e+01 
 115    1.5091644 -1.65160e+01 
 116    1.5422108 -1.64706e+01 
 117    1.5759808 -1.64227e+01 
 118    1.6104903 -1.63741e+01 
 119    1.6457555 -1.63227e+01 
 120    1.6817928 -1.62684e+01 
 121    1.7186193 -1.62138e+01 
 122    1.7562522 -1.61584e+01 
 123    1.7947091 -1.60997e+01 
 124    1.8340081 -1.60423e+01 
 125    1.8741676 -1.59820e+01 
 126    1.9152066 -1.59220e+01 
 127    1.9571441 -1.58552e+01 
 128    2.0000000 -1.57847e+01 
 129    2.0437943 -1.57086e+01 
 130    2.0885476 -1.56340e+01 
 131    2.1342808 -1.55624e+01 
 132    2.1810155 -1.54998e+01 
 133    2.2287735 -1.54414e+01 
 134    2.2775773 -1.53828e+01 
 135    2.3274497 -1.53388e+01 
 136    2.3784142 -1.52982e+01 
 137    2.4304947 -1.52616e+01 
 138    2.4837156 -1.52356e+01 
 139    2.5381019 -1.52172e+01 
 140    2.5936791 -1.52095e+01 
 141    2.6504733 -1.52069e+01 
 142    2.7085111 -1.52082e+01 
 143    2.7678198 -1.52127e+01 
 144    2.8284271 -1.52171e+01 
 145    2.8903616 -1.52230e+01 
 146    2.9536523 -1.52267e+01 
 147    3.0183289 -1.52289e+01 
 148    3.0844217 -1.52282e+01 
 149    3.1519617 -1.52236e+01 
 150    3.2209807 -1.52166e+01 
 151    3.2915110 -1.52037e+01 
 152    3.3635857 -1.51884e+01 
 153    3.4372386 -1.51704e+01 
 154    3.5125043 -1.51500e+01 
 155    3.5894182 -1.51288e+01 
 156    3.6680162 -1.51054e+01 
 157    3.7483353 -1.50847e+01 
 158    3.8304131 -1.50649e+01 
 159    3.9142882 -1.50437e+01 
 160    4.0000000 -1.50204e+01 
 161    4.0875886 -1.49915e+01 
 162    4.1770951 -1.49621e+01 
 163    4.2685616 -1.49198e+01 
 164    4.3620309 -1.48683e+01 
 165    4.4575470 -1.48129e+01 
 166    4.5551545 -1.47321e+01 
 167    4.6548994 -1.46329e+01 
 168    4.7568285 -1.45208e+01 
 169    4.8609894 -1.43739e+01 
 170    4.9674312 -1.42033e+01 
 171    5.0762038 -1.40110e+01 
 172    5.1873582 -1.37980e+01 
 173    5.3009466 -1.35580e+01 
 174    5.4170222 -1.32954e+01 
 175    5.5356395 -1.30115e+01 
 176    5.6568542 -1.27126e+01 
 177    5.7807232 -1.23996e+01 
 178    5.9073046 -1.20726e+01 
 179    6.0366577 -1.17583e+01 
 180    6.1688433 -1.14557e+01 
 181    6.3039234 -1.11577e+01 
 182    6.4419613 -1.09356e+01 
 183    6.5830219 -1.07916e+01 
 184    6.7271713 -1.06641e+01 
 185    6.8744772 -1.06631e+01 
 186    7.0250086 -1.06473e+01 
 187    7.1788363 -1.06620e+01 
 188    7.3360323 -1.07400e+01 
 189    7.4966705 -1.09344e+01 


# J-band (filter: J_2MASS.dat)
   0    0.1250000 -1.37128e+01 
   1    0.1277371 -1.38417e+01 
   2    0.1305342 -1.39735e+01 
   3    0.1333926 -1.41081e+01 
   4    0.1363135 -1.42250e+01 
   5    0.1392983 -1.43504e+01 
   6    0.1423486 -1.44620e+01 
   7    0.1454656 -1.45748e+01 
   8    0.1486509 -1.46671e+01 
   9    0.1519059 -1.47572e+01 
  10    0.1552322 -1.48650e+01 
  11    0.1586314 -1.49512e+01 
  12    0.1621049 -1.50399e+01 
  13    0.1656546 -1.51280e+01 
  14    0.1692819 -1.52035e+01 
  15    0.1729887 -1.52791e+01 
  16    0.1767767 -1.53374e+01 
  17    0.1806476 -1.53907e+01 
  18    0.1846033 -1.54517e+01 
  19    0.1886456 -1.55123e+01 
  20    0.1927764 -1.55624e+01 
  21    0.1969976 -1.56073e+01 
  22    0.2013113 -1.56499e+01 
  23    0.2057194 -1.57069e+01 
  24    0.2102241 -1.57592e+01 
  25    0.2148274 -1.58194e+01 
  26    0.2195315 -1.58725e+01 
  27    0.2243386 -1.59328e+01 
  28    0.2292510 -1.59648e+01 
  29    0.2342710 -1.59961e+01 
  30    0.2394008 -1.60320e+01 
  31    0.2446430 -1.60597e+01 
  32    0.2500000 -1.61021e+01 
  33    0.2554743 -1.61371e+01 
  34    0.2610684 -1.61782e+01 
  35    0.2667851 -1.62131e+01 
  36    0.2726269 -1.62426e+01 
  37    0.2785967 -1.62729e+01 
  38    0.2846972 -1.63058e+01 
  39    0.2909312 -1.63450e+01 
  40    0.2973018 -1.64023e+01 
  41    0.3038118 -1.64593e+01 
  42    0.3104645 -1.65129e+01 
  43    0.3172627 -1.65669e+01 
  44    0.3242099 -1.66159e+01 
  45    0.3313092 -1.66669e+01 
  46    0.3385639 -1.67155e+01 
  47    0.3459775 -1.67622e+01 
  48    0.3535534 -1.68054e+01 
  49    0.3612952 -1.68504e+01 
  50    0.3692065 -1.68905e+01 
  51    0.3772911 -1.69263e+01 
  52    0.3855527 -1.69620e+01 
  53    0.3939952 -1.69967e+01 
  54    0.4026226 -1.70289e+01 
  55    0.4114389 -1.70583e+01 
  56    0.4204482 -1.70857e+01 
  57    0.4296548 -1.71088e+01 
  58    0.4390630 -1.71330e+01 
  59    0.4486773 -1.71554e+01 
  60    0.4585020 -1.71745e+01 
  61    0.4685419 -1.71902e+01 
  62    0.4788016 -1.72055e+01 
  63    0.4892860 -1.72188e+01 
  64    0.5000000 -1.72296e+01 
  65    0.5109486 -1.72382e+01 
  66    0.5221369 -1.72439e+01 
  67    0.5335702 -1.72501e+01 
  68    0.5452539 -1.72538e+01 
  69    0.5571934 -1.72549e+01 
  70    0.5693943 -1.72545e+01 
  71    0.5818624 -1.72520e+01 
  72    0.5946036 -1.72483e+01 
  73    0.6076237 -1.72432e+01 
  74    0.6209289 -1.72375e+01 
  75    0.6345255 -1.72281e+01 
  76    0.6484198 -1.72181e+01 
  77    0.6626183 -1.72062e+01 
  78    0.6771278 -1.71934e+01 
  79    0.6919549 -1.71773e+01 
  80    0.7071068 -1.71609e+01 
  81    0.7225904 -1.71435e+01 
  82    0.7384131 -1.71250e+01 
  83    0.7545822 -1.71055e+01 
  84    0.7711054 -1.70835e+01 
  85    0.7879904 -1.70610e+01 
  86    0.8052452 -1.70367e+01 
  87    0.8228777 -1.70117e+01 
  88    0.8408964 -1.69861e+01 
  89    0.8593096 -1.69585e+01 
  90    0.8781261 -1.69299e+01 
  91    0.8973545 -1.69018e+01 
  92    0.9170040 -1.68730e+01 
  93    0.9370838 -1.68423e+01 
  94    0.9576033 -1.68091e+01 
  95    0.9785721 -1.67751e+01 
  96    1.0000000 -1.67422e+01 
  97    1.0218971 -1.67078e+01 
  98    1.0442738 -1.66718e+01 
  99    1.0671404 -1.66346e+01 
 100    1.0905077 -1.65979e+01 
 101    1.1143867 -1.65612e+01 
 102    1.1387886 -1.65233e+01 
 103    1.1637249 -1.64849e+01 
 104    1.1892071 -1.64457e+01 
 105    1.2152474 -1.64051e+01 
 106    1.2418578 -1.63659e+01 
 107    1.2690510 -1.63257e+01 
 108    1.2968396 -1.62846e+01 
 109    1.3252366 -1.62438e+01 
 110    1.3542555 -1.62013e+01 
 111    1.3839099 -1.61596e+01 
 112    1.4142136 -1.61169e+01 
 113    1.4451808 -1.60740e+01 
 114    1.4768261 -1.60312e+01 
 115    1.5091644 -1.59873e+01 
 116    1.5422108 -1.59428e+01 
 117    1.5759808 -1.58973e+01 
 118    1.6104903 -1.58517e+01 
 119    1.6457555 -1.58039e+01 
 120    1.6817928 -1.57556e+01 
 121    1.7186193 -1.57065e+01 
 122    1.7562522 -1.56588e+01 
 123    1.7947091 -1.56096e+01 
 124    1.8340081 -1.55603e+01 
 125    1.8741676 -1.55110e+01 
 126    1.9152066 -1.54620e+01 
 127    1.9571441 -1.54095e+01 
 128    2.0000000 -1.53547e+01 
 129    2.0437943 -1.52954e+01 
 130    2.0885476 -1.52378e+01 
 131    2.1342808 -1.51816e+01 
 132    2.1810155 -1.51307e+01 
 133    2.2287735 -1.50829e+01 
 134    2.2775773 -1.50336e+01 
 135    2.3274497 -1.49921e+01 
 136    2.3784142 -1.49566e+01 
 137    2.4304947 -1.49222e+01 
 138    2.4837156 -1.48958e+01 
 139    2.5381019 -1.48766e+01 
 140    2.5936791 -1.48658e+01 
 141    2.6504733 -1.48630e+01 
 142    2.7085111 -1.48664e+01 
 143    2.7678198 -1.48745e+01 
 144    2.8284271 -1.48877e+01 
 145    2.8903616 -1.49054e+01 
 146    2.9536523 -1.49281e+01 
 147    3.0183289 -1.49555e+01 
 148    3.0844217 -1.49855e+01 
 149    3.1519617 -1.50195e+01 
 150    3.2209807 -1.50573e+01 
 151    3.2915110 -1.50978e+01 
 152    3.3635857 -1.51384e+01 
 153    3.4372386 -1.51811e+01 
 154    3.5125043 -1.52197e+01 
 155    3.5894182 -1.52540e+01 
 156    3.6680162 -1.52891e+01 
 157    3.7483353 -1.53133e+01 
 158    3.8304131 -1.53303e+01 
 159    3.9142882 -1.53433e+01 
 160    4.0000000 -1.53442e+01 
 161    4.0875886 -1.53389e+01 
 162    4.1770951 -1.53270e+01 
 163    4.2685616 -1.53101e+01 
 164    4.3620309 -1.52929e+01 
 165    4.4575470 -1.52703e+01 
 166    4.5551545 -1.52561e+01 
 167    4.6548994 -1.52467e+01 
 168    4.7568285 -1.52357e+01 
 169    4.8609894 -1.52342e+01 
 170    4.9674312 -1.52339e+01 
 171    5.0762038 -1.52312e+01 
 172    5.1873582 -1.52335e+01 
 173    5.3009466 -1.52217e+01 
 174    5.4170222 -1.51995e+01 
 175    5.5356395 -1.51751e+01 
 176    5.6568542 -1.51217e+01 
 177    5.7807232 -1.50493e+01 
 178    5.9073046 -1.49626e+01 
 179    6.0366577 -1.48434e+01 
 180    6.1688433 -1.46985e+01 
 181    6.3039234 -1.45298e+01 
 182    6.4419613 -1.43262e+01 
 183    6.5830219 -1.40961e+01 
 184    6.7271713 -1.38425e+01 
 185    6.8744772 -1.35594e+01 
 186    7.0250086 -1.32643e+01 
 187    7.1788363 -1.29521e+01 
 188    7.3360323 -1.26207e+01 
 189    7.4966705 -1.22624e+01 


# H-band (filter: H_2MASS.dat)
   0    0.1250000 -1.40755e+01 
   1    0.1277371 -1.42084e+01 
   2    0.1305342 -1.43441e+01 
   3    0.1333926 -1.44828e+01 
   4    0.1363135 -1.46175e+01 
   5    0.1392983 -1.47476e+01 
   6    0.1423486 -1.48830e+01 
   7    0.1454656 -1.50133e+01 
   8    0.1486509 -1.51303e+01 
   9    0.1519059 -1.52390e+01 
  10    0.1552322 -1.53442e+01 
  11    0.1586314 -1.54454e+01 
  12    0.1621049 -1.55439e+01 
  13    0.1656546 -1.56422e+01 
  14    0.1692819 -1.57394e+01 
  15    0.1729887 -1.58283e+01 
  16    0.1767767 -1.59090e+01 
  17    0.1806476 -1.59854e+01 
  18    0.1846033 -1.60634e+01 
  19    0.1886456 -1.61289e+01 
  20    0.1927764 -1.61912e+01 
  21    0.1969976 -1.62549e+01 
  22    0.2013113 -1.63157e+01 
  23    0.2057194 -1.63663e+01 
  24    0.2102241 -1.64172e+01 
  25    0.2148274 -1.64687e+01 
  26    0.2195315 -1.65063e+01 
  27    0.2243386 -1.65447e+01 
  28    0.2292510 -1.65795e+01 
  29    0.2342710 -1.66128e+01 
  30    0.2394008 -1.66420e+01 
  31    0.2446430 -1.66684e+01 
  32    0.2500000 -1.66961e+01 
  33    0.2554743 -1.67192e+01 
  34    0.2610684 -1.67408e+01 
  35    0.2667851 -1.67608e+01 
  36    0.2726269 -1.67732e+01 
  37    0.2785967 -1.67884e+01 
  38    0.2846972 -1.67998e+01 
  39    0.2909312 -1.68115e+01 
  40    0.2973018 -1.68182e+01 
  41    0.3038118 -1.68246e+01 
  42    0.3104645 -1.68261e+01 
  43    0.3172627 -1.68282e+01 
  44    0.3242099 -1.68280e+01 
  45    0.3313092 -1.68260e+01 
  46    0.3385639 -1.68212e+01 
  47    0.3459775 -1.68154e+01 
  48    0.3535534 -1.68101e+01 
  49    0.3612952 -1.68008e+01 
  50    0.3692065 -1.67880e+01 
  51    0.3772911 -1.67721e+01 
  52    0.3855527 -1.67572e+01 
  53    0.3939952 -1.67401e+01 
  54    0.4026226 -1.67231e+01 
  55    0.4114389 -1.67018e+01 
  56    0.4204482 -1.66823e+01 
  57    0.4296548 -1.66598e+01 
  58    0.4390630 -1.66364e+01 
  59    0.4486773 -1.66126e+01 
  60    0.4585020 -1.65859e+01 
  61    0.4685419 -1.65566e+01 
  62    0.4788016 -1.65307e+01 
  63    0.4892860 -1.65045e+01 
  64    0.5000000 -1.64757e+01 
  65    0.5109486 -1.64468e+01 
  66    0.5221369 -1.64163e+01 
  67    0.5335702 -1.63847e+01 
  68    0.5452539 -1.63527e+01 
  69    0.5571934 -1.63196e+01 
  70    0.5693943 -1.62864e+01 
  71    0.5818624 -1.62524e+01 
  72    0.5946036 -1.62135e+01 
  73    0.6076237 -1.61818e+01 
  74    0.6209289 -1.61451e+01 
  75    0.6345255 -1.61097e+01 
  76    0.6484198 -1.60762e+01 
  77    0.6626183 -1.60391e+01 
  78    0.6771278 -1.60026e+01 
  79    0.6919549 -1.59677e+01 
  80    0.7071068 -1.59323e+01 
  81    0.7225904 -1.58977e+01 
  82    0.7384131 -1.58627e+01 
  83    0.7545822 -1.58279e+01 
  84    0.7711054 -1.57950e+01 
  85    0.7879904 -1.57596e+01 
  86    0.8052452 -1.57300e+01 
  87    0.8228777 -1.56976e+01 
  88    0.8408964 -1.56650e+01 
  89    0.8593096 -1.56325e+01 
  90    0.8781261 -1.56029e+01 
  91    0.8973545 -1.55742e+01 
  92    0.9170040 -1.55455e+01 
  93    0.9370838 -1.55161e+01 
  94    0.9576033 -1.54865e+01 
  95    0.9785721 -1.54576e+01 
  96    1.0000000 -1.54269e+01 
  97    1.0218971 -1.54001e+01 
  98    1.0442738 -1.53725e+01 
  99    1.0671404 -1.53465e+01 
 100    1.0905077 -1.53216e+01 
 101    1.1143867 -1.52969e+01 
 102    1.1387886 -1.52726e+01 
 103    1.1637249 -1.52472e+01 
 104    1.1892071 -1.52212e+01 
 105    1.2152474 -1.51979e+01 
 106    1.2418578 -1.51747e+01 
 107    1.2690510 -1.51515e+01 
 108    1.2968396 -1.51293e+01 
 109    1.3252366 -1.51056e+01 
 110    1.3542555 -1.50811e+01 
 111    1.3839099 -1.50543e+01 
 112    1.4142136 -1.50290e+01 
 113    1.4451808 -1.50036e+01 
 114    1.4768261 -1.49779e+01 
 115    1.5091644 -1.49504e+01 
 116    1.5422108 -1.49233e+01 
 117    1.5759808 -1.48939e+01 
 118    1.6104903 -1.48661e+01 
 119    1.6457555 -1.48371e+01 
 120    1.6817928 -1.48028e+01 
 121    1.7186193 -1.47690e+01 
 122    1.7562522 -1.47320e+01 
 123    1.7947091 -1.46946e+01 
 124    1.8340081 -1.46557e+01 
 125    1.8741676 -1.46140e+01 
 126    1.9152066 -1.45715e+01 
 127    1.9571441 -1.45269e+01 
 128    2.0000000 -1.44778e+01 
 129    2.0437943 -1.44300e+01 
 130    2.0885476 -1.43776e+01 
 131    2.1342808 -1.43256e+01 
 132    2.1810155 -1.42794e+01 
 133    2.2287735 -1.42354e+01 
 134    2.2775773 -1.41923e+01 
 135    2.3274497 -1.41538e+01 
 136    2.3784142 -1.41157e+01 
 137    2.4304947 -1.40826e+01 
 138    2.4837156 -1.40542e+01 
 139    2.5381019 -1.40291e+01 
 140    2.5936791 -1.40089e+01 
 141    2.6504733 -1.39920e+01 
 142    2.7085111 -1.39802e+01 
 143    2.7678198 -1.39689e+01 
 144    2.8284271 -1.39626e+01 
 145    2.8903616 -1.39589e+01 
 146    2.9536523 -1.39528e+01 
 147    3.0183289 -1.39526e+01 
 148    3.0844217 -1.39549e+01 
 149    3.1519617 -1.39561e+01 
 150    3.2209807 -1.39593e+01 
 151    3.2915110 -1.39646e+01 
 152    3.3635857 -1.39718e+01 
 153    3.4372386 -1.39807e+01 
 154    3.5125043 -1.39904e+01 
 155    3.5894182 -1.40012e+01 
 156    3.6680162 -1.40107e+01 
 157    3.7483353 -1.40182e+01 
 158    3.8304131 -1.40223e+01 
 159    3.9142882 -1.40246e+01 
 160    4.0000000 -1.40212e+01 
 161    4.0875886 -1.40128e+01 
 162    4.1770951 -1.40022e+01 
 163    4.2685616 -1.39832e+01 
 164    4.3620309 -1.39592e+01 
 165    4.4575470 -1.39304e+01 
 166    4.5551545 -1.38948e+01 
 167    4.6548994 -1.38544e+01 
 168    4.7568285 -1.38091e+01 
 169    4.8609894 -1.37620e+01 
 170    4.9674312 -1.37131e+01 
 171    5.0762038 -1.36628e+01 
 172    5.1873582 -1.36113e+01 
 173    5.3009466 -1.35667e+01 
 174    5.4170222 -1.35309e+01 
 175    5.5356395 -1.35011e+01 
 176    5.6568542 -1.34972e+01 
 177    5.7807232 -1.35148e+01 
 178    5.9073046 -1.35398e+01 
 179    6.0366577 -1.35968e+01 
 180    6.1688433 -1.36621e+01 
 181    6.3039234 -1.37416e+01 
 182    6.4419613 -1.38207e+01 
 183    6.5830219 -1.38956e+01 
 184    6.7271713 -1.39847e+01 
 185    6.8744772 -1.40405e+01 
 186    7.0250086 -1.41072e+01 
 187    7.1788363 -1.41800e+01 
 188    7.3360323 -1.42378e+01 
 189    7.4966705 -1.42614e+01 


# K-band (filter: Ks_mosfire.dat)
   0    0.1250000 -1.39977e+01 
   1    0.1277371 -1.41152e+01 
   2    0.1305342 -1.42353e+01 
   3    0.1333926 -1.43580e+01 
   4    0.1363135 -1.44767e+01 
   5    0.1392983 -1.46030e+01 
   6    0.1423486 -1.47247e+01 
   7    0.1454656 -1.48593e+01 
   8    0.1486509 -1.49771e+01 
   9    0.1519059 -1.50817e+01 
  10    0.1552322 -1.51913e+01 
  11    0.1586314 -1.52898e+01 
  12    0.1621049 -1.53918e+01 
  13    0.1656546 -1.54831e+01 
  14    0.1692819 -1.55686e+01 
  15    0.1729887 -1.56488e+01 
  16    0.1767767 -1.57298e+01 
  17    0.1806476 -1.57974e+01 
  18    0.1846033 -1.58683e+01 
  19    0.1886456 -1.59275e+01 
  20    0.1927764 -1.59815e+01 
  21    0.1969976 -1.60381e+01 
  22    0.2013113 -1.60874e+01 
  23    0.2057194 -1.61304e+01 
  24    0.2102241 -1.61744e+01 
  25    0.2148274 -1.62190e+01 
  26    0.2195315 -1.62531e+01 
  27    0.2243386 -1.62826e+01 
  28    0.2292510 -1.63093e+01 
  29    0.2342710 -1.63271e+01 
  30    0.2394008 -1.63474e+01 
  31    0.2446430 -1.63619e+01 
  32    0.2500000 -1.63780e+01 
  33    0.2554743 -1.63859e+01 
  34    0.2610684 -1.63948e+01 
  35    0.2667851 -1.64043e+01 
  36    0.2726269 -1.64079e+01 
  37    0.2785967 -1.64070e+01 
  38    0.2846972 -1.64045e+01 
  39    0.2909312 -1.63999e+01 
  40    0.2973018 -1.63915e+01 
  41    0.3038118 -1.63863e+01 
  42    0.3104645 -1.63775e+01 
  43    0.3172627 -1.63681e+01 
  44    0.3242099 -1.63574e+01 
  45    0.3313092 -1.63485e+01 
  46    0.3385639 -1.63348e+01 
  47    0.3459775 -1.63164e+01 
  48    0.3535534 -1.62980e+01 
  49    0.3612952 -1.62790e+01 
  50    0.3692065 -1.62567e+01 
  51    0.3772911 -1.62344e+01 
  52    0.3855527 -1.62110e+01 
  53    0.3939952 -1.61823e+01 
  54    0.4026226 -1.61536e+01 
  55    0.4114389 -1.61232e+01 
  56    0.4204482 -1.60912e+01 
  57    0.4296548 -1.60578e+01 
  58    0.4390630 -1.60214e+01 
  59    0.4486773 -1.59835e+01 
  60    0.4585020 -1.59426e+01 
  61    0.4685419 -1.59048e+01 
  62    0.4788016 -1.58652e+01 
  63    0.4892860 -1.58262e+01 
  64    0.5000000 -1.57896e+01 
  65    0.5109486 -1.57463e+01 
  66    0.5221369 -1.57055e+01 
  67    0.5335702 -1.56616e+01 
  68    0.5452539 -1.56195e+01 
  69    0.5571934 -1.55814e+01 
  70    0.5693943 -1.55381e+01 
  71    0.5818624 -1.54966e+01 
  72    0.5946036 -1.54575e+01 
  73    0.6076237 -1.54125e+01 
  74    0.6209289 -1.53671e+01 
  75    0.6345255 -1.53244e+01 
  76    0.6484198 -1.52764e+01 
  77    0.6626183 -1.52351e+01 
  78    0.6771278 -1.51915e+01 
  79    0.6919549 -1.51475e+01 
  80    0.7071068 -1.50990e+01 
  81    0.7225904 -1.50528e+01 
  82    0.7384131 -1.50079e+01 
  83    0.7545822 -1.49597e+01 
  84    0.7711054 -1.49128e+01 
  85    0.7879904 -1.48661e+01 
  86    0.8052452 -1.48213e+01 
  87    0.8228777 -1.47711e+01 
  88    0.8408964 -1.47289e+01 
  89    0.8593096 -1.46815e+01 
  90    0.8781261 -1.46347e+01 
  91    0.8973545 -1.45872e+01 
  92    0.9170040 -1.45452e+01 
  93    0.9370838 -1.44995e+01 
  94    0.9576033 -1.44567e+01 
  95    0.9785721 -1.44177e+01 
  96    1.0000000 -1.43794e+01 
  97    1.0218971 -1.43401e+01 
  98    1.0442738 -1.42988e+01 
  99    1.0671404 -1.42579e+01 
 100    1.0905077 -1.42193e+01 
 101    1.1143867 -1.41821e+01 
 102    1.1387886 -1.41419e+01 
 103    1.1637249 -1.41061e+01 
 104    1.1892071 -1.40682e+01 
 105    1.2152474 -1.40287e+01 
 106    1.2418578 -1.39912e+01 
 107    1.2690510 -1.39565e+01 
 108    1.2968396 -1.39190e+01 
 109    1.3252366 -1.38861e+01 
 110    1.3542555 -1.38571e+01 
 111    1.3839099 -1.38278e+01 
 112    1.4142136 -1.37979e+01 
 113    1.4451808 -1.37678e+01 
 114    1.4768261 -1.37361e+01 
 115    1.5091644 -1.37060e+01 
 116    1.5422108 -1.36820e+01 
 117    1.5759808 -1.36503e+01 
 118    1.6104903 -1.36189e+01 
 119    1.6457555 -1.35911e+01 
 120    1.6817928 -1.35607e+01 
 121    1.7186193 -1.35276e+01 
 122    1.7562522 -1.34933e+01 
 123    1.7947091 -1.34628e+01 
 124    1.8340081 -1.34325e+01 
 125    1.8741676 -1.34035e+01 
 126    1.9152066 -1.33772e+01 
 127    1.9571441 -1.33422e+01 
 128    2.0000000 -1.33082e+01 
 129    2.0437943 -1.32757e+01 
 130    2.0885476 -1.32367e+01 
 131    2.1342808 -1.32021e+01 
 132    2.1810155 -1.31671e+01 
 133    2.2287735 -1.31339e+01 
 134    2.2775773 -1.30969e+01 
 135    2.3274497 -1.30618e+01 
 136    2.3784142 -1.30230e+01 
 137    2.4304947 -1.29827e+01 
 138    2.4837156 -1.29432e+01 
 139    2.5381019 -1.29131e+01 
 140    2.5936791 -1.28834e+01 
 141    2.6504733 -1.28556e+01 
 142    2.7085111 -1.28303e+01 
 143    2.7678198 -1.28025e+01 
 144    2.8284271 -1.27801e+01 
 145    2.8903616 -1.27681e+01 
 146    2.9536523 -1.27550e+01 
 147    3.0183289 -1.27469e+01 
 148    3.0844217 -1.27454e+01 
 149    3.1519617 -1.27445e+01 
 150    3.2209807 -1.27497e+01 
 151    3.2915110 -1.27535e+01 
 152    3.3635857 -1.27607e+01 
 153    3.4372386 -1.27730e+01 
 154    3.5125043 -1.27860e+01 
 155    3.5894182 -1.27998e+01 
 156    3.6680162 -1.28119e+01 
 157    3.7483353 -1.28142e+01 
 158    3.8304131 -1.28123e+01 
 159    3.9142882 -1.28095e+01 
 160    4.0000000 -1.27948e+01 
 161    4.0875886 -1.27736e+01 
 162    4.1770951 -1.27482e+01 
 163    4.2685616 -1.27156e+01 
 164    4.3620309 -1.26737e+01 
 165    4.4575470 -1.26238e+01 
 166    4.5551545 -1.25695e+01 
 167    4.6548994 -1.25139e+01 
 168    4.7568285 -1.24517e+01 
 169    4.8609894 -1.23900e+01 
 170    4.9674312 -1.23285e+01 
 171    5.0762038 -1.22639e+01 
 172    5.1873582 -1.21988e+01 
 173    5.3009466 -1.21364e+01 
 174    5.4170222 -1.20691e+01 
 175    5.5356395 -1.20038e+01 
 176    5.6568542 -1.19277e+01 
 177    5.7807232 -1.18510e+01 
 178    5.9073046 -1.17706e+01 
 179    6.0366577 -1.16796e+01 
 180    6.1688433 -1.15884e+01 
 181    6.3039234 -1.14868e+01 
 182    6.4419613 -1.13846e+01 
 183    6.5830219 -1.12751e+01 
 184    6.7271713 -1.11545e+01 
 185    6.8744772 -1.10303e+01 
 186    7.0250086 -1.09068e+01 
 187    7.1788363 -1.07766e+01 
 188    7.3360323 -1.06439e+01 
 189    7.4966705 -1.05091e+01 


# S-band (filter: Spitzer_IRAC2.dat)
   0    0.1250000 -1.43697e+01 
   1    0.1277371 -1.44214e+01 
   2    0.1305342 -1.44743e+01 
   3    0.1333926 -1.45284e+01 
   4    0.1363135 -1.45794e+01 
   5    0.1392983 -1.46300e+01 
   6    0.1423486 -1.46769e+01 
   7    0.1454656 -1.47354e+01 
   8    0.1486509 -1.47820e+01 
   9    0.1519059 -1.48254e+01 
  10    0.1552322 -1.48592e+01 
  11    0.1586314 -1.49060e+01 
  12    0.1621049 -1.49231e+01 
  13    0.1656546 -1.49376e+01 
  14    0.1692819 -1.49567e+01 
  15    0.1729887 -1.49662e+01 
  16    0.1767767 -1.49675e+01 
  17    0.1806476 -1.49619e+01 
  18    0.1846033 -1.49544e+01 
  19    0.1886456 -1.49354e+01 
  20    0.1927764 -1.49260e+01 
  21    0.1969976 -1.49170e+01 
  22    0.2013113 -1.49062e+01 
  23    0.2057194 -1.48804e+01 
  24    0.2102241 -1.48723e+01 
  25    0.2148274 -1.48626e+01 
  26    0.2195315 -1.48288e+01 
  27    0.2243386 -1.47999e+01 
  28    0.2292510 -1.47682e+01 
  29    0.2342710 -1.47455e+01 
  30    0.2394008 -1.47130e+01 
  31    0.2446430 -1.46820e+01 
  32    0.2500000 -1.46448e+01 
  33    0.2554743 -1.46115e+01 
  34    0.2610684 -1.45635e+01 
  35    0.2667851 -1.45150e+01 
  36    0.2726269 -1.44596e+01 
  37    0.2785967 -1.44091e+01 
  38    0.2846972 -1.43767e+01 
  39    0.2909312 -1.43427e+01 
  40    0.2973018 -1.43045e+01 
  41    0.3038118 -1.42528e+01 
  42    0.3104645 -1.42003e+01 
  43    0.3172627 -1.41483e+01 
  44    0.3242099 -1.40954e+01 
  45    0.3313092 -1.40328e+01 
  46    0.3385639 -1.39900e+01 
  47    0.3459775 -1.39421e+01 
  48    0.3535534 -1.38928e+01 
  49    0.3612952 -1.38312e+01 
  50    0.3692065 -1.37617e+01 
  51    0.3772911 -1.37032e+01 
  52    0.3855527 -1.36383e+01 
  53    0.3939952 -1.35788e+01 
  54    0.4026226 -1.35286e+01 
  55    0.4114389 -1.34701e+01 
  56    0.4204482 -1.34208e+01 
  57    0.4296548 -1.33494e+01 
  58    0.4390630 -1.32753e+01 
  59    0.4486773 -1.32185e+01 
  60    0.4585020 -1.31510e+01 
  61    0.4685419 -1.30964e+01 
  62    0.4788016 -1.30346e+01 
  63    0.4892860 -1.29659e+01 
  64    0.5000000 -1.29308e+01 
  65    0.5109486 -1.28687e+01 
  66    0.5221369 -1.28105e+01 
  67    0.5335702 -1.27424e+01 
  68    0.5452539 -1.26826e+01 
  69    0.5571934 -1.26276e+01 
  70    0.5693943 -1.25728e+01 
  71    0.5818624 -1.24954e+01 
  72    0.5946036 -1.24459e+01 
  73    0.6076237 -1.23773e+01 
  74    0.6209289 -1.23062e+01 
  75    0.6345255 -1.22287e+01 
  76    0.6484198 -1.21548e+01 
  77    0.6626183 -1.20927e+01 
  78    0.6771278 -1.20236e+01 
  79    0.6919549 -1.19531e+01 
  80    0.7071068 -1.18885e+01 
  81    0.7225904 -1.18134e+01 
  82    0.7384131 -1.17381e+01 
  83    0.7545822 -1.16579e+01 
  84    0.7711054 -1.15915e+01 
  85    0.7879904 -1.15435e+01 
  86    0.8052452 -1.14698e+01 
  87    0.8228777 -1.14162e+01 
  88    0.8408964 -1.13746e+01 
  89    0.8593096 -1.13199e+01 
  90    0.8781261 -1.12872e+01 
  91    0.8973545 -1.12415e+01 
  92    0.9170040 -1.11539e+01 
  93    0.9370838 -1.11136e+01 
  94    0.9576033 -1.10600e+01 
  95    0.9785721 -1.10107e+01 
  96    1.0000000 -1.09577e+01 
  97    1.0218971 -1.08723e+01 
  98    1.0442738 -1.08005e+01 
  99    1.0671404 -1.07473e+01 
 100    1.0905077 -1.06534e+01 
 101    1.1143867 -1.05978e+01 
 102    1.1387886 -1.05271e+01 
 103    1.1637249 -1.04351e+01 
 104    1.1892071 -1.03772e+01 
 105    1.2152474 -1.03141e+01 
 106    1.2418578 -1.02636e+01 
 107    1.2690510 -1.01965e+01 
 108    1.2968396 -1.01442e+01 
 109    1.3252366 -1.00872e+01 
 110    1.3542555 -1.00099e+01 
 111    1.3839099 -9.93631e+00 
 112    1.4142136 -9.84366e+00 
 113    1.4451808 -9.79018e+00 
 114    1.4768261 -9.73209e+00 
 115    1.5091644 -9.68809e+00 
 116    1.5422108 -9.61570e+00 
 117    1.5759808 -9.53204e+00 
 118    1.6104903 -9.46607e+00 
 119    1.6457555 -9.42196e+00 
 120    1.6817928 -9.35213e+00 
 121    1.7186193 -9.28985e+00 
 122    1.7562522 -9.27574e+00 
 123    1.7947091 -9.23277e+00 
 124    1.8340081 -9.19143e+00 
 125    1.8741676 -9.11159e+00 
 126    1.9152066 -9.01238e+00 
 127    1.9571441 -8.95662e+00 
 128    2.0000000 -8.85951e+00 
 129    2.0437943 -8.75643e+00 
 130    2.0885476 -8.62635e+00 
 131    2.1342808 -8.48935e+00 
 132    2.1810155 -8.45193e+00 
 133    2.2287735 -8.38352e+00 
 134    2.2775773 -8.27199e+00 
 135    2.3274497 -8.16039e+00 
 136    2.3784142 -8.06773e+00 
 137    2.4304947 -8.01169e+00 
 138    2.4837156 -7.95930e+00 
 139    2.5381019 -7.90098e+00 
 140    2.5936791 -7.91215e+00 
 141    2.6504733 -7.89633e+00 
 142    2.7085111 -7.87677e+00 
 143    2.7678198 -7.87632e+00 
 144    2.8284271 -7.89266e+00 
 145    2.8903616 -7.84211e+00 
 146    2.9536523 -7.88282e+00 
 147    3.0183289 -7.91367e+00 
 148    3.0844217 -7.95890e+00 
 149    3.1519617 -7.99581e+00 
 150    3.2209807 -8.01717e+00 
 151    3.2915110 -8.05659e+00 
 152    3.3635857 -8.04692e+00 
 153    3.4372386 -8.08691e+00 
 154    3.5125043 -8.12793e+00 
 155    3.5894182 -8.11476e+00 
 156    3.6680162 -8.13704e+00 
 157    3.7483353 -8.17287e+00 
 158    3.8304131 -8.13275e+00 
 159    3.9142882 -8.13315e+00 
 160    4.0000000 -8.14523e+00 
 161    4.0875886 -8.14630e+00 
 162    4.1770951 -8.12951e+00 
 163    4.2685616 -8.12540e+00 
 164    4.3620309 -8.11845e+00 
 165    4.4575470 -8.11930e+00 
 166    4.5551545 -8.12202e+00 
 167    4.6548994 -8.11587e+00 
 168    4.7568285 -8.12737e+00 
 169    4.8609894 -8.13898e+00 
 170    4.9674312 -8.18890e+00 
 171    5.0762038 -8.21099e+00 
 172    5.1873582 -8.22953e+00 
 173    5.3009466 -8.25101e+00 
 174    5.4170222 -8.27374e+00 
 175    5.5356395 -8.30991e+00 
 176    5.6568542 -8.34122e+00 
 177    5.7807232 -8.36045e+00 
 178    5.9073046 -8.37212e+00 
 179    6.0366577 -8.38454e+00 
 180    6.1688433 -8.40509e+00 
 181    6.3039234 -8.40836e+00 
 182    6.4419613 -8.40699e+00 
 183    6.5830219 -8.41147e+00 
 184    6.7271713 -8.39889e+00 
 185    6.8744772 -8.38811e+00 
 186    7.0250086 -8.35837e+00 
 187    7.1788363 -8.32924e+00 
 188    7.3360323 -8.30421e+00 
 189    7.4966705 -8.27353e+00 


