# 1:iteration 2:time bin[s] 3-k:AB magnitude for k-th angular bin
# g-band (filter: g_LSST.dat)
   0    0.1250000 -1.57734e+01 
   1    0.1277371 -1.57834e+01 
   2    0.1305342 -1.57936e+01 
   3    0.1333926 -1.58040e+01 
   4    0.1363135 -1.58128e+01 
   5    0.1392983 -1.58201e+01 
   6    0.1423486 -1.58261e+01 
   7    0.1454656 -1.58299e+01 
   8    0.1486509 -1.58332e+01 
   9    0.1519059 -1.58339e+01 
  10    0.1552322 -1.58328e+01 
  11    0.1586314 -1.58307e+01 
  12    0.1621049 -1.58267e+01 
  13    0.1656546 -1.58220e+01 
  14    0.1692819 -1.58154e+01 
  15    0.1729887 -1.58078e+01 
  16    0.1767767 -1.57986e+01 
  17    0.1806476 -1.57882e+01 
  18    0.1846033 -1.57764e+01 
  19    0.1886456 -1.57632e+01 
  20    0.1927764 -1.57488e+01 
  21    0.1969976 -1.57341e+01 
  22    0.2013113 -1.57180e+01 
  23    0.2057194 -1.57011e+01 
  24    0.2102241 -1.56831e+01 
  25    0.2148274 -1.56646e+01 
  26    0.2195315 -1.56453e+01 
  27    0.2243386 -1.56247e+01 
  28    0.2292510 -1.56033e+01 
  29    0.2342710 -1.55812e+01 
  30    0.2394008 -1.55583e+01 
  31    0.2446430 -1.55339e+01 
  32    0.2500000 -1.55081e+01 
  33    0.2554743 -1.54809e+01 
  34    0.2610684 -1.54512e+01 
  35    0.2667851 -1.54191e+01 
  36    0.2726269 -1.53844e+01 
  37    0.2785967 -1.53473e+01 
  38    0.2846972 -1.53053e+01 
  39    0.2909312 -1.52601e+01 
  40    0.2973018 -1.52117e+01 
  41    0.3038118 -1.51577e+01 
  42    0.3104645 -1.50996e+01 
  43    0.3172627 -1.50376e+01 
  44    0.3242099 -1.49707e+01 
  45    0.3313092 -1.48998e+01 
  46    0.3385639 -1.48251e+01 
  47    0.3459775 -1.47470e+01 
  48    0.3535534 -1.46652e+01 
  49    0.3612952 -1.45805e+01 
  50    0.3692065 -1.44932e+01 
  51    0.3772911 -1.44022e+01 
  52    0.3855527 -1.43086e+01 
  53    0.3939952 -1.42115e+01 
  54    0.4026226 -1.41114e+01 
  55    0.4114389 -1.40088e+01 
  56    0.4204482 -1.39015e+01 
  57    0.4296548 -1.37907e+01 
  58    0.4390630 -1.36750e+01 
  59    0.4486773 -1.35555e+01 
  60    0.4585020 -1.34297e+01 
  61    0.4685419 -1.32988e+01 
  62    0.4788016 -1.31631e+01 
  63    0.4892860 -1.30214e+01 
  64    0.5000000 -1.28751e+01 
  65    0.5109486 -1.27232e+01 
  66    0.5221369 -1.25673e+01 
  67    0.5335702 -1.24090e+01 
  68    0.5452539 -1.22470e+01 
  69    0.5571934 -1.20865e+01 
  70    0.5693943 -1.19258e+01 
  71    0.5818624 -1.17626e+01 
  72    0.5946036 -1.16047e+01 
  73    0.6076237 -1.14473e+01 
  74    0.6209289 -1.12903e+01 
  75    0.6345255 -1.11381e+01 
  76    0.6484198 -1.09871e+01 
  77    0.6626183 -1.08388e+01 
  78    0.6771278 -1.06956e+01 
  79    0.6919549 -1.05535e+01 
  80    0.7071068 -1.04134e+01 
  81    0.7225904 -1.02740e+01 
  82    0.7384131 -1.01402e+01 
  83    0.7545822 -1.00074e+01 
  84    0.7711054 -9.87563e+00 
  85    0.7879904 -9.74879e+00 
  86    0.8052452 -9.62499e+00 
  87    0.8228777 -9.50386e+00 
  88    0.8408964 -9.38962e+00 
  89    0.8593096 -9.27886e+00 
  90    0.8781261 -9.17112e+00 
  91    0.8973545 -9.07064e+00 
  92    0.9170040 -8.97817e+00 
  93    0.9370838 -8.88785e+00 
  94    0.9576033 -8.80405e+00 
  95    0.9785721 -8.72615e+00 
  96    1.0000000 -8.65202e+00 
  97    1.0218971 -8.58421e+00 
  98    1.0442738 -8.51988e+00 
  99    1.0671404 -8.45948e+00 
 100    1.0905077 -8.40374e+00 
 101    1.1143867 -8.34955e+00 
 102    1.1387886 -8.29748e+00 
 103    1.1637249 -8.24882e+00 
 104    1.1892071 -8.19814e+00 
 105    1.2152474 -8.14744e+00 
 106    1.2418578 -8.09836e+00 
 107    1.2690510 -8.04622e+00 
 108    1.2968396 -7.99284e+00 
 109    1.3252366 -7.93770e+00 
 110    1.3542555 -7.88129e+00 
 111    1.3839099 -7.82459e+00 
 112    1.4142136 -7.76417e+00 
 113    1.4451808 -7.70448e+00 
 114    1.4768261 -7.64165e+00 
 115    1.5091644 -7.57773e+00 
 116    1.5422108 -7.51370e+00 
 117    1.5759808 -7.44883e+00 
 118    1.6104903 -7.38332e+00 
 119    1.6457555 -7.32004e+00 
 120    1.6817928 -7.25555e+00 
 121    1.7186193 -7.19073e+00 
 122    1.7562522 -7.12725e+00 
 123    1.7947091 -7.06245e+00 
 124    1.8340081 -6.99881e+00 
 125    1.8741676 -6.93434e+00 
 126    1.9152066 -6.87110e+00 
 127    1.9571441 -6.80597e+00 
 128    2.0000000 -6.74261e+00 
 129    2.0437943 -6.67730e+00 
 130    2.0885476 -6.61084e+00 
 131    2.1342808 -6.54447e+00 
 132    2.1810155 -6.47597e+00 
 133    2.2287735 -6.40678e+00 
 134    2.2775773 -6.33593e+00 
 135    2.3274497 -6.26368e+00 
 136    2.3784142 -6.19145e+00 
 137    2.4304947 -6.11652e+00 
 138    2.4837156 -6.04066e+00 
 139    2.5381019 -5.96160e+00 
 140    2.5936791 -5.88147e+00 
 141    2.6504733 -5.79877e+00 
 142    2.7085111 -5.71211e+00 
 143    2.7678198 -5.62340e+00 
 144    2.8284271 -5.53351e+00 
 145    2.8903616 -5.43790e+00 
 146    2.9536523 -5.33964e+00 
 147    3.0183289 -5.23868e+00 
 148    3.0844217 -5.13237e+00 
 149    3.1519617 -5.02427e+00 
 150    3.2209807 -4.91057e+00 
 151    3.2915110 -4.79355e+00 
 152    3.3635857 -4.67146e+00 
 153    3.4372386 -4.54495e+00 
 154    3.5125043 -4.41093e+00 
 155    3.5894182 -4.27026e+00 
 156    3.6680162 -4.12864e+00 
 157    3.7483353 -3.97984e+00 
 158    3.8304131 -3.82344e+00 
 159    3.9142882 -3.66140e+00 
 160    4.0000000 -3.49418e+00 
 161    4.0875886 -3.31631e+00 
 162    4.1770951 -3.13034e+00 
 163    4.2685616 -2.94181e+00 
 164    4.3620309 -2.74180e+00 
 165    4.4575470 -2.53612e+00 
 166    4.5551545 -2.33246e+00 
 167    4.6548994 -2.11589e+00 
 168    4.7568285 -1.89073e+00 
 169    4.8609894 -1.66155e+00 
 170    4.9674312 -1.41718e+00 
 171    5.0762038 -1.17452e+00 
 172    5.1873582 -9.26899e-01 
 173    5.3009466 -6.80031e-01 
 174    5.4170222 -4.11332e-01 
 175    5.5356395 -1.41372e-01 
 176    5.6568542  1.33944e-01 
 177    5.7807232  4.09433e-01 
 178    5.9073046  7.02656e-01 
 179    6.0366577  9.82312e-01 
 180    6.1688433  1.25940e+00 
 181    6.3039234  1.54024e+00 
 182    6.4419613  1.85399e+00 
 183    6.5830219  2.13601e+00 
 184    6.7271713  2.43955e+00 
 185    6.8744772  2.72050e+00 
 186    7.0250086  3.01089e+00 
 187    7.1788363  3.30551e+00 
 188    7.3360323  3.60211e+00 
 189    7.4966705  3.89521e+00 


# r-band (filter: r_LSST.dat)
   0    0.1250000 -1.56210e+01 
   1    0.1277371 -1.56423e+01 
   2    0.1305342 -1.56641e+01 
   3    0.1333926 -1.56864e+01 
   4    0.1363135 -1.57081e+01 
   5    0.1392983 -1.57278e+01 
   6    0.1423486 -1.57464e+01 
   7    0.1454656 -1.57629e+01 
   8    0.1486509 -1.57793e+01 
   9    0.1519059 -1.57939e+01 
  10    0.1552322 -1.58072e+01 
  11    0.1586314 -1.58202e+01 
  12    0.1621049 -1.58314e+01 
  13    0.1656546 -1.58414e+01 
  14    0.1692819 -1.58502e+01 
  15    0.1729887 -1.58583e+01 
  16    0.1767767 -1.58651e+01 
  17    0.1806476 -1.58706e+01 
  18    0.1846033 -1.58755e+01 
  19    0.1886456 -1.58787e+01 
  20    0.1927764 -1.58807e+01 
  21    0.1969976 -1.58823e+01 
  22    0.2013113 -1.58819e+01 
  23    0.2057194 -1.58806e+01 
  24    0.2102241 -1.58787e+01 
  25    0.2148274 -1.58755e+01 
  26    0.2195315 -1.58719e+01 
  27    0.2243386 -1.58670e+01 
  28    0.2292510 -1.58608e+01 
  29    0.2342710 -1.58539e+01 
  30    0.2394008 -1.58464e+01 
  31    0.2446430 -1.58381e+01 
  32    0.2500000 -1.58293e+01 
  33    0.2554743 -1.58195e+01 
  34    0.2610684 -1.58096e+01 
  35    0.2667851 -1.57985e+01 
  36    0.2726269 -1.57866e+01 
  37    0.2785967 -1.57745e+01 
  38    0.2846972 -1.57614e+01 
  39    0.2909312 -1.57478e+01 
  40    0.2973018 -1.57338e+01 
  41    0.3038118 -1.57189e+01 
  42    0.3104645 -1.57032e+01 
  43    0.3172627 -1.56870e+01 
  44    0.3242099 -1.56695e+01 
  45    0.3313092 -1.56517e+01 
  46    0.3385639 -1.56328e+01 
  47    0.3459775 -1.56131e+01 
  48    0.3535534 -1.55925e+01 
  49    0.3612952 -1.55710e+01 
  50    0.3692065 -1.55482e+01 
  51    0.3772911 -1.55239e+01 
  52    0.3855527 -1.54988e+01 
  53    0.3939952 -1.54718e+01 
  54    0.4026226 -1.54435e+01 
  55    0.4114389 -1.54138e+01 
  56    0.4204482 -1.53820e+01 
  57    0.4296548 -1.53484e+01 
  58    0.4390630 -1.53129e+01 
  59    0.4486773 -1.52755e+01 
  60    0.4585020 -1.52355e+01 
  61    0.4685419 -1.51929e+01 
  62    0.4788016 -1.51482e+01 
  63    0.4892860 -1.51005e+01 
  64    0.5000000 -1.50494e+01 
  65    0.5109486 -1.49963e+01 
  66    0.5221369 -1.49390e+01 
  67    0.5335702 -1.48783e+01 
  68    0.5452539 -1.48147e+01 
  69    0.5571934 -1.47463e+01 
  70    0.5693943 -1.46743e+01 
  71    0.5818624 -1.45990e+01 
  72    0.5946036 -1.45190e+01 
  73    0.6076237 -1.44354e+01 
  74    0.6209289 -1.43483e+01 
  75    0.6345255 -1.42565e+01 
  76    0.6484198 -1.41620e+01 
  77    0.6626183 -1.40642e+01 
  78    0.6771278 -1.39653e+01 
  79    0.6919549 -1.38662e+01 
  80    0.7071068 -1.37681e+01 
  81    0.7225904 -1.36667e+01 
  82    0.7384131 -1.35657e+01 
  83    0.7545822 -1.34615e+01 
  84    0.7711054 -1.33564e+01 
  85    0.7879904 -1.32449e+01 
  86    0.8052452 -1.31331e+01 
  87    0.8228777 -1.30221e+01 
  88    0.8408964 -1.29125e+01 
  89    0.8593096 -1.28068e+01 
  90    0.8781261 -1.26973e+01 
  91    0.8973545 -1.25954e+01 
  92    0.9170040 -1.24922e+01 
  93    0.9370838 -1.23888e+01 
  94    0.9576033 -1.22892e+01 
  95    0.9785721 -1.21909e+01 
  96    1.0000000 -1.20964e+01 
  97    1.0218971 -1.20069e+01 
  98    1.0442738 -1.19262e+01 
  99    1.0671404 -1.18483e+01 
 100    1.0905077 -1.17783e+01 
 101    1.1143867 -1.17019e+01 
 102    1.1387886 -1.16138e+01 
 103    1.1637249 -1.15250e+01 
 104    1.1892071 -1.14176e+01 
 105    1.2152474 -1.13033e+01 
 106    1.2418578 -1.11862e+01 
 107    1.2690510 -1.10587e+01 
 108    1.2968396 -1.09306e+01 
 109    1.3252366 -1.07887e+01 
 110    1.3542555 -1.06470e+01 
 111    1.3839099 -1.04982e+01 
 112    1.4142136 -1.03416e+01 
 113    1.4451808 -1.01930e+01 
 114    1.4768261 -1.00482e+01 
 115    1.5091644 -9.90848e+00 
 116    1.5422108 -9.78026e+00 
 117    1.5759808 -9.65857e+00 
 118    1.6104903 -9.54316e+00 
 119    1.6457555 -9.43824e+00 
 120    1.6817928 -9.34003e+00 
 121    1.7186193 -9.24616e+00 
 122    1.7562522 -9.16121e+00 
 123    1.7947091 -9.08095e+00 
 124    1.8340081 -9.00642e+00 
 125    1.8741676 -8.93593e+00 
 126    1.9152066 -8.87001e+00 
 127    1.9571441 -8.80571e+00 
 128    2.0000000 -8.74457e+00 
 129    2.0437943 -8.68551e+00 
 130    2.0885476 -8.62811e+00 
 131    2.1342808 -8.57117e+00 
 132    2.1810155 -8.51428e+00 
 133    2.2287735 -8.45825e+00 
 134    2.2775773 -8.40307e+00 
 135    2.3274497 -8.34771e+00 
 136    2.3784142 -8.29170e+00 
 137    2.4304947 -8.23585e+00 
 138    2.4837156 -8.17953e+00 
 139    2.5381019 -8.12308e+00 
 140    2.5936791 -8.06567e+00 
 141    2.6504733 -8.00796e+00 
 142    2.7085111 -7.94809e+00 
 143    2.7678198 -7.88732e+00 
 144    2.8284271 -7.82629e+00 
 145    2.8903616 -7.76350e+00 
 146    2.9536523 -7.69843e+00 
 147    3.0183289 -7.63278e+00 
 148    3.0844217 -7.56508e+00 
 149    3.1519617 -7.49471e+00 
 150    3.2209807 -7.42283e+00 
 151    3.2915110 -7.34803e+00 
 152    3.3635857 -7.27116e+00 
 153    3.4372386 -7.19229e+00 
 154    3.5125043 -7.10991e+00 
 155    3.5894182 -7.02454e+00 
 156    3.6680162 -6.93674e+00 
 157    3.7483353 -6.84468e+00 
 158    3.8304131 -6.75054e+00 
 159    3.9142882 -6.65288e+00 
 160    4.0000000 -6.55079e+00 
 161    4.0875886 -6.44448e+00 
 162    4.1770951 -6.33360e+00 
 163    4.2685616 -6.21807e+00 
 164    4.3620309 -6.09620e+00 
 165    4.4575470 -5.97166e+00 
 166    4.5551545 -5.84020e+00 
 167    4.6548994 -5.70340e+00 
 168    4.7568285 -5.56120e+00 
 169    4.8609894 -5.41208e+00 
 170    4.9674312 -5.25617e+00 
 171    5.0762038 -5.09299e+00 
 172    5.1873582 -4.92454e+00 
 173    5.3009466 -4.74751e+00 
 174    5.4170222 -4.56596e+00 
 175    5.5356395 -4.37823e+00 
 176    5.6568542 -4.18420e+00 
 177    5.7807232 -3.98189e+00 
 178    5.9073046 -3.77264e+00 
 179    6.0366577 -3.55569e+00 
 180    6.1688433 -3.33448e+00 
 181    6.3039234 -3.10869e+00 
 182    6.4419613 -2.87900e+00 
 183    6.5830219 -2.64341e+00 
 184    6.7271713 -2.39956e+00 
 185    6.8744772 -2.15127e+00 
 186    7.0250086 -1.90387e+00 
 187    7.1788363 -1.64686e+00 
 188    7.3360323 -1.38588e+00 
 189    7.4966705 -1.12277e+00 


# i-band (filter: i_LSST.dat)
   0    0.1250000 -1.50886e+01 
   1    0.1277371 -1.51087e+01 
   2    0.1305342 -1.51294e+01 
   3    0.1333926 -1.51504e+01 
   4    0.1363135 -1.51708e+01 
   5    0.1392983 -1.51904e+01 
   6    0.1423486 -1.52103e+01 
   7    0.1454656 -1.52282e+01 
   8    0.1486509 -1.52473e+01 
   9    0.1519059 -1.52657e+01 
  10    0.1552322 -1.52833e+01 
  11    0.1586314 -1.53003e+01 
  12    0.1621049 -1.53167e+01 
  13    0.1656546 -1.53322e+01 
  14    0.1692819 -1.53474e+01 
  15    0.1729887 -1.53624e+01 
  16    0.1767767 -1.53775e+01 
  17    0.1806476 -1.53909e+01 
  18    0.1846033 -1.54040e+01 
  19    0.1886456 -1.54166e+01 
  20    0.1927764 -1.54283e+01 
  21    0.1969976 -1.54399e+01 
  22    0.2013113 -1.54500e+01 
  23    0.2057194 -1.54601e+01 
  24    0.2102241 -1.54689e+01 
  25    0.2148274 -1.54770e+01 
  26    0.2195315 -1.54846e+01 
  27    0.2243386 -1.54904e+01 
  28    0.2292510 -1.54943e+01 
  29    0.2342710 -1.54973e+01 
  30    0.2394008 -1.54985e+01 
  31    0.2446430 -1.54967e+01 
  32    0.2500000 -1.54925e+01 
  33    0.2554743 -1.54872e+01 
  34    0.2610684 -1.54782e+01 
  35    0.2667851 -1.54664e+01 
  36    0.2726269 -1.54523e+01 
  37    0.2785967 -1.54355e+01 
  38    0.2846972 -1.54152e+01 
  39    0.2909312 -1.53925e+01 
  40    0.2973018 -1.53675e+01 
  41    0.3038118 -1.53391e+01 
  42    0.3104645 -1.53100e+01 
  43    0.3172627 -1.52785e+01 
  44    0.3242099 -1.52467e+01 
  45    0.3313092 -1.52143e+01 
  46    0.3385639 -1.51808e+01 
  47    0.3459775 -1.51486e+01 
  48    0.3535534 -1.51168e+01 
  49    0.3612952 -1.50852e+01 
  50    0.3692065 -1.50562e+01 
  51    0.3772911 -1.50281e+01 
  52    0.3855527 -1.50010e+01 
  53    0.3939952 -1.49766e+01 
  54    0.4026226 -1.49531e+01 
  55    0.4114389 -1.49308e+01 
  56    0.4204482 -1.49104e+01 
  57    0.4296548 -1.48910e+01 
  58    0.4390630 -1.48725e+01 
  59    0.4486773 -1.48548e+01 
  60    0.4585020 -1.48381e+01 
  61    0.4685419 -1.48212e+01 
  62    0.4788016 -1.48048e+01 
  63    0.4892860 -1.47881e+01 
  64    0.5000000 -1.47707e+01 
  65    0.5109486 -1.47535e+01 
  66    0.5221369 -1.47355e+01 
  67    0.5335702 -1.47166e+01 
  68    0.5452539 -1.46971e+01 
  69    0.5571934 -1.46760e+01 
  70    0.5693943 -1.46535e+01 
  71    0.5818624 -1.46300e+01 
  72    0.5946036 -1.46044e+01 
  73    0.6076237 -1.45768e+01 
  74    0.6209289 -1.45482e+01 
  75    0.6345255 -1.45168e+01 
  76    0.6484198 -1.44849e+01 
  77    0.6626183 -1.44503e+01 
  78    0.6771278 -1.44129e+01 
  79    0.6919549 -1.43721e+01 
  80    0.7071068 -1.43281e+01 
  81    0.7225904 -1.42810e+01 
  82    0.7384131 -1.42280e+01 
  83    0.7545822 -1.41698e+01 
  84    0.7711054 -1.41086e+01 
  85    0.7879904 -1.40424e+01 
  86    0.8052452 -1.39751e+01 
  87    0.8228777 -1.39044e+01 
  88    0.8408964 -1.38353e+01 
  89    0.8593096 -1.37663e+01 
  90    0.8781261 -1.36938e+01 
  91    0.8973545 -1.36238e+01 
  92    0.9170040 -1.35527e+01 
  93    0.9370838 -1.34829e+01 
  94    0.9576033 -1.34131e+01 
  95    0.9785721 -1.33426e+01 
  96    1.0000000 -1.32746e+01 
  97    1.0218971 -1.32067e+01 
  98    1.0442738 -1.31412e+01 
  99    1.0671404 -1.30753e+01 
 100    1.0905077 -1.30141e+01 
 101    1.1143867 -1.29492e+01 
 102    1.1387886 -1.28753e+01 
 103    1.1637249 -1.27999e+01 
 104    1.1892071 -1.27107e+01 
 105    1.2152474 -1.26165e+01 
 106    1.2418578 -1.25226e+01 
 107    1.2690510 -1.24230e+01 
 108    1.2968396 -1.23234e+01 
 109    1.3252366 -1.22159e+01 
 110    1.3542555 -1.21089e+01 
 111    1.3839099 -1.19951e+01 
 112    1.4142136 -1.18735e+01 
 113    1.4451808 -1.17420e+01 
 114    1.4768261 -1.16030e+01 
 115    1.5091644 -1.14650e+01 
 116    1.5422108 -1.13164e+01 
 117    1.5759808 -1.11658e+01 
 118    1.6104903 -1.10103e+01 
 119    1.6457555 -1.08537e+01 
 120    1.6817928 -1.06966e+01 
 121    1.7186193 -1.05318e+01 
 122    1.7562522 -1.03779e+01 
 123    1.7947091 -1.02277e+01 
 124    1.8340081 -1.00827e+01 
 125    1.8741676 -9.94566e+00 
 126    1.9152066 -9.82444e+00 
 127    1.9571441 -9.71269e+00 
 128    2.0000000 -9.61069e+00 
 129    2.0437943 -9.52019e+00 
 130    2.0885476 -9.43785e+00 
 131    2.1342808 -9.36373e+00 
 132    2.1810155 -9.29677e+00 
 133    2.2287735 -9.23392e+00 
 134    2.2775773 -9.17734e+00 
 135    2.3274497 -9.12234e+00 
 136    2.3784142 -9.07059e+00 
 137    2.4304947 -9.01963e+00 
 138    2.4837156 -8.96888e+00 
 139    2.5381019 -8.91883e+00 
 140    2.5936791 -8.86868e+00 
 141    2.6504733 -8.81880e+00 
 142    2.7085111 -8.76827e+00 
 143    2.7678198 -8.71744e+00 
 144    2.8284271 -8.66575e+00 
 145    2.8903616 -8.61394e+00 
 146    2.9536523 -8.56091e+00 
 147    3.0183289 -8.50659e+00 
 148    3.0844217 -8.45113e+00 
 149    3.1519617 -8.39496e+00 
 150    3.2209807 -8.33727e+00 
 151    3.2915110 -8.27819e+00 
 152    3.3635857 -8.21742e+00 
 153    3.4372386 -8.15479e+00 
 154    3.5125043 -8.08968e+00 
 155    3.5894182 -8.02228e+00 
 156    3.6680162 -7.95347e+00 
 157    3.7483353 -7.88178e+00 
 158    3.8304131 -7.80832e+00 
 159    3.9142882 -7.73286e+00 
 160    4.0000000 -7.65350e+00 
 161    4.0875886 -7.57183e+00 
 162    4.1770951 -7.48760e+00 
 163    4.2685616 -7.39992e+00 
 164    4.3620309 -7.30838e+00 
 165    4.4575470 -7.21446e+00 
 166    4.5551545 -7.11581e+00 
 167    4.6548994 -7.01298e+00 
 168    4.7568285 -6.90663e+00 
 169    4.8609894 -6.79490e+00 
 170    4.9674312 -6.67748e+00 
 171    5.0762038 -6.55488e+00 
 172    5.1873582 -6.42869e+00 
 173    5.3009466 -6.29540e+00 
 174    5.4170222 -6.15605e+00 
 175    5.5356395 -6.01064e+00 
 176    5.6568542 -5.85787e+00 
 177    5.7807232 -5.69820e+00 
 178    5.9073046 -5.53379e+00 
 179    6.0366577 -5.36151e+00 
 180    6.1688433 -5.18426e+00 
 181    6.3039234 -4.99975e+00 
 182    6.4419613 -4.80638e+00 
 183    6.5830219 -4.60614e+00 
 184    6.7271713 -4.40158e+00 
 185    6.8744772 -4.18843e+00 
 186    7.0250086 -3.96896e+00 
 187    7.1788363 -3.74498e+00 
 188    7.3360323 -3.51443e+00 
 189    7.4966705 -3.27583e+00 


# z-band (filter: z_LSST.dat)
   0    0.1250000 -1.47905e+01 
   1    0.1277371 -1.48126e+01 
   2    0.1305342 -1.48352e+01 
   3    0.1333926 -1.48583e+01 
   4    0.1363135 -1.48813e+01 
   5    0.1392983 -1.49027e+01 
   6    0.1423486 -1.49262e+01 
   7    0.1454656 -1.49491e+01 
   8    0.1486509 -1.49719e+01 
   9    0.1519059 -1.49948e+01 
  10    0.1552322 -1.50166e+01 
  11    0.1586314 -1.50403e+01 
  12    0.1621049 -1.50628e+01 
  13    0.1656546 -1.50843e+01 
  14    0.1692819 -1.51051e+01 
  15    0.1729887 -1.51266e+01 
  16    0.1767767 -1.51474e+01 
  17    0.1806476 -1.51671e+01 
  18    0.1846033 -1.51858e+01 
  19    0.1886456 -1.52044e+01 
  20    0.1927764 -1.52219e+01 
  21    0.1969976 -1.52383e+01 
  22    0.2013113 -1.52539e+01 
  23    0.2057194 -1.52674e+01 
  24    0.2102241 -1.52806e+01 
  25    0.2148274 -1.52908e+01 
  26    0.2195315 -1.53002e+01 
  27    0.2243386 -1.53074e+01 
  28    0.2292510 -1.53120e+01 
  29    0.2342710 -1.53146e+01 
  30    0.2394008 -1.53148e+01 
  31    0.2446430 -1.53107e+01 
  32    0.2500000 -1.53033e+01 
  33    0.2554743 -1.52927e+01 
  34    0.2610684 -1.52744e+01 
  35    0.2667851 -1.52510e+01 
  36    0.2726269 -1.52220e+01 
  37    0.2785967 -1.51892e+01 
  38    0.2846972 -1.51470e+01 
  39    0.2909312 -1.50997e+01 
  40    0.2973018 -1.50469e+01 
  41    0.3038118 -1.49880e+01 
  42    0.3104645 -1.49256e+01 
  43    0.3172627 -1.48578e+01 
  44    0.3242099 -1.47891e+01 
  45    0.3313092 -1.47204e+01 
  46    0.3385639 -1.46483e+01 
  47    0.3459775 -1.45793e+01 
  48    0.3535534 -1.45117e+01 
  49    0.3612952 -1.44441e+01 
  50    0.3692065 -1.43826e+01 
  51    0.3772911 -1.43236e+01 
  52    0.3855527 -1.42669e+01 
  53    0.3939952 -1.42145e+01 
  54    0.4026226 -1.41655e+01 
  55    0.4114389 -1.41183e+01 
  56    0.4204482 -1.40740e+01 
  57    0.4296548 -1.40320e+01 
  58    0.4390630 -1.39921e+01 
  59    0.4486773 -1.39541e+01 
  60    0.4585020 -1.39192e+01 
  61    0.4685419 -1.38848e+01 
  62    0.4788016 -1.38519e+01 
  63    0.4892860 -1.38216e+01 
  64    0.5000000 -1.37930e+01 
  65    0.5109486 -1.37653e+01 
  66    0.5221369 -1.37393e+01 
  67    0.5335702 -1.37161e+01 
  68    0.5452539 -1.36947e+01 
  69    0.5571934 -1.36751e+01 
  70    0.5693943 -1.36560e+01 
  71    0.5818624 -1.36386e+01 
  72    0.5946036 -1.36214e+01 
  73    0.6076237 -1.36058e+01 
  74    0.6209289 -1.35903e+01 
  75    0.6345255 -1.35747e+01 
  76    0.6484198 -1.35593e+01 
  77    0.6626183 -1.35440e+01 
  78    0.6771278 -1.35273e+01 
  79    0.6919549 -1.35096e+01 
  80    0.7071068 -1.34909e+01 
  81    0.7225904 -1.34713e+01 
  82    0.7384131 -1.34508e+01 
  83    0.7545822 -1.34285e+01 
  84    0.7711054 -1.34049e+01 
  85    0.7879904 -1.33792e+01 
  86    0.8052452 -1.33528e+01 
  87    0.8228777 -1.33248e+01 
  88    0.8408964 -1.32946e+01 
  89    0.8593096 -1.32634e+01 
  90    0.8781261 -1.32307e+01 
  91    0.8973545 -1.31957e+01 
  92    0.9170040 -1.31586e+01 
  93    0.9370838 -1.31203e+01 
  94    0.9576033 -1.30791e+01 
  95    0.9785721 -1.30340e+01 
  96    1.0000000 -1.29876e+01 
  97    1.0218971 -1.29372e+01 
  98    1.0442738 -1.28851e+01 
  99    1.0671404 -1.28307e+01 
 100    1.0905077 -1.27754e+01 
 101    1.1143867 -1.27153e+01 
 102    1.1387886 -1.26475e+01 
 103    1.1637249 -1.25749e+01 
 104    1.1892071 -1.24888e+01 
 105    1.2152474 -1.23943e+01 
 106    1.2418578 -1.22950e+01 
 107    1.2690510 -1.21858e+01 
 108    1.2968396 -1.20716e+01 
 109    1.3252366 -1.19491e+01 
 110    1.3542555 -1.18224e+01 
 111    1.3839099 -1.16906e+01 
 112    1.4142136 -1.15516e+01 
 113    1.4451808 -1.14134e+01 
 114    1.4768261 -1.12758e+01 
 115    1.5091644 -1.11372e+01 
 116    1.5422108 -1.10046e+01 
 117    1.5759808 -1.08742e+01 
 118    1.6104903 -1.07476e+01 
 119    1.6457555 -1.06291e+01 
 120    1.6817928 -1.05161e+01 
 121    1.7186193 -1.04056e+01 
 122    1.7562522 -1.03061e+01 
 123    1.7947091 -1.02115e+01 
 124    1.8340081 -1.01224e+01 
 125    1.8741676 -1.00386e+01 
 126    1.9152066 -9.96121e+00 
 127    1.9571441 -9.88957e+00 
 128    2.0000000 -9.82369e+00 
 129    2.0437943 -9.76375e+00 
 130    2.0885476 -9.70698e+00 
 131    2.1342808 -9.65411e+00 
 132    2.1810155 -9.60431e+00 
 133    2.2287735 -9.55668e+00 
 134    2.2775773 -9.50987e+00 
 135    2.3274497 -9.46429e+00 
 136    2.3784142 -9.41826e+00 
 137    2.4304947 -9.37321e+00 
 138    2.4837156 -9.32708e+00 
 139    2.5381019 -9.28072e+00 
 140    2.5936791 -9.23331e+00 
 141    2.6504733 -9.18495e+00 
 142    2.7085111 -9.13605e+00 
 143    2.7678198 -9.08534e+00 
 144    2.8284271 -9.03511e+00 
 145    2.8903616 -8.98349e+00 
 146    2.9536523 -8.93133e+00 
 147    3.0183289 -8.87806e+00 
 148    3.0844217 -8.82423e+00 
 149    3.1519617 -8.76986e+00 
 150    3.2209807 -8.71521e+00 
 151    3.2915110 -8.65914e+00 
 152    3.3635857 -8.60148e+00 
 153    3.4372386 -8.54353e+00 
 154    3.5125043 -8.48405e+00 
 155    3.5894182 -8.42234e+00 
 156    3.6680162 -8.35922e+00 
 157    3.7483353 -8.29412e+00 
 158    3.8304131 -8.22811e+00 
 159    3.9142882 -8.16017e+00 
 160    4.0000000 -8.08994e+00 
 161    4.0875886 -8.01664e+00 
 162    4.1770951 -7.94150e+00 
 163    4.2685616 -7.86331e+00 
 164    4.3620309 -7.78253e+00 
 165    4.4575470 -7.69928e+00 
 166    4.5551545 -7.61206e+00 
 167    4.6548994 -7.52153e+00 
 168    4.7568285 -7.42827e+00 
 169    4.8609894 -7.32993e+00 
 170    4.9674312 -7.22596e+00 
 171    5.0762038 -7.11792e+00 
 172    5.1873582 -7.00615e+00 
 173    5.3009466 -6.88873e+00 
 174    5.4170222 -6.76572e+00 
 175    5.5356395 -6.63796e+00 
 176    5.6568542 -6.50219e+00 
 177    5.7807232 -6.36076e+00 
 178    5.9073046 -6.21257e+00 
 179    6.0366577 -6.05649e+00 
 180    6.1688433 -5.89452e+00 
 181    6.3039234 -5.72551e+00 
 182    6.4419613 -5.55003e+00 
 183    6.5830219 -5.36797e+00 
 184    6.7271713 -5.17882e+00 
 185    6.8744772 -4.98105e+00 
 186    7.0250086 -4.77925e+00 
 187    7.1788363 -4.57131e+00 
 188    7.3360323 -4.35754e+00 
 189    7.4966705 -4.13746e+00 


# y-band (filter: y_LSST.dat)
   0    0.1250000 -1.45148e+01 
   1    0.1277371 -1.45393e+01 
   2    0.1305342 -1.45643e+01 
   3    0.1333926 -1.45899e+01 
   4    0.1363135 -1.46150e+01 
   5    0.1392983 -1.46419e+01 
   6    0.1423486 -1.46686e+01 
   7    0.1454656 -1.46942e+01 
   8    0.1486509 -1.47209e+01 
   9    0.1519059 -1.47454e+01 
  10    0.1552322 -1.47722e+01 
  11    0.1586314 -1.47982e+01 
  12    0.1621049 -1.48253e+01 
  13    0.1656546 -1.48530e+01 
  14    0.1692819 -1.48802e+01 
  15    0.1729887 -1.49078e+01 
  16    0.1767767 -1.49338e+01 
  17    0.1806476 -1.49615e+01 
  18    0.1846033 -1.49894e+01 
  19    0.1886456 -1.50175e+01 
  20    0.1927764 -1.50457e+01 
  21    0.1969976 -1.50738e+01 
  22    0.2013113 -1.51006e+01 
  23    0.2057194 -1.51275e+01 
  24    0.2102241 -1.51536e+01 
  25    0.2148274 -1.51789e+01 
  26    0.2195315 -1.52030e+01 
  27    0.2243386 -1.52280e+01 
  28    0.2292510 -1.52524e+01 
  29    0.2342710 -1.52738e+01 
  30    0.2394008 -1.52950e+01 
  31    0.2446430 -1.53140e+01 
  32    0.2500000 -1.53318e+01 
  33    0.2554743 -1.53480e+01 
  34    0.2610684 -1.53609e+01 
  35    0.2667851 -1.53714e+01 
  36    0.2726269 -1.53782e+01 
  37    0.2785967 -1.53836e+01 
  38    0.2846972 -1.53836e+01 
  39    0.2909312 -1.53782e+01 
  40    0.2973018 -1.53695e+01 
  41    0.3038118 -1.53539e+01 
  42    0.3104645 -1.53337e+01 
  43    0.3172627 -1.53085e+01 
  44    0.3242099 -1.52773e+01 
  45    0.3313092 -1.52429e+01 
  46    0.3385639 -1.52039e+01 
  47    0.3459775 -1.51610e+01 
  48    0.3535534 -1.51157e+01 
  49    0.3612952 -1.50663e+01 
  50    0.3692065 -1.50168e+01 
  51    0.3772911 -1.49657e+01 
  52    0.3855527 -1.49133e+01 
  53    0.3939952 -1.48614e+01 
  54    0.4026226 -1.48094e+01 
  55    0.4114389 -1.47577e+01 
  56    0.4204482 -1.47072e+01 
  57    0.4296548 -1.46565e+01 
  58    0.4390630 -1.46064e+01 
  59    0.4486773 -1.45572e+01 
  60    0.4585020 -1.45090e+01 
  61    0.4685419 -1.44614e+01 
  62    0.4788016 -1.44139e+01 
  63    0.4892860 -1.43682e+01 
  64    0.5000000 -1.43230e+01 
  65    0.5109486 -1.42780e+01 
  66    0.5221369 -1.42336e+01 
  67    0.5335702 -1.41900e+01 
  68    0.5452539 -1.41460e+01 
  69    0.5571934 -1.41033e+01 
  70    0.5693943 -1.40606e+01 
  71    0.5818624 -1.40176e+01 
  72    0.5946036 -1.39752e+01 
  73    0.6076237 -1.39335e+01 
  74    0.6209289 -1.38917e+01 
  75    0.6345255 -1.38500e+01 
  76    0.6484198 -1.38083e+01 
  77    0.6626183 -1.37662e+01 
  78    0.6771278 -1.37247e+01 
  79    0.6919549 -1.36827e+01 
  80    0.7071068 -1.36416e+01 
  81    0.7225904 -1.35999e+01 
  82    0.7384131 -1.35573e+01 
  83    0.7545822 -1.35147e+01 
  84    0.7711054 -1.34718e+01 
  85    0.7879904 -1.34276e+01 
  86    0.8052452 -1.33830e+01 
  87    0.8228777 -1.33375e+01 
  88    0.8408964 -1.32915e+01 
  89    0.8593096 -1.32444e+01 
  90    0.8781261 -1.31967e+01 
  91    0.8973545 -1.31479e+01 
  92    0.9170040 -1.30980e+01 
  93    0.9370838 -1.30474e+01 
  94    0.9576033 -1.29967e+01 
  95    0.9785721 -1.29444e+01 
  96    1.0000000 -1.28915e+01 
  97    1.0218971 -1.28390e+01 
  98    1.0442738 -1.27858e+01 
  99    1.0671404 -1.27319e+01 
 100    1.0905077 -1.26778e+01 
 101    1.1143867 -1.26252e+01 
 102    1.1387886 -1.25707e+01 
 103    1.1637249 -1.25158e+01 
 104    1.1892071 -1.24598e+01 
 105    1.2152474 -1.24009e+01 
 106    1.2418578 -1.23410e+01 
 107    1.2690510 -1.22763e+01 
 108    1.2968396 -1.22074e+01 
 109    1.3252366 -1.21360e+01 
 110    1.3542555 -1.20568e+01 
 111    1.3839099 -1.19732e+01 
 112    1.4142136 -1.18850e+01 
 113    1.4451808 -1.17904e+01 
 114    1.4768261 -1.16935e+01 
 115    1.5091644 -1.15918e+01 
 116    1.5422108 -1.14915e+01 
 117    1.5759808 -1.13897e+01 
 118    1.6104903 -1.12857e+01 
 119    1.6457555 -1.11867e+01 
 120    1.6817928 -1.10898e+01 
 121    1.7186193 -1.09936e+01 
 122    1.7562522 -1.09042e+01 
 123    1.7947091 -1.08182e+01 
 124    1.8340081 -1.07368e+01 
 125    1.8741676 -1.06587e+01 
 126    1.9152066 -1.05855e+01 
 127    1.9571441 -1.05145e+01 
 128    2.0000000 -1.04469e+01 
 129    2.0437943 -1.03819e+01 
 130    2.0885476 -1.03189e+01 
 131    2.1342808 -1.02574e+01 
 132    2.1810155 -1.01980e+01 
 133    2.2287735 -1.01395e+01 
 134    2.2775773 -1.00822e+01 
 135    2.3274497 -1.00257e+01 
 136    2.3784142 -9.96827e+00 
 137    2.4304947 -9.91134e+00 
 138    2.4837156 -9.85338e+00 
 139    2.5381019 -9.79550e+00 
 140    2.5936791 -9.73711e+00 
 141    2.6504733 -9.67761e+00 
 142    2.7085111 -9.61747e+00 
 143    2.7678198 -9.55669e+00 
 144    2.8284271 -9.49461e+00 
 145    2.8903616 -9.43156e+00 
 146    2.9536523 -9.36755e+00 
 147    3.0183289 -9.30212e+00 
 148    3.0844217 -9.23621e+00 
 149    3.1519617 -9.16944e+00 
 150    3.2209807 -9.10231e+00 
 151    3.2915110 -9.03472e+00 
 152    3.3635857 -8.96575e+00 
 153    3.4372386 -8.89565e+00 
 154    3.5125043 -8.82457e+00 
 155    3.5894182 -8.75214e+00 
 156    3.6680162 -8.67898e+00 
 157    3.7483353 -8.60529e+00 
 158    3.8304131 -8.52986e+00 
 159    3.9142882 -8.45330e+00 
 160    4.0000000 -8.37515e+00 
 161    4.0875886 -8.29618e+00 
 162    4.1770951 -8.21518e+00 
 163    4.2685616 -8.13247e+00 
 164    4.3620309 -8.04830e+00 
 165    4.4575470 -7.96267e+00 
 166    4.5551545 -7.87493e+00 
 167    4.6548994 -7.78446e+00 
 168    4.7568285 -7.69179e+00 
 169    4.8609894 -7.59523e+00 
 170    4.9674312 -7.49558e+00 
 171    5.0762038 -7.39297e+00 
 172    5.1873582 -7.28668e+00 
 173    5.3009466 -7.17622e+00 
 174    5.4170222 -7.06044e+00 
 175    5.5356395 -6.93993e+00 
 176    5.6568542 -6.81283e+00 
 177    5.7807232 -6.67973e+00 
 178    5.9073046 -6.54244e+00 
 179    6.0366577 -6.39773e+00 
 180    6.1688433 -6.24540e+00 
 181    6.3039234 -6.08767e+00 
 182    6.4419613 -5.92057e+00 
 183    6.5830219 -5.74794e+00 
 184    6.7271713 -5.56791e+00 
 185    6.8744772 -5.38245e+00 
 186    7.0250086 -5.19157e+00 
 187    7.1788363 -4.99472e+00 
 188    7.3360323 -4.79162e+00 
 189    7.4966705 -4.58150e+00 


# J-band (filter: J_2MASS.dat)
   0    0.1250000 -1.38695e+01 
   1    0.1277371 -1.38876e+01 
   2    0.1305342 -1.39060e+01 
   3    0.1333926 -1.39248e+01 
   4    0.1363135 -1.39440e+01 
   5    0.1392983 -1.39617e+01 
   6    0.1423486 -1.39778e+01 
   7    0.1454656 -1.39944e+01 
   8    0.1486509 -1.40125e+01 
   9    0.1519059 -1.40349e+01 
  10    0.1552322 -1.40566e+01 
  11    0.1586314 -1.40796e+01 
  12    0.1621049 -1.41036e+01 
  13    0.1656546 -1.41297e+01 
  14    0.1692819 -1.41577e+01 
  15    0.1729887 -1.41873e+01 
  16    0.1767767 -1.42208e+01 
  17    0.1806476 -1.42552e+01 
  18    0.1846033 -1.42903e+01 
  19    0.1886456 -1.43258e+01 
  20    0.1927764 -1.43634e+01 
  21    0.1969976 -1.44007e+01 
  22    0.2013113 -1.44398e+01 
  23    0.2057194 -1.44792e+01 
  24    0.2102241 -1.45203e+01 
  25    0.2148274 -1.45618e+01 
  26    0.2195315 -1.46025e+01 
  27    0.2243386 -1.46437e+01 
  28    0.2292510 -1.46833e+01 
  29    0.2342710 -1.47243e+01 
  30    0.2394008 -1.47656e+01 
  31    0.2446430 -1.48066e+01 
  32    0.2500000 -1.48469e+01 
  33    0.2554743 -1.48880e+01 
  34    0.2610684 -1.49281e+01 
  35    0.2667851 -1.49679e+01 
  36    0.2726269 -1.50071e+01 
  37    0.2785967 -1.50463e+01 
  38    0.2846972 -1.50852e+01 
  39    0.2909312 -1.51233e+01 
  40    0.2973018 -1.51614e+01 
  41    0.3038118 -1.51977e+01 
  42    0.3104645 -1.52343e+01 
  43    0.3172627 -1.52696e+01 
  44    0.3242099 -1.53035e+01 
  45    0.3313092 -1.53369e+01 
  46    0.3385639 -1.53692e+01 
  47    0.3459775 -1.53994e+01 
  48    0.3535534 -1.54279e+01 
  49    0.3612952 -1.54554e+01 
  50    0.3692065 -1.54795e+01 
  51    0.3772911 -1.55023e+01 
  52    0.3855527 -1.55233e+01 
  53    0.3939952 -1.55406e+01 
  54    0.4026226 -1.55548e+01 
  55    0.4114389 -1.55674e+01 
  56    0.4204482 -1.55755e+01 
  57    0.4296548 -1.55804e+01 
  58    0.4390630 -1.55825e+01 
  59    0.4486773 -1.55818e+01 
  60    0.4585020 -1.55772e+01 
  61    0.4685419 -1.55700e+01 
  62    0.4788016 -1.55600e+01 
  63    0.4892860 -1.55464e+01 
  64    0.5000000 -1.55305e+01 
  65    0.5109486 -1.55122e+01 
  66    0.5221369 -1.54911e+01 
  67    0.5335702 -1.54676e+01 
  68    0.5452539 -1.54423e+01 
  69    0.5571934 -1.54144e+01 
  70    0.5693943 -1.53845e+01 
  71    0.5818624 -1.53527e+01 
  72    0.5946036 -1.53188e+01 
  73    0.6076237 -1.52827e+01 
  74    0.6209289 -1.52450e+01 
  75    0.6345255 -1.52054e+01 
  76    0.6484198 -1.51641e+01 
  77    0.6626183 -1.51212e+01 
  78    0.6771278 -1.50760e+01 
  79    0.6919549 -1.50299e+01 
  80    0.7071068 -1.49822e+01 
  81    0.7225904 -1.49331e+01 
  82    0.7384131 -1.48837e+01 
  83    0.7545822 -1.48335e+01 
  84    0.7711054 -1.47824e+01 
  85    0.7879904 -1.47316e+01 
  86    0.8052452 -1.46805e+01 
  87    0.8228777 -1.46288e+01 
  88    0.8408964 -1.45779e+01 
  89    0.8593096 -1.45272e+01 
  90    0.8781261 -1.44766e+01 
  91    0.8973545 -1.44266e+01 
  92    0.9170040 -1.43769e+01 
  93    0.9370838 -1.43273e+01 
  94    0.9576033 -1.42784e+01 
  95    0.9785721 -1.42302e+01 
  96    1.0000000 -1.41816e+01 
  97    1.0218971 -1.41337e+01 
  98    1.0442738 -1.40862e+01 
  99    1.0671404 -1.40388e+01 
 100    1.0905077 -1.39923e+01 
 101    1.1143867 -1.39458e+01 
 102    1.1387886 -1.38993e+01 
 103    1.1637249 -1.38528e+01 
 104    1.1892071 -1.38057e+01 
 105    1.2152474 -1.37578e+01 
 106    1.2418578 -1.37092e+01 
 107    1.2690510 -1.36591e+01 
 108    1.2968396 -1.36078e+01 
 109    1.3252366 -1.35552e+01 
 110    1.3542555 -1.35002e+01 
 111    1.3839099 -1.34427e+01 
 112    1.4142136 -1.33833e+01 
 113    1.4451808 -1.33216e+01 
 114    1.4768261 -1.32573e+01 
 115    1.5091644 -1.31904e+01 
 116    1.5422108 -1.31204e+01 
 117    1.5759808 -1.30475e+01 
 118    1.6104903 -1.29720e+01 
 119    1.6457555 -1.28924e+01 
 120    1.6817928 -1.28098e+01 
 121    1.7186193 -1.27246e+01 
 122    1.7562522 -1.26349e+01 
 123    1.7947091 -1.25420e+01 
 124    1.8340081 -1.24468e+01 
 125    1.8741676 -1.23485e+01 
 126    1.9152066 -1.22494e+01 
 127    1.9571441 -1.21500e+01 
 128    2.0000000 -1.20488e+01 
 129    2.0437943 -1.19510e+01 
 130    2.0885476 -1.18553e+01 
 131    2.1342808 -1.17591e+01 
 132    2.1810155 -1.16683e+01 
 133    2.2287735 -1.15805e+01 
 134    2.2775773 -1.14947e+01 
 135    2.3274497 -1.14137e+01 
 136    2.3784142 -1.13353e+01 
 137    2.4304947 -1.12595e+01 
 138    2.4837156 -1.11861e+01 
 139    2.5381019 -1.11144e+01 
 140    2.5936791 -1.10440e+01 
 141    2.6504733 -1.09741e+01 
 142    2.7085111 -1.09045e+01 
 143    2.7678198 -1.08350e+01 
 144    2.8284271 -1.07648e+01 
 145    2.8903616 -1.06941e+01 
 146    2.9536523 -1.06228e+01 
 147    3.0183289 -1.05504e+01 
 148    3.0844217 -1.04770e+01 
 149    3.1519617 -1.04022e+01 
 150    3.2209807 -1.03263e+01 
 151    3.2915110 -1.02487e+01 
 152    3.3635857 -1.01694e+01 
 153    3.4372386 -1.00886e+01 
 154    3.5125043 -1.00057e+01 
 155    3.5894182 -9.92160e+00 
 156    3.6680162 -9.83553e+00 
 157    3.7483353 -9.74730e+00 
 158    3.8304131 -9.65687e+00 
 159    3.9142882 -9.56443e+00 
 160    4.0000000 -9.46936e+00 
 161    4.0875886 -9.37208e+00 
 162    4.1770951 -9.27238e+00 
 163    4.2685616 -9.16941e+00 
 164    4.3620309 -9.06354e+00 
 165    4.4575470 -8.95545e+00 
 166    4.5551545 -8.84411e+00 
 167    4.6548994 -8.72895e+00 
 168    4.7568285 -8.61114e+00 
 169    4.8609894 -8.49038e+00 
 170    4.9674312 -8.36701e+00 
 171    5.0762038 -8.24120e+00 
 172    5.1873582 -8.11255e+00 
 173    5.3009466 -7.98239e+00 
 174    5.4170222 -7.85022e+00 
 175    5.5356395 -7.71581e+00 
 176    5.6568542 -7.58170e+00 
 177    5.7807232 -7.44650e+00 
 178    5.9073046 -7.30885e+00 
 179    6.0366577 -7.17013e+00 
 180    6.1688433 -7.03054e+00 
 181    6.3039234 -6.88868e+00 
 182    6.4419613 -6.74413e+00 
 183    6.5830219 -6.59747e+00 
 184    6.7271713 -6.44835e+00 
 185    6.8744772 -6.29487e+00 
 186    7.0250086 -6.13949e+00 
 187    7.1788363 -5.98041e+00 
 188    7.3360323 -5.81723e+00 
 189    7.4966705 -5.65027e+00 


# H-band (filter: H_2MASS.dat)
   0    0.1250000 -1.32189e+01 
   1    0.1277371 -1.32493e+01 
   2    0.1305342 -1.32803e+01 
   3    0.1333926 -1.33121e+01 
   4    0.1363135 -1.33495e+01 
   5    0.1392983 -1.33876e+01 
   6    0.1423486 -1.34277e+01 
   7    0.1454656 -1.34700e+01 
   8    0.1486509 -1.35167e+01 
   9    0.1519059 -1.35598e+01 
  10    0.1552322 -1.36011e+01 
  11    0.1586314 -1.36412e+01 
  12    0.1621049 -1.36737e+01 
  13    0.1656546 -1.37119e+01 
  14    0.1692819 -1.37478e+01 
  15    0.1729887 -1.37784e+01 
  16    0.1767767 -1.38064e+01 
  17    0.1806476 -1.38301e+01 
  18    0.1846033 -1.38512e+01 
  19    0.1886456 -1.38686e+01 
  20    0.1927764 -1.38855e+01 
  21    0.1969976 -1.39009e+01 
  22    0.2013113 -1.39157e+01 
  23    0.2057194 -1.39325e+01 
  24    0.2102241 -1.39456e+01 
  25    0.2148274 -1.39590e+01 
  26    0.2195315 -1.39731e+01 
  27    0.2243386 -1.39863e+01 
  28    0.2292510 -1.40020e+01 
  29    0.2342710 -1.40213e+01 
  30    0.2394008 -1.40398e+01 
  31    0.2446430 -1.40615e+01 
  32    0.2500000 -1.40825e+01 
  33    0.2554743 -1.41077e+01 
  34    0.2610684 -1.41332e+01 
  35    0.2667851 -1.41590e+01 
  36    0.2726269 -1.41885e+01 
  37    0.2785967 -1.42193e+01 
  38    0.2846972 -1.42508e+01 
  39    0.2909312 -1.42848e+01 
  40    0.2973018 -1.43191e+01 
  41    0.3038118 -1.43543e+01 
  42    0.3104645 -1.43918e+01 
  43    0.3172627 -1.44294e+01 
  44    0.3242099 -1.44671e+01 
  45    0.3313092 -1.45044e+01 
  46    0.3385639 -1.45416e+01 
  47    0.3459775 -1.45793e+01 
  48    0.3535534 -1.46146e+01 
  49    0.3612952 -1.46496e+01 
  50    0.3692065 -1.46837e+01 
  51    0.3772911 -1.47145e+01 
  52    0.3855527 -1.47451e+01 
  53    0.3939952 -1.47726e+01 
  54    0.4026226 -1.47975e+01 
  55    0.4114389 -1.48217e+01 
  56    0.4204482 -1.48430e+01 
  57    0.4296548 -1.48622e+01 
  58    0.4390630 -1.48796e+01 
  59    0.4486773 -1.48950e+01 
  60    0.4585020 -1.49088e+01 
  61    0.4685419 -1.49211e+01 
  62    0.4788016 -1.49314e+01 
  63    0.4892860 -1.49414e+01 
  64    0.5000000 -1.49499e+01 
  65    0.5109486 -1.49577e+01 
  66    0.5221369 -1.49639e+01 
  67    0.5335702 -1.49693e+01 
  68    0.5452539 -1.49743e+01 
  69    0.5571934 -1.49776e+01 
  70    0.5693943 -1.49797e+01 
  71    0.5818624 -1.49815e+01 
  72    0.5946036 -1.49817e+01 
  73    0.6076237 -1.49804e+01 
  74    0.6209289 -1.49784e+01 
  75    0.6345255 -1.49737e+01 
  76    0.6484198 -1.49679e+01 
  77    0.6626183 -1.49608e+01 
  78    0.6771278 -1.49519e+01 
  79    0.6919549 -1.49414e+01 
  80    0.7071068 -1.49294e+01 
  81    0.7225904 -1.49161e+01 
  82    0.7384131 -1.49012e+01 
  83    0.7545822 -1.48844e+01 
  84    0.7711054 -1.48663e+01 
  85    0.7879904 -1.48464e+01 
  86    0.8052452 -1.48249e+01 
  87    0.8228777 -1.48019e+01 
  88    0.8408964 -1.47772e+01 
  89    0.8593096 -1.47503e+01 
  90    0.8781261 -1.47222e+01 
  91    0.8973545 -1.46912e+01 
  92    0.9170040 -1.46581e+01 
  93    0.9370838 -1.46232e+01 
  94    0.9576033 -1.45864e+01 
  95    0.9785721 -1.45474e+01 
  96    1.0000000 -1.45068e+01 
  97    1.0218971 -1.44640e+01 
  98    1.0442738 -1.44198e+01 
  99    1.0671404 -1.43736e+01 
 100    1.0905077 -1.43257e+01 
 101    1.1143867 -1.42765e+01 
 102    1.1387886 -1.42261e+01 
 103    1.1637249 -1.41744e+01 
 104    1.1892071 -1.41213e+01 
 105    1.2152474 -1.40671e+01 
 106    1.2418578 -1.40110e+01 
 107    1.2690510 -1.39534e+01 
 108    1.2968396 -1.38949e+01 
 109    1.3252366 -1.38350e+01 
 110    1.3542555 -1.37737e+01 
 111    1.3839099 -1.37102e+01 
 112    1.4142136 -1.36446e+01 
 113    1.4451808 -1.35760e+01 
 114    1.4768261 -1.35040e+01 
 115    1.5091644 -1.34297e+01 
 116    1.5422108 -1.33511e+01 
 117    1.5759808 -1.32681e+01 
 118    1.6104903 -1.31830e+01 
 119    1.6457555 -1.30934e+01 
 120    1.6817928 -1.30000e+01 
 121    1.7186193 -1.29025e+01 
 122    1.7562522 -1.28016e+01 
 123    1.7947091 -1.26982e+01 
 124    1.8340081 -1.25921e+01 
 125    1.8741676 -1.24833e+01 
 126    1.9152066 -1.23738e+01 
 127    1.9571441 -1.22636e+01 
 128    2.0000000 -1.21517e+01 
 129    2.0437943 -1.20416e+01 
 130    2.0885476 -1.19318e+01 
 131    2.1342808 -1.18219e+01 
 132    2.1810155 -1.17164e+01 
 133    2.2287735 -1.16135e+01 
 134    2.2775773 -1.15116e+01 
 135    2.3274497 -1.14157e+01 
 136    2.3784142 -1.13232e+01 
 137    2.4304947 -1.12320e+01 
 138    2.4837156 -1.11452e+01 
 139    2.5381019 -1.10603e+01 
 140    2.5936791 -1.09783e+01 
 141    2.6504733 -1.08989e+01 
 142    2.7085111 -1.08211e+01 
 143    2.7678198 -1.07448e+01 
 144    2.8284271 -1.06688e+01 
 145    2.8903616 -1.05938e+01 
 146    2.9536523 -1.05188e+01 
 147    3.0183289 -1.04427e+01 
 148    3.0844217 -1.03671e+01 
 149    3.1519617 -1.02907e+01 
 150    3.2209807 -1.02142e+01 
 151    3.2915110 -1.01370e+01 
 152    3.3635857 -1.00586e+01 
 153    3.4372386 -9.97912e+00 
 154    3.5125043 -9.89833e+00 
 155    3.5894182 -9.81683e+00 
 156    3.6680162 -9.73369e+00 
 157    3.7483353 -9.64866e+00 
 158    3.8304131 -9.56216e+00 
 159    3.9142882 -9.47431e+00 
 160    4.0000000 -9.38397e+00 
 161    4.0875886 -9.29150e+00 
 162    4.1770951 -9.19694e+00 
 163    4.2685616 -9.10004e+00 
 164    4.3620309 -9.00097e+00 
 165    4.4575470 -8.89937e+00 
 166    4.5551545 -8.79532e+00 
 167    4.6548994 -8.68745e+00 
 168    4.7568285 -8.57710e+00 
 169    4.8609894 -8.46268e+00 
 170    4.9674312 -8.34411e+00 
 171    5.0762038 -8.22194e+00 
 172    5.1873582 -8.09635e+00 
 173    5.3009466 -7.96462e+00 
 174    5.4170222 -7.82742e+00 
 175    5.5356395 -7.68576e+00 
 176    5.6568542 -7.53659e+00 
 177    5.7807232 -7.38279e+00 
 178    5.9073046 -7.22301e+00 
 179    6.0366577 -7.05715e+00 
 180    6.1688433 -6.88861e+00 
 181    6.3039234 -6.71538e+00 
 182    6.4419613 -6.54324e+00 
 183    6.5830219 -6.37207e+00 
 184    6.7271713 -6.19734e+00 
 185    6.8744772 -6.02945e+00 
 186    7.0250086 -5.85536e+00 
 187    7.1788363 -5.67944e+00 
 188    7.3360323 -5.50462e+00 
 189    7.4966705 -5.33606e+00 


# K-band (filter: Ks_mosfire.dat)
   0    0.1250000 -1.24778e+01 
   1    0.1277371 -1.25253e+01 
   2    0.1305342 -1.25739e+01 
   3    0.1333926 -1.26235e+01 
   4    0.1363135 -1.26674e+01 
   5    0.1392983 -1.27050e+01 
   6    0.1423486 -1.27488e+01 
   7    0.1454656 -1.27901e+01 
   8    0.1486509 -1.28280e+01 
   9    0.1519059 -1.28650e+01 
  10    0.1552322 -1.29069e+01 
  11    0.1586314 -1.29442e+01 
  12    0.1621049 -1.29861e+01 
  13    0.1656546 -1.30185e+01 
  14    0.1692819 -1.30510e+01 
  15    0.1729887 -1.30855e+01 
  16    0.1767767 -1.31226e+01 
  17    0.1806476 -1.31603e+01 
  18    0.1846033 -1.31915e+01 
  19    0.1886456 -1.32197e+01 
  20    0.1927764 -1.32410e+01 
  21    0.1969976 -1.32643e+01 
  22    0.2013113 -1.32814e+01 
  23    0.2057194 -1.32985e+01 
  24    0.2102241 -1.33091e+01 
  25    0.2148274 -1.33180e+01 
  26    0.2195315 -1.33251e+01 
  27    0.2243386 -1.33264e+01 
  28    0.2292510 -1.33282e+01 
  29    0.2342710 -1.33254e+01 
  30    0.2394008 -1.33219e+01 
  31    0.2446430 -1.33193e+01 
  32    0.2500000 -1.33223e+01 
  33    0.2554743 -1.33201e+01 
  34    0.2610684 -1.33269e+01 
  35    0.2667851 -1.33313e+01 
  36    0.2726269 -1.33404e+01 
  37    0.2785967 -1.33548e+01 
  38    0.2846972 -1.33741e+01 
  39    0.2909312 -1.33943e+01 
  40    0.2973018 -1.34182e+01 
  41    0.3038118 -1.34473e+01 
  42    0.3104645 -1.34817e+01 
  43    0.3172627 -1.35174e+01 
  44    0.3242099 -1.35527e+01 
  45    0.3313092 -1.35933e+01 
  46    0.3385639 -1.36348e+01 
  47    0.3459775 -1.36771e+01 
  48    0.3535534 -1.37216e+01 
  49    0.3612952 -1.37658e+01 
  50    0.3692065 -1.38077e+01 
  51    0.3772911 -1.38515e+01 
  52    0.3855527 -1.38955e+01 
  53    0.3939952 -1.39355e+01 
  54    0.4026226 -1.39736e+01 
  55    0.4114389 -1.40120e+01 
  56    0.4204482 -1.40465e+01 
  57    0.4296548 -1.40783e+01 
  58    0.4390630 -1.41082e+01 
  59    0.4486773 -1.41358e+01 
  60    0.4585020 -1.41591e+01 
  61    0.4685419 -1.41803e+01 
  62    0.4788016 -1.41989e+01 
  63    0.4892860 -1.42135e+01 
  64    0.5000000 -1.42250e+01 
  65    0.5109486 -1.42351e+01 
  66    0.5221369 -1.42428e+01 
  67    0.5335702 -1.42485e+01 
  68    0.5452539 -1.42523e+01 
  69    0.5571934 -1.42547e+01 
  70    0.5693943 -1.42554e+01 
  71    0.5818624 -1.42555e+01 
  72    0.5946036 -1.42556e+01 
  73    0.6076237 -1.42549e+01 
  74    0.6209289 -1.42543e+01 
  75    0.6345255 -1.42545e+01 
  76    0.6484198 -1.42553e+01 
  77    0.6626183 -1.42559e+01 
  78    0.6771278 -1.42564e+01 
  79    0.6919549 -1.42571e+01 
  80    0.7071068 -1.42576e+01 
  81    0.7225904 -1.42584e+01 
  82    0.7384131 -1.42582e+01 
  83    0.7545822 -1.42561e+01 
  84    0.7711054 -1.42539e+01 
  85    0.7879904 -1.42490e+01 
  86    0.8052452 -1.42414e+01 
  87    0.8228777 -1.42325e+01 
  88    0.8408964 -1.42185e+01 
  89    0.8593096 -1.42009e+01 
  90    0.8781261 -1.41811e+01 
  91    0.8973545 -1.41556e+01 
  92    0.9170040 -1.41264e+01 
  93    0.9370838 -1.40937e+01 
  94    0.9576033 -1.40555e+01 
  95    0.9785721 -1.40134e+01 
  96    1.0000000 -1.39675e+01 
  97    1.0218971 -1.39166e+01 
  98    1.0442738 -1.38616e+01 
  99    1.0671404 -1.38031e+01 
 100    1.0905077 -1.37398e+01 
 101    1.1143867 -1.36736e+01 
 102    1.1387886 -1.36040e+01 
 103    1.1637249 -1.35313e+01 
 104    1.1892071 -1.34550e+01 
 105    1.2152474 -1.33769e+01 
 106    1.2418578 -1.32953e+01 
 107    1.2690510 -1.32116e+01 
 108    1.2968396 -1.31260e+01 
 109    1.3252366 -1.30381e+01 
 110    1.3542555 -1.29493e+01 
 111    1.3839099 -1.28595e+01 
 112    1.4142136 -1.27667e+01 
 113    1.4451808 -1.26700e+01 
 114    1.4768261 -1.25659e+01 
 115    1.5091644 -1.24588e+01 
 116    1.5422108 -1.23394e+01 
 117    1.5759808 -1.22151e+01 
 118    1.6104903 -1.20889e+01 
 119    1.6457555 -1.19558e+01 
 120    1.6817928 -1.18224e+01 
 121    1.7186193 -1.16825e+01 
 122    1.7562522 -1.15486e+01 
 123    1.7947091 -1.14158e+01 
 124    1.8340081 -1.12851e+01 
 125    1.8741676 -1.11554e+01 
 126    1.9152066 -1.10365e+01 
 127    1.9571441 -1.09247e+01 
 128    2.0000000 -1.08200e+01 
 129    2.0437943 -1.07251e+01 
 130    2.0885476 -1.06349e+01 
 131    2.1342808 -1.05521e+01 
 132    2.1810155 -1.04744e+01 
 133    2.2287735 -1.04013e+01 
 134    2.2775773 -1.03316e+01 
 135    2.3274497 -1.02653e+01 
 136    2.3784142 -1.02002e+01 
 137    2.4304947 -1.01370e+01 
 138    2.4837156 -1.00755e+01 
 139    2.5381019 -1.00141e+01 
 140    2.5936791 -9.95269e+00 
 141    2.6504733 -9.89184e+00 
 142    2.7085111 -9.83146e+00 
 143    2.7678198 -9.77037e+00 
 144    2.8284271 -9.70946e+00 
 145    2.8903616 -9.64843e+00 
 146    2.9536523 -9.58710e+00 
 147    3.0183289 -9.52524e+00 
 148    3.0844217 -9.46343e+00 
 149    3.1519617 -9.39994e+00 
 150    3.2209807 -9.33549e+00 
 151    3.2915110 -9.27008e+00 
 152    3.3635857 -9.20397e+00 
 153    3.4372386 -9.13652e+00 
 154    3.5125043 -9.06764e+00 
 155    3.5894182 -8.99658e+00 
 156    3.6680162 -8.92466e+00 
 157    3.7483353 -8.85034e+00 
 158    3.8304131 -8.77404e+00 
 159    3.9142882 -8.69644e+00 
 160    4.0000000 -8.61582e+00 
 161    4.0875886 -8.53284e+00 
 162    4.1770951 -8.44858e+00 
 163    4.2685616 -8.36163e+00 
 164    4.3620309 -8.26987e+00 
 165    4.4575470 -8.17607e+00 
 166    4.5551545 -8.07784e+00 
 167    4.6548994 -7.97538e+00 
 168    4.7568285 -7.86994e+00 
 169    4.8609894 -7.75913e+00 
 170    4.9674312 -7.64320e+00 
 171    5.0762038 -7.52102e+00 
 172    5.1873582 -7.39506e+00 
 173    5.3009466 -7.26246e+00 
 174    5.4170222 -7.12471e+00 
 175    5.5356395 -6.98245e+00 
 176    5.6568542 -6.83925e+00 
 177    5.7807232 -6.69435e+00 
 178    5.9073046 -6.54441e+00 
 179    6.0366577 -6.39786e+00 
 180    6.1688433 -6.25171e+00 
 181    6.3039234 -6.10569e+00 
 182    6.4419613 -5.96489e+00 
 183    6.5830219 -5.82466e+00 
 184    6.7271713 -5.68730e+00 
 185    6.8744772 -5.55289e+00 
 186    7.0250086 -5.41836e+00 
 187    7.1788363 -5.28471e+00 
 188    7.3360323 -5.15193e+00 
 189    7.4966705 -5.02248e+00 


# S-band (filter: Spitzer_IRAC2.dat)
   0    0.1250000 -1.11931e+01 
   1    0.1277371 -1.12197e+01 
   2    0.1305342 -1.12469e+01 
   3    0.1333926 -1.12746e+01 
   4    0.1363135 -1.13131e+01 
   5    0.1392983 -1.13498e+01 
   6    0.1423486 -1.13882e+01 
   7    0.1454656 -1.14194e+01 
   8    0.1486509 -1.14671e+01 
   9    0.1519059 -1.14972e+01 
  10    0.1552322 -1.15239e+01 
  11    0.1586314 -1.15543e+01 
  12    0.1621049 -1.15858e+01 
  13    0.1656546 -1.16192e+01 
  14    0.1692819 -1.16453e+01 
  15    0.1729887 -1.16642e+01 
  16    0.1767767 -1.16711e+01 
  17    0.1806476 -1.16731e+01 
  18    0.1846033 -1.16713e+01 
  19    0.1886456 -1.16676e+01 
  20    0.1927764 -1.16616e+01 
  21    0.1969976 -1.16606e+01 
  22    0.2013113 -1.16510e+01 
  23    0.2057194 -1.16267e+01 
  24    0.2102241 -1.16058e+01 
  25    0.2148274 -1.15741e+01 
  26    0.2195315 -1.15404e+01 
  27    0.2243386 -1.15058e+01 
  28    0.2292510 -1.14830e+01 
  29    0.2342710 -1.14451e+01 
  30    0.2394008 -1.14084e+01 
  31    0.2446430 -1.13621e+01 
  32    0.2500000 -1.13057e+01 
  33    0.2554743 -1.12500e+01 
  34    0.2610684 -1.12052e+01 
  35    0.2667851 -1.11533e+01 
  36    0.2726269 -1.10952e+01 
  37    0.2785967 -1.10458e+01 
  38    0.2846972 -1.09909e+01 
  39    0.2909312 -1.09215e+01 
  40    0.2973018 -1.08708e+01 
  41    0.3038118 -1.08206e+01 
  42    0.3104645 -1.07666e+01 
  43    0.3172627 -1.07254e+01 
  44    0.3242099 -1.06785e+01 
  45    0.3313092 -1.06361e+01 
  46    0.3385639 -1.06028e+01 
  47    0.3459775 -1.05695e+01 
  48    0.3535534 -1.05399e+01 
  49    0.3612952 -1.05057e+01 
  50    0.3692065 -1.04909e+01 
  51    0.3772911 -1.04835e+01 
  52    0.3855527 -1.04655e+01 
  53    0.3939952 -1.04608e+01 
  54    0.4026226 -1.04571e+01 
  55    0.4114389 -1.04539e+01 
  56    0.4204482 -1.04618e+01 
  57    0.4296548 -1.04799e+01 
  58    0.4390630 -1.04892e+01 
  59    0.4486773 -1.05095e+01 
  60    0.4585020 -1.05314e+01 
  61    0.4685419 -1.05602e+01 
  62    0.4788016 -1.05850e+01 
  63    0.4892860 -1.06140e+01 
  64    0.5000000 -1.06489e+01 
  65    0.5109486 -1.06857e+01 
  66    0.5221369 -1.07262e+01 
  67    0.5335702 -1.07734e+01 
  68    0.5452539 -1.08177e+01 
  69    0.5571934 -1.08669e+01 
  70    0.5693943 -1.09204e+01 
  71    0.5818624 -1.09736e+01 
  72    0.5946036 -1.10295e+01 
  73    0.6076237 -1.10856e+01 
  74    0.6209289 -1.11440e+01 
  75    0.6345255 -1.12048e+01 
  76    0.6484198 -1.12652e+01 
  77    0.6626183 -1.13259e+01 
  78    0.6771278 -1.13844e+01 
  79    0.6919549 -1.14414e+01 
  80    0.7071068 -1.14992e+01 
  81    0.7225904 -1.15556e+01 
  82    0.7384131 -1.16067e+01 
  83    0.7545822 -1.16565e+01 
  84    0.7711054 -1.17057e+01 
  85    0.7879904 -1.17488e+01 
  86    0.8052452 -1.17891e+01 
  87    0.8228777 -1.18235e+01 
  88    0.8408964 -1.18509e+01 
  89    0.8593096 -1.18729e+01 
  90    0.8781261 -1.18918e+01 
  91    0.8973545 -1.19010e+01 
  92    0.9170040 -1.19004e+01 
  93    0.9370838 -1.18944e+01 
  94    0.9576033 -1.18750e+01 
  95    0.9785721 -1.18464e+01 
  96    1.0000000 -1.18107e+01 
  97    1.0218971 -1.17632e+01 
  98    1.0442738 -1.17068e+01 
  99    1.0671404 -1.16412e+01 
 100    1.0905077 -1.15652e+01 
 101    1.1143867 -1.14830e+01 
 102    1.1387886 -1.13908e+01 
 103    1.1637249 -1.12915e+01 
 104    1.1892071 -1.11871e+01 
 105    1.2152474 -1.10836e+01 
 106    1.2418578 -1.09766e+01 
 107    1.2690510 -1.08708e+01 
 108    1.2968396 -1.07693e+01 
 109    1.3252366 -1.06673e+01 
 110    1.3542555 -1.05724e+01 
 111    1.3839099 -1.04799e+01 
 112    1.4142136 -1.03904e+01 
 113    1.4451808 -1.03050e+01 
 114    1.4768261 -1.02188e+01 
 115    1.5091644 -1.01314e+01 
 116    1.5422108 -1.00405e+01 
 117    1.5759808 -9.95143e+00 
 118    1.6104903 -9.86449e+00 
 119    1.6457555 -9.78896e+00 
 120    1.6817928 -9.72141e+00 
 121    1.7186193 -9.64996e+00 
 122    1.7562522 -9.59849e+00 
 123    1.7947091 -9.55453e+00 
 124    1.8340081 -9.51758e+00 
 125    1.8741676 -9.48859e+00 
 126    1.9152066 -9.47101e+00 
 127    1.9571441 -9.46593e+00 
 128    2.0000000 -9.47336e+00 
 129    2.0437943 -9.48580e+00 
 130    2.0885476 -9.50317e+00 
 131    2.1342808 -9.52543e+00 
 132    2.1810155 -9.54751e+00 
 133    2.2287735 -9.57221e+00 
 134    2.2775773 -9.59714e+00 
 135    2.3274497 -9.62282e+00 
 136    2.3784142 -9.64697e+00 
 137    2.4304947 -9.67210e+00 
 138    2.4837156 -9.69648e+00 
 139    2.5381019 -9.72014e+00 
 140    2.5936791 -9.74251e+00 
 141    2.6504733 -9.76361e+00 
 142    2.7085111 -9.78356e+00 
 143    2.7678198 -9.80303e+00 
 144    2.8284271 -9.82111e+00 
 145    2.8903616 -9.83805e+00 
 146    2.9536523 -9.85429e+00 
 147    3.0183289 -9.86950e+00 
 148    3.0844217 -9.88242e+00 
 149    3.1519617 -9.89413e+00 
 150    3.2209807 -9.90492e+00 
 151    3.2915110 -9.91459e+00 
 152    3.3635857 -9.92295e+00 
 153    3.4372386 -9.93076e+00 
 154    3.5125043 -9.93692e+00 
 155    3.5894182 -9.94244e+00 
 156    3.6680162 -9.94631e+00 
 157    3.7483353 -9.94833e+00 
 158    3.8304131 -9.94891e+00 
 159    3.9142882 -9.94886e+00 
 160    4.0000000 -9.94708e+00 
 161    4.0875886 -9.94390e+00 
 162    4.1770951 -9.93942e+00 
 163    4.2685616 -9.93279e+00 
 164    4.3620309 -9.92511e+00 
 165    4.4575470 -9.91578e+00 
 166    4.5551545 -9.90425e+00 
 167    4.6548994 -9.89082e+00 
 168    4.7568285 -9.87667e+00 
 169    4.8609894 -9.86075e+00 
 170    4.9674312 -9.84294e+00 
 171    5.0762038 -9.82325e+00 
 172    5.1873582 -9.80216e+00 
 173    5.3009466 -9.77876e+00 
 174    5.4170222 -9.75347e+00 
 175    5.5356395 -9.72620e+00 
 176    5.6568542 -9.69651e+00 
 177    5.7807232 -9.66471e+00 
 178    5.9073046 -9.63094e+00 
 179    6.0366577 -9.59420e+00 
 180    6.1688433 -9.55489e+00 
 181    6.3039234 -9.51324e+00 
 182    6.4419613 -9.46855e+00 
 183    6.5830219 -9.42172e+00 
 184    6.7271713 -9.37267e+00 
 185    6.8744772 -9.32150e+00 
 186    7.0250086 -9.26859e+00 
 187    7.1788363 -9.21371e+00 
 188    7.3360323 -9.15681e+00 
 189    7.4966705 -9.09783e+00 


