# 1:iteration 2:time bin[s] 3-k:equiv. isotropic luminosity in k-th angular bin [erg/s]
# bolometric luminosity going in angular bin
   0    0.1250000  2.22259e+41 
   1    0.1277371  2.30252e+41 
   2    0.1305342  2.38419e+41 
   3    0.1333926  2.46766e+41 
   4    0.1363135  2.54939e+41 
   5    0.1392983  2.63822e+41 
   6    0.1423486  2.73310e+41 
   7    0.1454656  2.83409e+41 
   8    0.1486509  2.93560e+41 
   9    0.1519059  3.04503e+41 
  10    0.1552322  3.15650e+41 
  11    0.1586314  3.26735e+41 
  12    0.1621049  3.38025e+41 
  13    0.1656546  3.50617e+41 
  14    0.1692819  3.62852e+41 
  15    0.1729887  3.75693e+41 
  16    0.1767767  3.87684e+41 
  17    0.1806476  3.98743e+41 
  18    0.1846033  4.10056e+41 
  19    0.1886456  4.21220e+41 
  20    0.1927764  4.31999e+41 
  21    0.1969976  4.42528e+41 
  22    0.2013113  4.52473e+41 
  23    0.2057194  4.62987e+41 
  24    0.2102241  4.72937e+41 
  25    0.2148274  4.83686e+41 
  26    0.2195315  4.93194e+41 
  27    0.2243386  5.02971e+41 
  28    0.2292510  5.11681e+41 
  29    0.2342710  5.20739e+41 
  30    0.2394008  5.29697e+41 
  31    0.2446430  5.37573e+41 
  32    0.2500000  5.46365e+41 
  33    0.2554743  5.54584e+41 
  34    0.2610684  5.63502e+41 
  35    0.2667851  5.72806e+41 
  36    0.2726269  5.81690e+41 
  37    0.2785967  5.90740e+41 
  38    0.2846972  6.01686e+41 
  39    0.2909312  6.12341e+41 
  40    0.2973018  6.23945e+41 
  41    0.3038118  6.35994e+41 
  42    0.3104645  6.47640e+41 
  43    0.3172627  6.60730e+41 
  44    0.3242099  6.73572e+41 
  45    0.3313092  6.85530e+41 
  46    0.3385639  6.97408e+41 
  47    0.3459775  7.10249e+41 
  48    0.3535534  7.24640e+41 
  49    0.3612952  7.36745e+41 
  50    0.3692065  7.46397e+41 
  51    0.3772911  7.54631e+41 
  52    0.3855527  7.63290e+41 
  53    0.3939952  7.70206e+41 
  54    0.4026226  7.78176e+41 
  55    0.4114389  7.84356e+41 
  56    0.4204482  7.90715e+41 
  57    0.4296548  7.98142e+41 
  58    0.4390630  8.05366e+41 
  59    0.4486773  8.11358e+41 
  60    0.4585020  8.16964e+41 
  61    0.4685419  8.23391e+41 
  62    0.4788016  8.32279e+41 
  63    0.4892860  8.43516e+41 
  64    0.5000000  8.54641e+41 
  65    0.5109486  8.68609e+41 
  66    0.5221369  8.86824e+41 
  67    0.5335702  9.05088e+41 
  68    0.5452539  9.23516e+41 
  69    0.5571934  9.43550e+41 
  70    0.5693943  9.65421e+41 
  71    0.5818624  9.91234e+41 
  72    0.5946036  1.02102e+42 
  73    0.6076237  1.05030e+42 
  74    0.6209289  1.08084e+42 
  75    0.6345255  1.11188e+42 
  76    0.6484198  1.14660e+42 
  77    0.6626183  1.18064e+42 
  78    0.6771278  1.21860e+42 
  79    0.6919549  1.26256e+42 
  80    0.7071068  1.31023e+42 
  81    0.7225904  1.35836e+42 
  82    0.7384131  1.40864e+42 
  83    0.7545822  1.45923e+42 
  84    0.7711054  1.51503e+42 
  85    0.7879904  1.57088e+42 
  86    0.8052452  1.62948e+42 
  87    0.8228777  1.69019e+42 
  88    0.8408964  1.75386e+42 
  89    0.8593096  1.82815e+42 
  90    0.8781261  1.89857e+42 
  91    0.8973545  1.96710e+42 
  92    0.9170040  2.03315e+42 
  93    0.9370838  2.10053e+42 
  94    0.9576033  2.16686e+42 
  95    0.9785721  2.23605e+42 
  96    1.0000000  2.30458e+42 
  97    1.0218971  2.36567e+42 
  98    1.0442738  2.43249e+42 
  99    1.0671404  2.50114e+42 
 100    1.0905077  2.58533e+42 
 101    1.1143867  2.66041e+42 
 102    1.1387886  2.73886e+42 
 103    1.1637249  2.82772e+42 
 104    1.1892071  2.93244e+42 
 105    1.2152474  3.04291e+42 
 106    1.2418578  3.15515e+42 
 107    1.2690510  3.26569e+42 
 108    1.2968396  3.37802e+42 
 109    1.3252366  3.49928e+42 
 110    1.3542555  3.61394e+42 
 111    1.3839099  3.72407e+42 
 112    1.4142136  3.83479e+42 
 113    1.4451808  3.93937e+42 
 114    1.4768261  4.04258e+42 
 115    1.5091644  4.13590e+42 
 116    1.5422108  4.22011e+42 
 117    1.5759808  4.28959e+42 
 118    1.6104903  4.35675e+42 
 119    1.6457555  4.40154e+42 
 120    1.6817928  4.43826e+42 
 121    1.7186193  4.47158e+42 
 122    1.7562522  4.49279e+42 
 123    1.7947091  4.50838e+42 
 124    1.8340081  4.51282e+42 
 125    1.8741676  4.50563e+42 
 126    1.9152066  4.50781e+42 
 127    1.9571441  4.53704e+42 
 128    2.0000000  4.55789e+42 
 129    2.0437943  4.52240e+42 
 130    2.0885476  4.40037e+42 
 131    2.1342808  4.29040e+42 
 132    2.1810155  4.11982e+42 
 133    2.2287735  3.94831e+42 
 134    2.2775773  3.75216e+42 
 135    2.3274497  3.55795e+42 
 136    2.3784142  3.38542e+42 
 137    2.4304947  3.17006e+42 
 138    2.4837156  3.00594e+42 
 139    2.5381019  2.81211e+42 
 140    2.5936791  2.62153e+42 
 141    2.6504733  2.46947e+42 
 142    2.7085111  2.36412e+42 
 143    2.7678198  2.28873e+42 
 144    2.8284271  2.21831e+42 
 145    2.8903616  2.15625e+42 
 146    2.9536523  2.11061e+42 
 147    3.0183289  2.06456e+42 
 148    3.0844217  2.01251e+42 
 149    3.1519617  1.95347e+42 
 150    3.2209807  1.88909e+42 
 151    3.2915110  1.81722e+42 
 152    3.3635857  1.74223e+42 
 153    3.4372386  1.66335e+42 
 154    3.5125043  1.58211e+42 
 155    3.5894182  1.49775e+42 
 156    3.6680162  1.40845e+42 
 157    3.7483353  1.31764e+42 
 158    3.8304131  1.22467e+42 
 159    3.9142882  1.12979e+42 
 160    4.0000000  1.03558e+42 
 161    4.0875886  9.42132e+41 
 162    4.1770951  8.49375e+41 
 163    4.2685616  7.60641e+41 
 164    4.3620309  6.75081e+41 
 165    4.4575470  5.89615e+41 
 166    4.5551545  5.12702e+41 
 167    4.6548994  4.41793e+41 
 168    4.7568285  3.73737e+41 
 169    4.8609894  3.17261e+41 
 170    4.9674312  2.67171e+41 
 171    5.0762038  2.23091e+41 
 172    5.1873582  1.85166e+41 
 173    5.3009466  1.54582e+41 
 174    5.4170222  1.29306e+41 
 175    5.5356395  1.09812e+41 
 176    5.6568542  9.41916e+40 
 177    5.7807232  8.20372e+40 
 178    5.9073046  7.30285e+40 
 179    6.0366577  6.55757e+40 
 180    6.1688433  5.94959e+40 
 181    6.3039234  5.45788e+40 
 182    6.4419613  5.01741e+40 
 183    6.5830219  4.62044e+40 
 184    6.7271713  4.25606e+40 
 185    6.8744772  3.90967e+40 
 186    7.0250086  3.56878e+40 
 187    7.1788363  3.23013e+40 
 188    7.3360323  2.89368e+40 
 189    7.4966705  2.56501e+40 


# g-band (filter: g_LSST.dat)
   0    0.1250000  3.90230e+26 
   1    0.1277371  3.92191e+26 
   2    0.1305342  3.94196e+26 
   3    0.1333926  3.96244e+26 
   4    0.1363135  3.97527e+26 
   5    0.1392983  3.98592e+26 
   6    0.1423486  3.99365e+26 
   7    0.1454656  3.99438e+26 
   8    0.1486509  3.99149e+26 
   9    0.1519059  3.98477e+26 
  10    0.1552322  3.97509e+26 
  11    0.1586314  3.95890e+26 
  12    0.1621049  3.93777e+26 
  13    0.1656546  3.91764e+26 
  14    0.1692819  3.88757e+26 
  15    0.1729887  3.85849e+26 
  16    0.1767767  3.82485e+26 
  17    0.1806476  3.78711e+26 
  18    0.1846033  3.74579e+26 
  19    0.1886456  3.70395e+26 
  20    0.1927764  3.65801e+26 
  21    0.1969976  3.60709e+26 
  22    0.2013113  3.55461e+26 
  23    0.2057194  3.49819e+26 
  24    0.2102241  3.43804e+26 
  25    0.2148274  3.37246e+26 
  26    0.2195315  3.30837e+26 
  27    0.2243386  3.23790e+26 
  28    0.2292510  3.16192e+26 
  29    0.2342710  3.08601e+26 
  30    0.2394008  3.00451e+26 
  31    0.2446430  2.92071e+26 
  32    0.2500000  2.83350e+26 
  33    0.2554743  2.74728e+26 
  34    0.2610684  2.66152e+26 
  35    0.2667851  2.58052e+26 
  36    0.2726269  2.50603e+26 
  37    0.2785967  2.43136e+26 
  38    0.2846972  2.37091e+26 
  39    0.2909312  2.31846e+26 
  40    0.2973018  2.27514e+26 
  41    0.3038118  2.24041e+26 
  42    0.3104645  2.22280e+26 
  43    0.3172627  2.20802e+26 
  44    0.3242099  2.19890e+26 
  45    0.3313092  2.20404e+26 
  46    0.3385639  2.22070e+26 
  47    0.3459775  2.24397e+26 
  48    0.3535534  2.27338e+26 
  49    0.3612952  2.30966e+26 
  50    0.3692065  2.35772e+26 
  51    0.3772911  2.41038e+26 
  52    0.3855527  2.46571e+26 
  53    0.3939952  2.53147e+26 
  54    0.4026226  2.60038e+26 
  55    0.4114389  2.67793e+26 
  56    0.4204482  2.77447e+26 
  57    0.4296548  2.87905e+26 
  58    0.4390630  2.97795e+26 
  59    0.4486773  3.09241e+26 
  60    0.4585020  3.21093e+26 
  61    0.4685419  3.33881e+26 
  62    0.4788016  3.47379e+26 
  63    0.4892860  3.62164e+26 
  64    0.5000000  3.77637e+26 
  65    0.5109486  3.93902e+26 
  66    0.5221369  4.09068e+26 
  67    0.5335702  4.24337e+26 
  68    0.5452539  4.40801e+26 
  69    0.5571934  4.63500e+26 
  70    0.5693943  4.86547e+26 
  71    0.5818624  5.07650e+26 
  72    0.5946036  5.28139e+26 
  73    0.6076237  5.50615e+26 
  74    0.6209289  5.72627e+26 
  75    0.6345255  5.93802e+26 
  76    0.6484198  6.13987e+26 
  77    0.6626183  6.35763e+26 
  78    0.6771278  6.53729e+26 
  79    0.6919549  6.76981e+26 
  80    0.7071068  7.17071e+26 
  81    0.7225904  7.50165e+26 
  82    0.7384131  7.91982e+26 
  83    0.7545822  8.50212e+26 
  84    0.7711054  9.15758e+26 
  85    0.7879904  9.95420e+26 
  86    0.8052452  1.09091e+27 
  87    0.8228777  1.19541e+27 
  88    0.8408964  1.33021e+27 
  89    0.8593096  1.50751e+27 
  90    0.8781261  1.69112e+27 
  91    0.8973545  1.90811e+27 
  92    0.9170040  2.12646e+27 
  93    0.9370838  2.35781e+27 
  94    0.9576033  2.59351e+27 
  95    0.9785721  2.83104e+27 
  96    1.0000000  3.08685e+27 
  97    1.0218971  3.34083e+27 
  98    1.0442738  3.60767e+27 
  99    1.0671404  3.86923e+27 
 100    1.0905077  4.11600e+27 
 101    1.1143867  4.34219e+27 
 102    1.1387886  4.56978e+27 
 103    1.1637249  4.78642e+27 
 104    1.1892071  4.99036e+27 
 105    1.2152474  5.19036e+27 
 106    1.2418578  5.37969e+27 
 107    1.2690510  5.55623e+27 
 108    1.2968396  5.71669e+27 
 109    1.3252366  5.86751e+27 
 110    1.3542555  5.99711e+27 
 111    1.3839099  6.11988e+27 
 112    1.4142136  6.23585e+27 
 113    1.4451808  6.33781e+27 
 114    1.4768261  6.42459e+27 
 115    1.5091644  6.50560e+27 
 116    1.5422108  6.58938e+27 
 117    1.5759808  6.66474e+27 
 118    1.6104903  6.73848e+27 
 119    1.6457555  6.79879e+27 
 120    1.6817928  6.84384e+27 
 121    1.7186193  6.88466e+27 
 122    1.7562522  6.89069e+27 
 123    1.7947091  6.87432e+27 
 124    1.8340081  6.84266e+27 
 125    1.8741676  6.80087e+27 
 126    1.9152066  6.77018e+27 
 127    1.9571441  6.82897e+27 
 128    2.0000000  6.93560e+27 
 129    2.0437943  6.96287e+27 
 130    2.0885476  6.72332e+27 
 131    2.1342808  6.53992e+27 
 132    2.1810155  6.24566e+27 
 133    2.2287735  5.98573e+27 
 134    2.2775773  5.69062e+27 
 135    2.3274497  5.39550e+27 
 136    2.3784142  5.15211e+27 
 137    2.4304947  4.83019e+27 
 138    2.4837156  4.62077e+27 
 139    2.5381019  4.35156e+27 
 140    2.5936791  4.02025e+27 
 141    2.6504733  3.78307e+27 
 142    2.7085111  3.69559e+27 
 143    2.7678198  3.65484e+27 
 144    2.8284271  3.63580e+27 
 145    2.8903616  3.62351e+27 
 146    2.9536523  3.66480e+27 
 147    3.0183289  3.71574e+27 
 148    3.0844217  3.76943e+27 
 149    3.1519617  3.81861e+27 
 150    3.2209807  3.86751e+27 
 151    3.2915110  3.90068e+27 
 152    3.3635857  3.91843e+27 
 153    3.4372386  3.92986e+27 
 154    3.5125043  3.90231e+27 
 155    3.5894182  3.84413e+27 
 156    3.6680162  3.76833e+27 
 157    3.7483353  3.63908e+27 
 158    3.8304131  3.48194e+27 
 159    3.9142882  3.29780e+27 
 160    4.0000000  3.08251e+27 
 161    4.0875886  2.84811e+27 
 162    4.1770951  2.58518e+27 
 163    4.2685616  2.32367e+27 
 164    4.3620309  2.06012e+27 
 165    4.4575470  1.78436e+27 
 166    4.5551545  1.53657e+27 
 167    4.6548994  1.30534e+27 
 168    4.7568285  1.08323e+27 
 169    4.8609894  8.99492e+26 
 170    4.9674312  7.37015e+26 
 171    5.0762038  5.94813e+26 
 172    5.1873582  4.74133e+26 
 173    5.3009466  3.76465e+26 
 174    5.4170222  2.95430e+26 
 175    5.5356395  2.32536e+26 
 176    5.6568542  1.81505e+26 
 177    5.7807232  1.41469e+26 
 178    5.9073046  1.10760e+26 
 179    6.0366577  8.61830e+25 
 180    6.1688433  6.68657e+25 
 181    6.3039234  5.12217e+25 
 182    6.4419613  3.91781e+25 
 183    6.5830219  2.93508e+25 
 184    6.7271713  2.14510e+25 
 185    6.8744772  1.53454e+25 
 186    7.0250086  1.00558e+25 
 187    7.1788363  6.21668e+24 
 188    7.3360323  3.35005e+24 
 189    7.4966705  1.66169e+24 


# r-band (filter: r_LSST.dat)
   0    0.1250000  4.02675e+26 
   1    0.1277371  4.09046e+26 
   2    0.1305342  4.15558e+26 
   3    0.1333926  4.22211e+26 
   4    0.1363135  4.28550e+26 
   5    0.1392983  4.34257e+26 
   6    0.1423486  4.39566e+26 
   7    0.1454656  4.44298e+26 
   8    0.1486509  4.49134e+26 
   9    0.1519059  4.53089e+26 
  10    0.1552322  4.56788e+26 
  11    0.1586314  4.60597e+26 
  12    0.1621049  4.63404e+26 
  13    0.1656546  4.65767e+26 
  14    0.1692819  4.68054e+26 
  15    0.1729887  4.70132e+26 
  16    0.1767767  4.72253e+26 
  17    0.1806476  4.73865e+26 
  18    0.1846033  4.74852e+26 
  19    0.1886456  4.75520e+26 
  20    0.1927764  4.75955e+26 
  21    0.1969976  4.76045e+26 
  22    0.2013113  4.75908e+26 
  23    0.2057194  4.75076e+26 
  24    0.2102241  4.73996e+26 
  25    0.2148274  4.72828e+26 
  26    0.2195315  4.71427e+26 
  27    0.2243386  4.69617e+26 
  28    0.2292510  4.66800e+26 
  29    0.2342710  4.63965e+26 
  30    0.2394008  4.60903e+26 
  31    0.2446430  4.57782e+26 
  32    0.2500000  4.54025e+26 
  33    0.2554743  4.50366e+26 
  34    0.2610684  4.46103e+26 
  35    0.2667851  4.42551e+26 
  36    0.2726269  4.39159e+26 
  37    0.2785967  4.35441e+26 
  38    0.2846972  4.32028e+26 
  39    0.2909312  4.29526e+26 
  40    0.2973018  4.27165e+26 
  41    0.3038118  4.25786e+26 
  42    0.3104645  4.24792e+26 
  43    0.3172627  4.24668e+26 
  44    0.3242099  4.28703e+26 
  45    0.3313092  4.32421e+26 
  46    0.3385639  4.37209e+26 
  47    0.3459775  4.43811e+26 
  48    0.3535534  4.51573e+26 
  49    0.3612952  4.60500e+26 
  50    0.3692065  4.75427e+26 
  51    0.3772911  4.93194e+26 
  52    0.3855527  5.13106e+26 
  53    0.3939952  5.37883e+26 
  54    0.4026226  5.67246e+26 
  55    0.4114389  5.93272e+26 
  56    0.4204482  6.15678e+26 
  57    0.4296548  6.39550e+26 
  58    0.4390630  6.66274e+26 
  59    0.4486773  6.97180e+26 
  60    0.4585020  7.27040e+26 
  61    0.4685419  7.58191e+26 
  62    0.4788016  7.93839e+26 
  63    0.4892860  8.42070e+26 
  64    0.5000000  8.95953e+26 
  65    0.5109486  9.61114e+26 
  66    0.5221369  1.06985e+27 
  67    0.5335702  1.18142e+27 
  68    0.5452539  1.29439e+27 
  69    0.5571934  1.40936e+27 
  70    0.5693943  1.53622e+27 
  71    0.5818624  1.70664e+27 
  72    0.5946036  1.91375e+27 
  73    0.6076237  2.10635e+27 
  74    0.6209289  2.31434e+27 
  75    0.6345255  2.53193e+27 
  76    0.6484198  2.77727e+27 
  77    0.6626183  3.02017e+27 
  78    0.6771278  3.34895e+27 
  79    0.6919549  3.71261e+27 
  80    0.7071068  4.06892e+27 
  81    0.7225904  4.44639e+27 
  82    0.7384131  4.80498e+27 
  83    0.7545822  5.13557e+27 
  84    0.7711054  5.51080e+27 
  85    0.7879904  5.82448e+27 
  86    0.8052452  6.12812e+27 
  87    0.8228777  6.43595e+27 
  88    0.8408964  6.70948e+27 
  89    0.8593096  7.00426e+27 
  90    0.8781261  7.21596e+27 
  91    0.8973545  7.34506e+27 
  92    0.9170040  7.44079e+27 
  93    0.9370838  7.52853e+27 
  94    0.9576033  7.58272e+27 
  95    0.9785721  7.62403e+27 
  96    1.0000000  7.61724e+27 
  97    1.0218971  7.50697e+27 
  98    1.0442738  7.43298e+27 
  99    1.0671404  7.36616e+27 
 100    1.0905077  7.46287e+27 
 101    1.1143867  7.48734e+27 
 102    1.1387886  7.51801e+27 
 103    1.1637249  7.64330e+27 
 104    1.1892071  7.92354e+27 
 105    1.2152474  8.23273e+27 
 106    1.2418578  8.57142e+27 
 107    1.2690510  8.89061e+27 
 108    1.2968396  9.25184e+27 
 109    1.3252366  9.69684e+27 
 110    1.3542555  1.00681e+28 
 111    1.3839099  1.03526e+28 
 112    1.4142136  1.06211e+28 
 113    1.4451808  1.08088e+28 
 114    1.4768261  1.10037e+28 
 115    1.5091644  1.10867e+28 
 116    1.5422108  1.10758e+28 
 117    1.5759808  1.09769e+28 
 118    1.6104903  1.08257e+28 
 119    1.6457555  1.05709e+28 
 120    1.6817928  1.02553e+28 
 121    1.7186193  9.89540e+27 
 122    1.7562522  9.45887e+27 
 123    1.7947091  8.98674e+27 
 124    1.8340081  8.50392e+27 
 125    1.8741676  7.96880e+27 
 126    1.9152066  7.47988e+27 
 127    1.9571441  7.04206e+27 
 128    2.0000000  6.50896e+27 
 129    2.0437943  5.93539e+27 
 130    2.0885476  5.37859e+27 
 131    2.1342808  4.86137e+27 
 132    2.1810155  4.37466e+27 
 133    2.2287735  3.92518e+27 
 134    2.2775773  3.49675e+27 
 135    2.3274497  3.14542e+27 
 136    2.3784142  2.84795e+27 
 137    2.4304947  2.53917e+27 
 138    2.4837156  2.30029e+27 
 139    2.5381019  2.02914e+27 
 140    2.5936791  1.86739e+27 
 141    2.6504733  1.75710e+27 
 142    2.7085111  1.67995e+27 
 143    2.7678198  1.63388e+27 
 144    2.8284271  1.60057e+27 
 145    2.8903616  1.58990e+27 
 146    2.9536523  1.59439e+27 
 147    3.0183289  1.60470e+27 
 148    3.0844217  1.62234e+27 
 149    3.1519617  1.64561e+27 
 150    3.2209807  1.67225e+27 
 151    3.2915110  1.70621e+27 
 152    3.3635857  1.74313e+27 
 153    3.4372386  1.78430e+27 
 154    3.5125043  1.82536e+27 
 155    3.5894182  1.86171e+27 
 156    3.6680162  1.89872e+27 
 157    3.7483353  1.91862e+27 
 158    3.8304131  1.92548e+27 
 159    3.9142882  1.92768e+27 
 160    4.0000000  1.89994e+27 
 161    4.0875886  1.85223e+27 
 162    4.1770951  1.79020e+27 
 163    4.2685616  1.69623e+27 
 164    4.3620309  1.58698e+27 
 165    4.4575470  1.45953e+27 
 166    4.5551545  1.32271e+27 
 167    4.6548994  1.18416e+27 
 168    4.7568285  1.03311e+27 
 169    4.8609894  8.99816e+26 
 170    4.9674312  7.74073e+26 
 171    5.0762038  6.55768e+26 
 172    5.1873582  5.44206e+26 
 173    5.3009466  4.53720e+26 
 174    5.4170222  3.76778e+26 
 175    5.5356395  3.16014e+26 
 176    5.6568542  2.67660e+26 
 177    5.7807232  2.29970e+26 
 178    5.9073046  2.03289e+26 
 179    6.0366577  1.80342e+26 
 180    6.1688433  1.61206e+26 
 181    6.3039234  1.46028e+26 
 182    6.4419613  1.31212e+26 
 183    6.5830219  1.17850e+26 
 184    6.7271713  1.04633e+26 
 185    6.8744772  9.23433e+25 
 186    7.0250086  7.94444e+25 
 187    7.1788363  6.54359e+25 
 188    7.3360323  5.13667e+25 
 189    7.4966705  3.80888e+25 


# i-band (filter: i_LSST.dat)
   0    0.1250000  2.71415e+26 
   1    0.1277371  2.77265e+26 
   2    0.1305342  2.83243e+26 
   3    0.1333926  2.89352e+26 
   4    0.1363135  2.95294e+26 
   5    0.1392983  3.01151e+26 
   6    0.1423486  3.07817e+26 
   7    0.1454656  3.13314e+26 
   8    0.1486509  3.19078e+26 
   9    0.1519059  3.24780e+26 
  10    0.1552322  3.30283e+26 
  11    0.1586314  3.36038e+26 
  12    0.1621049  3.42064e+26 
  13    0.1656546  3.48025e+26 
  14    0.1692819  3.53602e+26 
  15    0.1729887  3.60182e+26 
  16    0.1767767  3.67490e+26 
  17    0.1806476  3.74100e+26 
  18    0.1846033  3.80685e+26 
  19    0.1886456  3.87554e+26 
  20    0.1927764  3.93969e+26 
  21    0.1969976  4.00571e+26 
  22    0.2013113  4.06425e+26 
  23    0.2057194  4.10812e+26 
  24    0.2102241  4.14490e+26 
  25    0.2148274  4.16812e+26 
  26    0.2195315  4.18923e+26 
  27    0.2243386  4.19097e+26 
  28    0.2292510  4.18332e+26 
  29    0.2342710  4.18649e+26 
  30    0.2394008  4.16448e+26 
  31    0.2446430  4.15744e+26 
  32    0.2500000  4.15121e+26 
  33    0.2554743  4.14023e+26 
  34    0.2610684  4.16697e+26 
  35    0.2667851  4.32125e+26 
  36    0.2726269  4.45530e+26 
  37    0.2785967  4.68164e+26 
  38    0.2846972  5.06655e+26 
  39    0.2909312  5.63014e+26 
  40    0.2973018  6.39174e+26 
  41    0.3038118  7.36834e+26 
  42    0.3104645  8.27166e+26 
  43    0.3172627  9.34385e+26 
  44    0.3242099  1.03825e+27 
  45    0.3313092  1.13458e+27 
  46    0.3385639  1.24064e+27 
  47    0.3459775  1.34348e+27 
  48    0.3535534  1.47304e+27 
  49    0.3612952  1.57860e+27 
  50    0.3692065  1.65042e+27 
  51    0.3772911  1.69707e+27 
  52    0.3855527  1.72668e+27 
  53    0.3939952  1.73965e+27 
  54    0.4026226  1.76643e+27 
  55    0.4114389  1.77514e+27 
  56    0.4204482  1.78786e+27 
  57    0.4296548  1.80774e+27 
  58    0.4390630  1.83335e+27 
  59    0.4486773  1.83510e+27 
  60    0.4585020  1.83493e+27 
  61    0.4685419  1.85132e+27 
  62    0.4788016  1.89155e+27 
  63    0.4892860  1.93914e+27 
  64    0.5000000  1.98360e+27 
  65    0.5109486  2.03312e+27 
  66    0.5221369  2.08626e+27 
  67    0.5335702  2.14816e+27 
  68    0.5452539  2.21075e+27 
  69    0.5571934  2.28082e+27 
  70    0.5693943  2.35682e+27 
  71    0.5818624  2.43734e+27 
  72    0.5946036  2.52884e+27 
  73    0.6076237  2.62675e+27 
  74    0.6209289  2.72507e+27 
  75    0.6345255  2.82886e+27 
  76    0.6484198  2.94390e+27 
  77    0.6626183  3.06544e+27 
  78    0.6771278  3.18057e+27 
  79    0.6919549  3.29320e+27 
  80    0.7071068  3.41072e+27 
  81    0.7225904  3.53081e+27 
  82    0.7384131  3.65476e+27 
  83    0.7545822  3.77959e+27 
  84    0.7711054  3.90153e+27 
  85    0.7879904  4.01963e+27 
  86    0.8052452  4.13754e+27 
  87    0.8228777  4.25264e+27 
  88    0.8408964  4.36196e+27 
  89    0.8593096  4.46394e+27 
  90    0.8781261  4.56858e+27 
  91    0.8973545  4.66298e+27 
  92    0.9170040  4.74864e+27 
  93    0.9370838  4.82333e+27 
  94    0.9576033  4.88075e+27 
  95    0.9785721  4.92792e+27 
  96    1.0000000  4.96787e+27 
  97    1.0218971  4.99287e+27 
  98    1.0442738  5.00541e+27 
  99    1.0671404  5.00684e+27 
 100    1.0905077  4.98805e+27 
 101    1.1143867  4.96028e+27 
 102    1.1387886  4.92134e+27 
 103    1.1637249  4.86900e+27 
 104    1.1892071  4.80444e+27 
 105    1.2152474  4.73437e+27 
 106    1.2418578  4.65367e+27 
 107    1.2690510  4.56595e+27 
 108    1.2968396  4.46907e+27 
 109    1.3252366  4.36552e+27 
 110    1.3542555  4.25430e+27 
 111    1.3839099  4.14377e+27 
 112    1.4142136  4.02605e+27 
 113    1.4451808  3.90528e+27 
 114    1.4768261  3.78401e+27 
 115    1.5091644  3.66136e+27 
 116    1.5422108  3.53701e+27 
 117    1.5759808  3.40425e+27 
 118    1.6104903  3.26816e+27 
 119    1.6457555  3.12328e+27 
 120    1.6817928  2.97543e+27 
 121    1.7186193  2.82646e+27 
 122    1.7562522  2.67620e+27 
 123    1.7947091  2.52679e+27 
 124    1.8340081  2.38116e+27 
 125    1.8741676  2.22926e+27 
 126    1.9152066  2.08387e+27 
 127    1.9571441  1.92388e+27 
 128    2.0000000  1.76233e+27 
 129    2.0437943  1.59032e+27 
 130    2.0885476  1.42907e+27 
 131    2.1342808  1.27267e+27 
 132    2.1810155  1.13336e+27 
 133    2.2287735  1.00452e+27 
 134    2.2775773  8.74847e+26 
 135    2.3274497  7.73339e+26 
 136    2.3784142  6.81094e+26 
 137    2.4304947  5.94403e+26 
 138    2.4837156  5.25668e+26 
 139    2.5381019  4.71767e+26 
 140    2.5936791  4.39638e+26 
 141    2.6504733  4.18106e+26 
 142    2.7085111  4.05096e+26 
 143    2.7678198  3.98645e+26 
 144    2.8284271  3.93800e+26 
 145    2.8903616  3.93383e+26 
 146    2.9536523  3.94538e+26 
 147    3.0183289  3.96006e+26 
 148    3.0844217  3.97955e+26 
 149    3.1519617  4.00607e+26 
 150    3.2209807  4.03199e+26 
 151    3.2915110  4.07237e+26 
 152    3.3635857  4.11884e+26 
 153    3.4372386  4.17020e+26 
 154    3.5125043  4.22764e+26 
 155    3.5894182  4.28582e+26 
 156    3.6680162  4.34590e+26 
 157    3.7483353  4.38126e+26 
 158    3.8304131  4.39534e+26 
 159    3.9142882  4.40524e+26 
 160    4.0000000  4.35655e+26 
 161    4.0875886  4.26674e+26 
 162    4.1770951  4.15177e+26 
 163    4.2685616  3.95907e+26 
 164    4.3620309  3.73020e+26 
 165    4.4575470  3.46547e+26 
 166    4.5551545  3.17027e+26 
 167    4.6548994  2.86273e+26 
 168    4.7568285  2.52411e+26 
 169    4.8609894  2.21772e+26 
 170    4.9674312  1.92227e+26 
 171    5.0762038  1.64130e+26 
 172    5.1873582  1.37294e+26 
 173    5.3009466  1.16052e+26 
 174    5.4170222  9.87965e+25 
 175    5.5356395  8.55595e+25 
 176    5.6568542  7.72883e+25 
 177    5.7807232  7.23515e+25 
 178    5.9073046  7.07147e+25 
 179    6.0366577  7.13203e+25 
 180    6.1688433  7.31857e+25 
 181    6.3039234  7.71152e+25 
 182    6.4419613  7.98082e+25 
 183    6.5830219  8.18211e+25 
 184    6.7271713  8.43265e+25 
 185    6.8744772  8.42808e+25 
 186    7.0250086  8.46817e+25 
 187    7.1788363  8.42129e+25 
 188    7.3360323  8.22663e+25 
 189    7.4966705  7.76606e+25 


# z-band (filter: z_LSST.dat)
   0    0.1250000  1.91856e+26 
   1    0.1277371  1.95851e+26 
   2    0.1305342  1.99933e+26 
   3    0.1333926  2.04104e+26 
   4    0.1363135  2.08777e+26 
   5    0.1392983  2.12771e+26 
   6    0.1423486  2.16602e+26 
   7    0.1454656  2.20775e+26 
   8    0.1486509  2.24622e+26 
   9    0.1519059  2.28792e+26 
  10    0.1552322  2.33068e+26 
  11    0.1586314  2.37562e+26 
  12    0.1621049  2.42553e+26 
  13    0.1656546  2.47909e+26 
  14    0.1692819  2.54338e+26 
  15    0.1729887  2.60670e+26 
  16    0.1767767  2.66988e+26 
  17    0.1806476  2.74229e+26 
  18    0.1846033  2.81324e+26 
  19    0.1886456  2.89687e+26 
  20    0.1927764  2.97988e+26 
  21    0.1969976  3.05955e+26 
  22    0.2013113  3.12359e+26 
  23    0.2057194  3.22415e+26 
  24    0.2102241  3.33560e+26 
  25    0.2148274  3.50587e+26 
  26    0.2195315  3.66595e+26 
  27    0.2243386  3.81177e+26 
  28    0.2292510  3.94854e+26 
  29    0.2342710  4.25805e+26 
  30    0.2394008  4.54702e+26 
  31    0.2446430  4.82096e+26 
  32    0.2500000  5.13174e+26 
  33    0.2554743  5.45805e+26 
  34    0.2610684  5.89091e+26 
  35    0.2667851  6.65733e+26 
  36    0.2726269  7.46803e+26 
  37    0.2785967  8.27007e+26 
  38    0.2846972  9.19714e+26 
  39    0.2909312  9.76073e+26 
  40    0.2973018  1.01946e+27 
  41    0.3038118  1.01610e+27 
  42    0.3104645  1.02107e+27 
  43    0.3172627  1.03161e+27 
  44    0.3242099  1.03533e+27 
  45    0.3313092  1.04937e+27 
  46    0.3385639  1.02631e+27 
  47    0.3459775  1.01257e+27 
  48    0.3535534  9.93884e+26 
  49    0.3612952  9.66045e+26 
  50    0.3692065  9.34084e+26 
  51    0.3772911  9.06392e+26 
  52    0.3855527  9.08116e+26 
  53    0.3939952  9.02845e+26 
  54    0.4026226  9.01398e+26 
  55    0.4114389  9.00400e+26 
  56    0.4204482  9.06226e+26 
  57    0.4296548  9.18454e+26 
  58    0.4390630  9.33887e+26 
  59    0.4486773  9.43742e+26 
  60    0.4585020  9.57541e+26 
  61    0.4685419  9.72280e+26 
  62    0.4788016  9.97100e+26 
  63    0.4892860  1.03028e+27 
  64    0.5000000  1.07575e+27 
  65    0.5109486  1.12673e+27 
  66    0.5221369  1.18571e+27 
  67    0.5335702  1.24804e+27 
  68    0.5452539  1.31034e+27 
  69    0.5571934  1.37842e+27 
  70    0.5693943  1.44388e+27 
  71    0.5818624  1.51827e+27 
  72    0.5946036  1.59679e+27 
  73    0.6076237  1.67933e+27 
  74    0.6209289  1.76199e+27 
  75    0.6345255  1.84281e+27 
  76    0.6484198  1.92479e+27 
  77    0.6626183  2.00534e+27 
  78    0.6771278  2.08333e+27 
  79    0.6919549  2.16595e+27 
  80    0.7071068  2.25446e+27 
  81    0.7225904  2.34293e+27 
  82    0.7384131  2.44440e+27 
  83    0.7545822  2.55074e+27 
  84    0.7711054  2.65457e+27 
  85    0.7879904  2.75892e+27 
  86    0.8052452  2.87621e+27 
  87    0.8228777  2.99207e+27 
  88    0.8408964  3.10575e+27 
  89    0.8593096  3.22366e+27 
  90    0.8781261  3.34159e+27 
  91    0.8973545  3.44148e+27 
  92    0.9170040  3.53015e+27 
  93    0.9370838  3.61358e+27 
  94    0.9576033  3.67069e+27 
  95    0.9785721  3.71449e+27 
  96    1.0000000  3.75034e+27 
  97    1.0218971  3.76469e+27 
  98    1.0442738  3.75797e+27 
  99    1.0671404  3.74099e+27 
 100    1.0905077  3.70321e+27 
 101    1.1143867  3.64702e+27 
 102    1.1387886  3.58303e+27 
 103    1.1637249  3.50577e+27 
 104    1.1892071  3.41889e+27 
 105    1.2152474  3.32324e+27 
 106    1.2418578  3.22526e+27 
 107    1.2690510  3.11979e+27 
 108    1.2968396  3.01025e+27 
 109    1.3252366  2.89678e+27 
 110    1.3542555  2.78511e+27 
 111    1.3839099  2.67211e+27 
 112    1.4142136  2.55833e+27 
 113    1.4451808  2.44675e+27 
 114    1.4768261  2.33714e+27 
 115    1.5091644  2.22711e+27 
 116    1.5422108  2.12115e+27 
 117    1.5759808  2.01329e+27 
 118    1.6104903  1.90476e+27 
 119    1.6457555  1.79617e+27 
 120    1.6817928  1.68816e+27 
 121    1.7186193  1.57964e+27 
 122    1.7562522  1.47262e+27 
 123    1.7947091  1.36970e+27 
 124    1.8340081  1.26917e+27 
 125    1.8741676  1.16853e+27 
 126    1.9152066  1.07279e+27 
 127    1.9571441  9.69708e+26 
 128    2.0000000  8.67248e+26 
 129    2.0437943  7.61358e+26 
 130    2.0885476  6.62547e+26 
 131    2.1342808  5.67571e+26 
 132    2.1810155  4.83933e+26 
 133    2.2287735  4.08066e+26 
 134    2.2775773  3.31767e+26 
 135    2.3274497  2.71555e+26 
 136    2.3784142  2.17282e+26 
 137    2.4304947  1.66687e+26 
 138    2.4837156  1.25517e+26 
 139    2.5381019  9.40400e+25 
 140    2.5936791  7.49235e+25 
 141    2.6504733  6.17344e+25 
 142    2.7085111  5.27615e+25 
 143    2.7678198  4.72795e+25 
 144    2.8284271  4.32976e+25 
 145    2.8903616  4.14575e+25 
 146    2.9536523  4.06029e+25 
 147    3.0183289  4.02195e+25 
 148    3.0844217  3.99564e+25 
 149    3.1519617  4.00442e+25 
 150    3.2209807  4.05023e+25 
 151    3.2915110  4.19421e+25 
 152    3.3635857  4.43563e+25 
 153    3.4372386  4.71790e+25 
 154    3.5125043  5.17832e+25 
 155    3.5894182  5.75401e+25 
 156    3.6680162  6.38997e+25 
 157    3.7483353  7.10195e+25 
 158    3.8304131  7.77595e+25 
 159    3.9142882  8.51326e+25 
 160    4.0000000  9.00877e+25 
 161    4.0875886  9.36836e+25 
 162    4.1770951  9.72955e+25 
 163    4.2685616  9.72045e+25 
 164    4.3620309  9.55803e+25 
 165    4.4575470  9.24398e+25 
 166    4.5551545  8.71240e+25 
 167    4.6548994  8.06600e+25 
 168    4.7568285  7.20724e+25 
 169    4.8609894  6.37708e+25 
 170    4.9674312  5.51619e+25 
 171    5.0762038  4.65537e+25 
 172    5.1873582  3.80004e+25 
 173    5.3009466  3.07885e+25 
 174    5.4170222  2.44229e+25 
 175    5.5356395  1.89556e+25 
 176    5.6568542  1.47942e+25 
 177    5.7807232  1.17371e+25 
 178    5.9073046  9.64287e+24 
 179    6.0366577  8.90587e+24 
 180    6.1688433  9.28072e+24 
 181    6.3039234  1.04242e+25 
 182    6.4419613  1.32043e+25 
 183    6.5830219  1.67606e+25 
 184    6.7271713  2.08957e+25 
 185    6.8744772  2.53321e+25 
 186    7.0250086  2.98936e+25 
 187    7.1788363  3.56136e+25 
 188    7.3360323  4.18776e+25 
 189    7.4966705  4.86823e+25 


# y-band (filter: y_LSST.dat)
   0    0.1250000  1.53986e+26 
   1    0.1277371  1.61593e+26 
   2    0.1305342  1.69367e+26 
   3    0.1333926  1.77311e+26 
   4    0.1363135  1.83990e+26 
   5    0.1392983  1.91915e+26 
   6    0.1423486  2.09052e+26 
   7    0.1454656  2.24747e+26 
   8    0.1486509  2.40944e+26 
   9    0.1519059  2.67462e+26 
  10    0.1552322  2.90689e+26 
  11    0.1586314  3.12449e+26 
  12    0.1621049  3.29180e+26 
  13    0.1656546  3.53128e+26 
  14    0.1692819  3.74053e+26 
  15    0.1729887  4.03979e+26 
  16    0.1767767  4.26151e+26 
  17    0.1806476  4.46018e+26 
  18    0.1846033  4.61436e+26 
  19    0.1886456  4.82119e+26 
  20    0.1927764  5.03127e+26 
  21    0.1969976  5.15033e+26 
  22    0.2013113  5.30859e+26 
  23    0.2057194  5.52288e+26 
  24    0.2102241  5.69330e+26 
  25    0.2148274  5.94659e+26 
  26    0.2195315  6.21858e+26 
  27    0.2243386  6.53526e+26 
  28    0.2292510  7.44580e+26 
  29    0.2342710  8.31312e+26 
  30    0.2394008  9.14876e+26 
  31    0.2446430  1.00901e+27 
  32    0.2500000  1.10716e+27 
  33    0.2554743  1.21504e+27 
  34    0.2610684  1.31455e+27 
  35    0.2667851  1.35280e+27 
  36    0.2726269  1.39276e+27 
  37    0.2785967  1.43822e+27 
  38    0.2846972  1.47890e+27 
  39    0.2909312  1.51571e+27 
  40    0.2973018  1.51644e+27 
  41    0.3038118  1.54097e+27 
  42    0.3104645  1.56587e+27 
  43    0.3172627  1.57371e+27 
  44    0.3242099  1.58896e+27 
  45    0.3313092  1.59624e+27 
  46    0.3385639  1.62671e+27 
  47    0.3459775  1.67868e+27 
  48    0.3535534  1.74245e+27 
  49    0.3612952  1.80306e+27 
  50    0.3692065  1.86492e+27 
  51    0.3772911  1.92831e+27 
  52    0.3855527  1.98922e+27 
  53    0.3939952  2.04901e+27 
  54    0.4026226  2.10727e+27 
  55    0.4114389  2.16612e+27 
  56    0.4204482  2.23236e+27 
  57    0.4296548  2.30559e+27 
  58    0.4390630  2.37144e+27 
  59    0.4486773  2.43733e+27 
  60    0.4585020  2.50921e+27 
  61    0.4685419  2.57380e+27 
  62    0.4788016  2.64011e+27 
  63    0.4892860  2.70730e+27 
  64    0.5000000  2.76365e+27 
  65    0.5109486  2.83813e+27 
  66    0.5221369  2.90689e+27 
  67    0.5335702  2.97056e+27 
  68    0.5452539  3.02752e+27 
  69    0.5571934  3.07589e+27 
  70    0.5693943  3.12692e+27 
  71    0.5818624  3.17369e+27 
  72    0.5946036  3.21556e+27 
  73    0.6076237  3.25345e+27 
  74    0.6209289  3.29001e+27 
  75    0.6345255  3.32140e+27 
  76    0.6484198  3.35667e+27 
  77    0.6626183  3.37544e+27 
  78    0.6771278  3.38672e+27 
  79    0.6919549  3.40034e+27 
  80    0.7071068  3.41714e+27 
  81    0.7225904  3.43387e+27 
  82    0.7384131  3.45850e+27 
  83    0.7545822  3.47683e+27 
  84    0.7711054  3.49194e+27 
  85    0.7879904  3.50832e+27 
  86    0.8052452  3.52634e+27 
  87    0.8228777  3.53733e+27 
  88    0.8408964  3.53747e+27 
  89    0.8593096  3.53253e+27 
  90    0.8781261  3.52917e+27 
  91    0.8973545  3.50946e+27 
  92    0.9170040  3.47737e+27 
  93    0.9370838  3.43203e+27 
  94    0.9576033  3.37304e+27 
  95    0.9785721  3.30621e+27 
  96    1.0000000  3.22858e+27 
  97    1.0218971  3.14068e+27 
  98    1.0442738  3.04195e+27 
  99    1.0671404  2.94064e+27 
 100    1.0905077  2.83533e+27 
 101    1.1143867  2.72765e+27 
 102    1.1387886  2.61658e+27 
 103    1.1637249  2.50399e+27 
 104    1.1892071  2.39146e+27 
 105    1.2152474  2.28150e+27 
 106    1.2418578  2.17137e+27 
 107    1.2690510  2.06480e+27 
 108    1.2968396  1.96131e+27 
 109    1.3252366  1.86106e+27 
 110    1.3542555  1.76523e+27 
 111    1.3839099  1.67033e+27 
 112    1.4142136  1.57867e+27 
 113    1.4451808  1.49166e+27 
 114    1.4768261  1.40788e+27 
 115    1.5091644  1.32734e+27 
 116    1.5422108  1.25489e+27 
 117    1.5759808  1.18112e+27 
 118    1.6104903  1.10826e+27 
 119    1.6457555  1.03670e+27 
 120    1.6817928  9.67089e+26 
 121    1.7186193  8.99437e+26 
 122    1.7562522  8.33606e+26 
 123    1.7947091  7.72026e+26 
 124    1.8340081  7.12017e+26 
 125    1.8741676  6.52698e+26 
 126    1.9152066  5.96965e+26 
 127    1.9571441  5.37043e+26 
 128    2.0000000  4.77847e+26 
 129    2.0437943  4.18438e+26 
 130    2.0885476  3.63491e+26 
 131    2.1342808  3.11417e+26 
 132    2.1810155  2.65765e+26 
 133    2.2287735  2.25116e+26 
 134    2.2775773  1.83411e+26 
 135    2.3274497  1.50962e+26 
 136    2.3784142  1.21267e+26 
 137    2.4304947  9.42888e+25 
 138    2.4837156  7.23794e+25 
 139    2.5381019  5.56276e+25 
 140    2.5936791  4.53550e+25 
 141    2.6504733  3.80332e+25 
 142    2.7085111  3.31349e+25 
 143    2.7678198  2.97278e+25 
 144    2.8284271  2.71775e+25 
 145    2.8903616  2.56495e+25 
 146    2.9536523  2.47565e+25 
 147    3.0183289  2.39732e+25 
 148    3.0844217  2.35400e+25 
 149    3.1519617  2.32280e+25 
 150    3.2209807  2.31170e+25 
 151    3.2915110  2.33663e+25 
 152    3.3635857  2.41109e+25 
 153    3.4372386  2.53570e+25 
 154    3.5125043  2.81277e+25 
 155    3.5894182  3.30319e+25 
 156    3.6680162  3.88464e+25 
 157    3.7483353  4.90247e+25 
 158    3.8304131  6.18442e+25 
 159    3.9142882  7.57760e+25 
 160    4.0000000  9.20744e+25 
 161    4.0875886  1.08392e+26 
 162    4.1770951  1.26482e+26 
 163    4.2685616  1.41376e+26 
 164    4.3620309  1.54651e+26 
 165    4.4575470  1.68475e+26 
 166    4.5551545  1.75394e+26 
 167    4.6548994  1.78916e+26 
 168    4.7568285  1.79785e+26 
 169    4.8609894  1.74312e+26 
 170    4.9674312  1.65457e+26 
 171    5.0762038  1.54038e+26 
 172    5.1873582  1.38502e+26 
 173    5.3009466  1.23164e+26 
 174    5.4170222  1.07300e+26 
 175    5.5356395  8.96474e+25 
 176    5.6568542  7.43169e+25 
 177    5.7807232  6.00262e+25 
 178    5.9073046  4.67260e+25 
 179    6.0366577  3.60054e+25 
 180    6.1688433  2.70239e+25 
 181    6.3039234  1.99646e+25 
 182    6.4419613  1.47121e+25 
 183    6.5830219  1.09586e+25 
 184    6.7271713  8.47229e+24 
 185    6.8744772  7.24741e+24 
 186    7.0250086  6.49544e+24 
 187    7.1788363  6.23420e+24 
 188    7.3360323  6.49273e+24 
 189    7.4966705  7.51370e+24 


# J-band (filter: J_2MASS.dat)
   0    0.1250000  1.18669e+26 
   1    0.1277371  1.44027e+26 
   2    0.1305342  1.69941e+26 
   3    0.1333926  1.96422e+26 
   4    0.1363135  2.19426e+26 
   5    0.1392983  2.45887e+26 
   6    0.1423486  2.76776e+26 
   7    0.1454656  3.08452e+26 
   8    0.1486509  3.38410e+26 
   9    0.1519059  3.72218e+26 
  10    0.1552322  4.10402e+26 
  11    0.1586314  4.46978e+26 
  12    0.1621049  4.88143e+26 
  13    0.1656546  5.32259e+26 
  14    0.1692819  5.68759e+26 
  15    0.1729887  6.07032e+26 
  16    0.1767767  6.36718e+26 
  17    0.1806476  6.64132e+26 
  18    0.1846033  6.95356e+26 
  19    0.1886456  7.35960e+26 
  20    0.1927764  7.69574e+26 
  21    0.1969976  7.99817e+26 
  22    0.2013113  8.36025e+26 
  23    0.2057194  8.81482e+26 
  24    0.2102241  9.29906e+26 
  25    0.2148274  9.94856e+26 
  26    0.2195315  1.05119e+27 
  27    0.2243386  1.11854e+27 
  28    0.2292510  1.14632e+27 
  29    0.2342710  1.16841e+27 
  30    0.2394008  1.20374e+27 
  31    0.2446430  1.23115e+27 
  32    0.2500000  1.27297e+27 
  33    0.2554743  1.30508e+27 
  34    0.2610684  1.35410e+27 
  35    0.2667851  1.40438e+27 
  36    0.2726269  1.44205e+27 
  37    0.2785967  1.48259e+27 
  38    0.2846972  1.53313e+27 
  39    0.2909312  1.58769e+27 
  40    0.2973018  1.67308e+27 
  41    0.3038118  1.76756e+27 
  42    0.3104645  1.85782e+27 
  43    0.3172627  1.94889e+27 
  44    0.3242099  2.04665e+27 
  45    0.3313092  2.13764e+27 
  46    0.3385639  2.23116e+27 
  47    0.3459775  2.32507e+27 
  48    0.3535534  2.41554e+27 
  49    0.3612952  2.50910e+27 
  50    0.3692065  2.59270e+27 
  51    0.3772911  2.67537e+27 
  52    0.3855527  2.75731e+27 
  53    0.3939952  2.82686e+27 
  54    0.4026226  2.89583e+27 
  55    0.4114389  2.96177e+27 
  56    0.4204482  3.02354e+27 
  57    0.4296548  3.08053e+27 
  58    0.4390630  3.12880e+27 
  59    0.4486773  3.17826e+27 
  60    0.4585020  3.21934e+27 
  61    0.4685419  3.25048e+27 
  62    0.4788016  3.28395e+27 
  63    0.4892860  3.31544e+27 
  64    0.5000000  3.33617e+27 
  65    0.5109486  3.35918e+27 
  66    0.5221369  3.37042e+27 
  67    0.5335702  3.37172e+27 
  68    0.5452539  3.37012e+27 
  69    0.5571934  3.36845e+27 
  70    0.5693943  3.36145e+27 
  71    0.5818624  3.34547e+27 
  72    0.5946036  3.32096e+27 
  73    0.6076237  3.29883e+27 
  74    0.6209289  3.26764e+27 
  75    0.6345255  3.22780e+27 
  76    0.6484198  3.19142e+27 
  77    0.6626183  3.14678e+27 
  78    0.6771278  3.09918e+27 
  79    0.6919549  3.05243e+27 
  80    0.7071068  2.99930e+27 
  81    0.7225904  2.94096e+27 
  82    0.7384131  2.87888e+27 
  83    0.7545822  2.81838e+27 
  84    0.7711054  2.75820e+27 
  85    0.7879904  2.69328e+27 
  86    0.8052452  2.63034e+27 
  87    0.8228777  2.56027e+27 
  88    0.8408964  2.48818e+27 
  89    0.8593096  2.41826e+27 
  90    0.8781261  2.34920e+27 
  91    0.8973545  2.27583e+27 
  92    0.9170040  2.20303e+27 
  93    0.9370838  2.12956e+27 
  94    0.9576033  2.05613e+27 
  95    0.9785721  1.98293e+27 
  96    1.0000000  1.90796e+27 
  97    1.0218971  1.83487e+27 
  98    1.0442738  1.76345e+27 
  99    1.0671404  1.69016e+27 
 100    1.0905077  1.62040e+27 
 101    1.1143867  1.55025e+27 
 102    1.1387886  1.48111e+27 
 103    1.1637249  1.41302e+27 
 104    1.1892071  1.34506e+27 
 105    1.2152474  1.28052e+27 
 106    1.2418578  1.21492e+27 
 107    1.2690510  1.15177e+27 
 108    1.2968396  1.09090e+27 
 109    1.3252366  1.02989e+27 
 110    1.3542555  9.69786e+26 
 111    1.3839099  9.12888e+26 
 112    1.4142136  8.56579e+26 
 113    1.4451808  8.02911e+26 
 114    1.4768261  7.50392e+26 
 115    1.5091644  6.99631e+26 
 116    1.5422108  6.52395e+26 
 117    1.5759808  6.05425e+26 
 118    1.6104903  5.60110e+26 
 119    1.6457555  5.16124e+26 
 120    1.6817928  4.74010e+26 
 121    1.7186193  4.33540e+26 
 122    1.7562522  3.96523e+26 
 123    1.7947091  3.61184e+26 
 124    1.8340081  3.27760e+26 
 125    1.8741676  2.95568e+26 
 126    1.9152066  2.66405e+26 
 127    1.9571441  2.36770e+26 
 128    2.0000000  2.08135e+26 
 129    2.0437943  1.79817e+26 
 130    2.0885476  1.54197e+26 
 131    2.1342808  1.30508e+26 
 132    2.1810155  1.09845e+26 
 133    2.2287735  9.12543e+25 
 134    2.2775773  7.28784e+25 
 135    2.3274497  5.89002e+25 
 136    2.3784142  4.61093e+25 
 137    2.4304947  3.44030e+25 
 138    2.4837156  2.50563e+25 
 139    2.5381019  1.79066e+25 
 140    2.5936791  1.36897e+25 
 141    2.6504733  1.08457e+25 
 142    2.7085111  8.88335e+24 
 143    2.7678198  7.74230e+24 
 144    2.8284271  6.87140e+24 
 145    2.8903616  6.52699e+24 
 146    2.9536523  6.38376e+24 
 147    3.0183289  6.28644e+24 
 148    3.0844217  6.28276e+24 
 149    3.1519617  6.31906e+24 
 150    3.2209807  6.41732e+24 
 151    3.2915110  6.54718e+24 
 152    3.3635857  6.72492e+24 
 153    3.4372386  6.91419e+24 
 154    3.5125043  7.16824e+24 
 155    3.5894182  7.41843e+24 
 156    3.6680162  7.71149e+24 
 157    3.7483353  8.12037e+24 
 158    3.8304131  8.67053e+24 
 159    3.9142882  9.28579e+24 
 160    4.0000000  1.04999e+25 
 161    4.0875886  1.25441e+25 
 162    4.1770951  1.50956e+25 
 163    4.2685616  2.01591e+25 
 164    4.3620309  2.80525e+25 
 165    4.4575470  3.69756e+25 
 166    4.5551545  5.17875e+25 
 167    4.6548994  7.09431e+25 
 168    4.7568285  9.22300e+25 
 169    4.8609894  1.20021e+26 
 170    4.9674312  1.50115e+26 
 171    5.0762038  1.81980e+26 
 172    5.1873582  2.16561e+26 
 173    5.3009466  2.46813e+26 
 174    5.4170222  2.72833e+26 
 175    5.5356395  2.99491e+26 
 176    5.6568542  3.13936e+26 
 177    5.7807232  3.22359e+26 
 178    5.9073046  3.26193e+26 
 179    6.0366577  3.19205e+26 
 180    6.1688433  3.07073e+26 
 181    6.3039234  2.86892e+26 
 182    6.4419613  2.63474e+26 
 183    6.5830219  2.36563e+26 
 184    6.7271713  2.04572e+26 
 185    6.8744772  1.75484e+26 
 186    7.0250086  1.43729e+26 
 187    7.1788363  1.10284e+26 
 188    7.3360323  7.81963e+25 
 189    7.4966705  5.00781e+25 


# H-band (filter: H_2MASS.dat)
   0    0.1250000  1.89996e+26 
   1    0.1277371  2.22842e+26 
   2    0.1305342  2.56408e+26 
   3    0.1333926  2.90708e+26 
   4    0.1363135  3.26506e+26 
   5    0.1392983  3.68066e+26 
   6    0.1423486  4.09077e+26 
   7    0.1454656  4.60616e+26 
   8    0.1486509  5.09894e+26 
   9    0.1519059  5.61685e+26 
  10    0.1552322  6.23502e+26 
  11    0.1586314  6.84735e+26 
  12    0.1621049  7.53262e+26 
  13    0.1656546  8.23960e+26 
  14    0.1692819  9.08258e+26 
  15    0.1729887  9.90993e+26 
  16    0.1767767  1.07427e+27 
  17    0.1806476  1.15398e+27 
  18    0.1846033  1.24437e+27 
  19    0.1886456  1.32301e+27 
  20    0.1927764  1.41500e+27 
  21    0.1969976  1.50483e+27 
  22    0.2013113  1.59482e+27 
  23    0.2057194  1.68220e+27 
  24    0.2102241  1.76649e+27 
  25    0.2148274  1.85190e+27 
  26    0.2195315  1.93339e+27 
  27    0.2243386  2.01360e+27 
  28    0.2292510  2.08509e+27 
  29    0.2342710  2.15981e+27 
  30    0.2394008  2.22611e+27 
  31    0.2446430  2.29422e+27 
  32    0.2500000  2.34817e+27 
  33    0.2554743  2.40579e+27 
  34    0.2610684  2.45247e+27 
  35    0.2667851  2.49450e+27 
  36    0.2726269  2.53666e+27 
  37    0.2785967  2.56180e+27 
  38    0.2846972  2.58002e+27 
  39    0.2909312  2.59680e+27 
  40    0.2973018  2.60949e+27 
  41    0.3038118  2.61421e+27 
  42    0.3104645  2.61402e+27 
  43    0.3172627  2.60643e+27 
  44    0.3242099  2.59565e+27 
  45    0.3313092  2.57026e+27 
  46    0.3385639  2.54471e+27 
  47    0.3459775  2.52158e+27 
  48    0.3535534  2.49004e+27 
  49    0.3612952  2.45496e+27 
  50    0.3692065  2.41788e+27 
  51    0.3772911  2.37338e+27 
  52    0.3855527  2.33081e+27 
  53    0.3939952  2.28484e+27 
  54    0.4026226  2.23552e+27 
  55    0.4114389  2.18428e+27 
  56    0.4204482  2.13293e+27 
  57    0.4296548  2.08306e+27 
  58    0.4390630  2.02798e+27 
  59    0.4486773  1.97214e+27 
  60    0.4585020  1.91457e+27 
  61    0.4685419  1.86009e+27 
  62    0.4788016  1.80536e+27 
  63    0.4892860  1.75095e+27 
  64    0.5000000  1.69462e+27 
  65    0.5109486  1.63961e+27 
  66    0.5221369  1.58300e+27 
  67    0.5335702  1.52965e+27 
  68    0.5452539  1.47780e+27 
  69    0.5571934  1.42722e+27 
  70    0.5693943  1.37974e+27 
  71    0.5818624  1.32979e+27 
  72    0.5946036  1.28356e+27 
  73    0.6076237  1.23672e+27 
  74    0.6209289  1.19138e+27 
  75    0.6345255  1.14980e+27 
  76    0.6484198  1.11084e+27 
  77    0.6626183  1.07075e+27 
  78    0.6771278  1.03446e+27 
  79    0.6919549  9.97730e+26 
  80    0.7071068  9.64694e+26 
  81    0.7225904  9.29490e+26 
  82    0.7384131  8.97707e+26 
  83    0.7545822  8.68135e+26 
  84    0.7711054  8.40166e+26 
  85    0.7879904  8.13432e+26 
  86    0.8052452  7.88387e+26 
  87    0.8228777  7.64850e+26 
  88    0.8408964  7.39860e+26 
  89    0.8593096  7.17297e+26 
  90    0.8781261  6.94742e+26 
  91    0.8973545  6.74841e+26 
  92    0.9170040  6.53925e+26 
  93    0.9370838  6.35131e+26 
  94    0.9576033  6.16478e+26 
  95    0.9785721  5.98472e+26 
  96    1.0000000  5.80997e+26 
  97    1.0218971  5.64897e+26 
  98    1.0442738  5.48323e+26 
  99    1.0671404  5.32585e+26 
 100    1.0905077  5.17244e+26 
 101    1.1143867  5.03939e+26 
 102    1.1387886  4.91260e+26 
 103    1.1637249  4.77812e+26 
 104    1.1892071  4.65480e+26 
 105    1.2152474  4.53024e+26 
 106    1.2418578  4.41345e+26 
 107    1.2690510  4.28091e+26 
 108    1.2968396  4.15869e+26 
 109    1.3252366  4.03105e+26 
 110    1.3542555  3.90381e+26 
 111    1.3839099  3.77527e+26 
 112    1.4142136  3.64727e+26 
 113    1.4451808  3.51816e+26 
 114    1.4768261  3.38248e+26 
 115    1.5091644  3.24964e+26 
 116    1.5422108  3.10839e+26 
 117    1.5759808  2.96183e+26 
 118    1.6104903  2.81659e+26 
 119    1.6457555  2.66716e+26 
 120    1.6817928  2.52201e+26 
 121    1.7186193  2.37585e+26 
 122    1.7562522  2.23051e+26 
 123    1.7947091  2.08214e+26 
 124    1.8340081  1.92929e+26 
 125    1.8741676  1.77855e+26 
 126    1.9152066  1.63113e+26 
 127    1.9571441  1.47901e+26 
 128    2.0000000  1.33139e+26 
 129    2.0437943  1.19046e+26 
 130    2.0885476  1.05377e+26 
 131    2.1342808  9.21644e+25 
 132    2.1810155  8.02561e+25 
 133    2.2287735  6.92312e+25 
 134    2.2775773  5.85158e+25 
 135    2.3274497  4.96259e+25 
 136    2.3784142  4.16755e+25 
 137    2.4304947  3.43810e+25 
 138    2.4837156  2.83129e+25 
 139    2.5381019  2.33565e+25 
 140    2.5936791  1.93227e+25 
 141    2.6504733  1.59235e+25 
 142    2.7085111  1.34639e+25 
 143    2.7678198  1.13101e+25 
 144    2.8284271  9.58919e+24 
 145    2.8903616  8.18121e+24 
 146    2.9536523  7.01613e+24 
 147    3.0183289  6.14025e+24 
 148    3.0844217  5.39927e+24 
 149    3.1519617  4.76759e+24 
 150    3.2209807  4.27842e+24 
 151    3.2915110  3.86485e+24 
 152    3.3635857  3.50518e+24 
 153    3.4372386  3.21660e+24 
 154    3.5125043  2.96294e+24 
 155    3.5894182  2.77141e+24 
 156    3.6680162  2.60072e+24 
 157    3.7483353  2.48913e+24 
 158    3.8304131  2.43230e+24 
 159    3.9142882  2.35213e+24 
 160    4.0000000  2.29701e+24 
 161    4.0875886  2.27444e+24 
 162    4.1770951  2.25857e+24 
 163    4.2685616  2.24945e+24 
 164    4.3620309  2.28689e+24 
 165    4.4575470  2.33167e+24 
 166    4.5551545  2.41692e+24 
 167    4.6548994  2.48202e+24 
 168    4.7568285  2.58336e+24 
 169    4.8609894  2.71114e+24 
 170    4.9674312  2.88738e+24 
 171    5.0762038  3.17559e+24 
 172    5.1873582  3.53968e+24 
 173    5.3009466  4.37921e+24 
 174    5.4170222  5.79994e+24 
 175    5.5356395  7.59333e+24 
 176    5.6568542  1.11672e+25 
 177    5.7807232  1.65886e+25 
 178    5.9073046  2.28705e+25 
 179    6.0366577  3.32642e+25 
 180    6.1688433  4.63920e+25 
 181    6.3039234  6.08386e+25 
 182    6.4419613  7.82200e+25 
 183    6.5830219  9.57939e+25 
 184    6.7271713  1.15006e+26 
 185    6.8744772  1.30679e+26 
 186    7.0250086  1.47640e+26 
 187    7.1788363  1.68254e+26 
 188    7.3360323  1.88639e+26 
 189    7.4966705  2.06508e+26 


# K-band (filter: Ks_mosfire.dat)
   0    0.1250000  1.94742e+26 
   1    0.1277371  2.17181e+26 
   2    0.1305342  2.40112e+26 
   3    0.1333926  2.63545e+26 
   4    0.1363135  2.97616e+26 
   5    0.1392983  3.29794e+26 
   6    0.1423486  3.71791e+26 
   7    0.1454656  4.12399e+26 
   8    0.1486509  4.63123e+26 
   9    0.1519059  5.11079e+26 
  10    0.1552322  5.59569e+26 
  11    0.1586314  6.10782e+26 
  12    0.1621049  6.55233e+26 
  13    0.1656546  7.13612e+26 
  14    0.1692819  7.74026e+26 
  15    0.1729887  8.28398e+26 
  16    0.1767767  8.81887e+26 
  17    0.1806476  9.35602e+26 
  18    0.1846033  9.90100e+26 
  19    0.1886456  1.04860e+27 
  20    0.1927764  1.10043e+27 
  21    0.1969976  1.15373e+27 
  22    0.2013113  1.19832e+27 
  23    0.2057194  1.24851e+27 
  24    0.2102241  1.29673e+27 
  25    0.2148274  1.34186e+27 
  26    0.2195315  1.38975e+27 
  27    0.2243386  1.43938e+27 
  28    0.2292510  1.46958e+27 
  29    0.2342710  1.51112e+27 
  30    0.2394008  1.54276e+27 
  31    0.2446430  1.55952e+27 
  32    0.2500000  1.58547e+27 
  33    0.2554743  1.60768e+27 
  34    0.2610684  1.62585e+27 
  35    0.2667851  1.63640e+27 
  36    0.2726269  1.64863e+27 
  37    0.2785967  1.65351e+27 
  38    0.2846972  1.64517e+27 
  39    0.2909312  1.63769e+27 
  40    0.2973018  1.63257e+27 
  41    0.3038118  1.61487e+27 
  42    0.3104645  1.60391e+27 
  43    0.3172627  1.59056e+27 
  44    0.3242099  1.56728e+27 
  45    0.3313092  1.54201e+27 
  46    0.3385639  1.51610e+27 
  47    0.3459775  1.49256e+27 
  48    0.3535534  1.46597e+27 
  49    0.3612952  1.43291e+27 
  50    0.3692065  1.39870e+27 
  51    0.3772911  1.36769e+27 
  52    0.3855527  1.33051e+27 
  53    0.3939952  1.29421e+27 
  54    0.4026226  1.25846e+27 
  55    0.4114389  1.21834e+27 
  56    0.4204482  1.17986e+27 
  57    0.4296548  1.14407e+27 
  58    0.4390630  1.10827e+27 
  59    0.4486773  1.06732e+27 
  60    0.4585020  1.02596e+27 
  61    0.4685419  9.88833e+26 
  62    0.4788016  9.52437e+26 
  63    0.4892860  9.12376e+26 
  64    0.5000000  8.76627e+26 
  65    0.5109486  8.42259e+26 
  66    0.5221369  8.08249e+26 
  67    0.5335702  7.76326e+26 
  68    0.5452539  7.43519e+26 
  69    0.5571934  7.10194e+26 
  70    0.5693943  6.77956e+26 
  71    0.5818624  6.50255e+26 
  72    0.5946036  6.21832e+26 
  73    0.6076237  5.95720e+26 
  74    0.6209289  5.67812e+26 
  75    0.6345255  5.44310e+26 
  76    0.6484198  5.18578e+26 
  77    0.6626183  4.93816e+26 
  78    0.6771278  4.71735e+26 
  79    0.6919549  4.50214e+26 
  80    0.7071068  4.30087e+26 
  81    0.7225904  4.11234e+26 
  82    0.7384131  3.94316e+26 
  83    0.7545822  3.75067e+26 
  84    0.7711054  3.58760e+26 
  85    0.7879904  3.41360e+26 
  86    0.8052452  3.24292e+26 
  87    0.8228777  3.08152e+26 
  88    0.8408964  2.94286e+26 
  89    0.8593096  2.79435e+26 
  90    0.8781261  2.65424e+26 
  91    0.8973545  2.52873e+26 
  92    0.9170040  2.41064e+26 
  93    0.9370838  2.28452e+26 
  94    0.9576033  2.16324e+26 
  95    0.9785721  2.06975e+26 
  96    1.0000000  1.97011e+26 
  97    1.0218971  1.88266e+26 
  98    1.0442738  1.80892e+26 
  99    1.0671404  1.73092e+26 
 100    1.0905077  1.65623e+26 
 101    1.1143867  1.59101e+26 
 102    1.1387886  1.52642e+26 
 103    1.1637249  1.46080e+26 
 104    1.1892071  1.39687e+26 
 105    1.2152474  1.34058e+26 
 106    1.2418578  1.27964e+26 
 107    1.2690510  1.22619e+26 
 108    1.2968396  1.17506e+26 
 109    1.3252366  1.12440e+26 
 110    1.3542555  1.07633e+26 
 111    1.3839099  1.02796e+26 
 112    1.4142136  9.83616e+25 
 113    1.4451808  9.48285e+25 
 114    1.4768261  9.10677e+25 
 115    1.5091644  8.72189e+25 
 116    1.5422108  8.37462e+25 
 117    1.5759808  8.04061e+25 
 118    1.6104903  7.72572e+25 
 119    1.6457555  7.38673e+25 
 120    1.6817928  7.07648e+25 
 121    1.7186193  6.78496e+25 
 122    1.7562522  6.54333e+25 
 123    1.7947091  6.32098e+25 
 124    1.8340081  6.06928e+25 
 125    1.8741676  5.81867e+25 
 126    1.9152066  5.58025e+25 
 127    1.9571441  5.33977e+25 
 128    2.0000000  5.10437e+25 
 129    2.0437943  4.84203e+25 
 130    2.0885476  4.59409e+25 
 131    2.1342808  4.34638e+25 
 132    2.1810155  4.08191e+25 
 133    2.2287735  3.82246e+25 
 134    2.2775773  3.55975e+25 
 135    2.3274497  3.29879e+25 
 136    2.3784142  3.03301e+25 
 137    2.4304947  2.77702e+25 
 138    2.4837156  2.52482e+25 
 139    2.5381019  2.29131e+25 
 140    2.5936791  2.06753e+25 
 141    2.6504733  1.86473e+25 
 142    2.7085111  1.66264e+25 
 143    2.7678198  1.47115e+25 
 144    2.8284271  1.30907e+25 
 145    2.8903616  1.15141e+25 
 146    2.9536523  1.00446e+25 
 147    3.0183289  8.69951e+24 
 148    3.0844217  7.56560e+24 
 149    3.1519617  6.51177e+24 
 150    3.2209807  5.57728e+24 
 151    3.2915110  4.71746e+24 
 152    3.3635857  3.99174e+24 
 153    3.4372386  3.39027e+24 
 154    3.5125043  2.93976e+24 
 155    3.5894182  2.52462e+24 
 156    3.6680162  2.16711e+24 
 157    3.7483353  1.87491e+24 
 158    3.8304131  1.65157e+24 
 159    3.9142882  1.45037e+24 
 160    4.0000000  1.26921e+24 
 161    4.0875886  1.12402e+24 
 162    4.1770951  1.00177e+24 
 163    4.2685616  9.27135e+23 
 164    4.3620309  8.73071e+23 
 165    4.4575470  8.50742e+23 
 166    4.5551545  8.40296e+23 
 167    4.6548994  8.56636e+23 
 168    4.7568285  9.13976e+23 
 169    4.8609894  9.48071e+23 
 170    4.9674312  1.08425e+24 
 171    5.0762038  1.20264e+24 
 172    5.1873582  1.35915e+24 
 173    5.3009466  1.49819e+24 
 174    5.4170222  1.63815e+24 
 175    5.5356395  1.80609e+24 
 176    5.6568542  1.90264e+24 
 177    5.7807232  1.95287e+24 
 178    5.9073046  2.03644e+24 
 179    6.0366577  2.06280e+24 
 180    6.1688433  2.05638e+24 
 181    6.3039234  2.03082e+24 
 182    6.4419613  1.94255e+24 
 183    6.5830219  1.85423e+24 
 184    6.7271713  1.73635e+24 
 185    6.8744772  1.62887e+24 
 186    7.0250086  1.52030e+24 
 187    7.1788363  1.38278e+24 
 188    7.3360323  1.25832e+24 
 189    7.4966705  1.13057e+24 


# S-band (filter: Spitzer_IRAC2.dat)
   0    0.1250000  2.45421e+26 
   1    0.1277371  2.63600e+26 
   2    0.1305342  2.82177e+26 
   3    0.1333926  3.01161e+26 
   4    0.1363135  3.12524e+26 
   5    0.1392983  3.31125e+26 
   6    0.1423486  3.45234e+26 
   7    0.1454656  3.56405e+26 
   8    0.1486509  3.66916e+26 
   9    0.1519059  3.77701e+26 
  10    0.1552322  3.89386e+26 
  11    0.1586314  3.96346e+26 
  12    0.1621049  4.02255e+26 
  13    0.1656546  4.13580e+26 
  14    0.1692819  4.19293e+26 
  15    0.1729887  4.18125e+26 
  16    0.1767767  4.20071e+26 
  17    0.1806476  4.23530e+26 
  18    0.1846033  4.22813e+26 
  19    0.1886456  4.22440e+26 
  20    0.1927764  4.15520e+26 
  21    0.1969976  4.10269e+26 
  22    0.2013113  4.02034e+26 
  23    0.2057194  3.95391e+26 
  24    0.2102241  3.88615e+26 
  25    0.2148274  3.77803e+26 
  26    0.2195315  3.64539e+26 
  27    0.2243386  3.55186e+26 
  28    0.2292510  3.47355e+26 
  29    0.2342710  3.35831e+26 
  30    0.2394008  3.27474e+26 
  31    0.2446430  3.16857e+26 
  32    0.2500000  3.08164e+26 
  33    0.2554743  2.98995e+26 
  34    0.2610684  2.92088e+26 
  35    0.2667851  2.81444e+26 
  36    0.2726269  2.70820e+26 
  37    0.2785967  2.61006e+26 
  38    0.2846972  2.52594e+26 
  39    0.2909312  2.43210e+26 
  40    0.2973018  2.32042e+26 
  41    0.3038118  2.21163e+26 
  42    0.3104645  2.11378e+26 
  43    0.3172627  2.01337e+26 
  44    0.3242099  1.91668e+26 
  45    0.3313092  1.81393e+26 
  46    0.3385639  1.70826e+26 
  47    0.3459775  1.61748e+26 
  48    0.3535534  1.53648e+26 
  49    0.3612952  1.45717e+26 
  50    0.3692065  1.39579e+26 
  51    0.3772911  1.33400e+26 
  52    0.3855527  1.27238e+26 
  53    0.3939952  1.20679e+26 
  54    0.4026226  1.13091e+26 
  55    0.4114389  1.08107e+26 
  56    0.4204482  1.04003e+26 
  57    0.4296548  9.94380e+25 
  58    0.4390630  9.49943e+25 
  59    0.4486773  9.00636e+25 
  60    0.4585020  8.47904e+25 
  61    0.4685419  7.88616e+25 
  62    0.4788016  7.41308e+25 
  63    0.4892860  6.97019e+25 
  64    0.5000000  6.55164e+25 
  65    0.5109486  6.16391e+25 
  66    0.5221369  5.92450e+25 
  67    0.5335702  5.45609e+25 
  68    0.5452539  5.14307e+25 
  69    0.5571934  4.77900e+25 
  70    0.5693943  4.46898e+25 
  71    0.5818624  4.23286e+25 
  72    0.5946036  3.98093e+25 
  73    0.6076237  3.81392e+25 
  74    0.6209289  3.60728e+25 
  75    0.6345255  3.44699e+25 
  76    0.6484198  3.29865e+25 
  77    0.6626183  3.13194e+25 
  78    0.6771278  2.94042e+25 
  79    0.6919549  2.79094e+25 
  80    0.7071068  2.57240e+25 
  81    0.7225904  2.44370e+25 
  82    0.7384131  2.29128e+25 
  83    0.7545822  2.17503e+25 
  84    0.7711054  1.99835e+25 
  85    0.7879904  1.86562e+25 
  86    0.8052452  1.81475e+25 
  87    0.8228777  1.69344e+25 
  88    0.8408964  1.54114e+25 
  89    0.8593096  1.42948e+25 
  90    0.8781261  1.34971e+25 
  91    0.8973545  1.28660e+25 
  92    0.9170040  1.21576e+25 
  93    0.9370838  1.14971e+25 
  94    0.9576033  1.09160e+25 
  95    0.9785721  1.05527e+25 
  96    1.0000000  1.00482e+25 
  97    1.0218971  9.25325e+24 
  98    1.0442738  8.47968e+24 
  99    1.0671404  7.89867e+24 
 100    1.0905077  7.31979e+24 
 101    1.1143867  6.79855e+24 
 102    1.1387886  6.26362e+24 
 103    1.1637249  5.78347e+24 
 104    1.1892071  5.51316e+24 
 105    1.2152474  5.36345e+24 
 106    1.2418578  5.09983e+24 
 107    1.2690510  4.60404e+24 
 108    1.2968396  4.21006e+24 
 109    1.3252366  4.02386e+24 
 110    1.3542555  3.75828e+24 
 111    1.3839099  3.47263e+24 
 112    1.4142136  3.30301e+24 
 113    1.4451808  3.09829e+24 
 114    1.4768261  2.95266e+24 
 115    1.5091644  2.74004e+24 
 116    1.5422108  2.54492e+24 
 117    1.5759808  2.20710e+24 
 118    1.6104903  2.00850e+24 
 119    1.6457555  1.90768e+24 
 120    1.6817928  1.83425e+24 
 121    1.7186193  1.68611e+24 
 122    1.7562522  1.50569e+24 
 123    1.7947091  1.38545e+24 
 124    1.8340081  1.28834e+24 
 125    1.8741676  1.14861e+24 
 126    1.9152066  9.88821e+23 
 127    1.9571441  8.81042e+23 
 128    2.0000000  7.75245e+23 
 129    2.0437943  6.78957e+23 
 130    2.0885476  5.65164e+23 
 131    2.1342808  4.73080e+23 
 132    2.1810155  4.01369e+23 
 133    2.2287735  3.17086e+23 
 134    2.2775773  2.64462e+23 
 135    2.3274497  2.15861e+23 
 136    2.3784142  1.73466e+23 
 137    2.4304947  1.33494e+23 
 138    2.4837156  1.02155e+23 
 139    2.5381019  6.79628e+22 
 140    2.5936791  5.52308e+22 
 141    2.6504733  4.11656e+22 
 142    2.7085111  3.43083e+22 
 143    2.7678198  2.61875e+22 
 144    2.8284271  1.70669e+22 
 145    2.8903616  1.59650e+22 
 146    2.9536523  1.24030e+22 
 147    3.0183289  9.00526e+21 
 148    3.0844217  7.56590e+21 
 149    3.1519617  4.90357e+21 
 150    3.2209807  4.49389e+21 
 151    3.2915110  3.21167e+21 
 152    3.3635857  3.21768e+21 
 153    3.4372386  3.94275e+21 
 154    3.5125043  3.61226e+21 
 155    3.5894182  3.96571e+21 
 156    3.6680162  3.78055e+21 
 157    3.7483353  2.37950e+21 
 158    3.8304131  2.21965e+21 
 159    3.9142882  2.28358e+21 
 160    4.0000000  6.22138e+21 
 161    4.0875886  5.92134e+21 
 162    4.1770951  7.38454e+21 
 163    4.2685616  1.78757e+22 
 164    4.3620309  2.98990e+22 
 165    4.4575470  3.85369e+22 
 166    4.5551545  4.73935e+22 
 167    4.6548994  6.02949e+22 
 168    4.7568285  7.39675e+22 
 169    4.8609894  8.02030e+22 
 170    4.9674312  9.57884e+22 
 171    5.0762038  1.10446e+23 
 172    5.1873582  1.32489e+23 
 173    5.3009466  1.74511e+23 
 174    5.4170222  2.03051e+23 
 175    5.5356395  2.31240e+23 
 176    5.6568542  2.58062e+23 
 177    5.7807232  2.81588e+23 
 178    5.9073046  3.05615e+23 
 179    6.0366577  3.04876e+23 
 180    6.1688433  3.07244e+23 
 181    6.3039234  3.18070e+23 
 182    6.4419613  3.06600e+23 
 183    6.5830219  3.01507e+23 
 184    6.7271713  2.77462e+23 
 185    6.8744772  2.48905e+23 
 186    7.0250086  2.17685e+23 
 187    7.1788363  1.82958e+23 
 188    7.3360323  1.43715e+23 
 189    7.4966705  1.09716e+23 


