# 1:iteration 2:time bin[s] 3-k:AB magnitude for k-th angular bin
# g-band (filter: g_LSST.dat)
   0    0.1250000 -1.57953e+01 
   1    0.1277371 -1.58061e+01 
   2    0.1305342 -1.58172e+01 
   3    0.1333926 -1.58285e+01 
   4    0.1363135 -1.58385e+01 
   5    0.1392983 -1.58471e+01 
   6    0.1423486 -1.58544e+01 
   7    0.1454656 -1.58588e+01 
   8    0.1486509 -1.58632e+01 
   9    0.1519059 -1.58656e+01 
  10    0.1552322 -1.58663e+01 
  11    0.1586314 -1.58666e+01 
  12    0.1621049 -1.58641e+01 
  13    0.1656546 -1.58609e+01 
  14    0.1692819 -1.58561e+01 
  15    0.1729887 -1.58502e+01 
  16    0.1767767 -1.58432e+01 
  17    0.1806476 -1.58342e+01 
  18    0.1846033 -1.58249e+01 
  19    0.1886456 -1.58147e+01 
  20    0.1927764 -1.58037e+01 
  21    0.1969976 -1.57919e+01 
  22    0.2013113 -1.57791e+01 
  23    0.2057194 -1.57655e+01 
  24    0.2102241 -1.57514e+01 
  25    0.2148274 -1.57360e+01 
  26    0.2195315 -1.57205e+01 
  27    0.2243386 -1.57047e+01 
  28    0.2292510 -1.56878e+01 
  29    0.2342710 -1.56709e+01 
  30    0.2394008 -1.56525e+01 
  31    0.2446430 -1.56340e+01 
  32    0.2500000 -1.56149e+01 
  33    0.2554743 -1.55948e+01 
  34    0.2610684 -1.55735e+01 
  35    0.2667851 -1.55512e+01 
  36    0.2726269 -1.55275e+01 
  37    0.2785967 -1.55025e+01 
  38    0.2846972 -1.54748e+01 
  39    0.2909312 -1.54448e+01 
  40    0.2973018 -1.54132e+01 
  41    0.3038118 -1.53779e+01 
  42    0.3104645 -1.53393e+01 
  43    0.3172627 -1.52973e+01 
  44    0.3242099 -1.52487e+01 
  45    0.3313092 -1.51964e+01 
  46    0.3385639 -1.51410e+01 
  47    0.3459775 -1.50799e+01 
  48    0.3535534 -1.50143e+01 
  49    0.3612952 -1.49448e+01 
  50    0.3692065 -1.48702e+01 
  51    0.3772911 -1.47926e+01 
  52    0.3855527 -1.47111e+01 
  53    0.3939952 -1.46262e+01 
  54    0.4026226 -1.45391e+01 
  55    0.4114389 -1.44498e+01 
  56    0.4204482 -1.43598e+01 
  57    0.4296548 -1.42683e+01 
  58    0.4390630 -1.41763e+01 
  59    0.4486773 -1.40862e+01 
  60    0.4585020 -1.39985e+01 
  61    0.4685419 -1.39150e+01 
  62    0.4788016 -1.38292e+01 
  63    0.4892860 -1.37523e+01 
  64    0.5000000 -1.36797e+01 
  65    0.5109486 -1.36131e+01 
  66    0.5221369 -1.35529e+01 
  67    0.5335702 -1.34999e+01 
  68    0.5452539 -1.34513e+01 
  69    0.5571934 -1.34055e+01 
  70    0.5693943 -1.33635e+01 
  71    0.5818624 -1.33231e+01 
  72    0.5946036 -1.32901e+01 
  73    0.6076237 -1.32636e+01 
  74    0.6209289 -1.32395e+01 
  75    0.6345255 -1.32250e+01 
  76    0.6484198 -1.32152e+01 
  77    0.6626183 -1.32053e+01 
  78    0.6771278 -1.32054e+01 
  79    0.6919549 -1.32106e+01 
  80    0.7071068 -1.32164e+01 
  81    0.7225904 -1.32359e+01 
  82    0.7384131 -1.32597e+01 
  83    0.7545822 -1.32864e+01 
  84    0.7711054 -1.33201e+01 
  85    0.7879904 -1.33538e+01 
  86    0.8052452 -1.33846e+01 
  87    0.8228777 -1.34206e+01 
  88    0.8408964 -1.34554e+01 
  89    0.8593096 -1.34896e+01 
  90    0.8781261 -1.35223e+01 
  91    0.8973545 -1.35505e+01 
  92    0.9170040 -1.35827e+01 
  93    0.9370838 -1.36029e+01 
  94    0.9576033 -1.36193e+01 
  95    0.9785721 -1.36365e+01 
  96    1.0000000 -1.36507e+01 
  97    1.0218971 -1.36804e+01 
  98    1.0442738 -1.37173e+01 
  99    1.0671404 -1.37450e+01 
 100    1.0905077 -1.37710e+01 
 101    1.1143867 -1.37957e+01 
 102    1.1387886 -1.38199e+01 
 103    1.1637249 -1.38472e+01 
 104    1.1892071 -1.38638e+01 
 105    1.2152474 -1.38882e+01 
 106    1.2418578 -1.39081e+01 
 107    1.2690510 -1.39365e+01 
 108    1.2968396 -1.40109e+01 
 109    1.3252366 -1.40589e+01 
 110    1.3542555 -1.41179e+01 
 111    1.3839099 -1.41892e+01 
 112    1.4142136 -1.42721e+01 
 113    1.4451808 -1.43651e+01 
 114    1.4768261 -1.44627e+01 
 115    1.5091644 -1.45781e+01 
 116    1.5422108 -1.47024e+01 
 117    1.5759808 -1.48493e+01 
 118    1.6104903 -1.49979e+01 
 119    1.6457555 -1.51518e+01 
 120    1.6817928 -1.52796e+01 
 121    1.7186193 -1.54200e+01 
 122    1.7562522 -1.55555e+01 
 123    1.7947091 -1.56884e+01 
 124    1.8340081 -1.58173e+01 
 125    1.8741676 -1.59454e+01 
 126    1.9152066 -1.60715e+01 
 127    1.9571441 -1.61926e+01 
 128    2.0000000 -1.63037e+01 
 129    2.0437943 -1.64028e+01 
 130    2.0885476 -1.65001e+01 
 131    2.1342808 -1.65966e+01 
 132    2.1810155 -1.66936e+01 
 133    2.2287735 -1.67917e+01 
 134    2.2775773 -1.68860e+01 
 135    2.3274497 -1.69839e+01 
 136    2.3784142 -1.70937e+01 
 137    2.4304947 -1.71969e+01 
 138    2.4837156 -1.72752e+01 
 139    2.5381019 -1.73392e+01 
 140    2.5936791 -1.74064e+01 
 141    2.6504733 -1.74521e+01 
 142    2.7085111 -1.74959e+01 
 143    2.7678198 -1.75341e+01 
 144    2.8284271 -1.75658e+01 
 145    2.8903616 -1.75907e+01 
 146    2.9536523 -1.75992e+01 
 147    3.0183289 -1.75912e+01 
 148    3.0844217 -1.75728e+01 
 149    3.1519617 -1.75551e+01 
 150    3.2209807 -1.75449e+01 
 151    3.2915110 -1.75387e+01 
 152    3.3635857 -1.75353e+01 
 153    3.4372386 -1.75285e+01 
 154    3.5125043 -1.75253e+01 
 155    3.5894182 -1.75185e+01 
 156    3.6680162 -1.75121e+01 
 157    3.7483353 -1.75033e+01 
 158    3.8304131 -1.74979e+01 
 159    3.9142882 -1.74927e+01 
 160    4.0000000 -1.74765e+01 
 161    4.0875886 -1.74503e+01 
 162    4.1770951 -1.74188e+01 
 163    4.2685616 -1.73641e+01 
 164    4.3620309 -1.72912e+01 
 165    4.4575470 -1.72083e+01 
 166    4.5551545 -1.70937e+01 
 167    4.6548994 -1.69580e+01 
 168    4.7568285 -1.68068e+01 
 169    4.8609894 -1.66258e+01 
 170    4.9674312 -1.64255e+01 
 171    5.0762038 -1.62068e+01 
 172    5.1873582 -1.59662e+01 
 173    5.3009466 -1.57089e+01 
 174    5.4170222 -1.54351e+01 
 175    5.5356395 -1.51461e+01 
 176    5.6568542 -1.48472e+01 
 177    5.7807232 -1.45419e+01 
 178    5.9073046 -1.42280e+01 
 179    6.0366577 -1.39152e+01 
 180    6.1688433 -1.35972e+01 
 181    6.3039234 -1.32716e+01 
 182    6.4419613 -1.29437e+01 
 183    6.5830219 -1.26090e+01 
 184    6.7271713 -1.22716e+01 
 185    6.8744772 -1.19260e+01 
 186    7.0250086 -1.15761e+01 
 187    7.1788363 -1.12235e+01 
 188    7.3360323 -1.08631e+01 
 189    7.4966705 -1.04917e+01 


# r-band (filter: r_LSST.dat)
   0    0.1250000 -1.56526e+01 
   1    0.1277371 -1.56759e+01 
   2    0.1305342 -1.56997e+01 
   3    0.1333926 -1.57240e+01 
   4    0.1363135 -1.57472e+01 
   5    0.1392983 -1.57707e+01 
   6    0.1423486 -1.57912e+01 
   7    0.1454656 -1.58112e+01 
   8    0.1486509 -1.58294e+01 
   9    0.1519059 -1.58461e+01 
  10    0.1552322 -1.58621e+01 
  11    0.1586314 -1.58782e+01 
  12    0.1621049 -1.58919e+01 
  13    0.1656546 -1.59051e+01 
  14    0.1692819 -1.59165e+01 
  15    0.1729887 -1.59272e+01 
  16    0.1767767 -1.59368e+01 
  17    0.1806476 -1.59450e+01 
  18    0.1846033 -1.59525e+01 
  19    0.1886456 -1.59583e+01 
  20    0.1927764 -1.59636e+01 
  21    0.1969976 -1.59678e+01 
  22    0.2013113 -1.59709e+01 
  23    0.2057194 -1.59728e+01 
  24    0.2102241 -1.59740e+01 
  25    0.2148274 -1.59730e+01 
  26    0.2195315 -1.59722e+01 
  27    0.2243386 -1.59700e+01 
  28    0.2292510 -1.59666e+01 
  29    0.2342710 -1.59624e+01 
  30    0.2394008 -1.59575e+01 
  31    0.2446430 -1.59516e+01 
  32    0.2500000 -1.59448e+01 
  33    0.2554743 -1.59375e+01 
  34    0.2610684 -1.59293e+01 
  35    0.2667851 -1.59202e+01 
  36    0.2726269 -1.59104e+01 
  37    0.2785967 -1.59004e+01 
  38    0.2846972 -1.58893e+01 
  39    0.2909312 -1.58780e+01 
  40    0.2973018 -1.58655e+01 
  41    0.3038118 -1.58524e+01 
  42    0.3104645 -1.58389e+01 
  43    0.3172627 -1.58244e+01 
  44    0.3242099 -1.58092e+01 
  45    0.3313092 -1.57934e+01 
  46    0.3385639 -1.57766e+01 
  47    0.3459775 -1.57593e+01 
  48    0.3535534 -1.57412e+01 
  49    0.3612952 -1.57223e+01 
  50    0.3692065 -1.57024e+01 
  51    0.3772911 -1.56814e+01 
  52    0.3855527 -1.56597e+01 
  53    0.3939952 -1.56368e+01 
  54    0.4026226 -1.56138e+01 
  55    0.4114389 -1.55892e+01 
  56    0.4204482 -1.55645e+01 
  57    0.4296548 -1.55382e+01 
  58    0.4390630 -1.55103e+01 
  59    0.4486773 -1.54822e+01 
  60    0.4585020 -1.54534e+01 
  61    0.4685419 -1.54247e+01 
  62    0.4788016 -1.53953e+01 
  63    0.4892860 -1.53657e+01 
  64    0.5000000 -1.53365e+01 
  65    0.5109486 -1.53078e+01 
  66    0.5221369 -1.52800e+01 
  67    0.5335702 -1.52538e+01 
  68    0.5452539 -1.52282e+01 
  69    0.5571934 -1.52052e+01 
  70    0.5693943 -1.51861e+01 
  71    0.5818624 -1.51688e+01 
  72    0.5946036 -1.51591e+01 
  73    0.6076237 -1.51502e+01 
  74    0.6209289 -1.51435e+01 
  75    0.6345255 -1.51416e+01 
  76    0.6484198 -1.51438e+01 
  77    0.6626183 -1.51496e+01 
  78    0.6771278 -1.51626e+01 
  79    0.6919549 -1.51818e+01 
  80    0.7071068 -1.52072e+01 
  81    0.7225904 -1.52388e+01 
  82    0.7384131 -1.52719e+01 
  83    0.7545822 -1.53014e+01 
  84    0.7711054 -1.53363e+01 
  85    0.7879904 -1.53688e+01 
  86    0.8052452 -1.54051e+01 
  87    0.8228777 -1.54447e+01 
  88    0.8408964 -1.54837e+01 
  89    0.8593096 -1.55231e+01 
  90    0.8781261 -1.55657e+01 
  91    0.8973545 -1.56174e+01 
  92    0.9170040 -1.56711e+01 
  93    0.9370838 -1.57316e+01 
  94    0.9576033 -1.58118e+01 
  95    0.9785721 -1.58879e+01 
  96    1.0000000 -1.59661e+01 
  97    1.0218971 -1.60387e+01 
  98    1.0442738 -1.61132e+01 
  99    1.0671404 -1.62073e+01 
 100    1.0905077 -1.63040e+01 
 101    1.1143867 -1.63945e+01 
 102    1.1387886 -1.64841e+01 
 103    1.1637249 -1.65733e+01 
 104    1.1892071 -1.66646e+01 
 105    1.2152474 -1.67523e+01 
 106    1.2418578 -1.68462e+01 
 107    1.2690510 -1.69409e+01 
 108    1.2968396 -1.70344e+01 
 109    1.3252366 -1.71291e+01 
 110    1.3542555 -1.72160e+01 
 111    1.3839099 -1.72877e+01 
 112    1.4142136 -1.73649e+01 
 113    1.4451808 -1.74323e+01 
 114    1.4768261 -1.74957e+01 
 115    1.5091644 -1.75543e+01 
 116    1.5422108 -1.76006e+01 
 117    1.5759808 -1.76372e+01 
 118    1.6104903 -1.76637e+01 
 119    1.6457555 -1.76810e+01 
 120    1.6817928 -1.76933e+01 
 121    1.7186193 -1.77024e+01 
 122    1.7562522 -1.77086e+01 
 123    1.7947091 -1.77097e+01 
 124    1.8340081 -1.77022e+01 
 125    1.8741676 -1.76904e+01 
 126    1.9152066 -1.76793e+01 
 127    1.9571441 -1.76752e+01 
 128    2.0000000 -1.76702e+01 
 129    2.0437943 -1.76678e+01 
 130    2.0885476 -1.76690e+01 
 131    2.1342808 -1.76769e+01 
 132    2.1810155 -1.77015e+01 
 133    2.2287735 -1.77324e+01 
 134    2.2775773 -1.77648e+01 
 135    2.3274497 -1.77999e+01 
 136    2.3784142 -1.77986e+01 
 137    2.4304947 -1.78061e+01 
 138    2.4837156 -1.77797e+01 
 139    2.5381019 -1.77456e+01 
 140    2.5936791 -1.77106e+01 
 141    2.6504733 -1.76714e+01 
 142    2.7085111 -1.76357e+01 
 143    2.7678198 -1.75774e+01 
 144    2.8284271 -1.75369e+01 
 145    2.8903616 -1.74736e+01 
 146    2.9536523 -1.73903e+01 
 147    3.0183289 -1.73209e+01 
 148    3.0844217 -1.72653e+01 
 149    3.1519617 -1.72231e+01 
 150    3.2209807 -1.71871e+01 
 151    3.2915110 -1.71619e+01 
 152    3.3635857 -1.71413e+01 
 153    3.4372386 -1.71187e+01 
 154    3.5125043 -1.71045e+01 
 155    3.5894182 -1.70893e+01 
 156    3.6680162 -1.70782e+01 
 157    3.7483353 -1.70755e+01 
 158    3.8304131 -1.70840e+01 
 159    3.9142882 -1.70955e+01 
 160    4.0000000 -1.71104e+01 
 161    4.0875886 -1.71267e+01 
 162    4.1770951 -1.71436e+01 
 163    4.2685616 -1.71581e+01 
 164    4.3620309 -1.71657e+01 
 165    4.4575470 -1.71719e+01 
 166    4.5551545 -1.71610e+01 
 167    4.6548994 -1.71376e+01 
 168    4.7568285 -1.71098e+01 
 169    4.8609894 -1.70554e+01 
 170    4.9674312 -1.69841e+01 
 171    5.0762038 -1.68952e+01 
 172    5.1873582 -1.67890e+01 
 173    5.3009466 -1.66602e+01 
 174    5.4170222 -1.65161e+01 
 175    5.5356395 -1.63554e+01 
 176    5.6568542 -1.61865e+01 
 177    5.7807232 -1.60110e+01 
 178    5.9073046 -1.58233e+01 
 179    6.0366577 -1.56370e+01 
 180    6.1688433 -1.54450e+01 
 181    6.3039234 -1.52481e+01 
 182    6.4419613 -1.50476e+01 
 183    6.5830219 -1.48410e+01 
 184    6.7271713 -1.46340e+01 
 185    6.8744772 -1.44137e+01 
 186    7.0250086 -1.41913e+01 
 187    7.1788363 -1.39680e+01 
 188    7.3360323 -1.37360e+01 
 189    7.4966705 -1.34903e+01 


# i-band (filter: i_LSST.dat)
   0    0.1250000 -1.51511e+01 
   1    0.1277371 -1.51758e+01 
   2    0.1305342 -1.52011e+01 
   3    0.1333926 -1.52270e+01 
   4    0.1363135 -1.52527e+01 
   5    0.1392983 -1.52779e+01 
   6    0.1423486 -1.53029e+01 
   7    0.1454656 -1.53260e+01 
   8    0.1486509 -1.53496e+01 
   9    0.1519059 -1.53736e+01 
  10    0.1552322 -1.53961e+01 
  11    0.1586314 -1.54189e+01 
  12    0.1621049 -1.54407e+01 
  13    0.1656546 -1.54626e+01 
  14    0.1692819 -1.54828e+01 
  15    0.1729887 -1.55031e+01 
  16    0.1767767 -1.55224e+01 
  17    0.1806476 -1.55424e+01 
  18    0.1846033 -1.55615e+01 
  19    0.1886456 -1.55798e+01 
  20    0.1927764 -1.55974e+01 
  21    0.1969976 -1.56143e+01 
  22    0.2013113 -1.56315e+01 
  23    0.2057194 -1.56473e+01 
  24    0.2102241 -1.56638e+01 
  25    0.2148274 -1.56787e+01 
  26    0.2195315 -1.56928e+01 
  27    0.2243386 -1.57065e+01 
  28    0.2292510 -1.57185e+01 
  29    0.2342710 -1.57287e+01 
  30    0.2394008 -1.57385e+01 
  31    0.2446430 -1.57469e+01 
  32    0.2500000 -1.57540e+01 
  33    0.2554743 -1.57595e+01 
  34    0.2610684 -1.57620e+01 
  35    0.2667851 -1.57620e+01 
  36    0.2726269 -1.57588e+01 
  37    0.2785967 -1.57543e+01 
  38    0.2846972 -1.57455e+01 
  39    0.2909312 -1.57334e+01 
  40    0.2973018 -1.57187e+01 
  41    0.3038118 -1.56991e+01 
  42    0.3104645 -1.56758e+01 
  43    0.3172627 -1.56492e+01 
  44    0.3242099 -1.56174e+01 
  45    0.3313092 -1.55834e+01 
  46    0.3385639 -1.55456e+01 
  47    0.3459775 -1.55061e+01 
  48    0.3535534 -1.54651e+01 
  49    0.3612952 -1.54217e+01 
  50    0.3692065 -1.53798e+01 
  51    0.3772911 -1.53375e+01 
  52    0.3855527 -1.52949e+01 
  53    0.3939952 -1.52554e+01 
  54    0.4026226 -1.52182e+01 
  55    0.4114389 -1.51817e+01 
  56    0.4204482 -1.51493e+01 
  57    0.4296548 -1.51194e+01 
  58    0.4390630 -1.50924e+01 
  59    0.4486773 -1.50666e+01 
  60    0.4585020 -1.50442e+01 
  61    0.4685419 -1.50257e+01 
  62    0.4788016 -1.50104e+01 
  63    0.4892860 -1.50040e+01 
  64    0.5000000 -1.49970e+01 
  65    0.5109486 -1.49985e+01 
  66    0.5221369 -1.50132e+01 
  67    0.5335702 -1.50327e+01 
  68    0.5452539 -1.50554e+01 
  69    0.5571934 -1.50891e+01 
  70    0.5693943 -1.51228e+01 
  71    0.5818624 -1.51657e+01 
  72    0.5946036 -1.52096e+01 
  73    0.6076237 -1.52528e+01 
  74    0.6209289 -1.53022e+01 
  75    0.6345255 -1.53521e+01 
  76    0.6484198 -1.54234e+01 
  77    0.6626183 -1.54793e+01 
  78    0.6771278 -1.55357e+01 
  79    0.6919549 -1.55966e+01 
  80    0.7071068 -1.56543e+01 
  81    0.7225904 -1.57168e+01 
  82    0.7384131 -1.57766e+01 
  83    0.7545822 -1.58338e+01 
  84    0.7711054 -1.58937e+01 
  85    0.7879904 -1.59514e+01 
  86    0.8052452 -1.60103e+01 
  87    0.8228777 -1.60638e+01 
  88    0.8408964 -1.61101e+01 
  89    0.8593096 -1.61625e+01 
  90    0.8781261 -1.62136e+01 
  91    0.8973545 -1.62611e+01 
  92    0.9170040 -1.63040e+01 
  93    0.9370838 -1.63455e+01 
  94    0.9576033 -1.63865e+01 
  95    0.9785721 -1.64275e+01 
  96    1.0000000 -1.64686e+01 
  97    1.0218971 -1.65108e+01 
  98    1.0442738 -1.65515e+01 
  99    1.0671404 -1.65920e+01 
 100    1.0905077 -1.66330e+01 
 101    1.1143867 -1.66744e+01 
 102    1.1387886 -1.67110e+01 
 103    1.1637249 -1.67530e+01 
 104    1.1892071 -1.67939e+01 
 105    1.2152474 -1.68337e+01 
 106    1.2418578 -1.68728e+01 
 107    1.2690510 -1.69100e+01 
 108    1.2968396 -1.69463e+01 
 109    1.3252366 -1.69812e+01 
 110    1.3542555 -1.70154e+01 
 111    1.3839099 -1.70481e+01 
 112    1.4142136 -1.70797e+01 
 113    1.4451808 -1.71089e+01 
 114    1.4768261 -1.71352e+01 
 115    1.5091644 -1.71611e+01 
 116    1.5422108 -1.71837e+01 
 117    1.5759808 -1.72026e+01 
 118    1.6104903 -1.72208e+01 
 119    1.6457555 -1.72318e+01 
 120    1.6817928 -1.72399e+01 
 121    1.7186193 -1.72454e+01 
 122    1.7562522 -1.72452e+01 
 123    1.7947091 -1.72411e+01 
 124    1.8340081 -1.72334e+01 
 125    1.8741676 -1.72220e+01 
 126    1.9152066 -1.72080e+01 
 127    1.9571441 -1.71910e+01 
 128    2.0000000 -1.71707e+01 
 129    2.0437943 -1.71496e+01 
 130    2.0885476 -1.71276e+01 
 131    2.1342808 -1.71051e+01 
 132    2.1810155 -1.70793e+01 
 133    2.2287735 -1.70447e+01 
 134    2.2775773 -1.70062e+01 
 135    2.3274497 -1.69487e+01 
 136    2.3784142 -1.68770e+01 
 137    2.4304947 -1.68003e+01 
 138    2.4837156 -1.67039e+01 
 139    2.5381019 -1.66056e+01 
 140    2.5936791 -1.64984e+01 
 141    2.6504733 -1.63961e+01 
 142    2.7085111 -1.62941e+01 
 143    2.7678198 -1.61787e+01 
 144    2.8284271 -1.60565e+01 
 145    2.8903616 -1.59200e+01 
 146    2.9536523 -1.57885e+01 
 147    3.0183289 -1.56701e+01 
 148    3.0844217 -1.55674e+01 
 149    3.1519617 -1.54826e+01 
 150    3.2209807 -1.53975e+01 
 151    3.2915110 -1.53343e+01 
 152    3.3635857 -1.52758e+01 
 153    3.4372386 -1.52201e+01 
 154    3.5125043 -1.51759e+01 
 155    3.5894182 -1.51372e+01 
 156    3.6680162 -1.51224e+01 
 157    3.7483353 -1.51154e+01 
 158    3.8304131 -1.51168e+01 
 159    3.9142882 -1.51196e+01 
 160    4.0000000 -1.51240e+01 
 161    4.0875886 -1.51263e+01 
 162    4.1770951 -1.51287e+01 
 163    4.2685616 -1.51257e+01 
 164    4.3620309 -1.51184e+01 
 165    4.4575470 -1.51089e+01 
 166    4.5551545 -1.50879e+01 
 167    4.6548994 -1.50604e+01 
 168    4.7568285 -1.50290e+01 
 169    4.8609894 -1.49875e+01 
 170    4.9674312 -1.49394e+01 
 171    5.0762038 -1.48856e+01 
 172    5.1873582 -1.48241e+01 
 173    5.3009466 -1.47629e+01 
 174    5.4170222 -1.47024e+01 
 175    5.5356395 -1.46390e+01 
 176    5.6568542 -1.45871e+01 
 177    5.7807232 -1.45423e+01 
 178    5.9073046 -1.45007e+01 
 179    6.0366577 -1.44764e+01 
 180    6.1688433 -1.44605e+01 
 181    6.3039234 -1.44518e+01 
 182    6.4419613 -1.44511e+01 
 183    6.5830219 -1.44525e+01 
 184    6.7271713 -1.44614e+01 
 185    6.8744772 -1.44603e+01 
 186    7.0250086 -1.44631e+01 
 187    7.1788363 -1.44744e+01 
 188    7.3360323 -1.44828e+01 
 189    7.4966705 -1.44811e+01 


# z-band (filter: z_LSST.dat)
   0    0.1250000 -1.47714e+01 
   1    0.1277371 -1.47913e+01 
   2    0.1305342 -1.48116e+01 
   3    0.1333926 -1.48323e+01 
   4    0.1363135 -1.48530e+01 
   5    0.1392983 -1.48739e+01 
   6    0.1423486 -1.48965e+01 
   7    0.1454656 -1.49165e+01 
   8    0.1486509 -1.49370e+01 
   9    0.1519059 -1.49575e+01 
  10    0.1552322 -1.49782e+01 
  11    0.1586314 -1.49996e+01 
  12    0.1621049 -1.50204e+01 
  13    0.1656546 -1.50419e+01 
  14    0.1692819 -1.50639e+01 
  15    0.1729887 -1.50847e+01 
  16    0.1767767 -1.51045e+01 
  17    0.1806476 -1.51261e+01 
  18    0.1846033 -1.51459e+01 
  19    0.1886456 -1.51671e+01 
  20    0.1927764 -1.51874e+01 
  21    0.1969976 -1.52075e+01 
  22    0.2013113 -1.52265e+01 
  23    0.2057194 -1.52466e+01 
  24    0.2102241 -1.52675e+01 
  25    0.2148274 -1.52874e+01 
  26    0.2195315 -1.53064e+01 
  27    0.2243386 -1.53246e+01 
  28    0.2292510 -1.53438e+01 
  29    0.2342710 -1.53604e+01 
  30    0.2394008 -1.53772e+01 
  31    0.2446430 -1.53923e+01 
  32    0.2500000 -1.54063e+01 
  33    0.2554743 -1.54195e+01 
  34    0.2610684 -1.54296e+01 
  35    0.2667851 -1.54357e+01 
  36    0.2726269 -1.54374e+01 
  37    0.2785967 -1.54377e+01 
  38    0.2846972 -1.54314e+01 
  39    0.2909312 -1.54190e+01 
  40    0.2973018 -1.54012e+01 
  41    0.3038118 -1.53734e+01 
  42    0.3104645 -1.53372e+01 
  43    0.3172627 -1.52951e+01 
  44    0.3242099 -1.52422e+01 
  45    0.3313092 -1.51805e+01 
  46    0.3385639 -1.51128e+01 
  47    0.3459775 -1.50393e+01 
  48    0.3535534 -1.49618e+01 
  49    0.3612952 -1.48793e+01 
  50    0.3692065 -1.47989e+01 
  51    0.3772911 -1.47182e+01 
  52    0.3855527 -1.46365e+01 
  53    0.3939952 -1.45607e+01 
  54    0.4026226 -1.44875e+01 
  55    0.4114389 -1.44167e+01 
  56    0.4204482 -1.43526e+01 
  57    0.4296548 -1.42934e+01 
  58    0.4390630 -1.42368e+01 
  59    0.4486773 -1.41845e+01 
  60    0.4585020 -1.41373e+01 
  61    0.4685419 -1.40935e+01 
  62    0.4788016 -1.40520e+01 
  63    0.4892860 -1.40161e+01 
  64    0.5000000 -1.39824e+01 
  65    0.5109486 -1.39525e+01 
  66    0.5221369 -1.39272e+01 
  67    0.5335702 -1.39029e+01 
  68    0.5452539 -1.38855e+01 
  69    0.5571934 -1.38752e+01 
  70    0.5693943 -1.38680e+01 
  71    0.5818624 -1.38677e+01 
  72    0.5946036 -1.38706e+01 
  73    0.6076237 -1.38761e+01 
  74    0.6209289 -1.38843e+01 
  75    0.6345255 -1.38963e+01 
  76    0.6484198 -1.39126e+01 
  77    0.6626183 -1.39280e+01 
  78    0.6771278 -1.39482e+01 
  79    0.6919549 -1.39688e+01 
  80    0.7071068 -1.39886e+01 
  81    0.7225904 -1.40035e+01 
  82    0.7384131 -1.40219e+01 
  83    0.7545822 -1.40369e+01 
  84    0.7711054 -1.40516e+01 
  85    0.7879904 -1.40632e+01 
  86    0.8052452 -1.40811e+01 
  87    0.8228777 -1.40910e+01 
  88    0.8408964 -1.41088e+01 
  89    0.8593096 -1.41221e+01 
  90    0.8781261 -1.41346e+01 
  91    0.8973545 -1.41545e+01 
  92    0.9170040 -1.41769e+01 
  93    0.9370838 -1.42014e+01 
  94    0.9576033 -1.42302e+01 
  95    0.9785721 -1.42647e+01 
  96    1.0000000 -1.43011e+01 
  97    1.0218971 -1.43457e+01 
  98    1.0442738 -1.43905e+01 
  99    1.0671404 -1.44409e+01 
 100    1.0905077 -1.44935e+01 
 101    1.1143867 -1.45510e+01 
 102    1.1387886 -1.46123e+01 
 103    1.1637249 -1.46755e+01 
 104    1.1892071 -1.47414e+01 
 105    1.2152474 -1.48095e+01 
 106    1.2418578 -1.48808e+01 
 107    1.2690510 -1.49531e+01 
 108    1.2968396 -1.50256e+01 
 109    1.3252366 -1.50981e+01 
 110    1.3542555 -1.51723e+01 
 111    1.3839099 -1.52459e+01 
 112    1.4142136 -1.53217e+01 
 113    1.4451808 -1.53989e+01 
 114    1.4768261 -1.54719e+01 
 115    1.5091644 -1.55449e+01 
 116    1.5422108 -1.56156e+01 
 117    1.5759808 -1.56839e+01 
 118    1.6104903 -1.57499e+01 
 119    1.6457555 -1.58103e+01 
 120    1.6817928 -1.58682e+01 
 121    1.7186193 -1.59245e+01 
 122    1.7562522 -1.59748e+01 
 123    1.7947091 -1.60230e+01 
 124    1.8340081 -1.60677e+01 
 125    1.8741676 -1.61086e+01 
 126    1.9152066 -1.61483e+01 
 127    1.9571441 -1.61854e+01 
 128    2.0000000 -1.62207e+01 
 129    2.0437943 -1.62543e+01 
 130    2.0885476 -1.62874e+01 
 131    2.1342808 -1.63193e+01 
 132    2.1810155 -1.63465e+01 
 133    2.2287735 -1.63641e+01 
 134    2.2775773 -1.63784e+01 
 135    2.3274497 -1.63775e+01 
 136    2.3784142 -1.63671e+01 
 137    2.4304947 -1.63521e+01 
 138    2.4837156 -1.63218e+01 
 139    2.5381019 -1.62863e+01 
 140    2.5936791 -1.62411e+01 
 141    2.6504733 -1.61925e+01 
 142    2.7085111 -1.61390e+01 
 143    2.7678198 -1.60764e+01 
 144    2.8284271 -1.60078e+01 
 145    2.8903616 -1.59345e+01 
 146    2.9536523 -1.58629e+01 
 147    3.0183289 -1.57928e+01 
 148    3.0844217 -1.57290e+01 
 149    3.1519617 -1.56710e+01 
 150    3.2209807 -1.56142e+01 
 151    3.2915110 -1.55659e+01 
 152    3.3635857 -1.55221e+01 
 153    3.4372386 -1.54786e+01 
 154    3.5125043 -1.54420e+01 
 155    3.5894182 -1.54103e+01 
 156    3.6680162 -1.53871e+01 
 157    3.7483353 -1.53689e+01 
 158    3.8304131 -1.53551e+01 
 159    3.9142882 -1.53429e+01 
 160    4.0000000 -1.53323e+01 
 161    4.0875886 -1.53222e+01 
 162    4.1770951 -1.53126e+01 
 163    4.2685616 -1.53011e+01 
 164    4.3620309 -1.52862e+01 
 165    4.4575470 -1.52700e+01 
 166    4.5551545 -1.52422e+01 
 167    4.6548994 -1.52039e+01 
 168    4.7568285 -1.51616e+01 
 169    4.8609894 -1.50988e+01 
 170    4.9674312 -1.50243e+01 
 171    5.0762038 -1.49402e+01 
 172    5.1873582 -1.48456e+01 
 173    5.3009466 -1.47426e+01 
 174    5.4170222 -1.46346e+01 
 175    5.5356395 -1.45156e+01 
 176    5.6568542 -1.44028e+01 
 177    5.7807232 -1.42944e+01 
 178    5.9073046 -1.41838e+01 
 179    6.0366577 -1.40911e+01 
 180    6.1688433 -1.40091e+01 
 181    6.3039234 -1.39350e+01 
 182    6.4419613 -1.38822e+01 
 183    6.5830219 -1.38455e+01 
 184    6.7271713 -1.38208e+01 
 185    6.8744772 -1.38167e+01 
 186    7.0250086 -1.38170e+01 
 187    7.1788363 -1.38265e+01 
 188    7.3360323 -1.38461e+01 
 189    7.4966705 -1.38810e+01 


# y-band (filter: y_LSST.dat)
   0    0.1250000 -1.44480e+01 
   1    0.1277371 -1.44692e+01 
   2    0.1305342 -1.44908e+01 
   3    0.1333926 -1.45129e+01 
   4    0.1363135 -1.45339e+01 
   5    0.1392983 -1.45546e+01 
   6    0.1423486 -1.45756e+01 
   7    0.1454656 -1.45970e+01 
   8    0.1486509 -1.46185e+01 
   9    0.1519059 -1.46393e+01 
  10    0.1552322 -1.46603e+01 
  11    0.1586314 -1.46804e+01 
  12    0.1621049 -1.47019e+01 
  13    0.1656546 -1.47225e+01 
  14    0.1692819 -1.47420e+01 
  15    0.1729887 -1.47634e+01 
  16    0.1767767 -1.47864e+01 
  17    0.1806476 -1.48091e+01 
  18    0.1846033 -1.48320e+01 
  19    0.1886456 -1.48544e+01 
  20    0.1927764 -1.48801e+01 
  21    0.1969976 -1.49047e+01 
  22    0.2013113 -1.49290e+01 
  23    0.2057194 -1.49552e+01 
  24    0.2102241 -1.49805e+01 
  25    0.2148274 -1.50071e+01 
  26    0.2195315 -1.50352e+01 
  27    0.2243386 -1.50638e+01 
  28    0.2292510 -1.50976e+01 
  29    0.2342710 -1.51306e+01 
  30    0.2394008 -1.51639e+01 
  31    0.2446430 -1.51963e+01 
  32    0.2500000 -1.52250e+01 
  33    0.2554743 -1.52575e+01 
  34    0.2610684 -1.53020e+01 
  35    0.2667851 -1.53370e+01 
  36    0.2726269 -1.53735e+01 
  37    0.2785967 -1.54141e+01 
  38    0.2846972 -1.54504e+01 
  39    0.2909312 -1.54737e+01 
  40    0.2973018 -1.55005e+01 
  41    0.3038118 -1.55216e+01 
  42    0.3104645 -1.55385e+01 
  43    0.3172627 -1.55554e+01 
  44    0.3242099 -1.55613e+01 
  45    0.3313092 -1.55596e+01 
  46    0.3385639 -1.55493e+01 
  47    0.3459775 -1.55368e+01 
  48    0.3535534 -1.55199e+01 
  49    0.3612952 -1.54935e+01 
  50    0.3692065 -1.54625e+01 
  51    0.3772911 -1.54351e+01 
  52    0.3855527 -1.54008e+01 
  53    0.3939952 -1.53675e+01 
  54    0.4026226 -1.53305e+01 
  55    0.4114389 -1.52920e+01 
  56    0.4204482 -1.52545e+01 
  57    0.4296548 -1.52118e+01 
  58    0.4390630 -1.51683e+01 
  59    0.4486773 -1.51247e+01 
  60    0.4585020 -1.50823e+01 
  61    0.4685419 -1.50372e+01 
  62    0.4788016 -1.49915e+01 
  63    0.4892860 -1.49480e+01 
  64    0.5000000 -1.49054e+01 
  65    0.5109486 -1.48601e+01 
  66    0.5221369 -1.48205e+01 
  67    0.5335702 -1.47814e+01 
  68    0.5452539 -1.47427e+01 
  69    0.5571934 -1.47072e+01 
  70    0.5693943 -1.46762e+01 
  71    0.5818624 -1.46462e+01 
  72    0.5946036 -1.46208e+01 
  73    0.6076237 -1.46016e+01 
  74    0.6209289 -1.45844e+01 
  75    0.6345255 -1.45731e+01 
  76    0.6484198 -1.45644e+01 
  77    0.6626183 -1.45589e+01 
  78    0.6771278 -1.45603e+01 
  79    0.6919549 -1.45658e+01 
  80    0.7071068 -1.45683e+01 
  81    0.7225904 -1.45790e+01 
  82    0.7384131 -1.45895e+01 
  83    0.7545822 -1.46027e+01 
  84    0.7711054 -1.46147e+01 
  85    0.7879904 -1.46311e+01 
  86    0.8052452 -1.46468e+01 
  87    0.8228777 -1.46617e+01 
  88    0.8408964 -1.46794e+01 
  89    0.8593096 -1.46973e+01 
  90    0.8781261 -1.47111e+01 
  91    0.8973545 -1.47266e+01 
  92    0.9170040 -1.47469e+01 
  93    0.9370838 -1.47658e+01 
  94    0.9576033 -1.47809e+01 
  95    0.9785721 -1.47980e+01 
  96    1.0000000 -1.48203e+01 
  97    1.0218971 -1.48396e+01 
  98    1.0442738 -1.48619e+01 
  99    1.0671404 -1.48873e+01 
 100    1.0905077 -1.49116e+01 
 101    1.1143867 -1.49384e+01 
 102    1.1387886 -1.49674e+01 
 103    1.1637249 -1.49975e+01 
 104    1.1892071 -1.50271e+01 
 105    1.2152474 -1.50606e+01 
 106    1.2418578 -1.50949e+01 
 107    1.2690510 -1.51315e+01 
 108    1.2968396 -1.51698e+01 
 109    1.3252366 -1.52083e+01 
 110    1.3542555 -1.52515e+01 
 111    1.3839099 -1.52951e+01 
 112    1.4142136 -1.53435e+01 
 113    1.4451808 -1.53957e+01 
 114    1.4768261 -1.54509e+01 
 115    1.5091644 -1.55089e+01 
 116    1.5422108 -1.55711e+01 
 117    1.5759808 -1.56356e+01 
 118    1.6104903 -1.57036e+01 
 119    1.6457555 -1.57714e+01 
 120    1.6817928 -1.58411e+01 
 121    1.7186193 -1.59117e+01 
 122    1.7562522 -1.59813e+01 
 123    1.7947091 -1.60494e+01 
 124    1.8340081 -1.61153e+01 
 125    1.8741676 -1.61803e+01 
 126    1.9152066 -1.62423e+01 
 127    1.9571441 -1.63015e+01 
 128    2.0000000 -1.63589e+01 
 129    2.0437943 -1.64117e+01 
 130    2.0885476 -1.64606e+01 
 131    2.1342808 -1.65072e+01 
 132    2.1810155 -1.65453e+01 
 133    2.2287735 -1.65747e+01 
 134    2.2775773 -1.66000e+01 
 135    2.3274497 -1.66132e+01 
 136    2.3784142 -1.66181e+01 
 137    2.4304947 -1.66168e+01 
 138    2.4837156 -1.66025e+01 
 139    2.5381019 -1.65786e+01 
 140    2.5936791 -1.65465e+01 
 141    2.6504733 -1.65067e+01 
 142    2.7085111 -1.64599e+01 
 143    2.7678198 -1.64049e+01 
 144    2.8284271 -1.63442e+01 
 145    2.8903616 -1.62807e+01 
 146    2.9536523 -1.62176e+01 
 147    3.0183289 -1.61507e+01 
 148    3.0844217 -1.60892e+01 
 149    3.1519617 -1.60303e+01 
 150    3.2209807 -1.59728e+01 
 151    3.2915110 -1.59214e+01 
 152    3.3635857 -1.58738e+01 
 153    3.4372386 -1.58283e+01 
 154    3.5125043 -1.57889e+01 
 155    3.5894182 -1.57547e+01 
 156    3.6680162 -1.57267e+01 
 157    3.7483353 -1.57055e+01 
 158    3.8304131 -1.56901e+01 
 159    3.9142882 -1.56778e+01 
 160    4.0000000 -1.56754e+01 
 161    4.0875886 -1.56781e+01 
 162    4.1770951 -1.56847e+01 
 163    4.2685616 -1.56990e+01 
 164    4.3620309 -1.57154e+01 
 165    4.4575470 -1.57361e+01 
 166    4.5551545 -1.57543e+01 
 167    4.6548994 -1.57682e+01 
 168    4.7568285 -1.57829e+01 
 169    4.8609894 -1.57818e+01 
 170    4.9674312 -1.57692e+01 
 171    5.0762038 -1.57423e+01 
 172    5.1873582 -1.57060e+01 
 173    5.3009466 -1.56420e+01 
 174    5.4170222 -1.55583e+01 
 175    5.5356395 -1.54570e+01 
 176    5.6568542 -1.53282e+01 
 177    5.7807232 -1.51806e+01 
 178    5.9073046 -1.50155e+01 
 179    6.0366577 -1.48360e+01 
 180    6.1688433 -1.46493e+01 
 181    6.3039234 -1.44507e+01 
 182    6.4419613 -1.42630e+01 
 183    6.5830219 -1.40835e+01 
 184    6.7271713 -1.39008e+01 
 185    6.8744772 -1.37490e+01 
 186    7.0250086 -1.35906e+01 
 187    7.1788363 -1.34340e+01 
 188    7.3360323 -1.32910e+01 
 189    7.4966705 -1.31766e+01 


# J-band (filter: J_2MASS.dat)
   0    0.1250000 -1.37318e+01 
   1    0.1277371 -1.37479e+01 
   2    0.1305342 -1.37643e+01 
   3    0.1333926 -1.37812e+01 
   4    0.1363135 -1.37986e+01 
   5    0.1392983 -1.38110e+01 
   6    0.1423486 -1.38255e+01 
   7    0.1454656 -1.38363e+01 
   8    0.1486509 -1.38481e+01 
   9    0.1519059 -1.38590e+01 
  10    0.1552322 -1.38748e+01 
  11    0.1586314 -1.38925e+01 
  12    0.1621049 -1.39098e+01 
  13    0.1656546 -1.39301e+01 
  14    0.1692819 -1.39570e+01 
  15    0.1729887 -1.39820e+01 
  16    0.1767767 -1.40081e+01 
  17    0.1806476 -1.40363e+01 
  18    0.1846033 -1.40662e+01 
  19    0.1886456 -1.41062e+01 
  20    0.1927764 -1.41387e+01 
  21    0.1969976 -1.41790e+01 
  22    0.2013113 -1.42228e+01 
  23    0.2057194 -1.42759e+01 
  24    0.2102241 -1.43315e+01 
  25    0.2148274 -1.43981e+01 
  26    0.2195315 -1.44551e+01 
  27    0.2243386 -1.45207e+01 
  28    0.2292510 -1.45963e+01 
  29    0.2342710 -1.46683e+01 
  30    0.2394008 -1.47466e+01 
  31    0.2446430 -1.48253e+01 
  32    0.2500000 -1.49030e+01 
  33    0.2554743 -1.49822e+01 
  34    0.2610684 -1.50562e+01 
  35    0.2667851 -1.51255e+01 
  36    0.2726269 -1.51889e+01 
  37    0.2785967 -1.52541e+01 
  38    0.2846972 -1.53196e+01 
  39    0.2909312 -1.53736e+01 
  40    0.2973018 -1.54292e+01 
  41    0.3038118 -1.54825e+01 
  42    0.3104645 -1.55256e+01 
  43    0.3172627 -1.55657e+01 
  44    0.3242099 -1.55987e+01 
  45    0.3313092 -1.56321e+01 
  46    0.3385639 -1.56689e+01 
  47    0.3459775 -1.57059e+01 
  48    0.3535534 -1.57431e+01 
  49    0.3612952 -1.57764e+01 
  50    0.3692065 -1.58099e+01 
  51    0.3772911 -1.58562e+01 
  52    0.3855527 -1.59039e+01 
  53    0.3939952 -1.59526e+01 
  54    0.4026226 -1.59991e+01 
  55    0.4114389 -1.60529e+01 
  56    0.4204482 -1.60887e+01 
  57    0.4296548 -1.61223e+01 
  58    0.4390630 -1.61526e+01 
  59    0.4486773 -1.61869e+01 
  60    0.4585020 -1.62193e+01 
  61    0.4685419 -1.62548e+01 
  62    0.4788016 -1.62821e+01 
  63    0.4892860 -1.63099e+01 
  64    0.5000000 -1.63327e+01 
  65    0.5109486 -1.63568e+01 
  66    0.5221369 -1.63817e+01 
  67    0.5335702 -1.64060e+01 
  68    0.5452539 -1.64409e+01 
  69    0.5571934 -1.64723e+01 
  70    0.5693943 -1.65030e+01 
  71    0.5818624 -1.65335e+01 
  72    0.5946036 -1.65624e+01 
  73    0.6076237 -1.65889e+01 
  74    0.6209289 -1.66150e+01 
  75    0.6345255 -1.66417e+01 
  76    0.6484198 -1.66644e+01 
  77    0.6626183 -1.66871e+01 
  78    0.6771278 -1.67071e+01 
  79    0.6919549 -1.67282e+01 
  80    0.7071068 -1.67465e+01 
  81    0.7225904 -1.67673e+01 
  82    0.7384131 -1.67849e+01 
  83    0.7545822 -1.68028e+01 
  84    0.7711054 -1.68192e+01 
  85    0.7879904 -1.68358e+01 
  86    0.8052452 -1.68491e+01 
  87    0.8228777 -1.68631e+01 
  88    0.8408964 -1.68755e+01 
  89    0.8593096 -1.68862e+01 
  90    0.8781261 -1.68975e+01 
  91    0.8973545 -1.69053e+01 
  92    0.9170040 -1.69139e+01 
  93    0.9370838 -1.69197e+01 
  94    0.9576033 -1.69254e+01 
  95    0.9785721 -1.69287e+01 
  96    1.0000000 -1.69318e+01 
  97    1.0218971 -1.69318e+01 
  98    1.0442738 -1.69311e+01 
  99    1.0671404 -1.69301e+01 
 100    1.0905077 -1.69282e+01 
 101    1.1143867 -1.69251e+01 
 102    1.1387886 -1.69207e+01 
 103    1.1637249 -1.69157e+01 
 104    1.1892071 -1.69081e+01 
 105    1.2152474 -1.69012e+01 
 106    1.2418578 -1.68932e+01 
 107    1.2690510 -1.68862e+01 
 108    1.2968396 -1.68776e+01 
 109    1.3252366 -1.68691e+01 
 110    1.3542555 -1.68593e+01 
 111    1.3839099 -1.68489e+01 
 112    1.4142136 -1.68386e+01 
 113    1.4451808 -1.68281e+01 
 114    1.4768261 -1.68168e+01 
 115    1.5091644 -1.68052e+01 
 116    1.5422108 -1.67930e+01 
 117    1.5759808 -1.67793e+01 
 118    1.6104903 -1.67645e+01 
 119    1.6457555 -1.67476e+01 
 120    1.6817928 -1.67296e+01 
 121    1.7186193 -1.67119e+01 
 122    1.7562522 -1.66939e+01 
 123    1.7947091 -1.66747e+01 
 124    1.8340081 -1.66557e+01 
 125    1.8741676 -1.66354e+01 
 126    1.9152066 -1.66166e+01 
 127    1.9571441 -1.65977e+01 
 128    2.0000000 -1.65790e+01 
 129    2.0437943 -1.65621e+01 
 130    2.0885476 -1.65473e+01 
 131    2.1342808 -1.65327e+01 
 132    2.1810155 -1.65185e+01 
 133    2.2287735 -1.65017e+01 
 134    2.2775773 -1.64854e+01 
 135    2.3274497 -1.64659e+01 
 136    2.3784142 -1.64467e+01 
 137    2.4304947 -1.64285e+01 
 138    2.4837156 -1.64118e+01 
 139    2.5381019 -1.63973e+01 
 140    2.5936791 -1.63808e+01 
 141    2.6504733 -1.63678e+01 
 142    2.7085111 -1.63540e+01 
 143    2.7678198 -1.63400e+01 
 144    2.8284271 -1.63234e+01 
 145    2.8903616 -1.63057e+01 
 146    2.9536523 -1.62874e+01 
 147    3.0183289 -1.62691e+01 
 148    3.0844217 -1.62455e+01 
 149    3.1519617 -1.62170e+01 
 150    3.2209807 -1.61851e+01 
 151    3.2915110 -1.61466e+01 
 152    3.3635857 -1.61042e+01 
 153    3.4372386 -1.60571e+01 
 154    3.5125043 -1.60071e+01 
 155    3.5894182 -1.59549e+01 
 156    3.6680162 -1.59007e+01 
 157    3.7483353 -1.58476e+01 
 158    3.8304131 -1.57953e+01 
 159    3.9142882 -1.57425e+01 
 160    4.0000000 -1.56936e+01 
 161    4.0875886 -1.56484e+01 
 162    4.1770951 -1.56049e+01 
 163    4.2685616 -1.55684e+01 
 164    4.3620309 -1.55379e+01 
 165    4.4575470 -1.55107e+01 
 166    4.5551545 -1.54961e+01 
 167    4.6548994 -1.54913e+01 
 168    4.7568285 -1.54922e+01 
 169    4.8609894 -1.55106e+01 
 170    4.9674312 -1.55395e+01 
 171    5.0762038 -1.55780e+01 
 172    5.1873582 -1.56258e+01 
 173    5.3009466 -1.56833e+01 
 174    5.4170222 -1.57461e+01 
 175    5.5356395 -1.58171e+01 
 176    5.6568542 -1.58843e+01 
 177    5.7807232 -1.59484e+01 
 178    5.9073046 -1.60142e+01 
 179    6.0366577 -1.60617e+01 
 180    6.1688433 -1.60949e+01 
 181    6.3039234 -1.61209e+01 
 182    6.4419613 -1.61163e+01 
 183    6.5830219 -1.60899e+01 
 184    6.7271713 -1.60476e+01 
 185    6.8744772 -1.59675e+01 
 186    7.0250086 -1.58798e+01 
 187    7.1788363 -1.57807e+01 
 188    7.3360323 -1.56621e+01 
 189    7.4966705 -1.55130e+01 


# H-band (filter: H_2MASS.dat)
   0    0.1250000 -1.30552e+01 
   1    0.1277371 -1.30753e+01 
   2    0.1305342 -1.30959e+01 
   3    0.1333926 -1.31169e+01 
   4    0.1363135 -1.31481e+01 
   5    0.1392983 -1.31773e+01 
   6    0.1423486 -1.31996e+01 
   7    0.1454656 -1.32340e+01 
   8    0.1486509 -1.32900e+01 
   9    0.1519059 -1.33274e+01 
  10    0.1552322 -1.33866e+01 
  11    0.1586314 -1.34417e+01 
  12    0.1621049 -1.34813e+01 
  13    0.1656546 -1.35431e+01 
  14    0.1692819 -1.35950e+01 
  15    0.1729887 -1.36586e+01 
  16    0.1767767 -1.37011e+01 
  17    0.1806476 -1.37552e+01 
  18    0.1846033 -1.38146e+01 
  19    0.1886456 -1.38692e+01 
  20    0.1927764 -1.39414e+01 
  21    0.1969976 -1.40105e+01 
  22    0.2013113 -1.40879e+01 
  23    0.2057194 -1.41849e+01 
  24    0.2102241 -1.42817e+01 
  25    0.2148274 -1.43506e+01 
  26    0.2195315 -1.44320e+01 
  27    0.2243386 -1.45174e+01 
  28    0.2292510 -1.46091e+01 
  29    0.2342710 -1.46948e+01 
  30    0.2394008 -1.47880e+01 
  31    0.2446430 -1.48772e+01 
  32    0.2500000 -1.49560e+01 
  33    0.2554743 -1.50375e+01 
  34    0.2610684 -1.51146e+01 
  35    0.2667851 -1.51893e+01 
  36    0.2726269 -1.52616e+01 
  37    0.2785967 -1.53418e+01 
  38    0.2846972 -1.54195e+01 
  39    0.2909312 -1.54959e+01 
  40    0.2973018 -1.55732e+01 
  41    0.3038118 -1.56518e+01 
  42    0.3104645 -1.57210e+01 
  43    0.3172627 -1.57955e+01 
  44    0.3242099 -1.58611e+01 
  45    0.3313092 -1.59220e+01 
  46    0.3385639 -1.59895e+01 
  47    0.3459775 -1.60481e+01 
  48    0.3535534 -1.61058e+01 
  49    0.3612952 -1.61600e+01 
  50    0.3692065 -1.62050e+01 
  51    0.3772911 -1.62488e+01 
  52    0.3855527 -1.62956e+01 
  53    0.3939952 -1.63337e+01 
  54    0.4026226 -1.63676e+01 
  55    0.4114389 -1.63976e+01 
  56    0.4204482 -1.64271e+01 
  57    0.4296548 -1.64532e+01 
  58    0.4390630 -1.64714e+01 
  59    0.4486773 -1.64911e+01 
  60    0.4585020 -1.65068e+01 
  61    0.4685419 -1.65181e+01 
  62    0.4788016 -1.65289e+01 
  63    0.4892860 -1.65368e+01 
  64    0.5000000 -1.65381e+01 
  65    0.5109486 -1.65417e+01 
  66    0.5221369 -1.65479e+01 
  67    0.5335702 -1.65495e+01 
  68    0.5452539 -1.65471e+01 
  69    0.5571934 -1.65450e+01 
  70    0.5693943 -1.65420e+01 
  71    0.5818624 -1.65353e+01 
  72    0.5946036 -1.65281e+01 
  73    0.6076237 -1.65216e+01 
  74    0.6209289 -1.65143e+01 
  75    0.6345255 -1.65041e+01 
  76    0.6484198 -1.64947e+01 
  77    0.6626183 -1.64821e+01 
  78    0.6771278 -1.64674e+01 
  79    0.6919549 -1.64559e+01 
  80    0.7071068 -1.64436e+01 
  81    0.7225904 -1.64311e+01 
  82    0.7384131 -1.64178e+01 
  83    0.7545822 -1.64055e+01 
  84    0.7711054 -1.63919e+01 
  85    0.7879904 -1.63775e+01 
  86    0.8052452 -1.63603e+01 
  87    0.8228777 -1.63454e+01 
  88    0.8408964 -1.63281e+01 
  89    0.8593096 -1.63129e+01 
  90    0.8781261 -1.62966e+01 
  91    0.8973545 -1.62789e+01 
  92    0.9170040 -1.62586e+01 
  93    0.9370838 -1.62381e+01 
  94    0.9576033 -1.62172e+01 
  95    0.9785721 -1.61968e+01 
  96    1.0000000 -1.61741e+01 
  97    1.0218971 -1.61543e+01 
  98    1.0442738 -1.61355e+01 
  99    1.0671404 -1.61159e+01 
 100    1.0905077 -1.60977e+01 
 101    1.1143867 -1.60762e+01 
 102    1.1387886 -1.60549e+01 
 103    1.1637249 -1.60369e+01 
 104    1.1892071 -1.60178e+01 
 105    1.2152474 -1.60018e+01 
 106    1.2418578 -1.59855e+01 
 107    1.2690510 -1.59687e+01 
 108    1.2968396 -1.59535e+01 
 109    1.3252366 -1.59365e+01 
 110    1.3542555 -1.59201e+01 
 111    1.3839099 -1.59038e+01 
 112    1.4142136 -1.58899e+01 
 113    1.4451808 -1.58824e+01 
 114    1.4768261 -1.58731e+01 
 115    1.5091644 -1.58641e+01 
 116    1.5422108 -1.58580e+01 
 117    1.5759808 -1.58511e+01 
 118    1.6104903 -1.58458e+01 
 119    1.6457555 -1.58422e+01 
 120    1.6817928 -1.58391e+01 
 121    1.7186193 -1.58375e+01 
 122    1.7562522 -1.58365e+01 
 123    1.7947091 -1.58384e+01 
 124    1.8340081 -1.58369e+01 
 125    1.8741676 -1.58369e+01 
 126    1.9152066 -1.58376e+01 
 127    1.9571441 -1.58382e+01 
 128    2.0000000 -1.58405e+01 
 129    2.0437943 -1.58442e+01 
 130    2.0885476 -1.58483e+01 
 131    2.1342808 -1.58529e+01 
 132    2.1810155 -1.58581e+01 
 133    2.2287735 -1.58633e+01 
 134    2.2775773 -1.58689e+01 
 135    2.3274497 -1.58738e+01 
 136    2.3784142 -1.58800e+01 
 137    2.4304947 -1.58864e+01 
 138    2.4837156 -1.58934e+01 
 139    2.5381019 -1.59012e+01 
 140    2.5936791 -1.59081e+01 
 141    2.6504733 -1.59156e+01 
 142    2.7085111 -1.59232e+01 
 143    2.7678198 -1.59306e+01 
 144    2.8284271 -1.59375e+01 
 145    2.8903616 -1.59456e+01 
 146    2.9536523 -1.59536e+01 
 147    3.0183289 -1.59618e+01 
 148    3.0844217 -1.59708e+01 
 149    3.1519617 -1.59793e+01 
 150    3.2209807 -1.59875e+01 
 151    3.2915110 -1.59955e+01 
 152    3.3635857 -1.60026e+01 
 153    3.4372386 -1.60102e+01 
 154    3.5125043 -1.60149e+01 
 155    3.5894182 -1.60183e+01 
 156    3.6680162 -1.60204e+01 
 157    3.7483353 -1.60172e+01 
 158    3.8304131 -1.60103e+01 
 159    3.9142882 -1.60010e+01 
 160    4.0000000 -1.59829e+01 
 161    4.0875886 -1.59602e+01 
 162    4.1770951 -1.59335e+01 
 163    4.2685616 -1.58985e+01 
 164    4.3620309 -1.58585e+01 
 165    4.4575470 -1.58132e+01 
 166    4.5551545 -1.57633e+01 
 167    4.6548994 -1.57105e+01 
 168    4.7568285 -1.56536e+01 
 169    4.8609894 -1.55975e+01 
 170    4.9674312 -1.55413e+01 
 171    5.0762038 -1.54858e+01 
 172    5.1873582 -1.54296e+01 
 173    5.3009466 -1.53777e+01 
 174    5.4170222 -1.53283e+01 
 175    5.5356395 -1.52819e+01 
 176    5.6568542 -1.52419e+01 
 177    5.7807232 -1.52081e+01 
 178    5.9073046 -1.51783e+01 
 179    6.0366577 -1.51587e+01 
 180    6.1688433 -1.51487e+01 
 181    6.3039234 -1.51431e+01 
 182    6.4419613 -1.51542e+01 
 183    6.5830219 -1.51758e+01 
 184    6.7271713 -1.52047e+01 
 185    6.8744772 -1.52487e+01 
 186    7.0250086 -1.52951e+01 
 187    7.1788363 -1.53492e+01 
 188    7.3360323 -1.54123e+01 
 189    7.4966705 -1.54890e+01 


# K-band (filter: Ks_mosfire.dat)
   0    0.1250000 -1.23224e+01 
   1    0.1277371 -1.23676e+01 
   2    0.1305342 -1.24139e+01 
   3    0.1333926 -1.24611e+01 
   4    0.1363135 -1.25171e+01 
   5    0.1392983 -1.25410e+01 
   6    0.1423486 -1.25833e+01 
   7    0.1454656 -1.26240e+01 
   8    0.1486509 -1.26779e+01 
   9    0.1519059 -1.27393e+01 
  10    0.1552322 -1.27928e+01 
  11    0.1586314 -1.28660e+01 
  12    0.1621049 -1.29607e+01 
  13    0.1656546 -1.30722e+01 
  14    0.1692819 -1.31704e+01 
  15    0.1729887 -1.32828e+01 
  16    0.1767767 -1.33951e+01 
  17    0.1806476 -1.35285e+01 
  18    0.1846033 -1.36590e+01 
  19    0.1886456 -1.37917e+01 
  20    0.1927764 -1.39072e+01 
  21    0.1969976 -1.40321e+01 
  22    0.2013113 -1.41244e+01 
  23    0.2057194 -1.42027e+01 
  24    0.2102241 -1.42769e+01 
  25    0.2148274 -1.43432e+01 
  26    0.2195315 -1.43972e+01 
  27    0.2243386 -1.44585e+01 
  28    0.2292510 -1.45240e+01 
  29    0.2342710 -1.45863e+01 
  30    0.2394008 -1.46406e+01 
  31    0.2446430 -1.47002e+01 
  32    0.2500000 -1.47565e+01 
  33    0.2554743 -1.48230e+01 
  34    0.2610684 -1.49018e+01 
  35    0.2667851 -1.49766e+01 
  36    0.2726269 -1.50519e+01 
  37    0.2785967 -1.51263e+01 
  38    0.2846972 -1.52000e+01 
  39    0.2909312 -1.52686e+01 
  40    0.2973018 -1.53381e+01 
  41    0.3038118 -1.54020e+01 
  42    0.3104645 -1.54665e+01 
  43    0.3172627 -1.55225e+01 
  44    0.3242099 -1.55799e+01 
  45    0.3313092 -1.56325e+01 
  46    0.3385639 -1.56811e+01 
  47    0.3459775 -1.57299e+01 
  48    0.3535534 -1.57702e+01 
  49    0.3612952 -1.58160e+01 
  50    0.3692065 -1.58553e+01 
  51    0.3772911 -1.58870e+01 
  52    0.3855527 -1.59174e+01 
  53    0.3939952 -1.59479e+01 
  54    0.4026226 -1.59678e+01 
  55    0.4114389 -1.59935e+01 
  56    0.4204482 -1.60137e+01 
  57    0.4296548 -1.60247e+01 
  58    0.4390630 -1.60344e+01 
  59    0.4486773 -1.60430e+01 
  60    0.4585020 -1.60504e+01 
  61    0.4685419 -1.60528e+01 
  62    0.4788016 -1.60564e+01 
  63    0.4892860 -1.60575e+01 
  64    0.5000000 -1.60548e+01 
  65    0.5109486 -1.60480e+01 
  66    0.5221369 -1.60387e+01 
  67    0.5335702 -1.60254e+01 
  68    0.5452539 -1.60146e+01 
  69    0.5571934 -1.60033e+01 
  70    0.5693943 -1.59920e+01 
  71    0.5818624 -1.59749e+01 
  72    0.5946036 -1.59567e+01 
  73    0.6076237 -1.59361e+01 
  74    0.6209289 -1.59128e+01 
  75    0.6345255 -1.58896e+01 
  76    0.6484198 -1.58635e+01 
  77    0.6626183 -1.58383e+01 
  78    0.6771278 -1.58138e+01 
  79    0.6919549 -1.57902e+01 
  80    0.7071068 -1.57643e+01 
  81    0.7225904 -1.57409e+01 
  82    0.7384131 -1.57140e+01 
  83    0.7545822 -1.56854e+01 
  84    0.7711054 -1.56598e+01 
  85    0.7879904 -1.56323e+01 
  86    0.8052452 -1.56073e+01 
  87    0.8228777 -1.55778e+01 
  88    0.8408964 -1.55513e+01 
  89    0.8593096 -1.55213e+01 
  90    0.8781261 -1.54923e+01 
  91    0.8973545 -1.54603e+01 
  92    0.9170040 -1.54244e+01 
  93    0.9370838 -1.53869e+01 
  94    0.9576033 -1.53492e+01 
  95    0.9785721 -1.53096e+01 
  96    1.0000000 -1.52687e+01 
  97    1.0218971 -1.52254e+01 
  98    1.0442738 -1.51829e+01 
  99    1.0671404 -1.51405e+01 
 100    1.0905077 -1.50944e+01 
 101    1.1143867 -1.50499e+01 
 102    1.1387886 -1.50031e+01 
 103    1.1637249 -1.49560e+01 
 104    1.1892071 -1.49111e+01 
 105    1.2152474 -1.48659e+01 
 106    1.2418578 -1.48210e+01 
 107    1.2690510 -1.47732e+01 
 108    1.2968396 -1.47319e+01 
 109    1.3252366 -1.46873e+01 
 110    1.3542555 -1.46408e+01 
 111    1.3839099 -1.45941e+01 
 112    1.4142136 -1.45491e+01 
 113    1.4451808 -1.45055e+01 
 114    1.4768261 -1.44605e+01 
 115    1.5091644 -1.44161e+01 
 116    1.5422108 -1.43716e+01 
 117    1.5759808 -1.43218e+01 
 118    1.6104903 -1.42736e+01 
 119    1.6457555 -1.42225e+01 
 120    1.6817928 -1.41696e+01 
 121    1.7186193 -1.41176e+01 
 122    1.7562522 -1.40637e+01 
 123    1.7947091 -1.40134e+01 
 124    1.8340081 -1.39561e+01 
 125    1.8741676 -1.38994e+01 
 126    1.9152066 -1.38417e+01 
 127    1.9571441 -1.37811e+01 
 128    2.0000000 -1.37223e+01 
 129    2.0437943 -1.36621e+01 
 130    2.0885476 -1.36053e+01 
 131    2.1342808 -1.35518e+01 
 132    2.1810155 -1.34890e+01 
 133    2.2287735 -1.34227e+01 
 134    2.2775773 -1.33485e+01 
 135    2.3274497 -1.32659e+01 
 136    2.3784142 -1.31852e+01 
 137    2.4304947 -1.30997e+01 
 138    2.4837156 -1.30158e+01 
 139    2.5381019 -1.29308e+01 
 140    2.5936791 -1.28457e+01 
 141    2.6504733 -1.27685e+01 
 142    2.7085111 -1.26978e+01 
 143    2.7678198 -1.26210e+01 
 144    2.8284271 -1.25497e+01 
 145    2.8903616 -1.24772e+01 
 146    2.9536523 -1.24247e+01 
 147    3.0183289 -1.23708e+01 
 148    3.0844217 -1.23244e+01 
 149    3.1519617 -1.22932e+01 
 150    3.2209807 -1.22578e+01 
 151    3.2915110 -1.22350e+01 
 152    3.3635857 -1.22155e+01 
 153    3.4372386 -1.21995e+01 
 154    3.5125043 -1.21952e+01 
 155    3.5894182 -1.21997e+01 
 156    3.6680162 -1.22105e+01 
 157    3.7483353 -1.22325e+01 
 158    3.8304131 -1.22563e+01 
 159    3.9142882 -1.22870e+01 
 160    4.0000000 -1.23269e+01 
 161    4.0875886 -1.23653e+01 
 162    4.1770951 -1.24138e+01 
 163    4.2685616 -1.24632e+01 
 164    4.3620309 -1.25133e+01 
 165    4.4575470 -1.25666e+01 
 166    4.5551545 -1.26151e+01 
 167    4.6548994 -1.26652e+01 
 168    4.7568285 -1.27190e+01 
 169    4.8609894 -1.27699e+01 
 170    4.9674312 -1.28179e+01 
 171    5.0762038 -1.28634e+01 
 172    5.1873582 -1.29068e+01 
 173    5.3009466 -1.29445e+01 
 174    5.4170222 -1.29799e+01 
 175    5.5356395 -1.30127e+01 
 176    5.6568542 -1.30436e+01 
 177    5.7807232 -1.30710e+01 
 178    5.9073046 -1.30941e+01 
 179    6.0366577 -1.31120e+01 
 180    6.1688433 -1.31246e+01 
 181    6.3039234 -1.31327e+01 
 182    6.4419613 -1.31341e+01 
 183    6.5830219 -1.31308e+01 
 184    6.7271713 -1.31251e+01 
 185    6.8744772 -1.31104e+01 
 186    7.0250086 -1.30947e+01 
 187    7.1788363 -1.30756e+01 
 188    7.3360323 -1.30515e+01 
 189    7.4966705 -1.30207e+01 


# S-band (filter: Spitzer_IRAC2.dat)
   0    0.1250000 -1.16400e+01 
   1    0.1277371 -1.17278e+01 
   2    0.1305342 -1.18176e+01 
   3    0.1333926 -1.19093e+01 
   4    0.1363135 -1.20910e+01 
   5    0.1392983 -1.21794e+01 
   6    0.1423486 -1.23668e+01 
   7    0.1454656 -1.25360e+01 
   8    0.1486509 -1.26935e+01 
   9    0.1519059 -1.28224e+01 
  10    0.1552322 -1.29829e+01 
  11    0.1586314 -1.31390e+01 
  12    0.1621049 -1.33213e+01 
  13    0.1656546 -1.34614e+01 
  14    0.1692819 -1.36445e+01 
  15    0.1729887 -1.37689e+01 
  16    0.1767767 -1.38618e+01 
  17    0.1806476 -1.39740e+01 
  18    0.1846033 -1.40395e+01 
  19    0.1886456 -1.41246e+01 
  20    0.1927764 -1.42000e+01 
  21    0.1969976 -1.42762e+01 
  22    0.2013113 -1.43388e+01 
  23    0.2057194 -1.44107e+01 
  24    0.2102241 -1.44741e+01 
  25    0.2148274 -1.45369e+01 
  26    0.2195315 -1.45739e+01 
  27    0.2243386 -1.46010e+01 
  28    0.2292510 -1.46367e+01 
  29    0.2342710 -1.46684e+01 
  30    0.2394008 -1.47038e+01 
  31    0.2446430 -1.47194e+01 
  32    0.2500000 -1.47430e+01 
  33    0.2554743 -1.47448e+01 
  34    0.2610684 -1.47599e+01 
  35    0.2667851 -1.47608e+01 
  36    0.2726269 -1.47636e+01 
  37    0.2785967 -1.47663e+01 
  38    0.2846972 -1.47712e+01 
  39    0.2909312 -1.47610e+01 
  40    0.2973018 -1.47544e+01 
  41    0.3038118 -1.47437e+01 
  42    0.3104645 -1.47379e+01 
  43    0.3172627 -1.47218e+01 
  44    0.3242099 -1.47010e+01 
  45    0.3313092 -1.46916e+01 
  46    0.3385639 -1.46650e+01 
  47    0.3459775 -1.46508e+01 
  48    0.3535534 -1.46272e+01 
  49    0.3612952 -1.45978e+01 
  50    0.3692065 -1.45684e+01 
  51    0.3772911 -1.45470e+01 
  52    0.3855527 -1.45148e+01 
  53    0.3939952 -1.44896e+01 
  54    0.4026226 -1.44560e+01 
  55    0.4114389 -1.44249e+01 
  56    0.4204482 -1.43809e+01 
  57    0.4296548 -1.43448e+01 
  58    0.4390630 -1.43045e+01 
  59    0.4486773 -1.42693e+01 
  60    0.4585020 -1.42396e+01 
  61    0.4685419 -1.41962e+01 
  62    0.4788016 -1.41546e+01 
  63    0.4892860 -1.41068e+01 
  64    0.5000000 -1.40580e+01 
  65    0.5109486 -1.39949e+01 
  66    0.5221369 -1.39451e+01 
  67    0.5335702 -1.38980e+01 
  68    0.5452539 -1.38415e+01 
  69    0.5571934 -1.37842e+01 
  70    0.5693943 -1.37268e+01 
  71    0.5818624 -1.36632e+01 
  72    0.5946036 -1.36104e+01 
  73    0.6076237 -1.35458e+01 
  74    0.6209289 -1.34995e+01 
  75    0.6345255 -1.34396e+01 
  76    0.6484198 -1.33880e+01 
  77    0.6626183 -1.33439e+01 
  78    0.6771278 -1.32923e+01 
  79    0.6919549 -1.32373e+01 
  80    0.7071068 -1.31909e+01 
  81    0.7225904 -1.31486e+01 
  82    0.7384131 -1.31083e+01 
  83    0.7545822 -1.30523e+01 
  84    0.7711054 -1.30088e+01 
  85    0.7879904 -1.29659e+01 
  86    0.8052452 -1.29098e+01 
  87    0.8228777 -1.28623e+01 
  88    0.8408964 -1.28082e+01 
  89    0.8593096 -1.27538e+01 
  90    0.8781261 -1.27072e+01 
  91    0.8973545 -1.26551e+01 
  92    0.9170040 -1.26055e+01 
  93    0.9370838 -1.25541e+01 
  94    0.9576033 -1.24915e+01 
  95    0.9785721 -1.24450e+01 
  96    1.0000000 -1.23977e+01 
  97    1.0218971 -1.23447e+01 
  98    1.0442738 -1.23029e+01 
  99    1.0671404 -1.22384e+01 
 100    1.0905077 -1.21799e+01 
 101    1.1143867 -1.21315e+01 
 102    1.1387886 -1.20874e+01 
 103    1.1637249 -1.20400e+01 
 104    1.1892071 -1.19976e+01 
 105    1.2152474 -1.19321e+01 
 106    1.2418578 -1.18805e+01 
 107    1.2690510 -1.18294e+01 
 108    1.2968396 -1.17866e+01 
 109    1.3252366 -1.17460e+01 
 110    1.3542555 -1.16938e+01 
 111    1.3839099 -1.16514e+01 
 112    1.4142136 -1.16287e+01 
 113    1.4451808 -1.15865e+01 
 114    1.4768261 -1.15445e+01 
 115    1.5091644 -1.15066e+01 
 116    1.5422108 -1.14496e+01 
 117    1.5759808 -1.14383e+01 
 118    1.6104903 -1.14018e+01 
 119    1.6457555 -1.13411e+01 
 120    1.6817928 -1.12740e+01 
 121    1.7186193 -1.12252e+01 
 122    1.7562522 -1.11741e+01 
 123    1.7947091 -1.11294e+01 
 124    1.8340081 -1.10766e+01 
 125    1.8741676 -1.10196e+01 
 126    1.9152066 -1.09839e+01 
 127    1.9571441 -1.09593e+01 
 128    2.0000000 -1.09142e+01 
 129    2.0437943 -1.08381e+01 
 130    2.0885476 -1.07838e+01 
 131    2.1342808 -1.07429e+01 
 132    2.1810155 -1.06920e+01 
 133    2.2287735 -1.06230e+01 
 134    2.2775773 -1.05624e+01 
 135    2.3274497 -1.04944e+01 
 136    2.3784142 -1.04263e+01 
 137    2.4304947 -1.03458e+01 
 138    2.4837156 -1.02644e+01 
 139    2.5381019 -1.01893e+01 
 140    2.5936791 -1.01341e+01 
 141    2.6504733 -1.00426e+01 
 142    2.7085111 -9.98293e+00 
 143    2.7678198 -9.90690e+00 
 144    2.8284271 -9.84300e+00 
 145    2.8903616 -9.78600e+00 
 146    2.9536523 -9.72909e+00 
 147    3.0183289 -9.66735e+00 
 148    3.0844217 -9.61308e+00 
 149    3.1519617 -9.55374e+00 
 150    3.2209807 -9.51099e+00 
 151    3.2915110 -9.44218e+00 
 152    3.3635857 -9.37215e+00 
 153    3.4372386 -9.30737e+00 
 154    3.5125043 -9.24288e+00 
 155    3.5894182 -9.20757e+00 
 156    3.6680162 -9.13547e+00 
 157    3.7483353 -9.07276e+00 
 158    3.8304131 -9.02809e+00 
 159    3.9142882 -8.98445e+00 
 160    4.0000000 -8.91656e+00 
 161    4.0875886 -8.85273e+00 
 162    4.1770951 -8.80194e+00 
 163    4.2685616 -8.73874e+00 
 164    4.3620309 -8.69137e+00 
 165    4.4575470 -8.65070e+00 
 166    4.5551545 -8.61453e+00 
 167    4.6548994 -8.57293e+00 
 168    4.7568285 -8.55001e+00 
 169    4.8609894 -8.52965e+00 
 170    4.9674312 -8.51056e+00 
 171    5.0762038 -8.51960e+00 
 172    5.1873582 -8.53305e+00 
 173    5.3009466 -8.56272e+00 
 174    5.4170222 -8.57415e+00 
 175    5.5356395 -8.60235e+00 
 176    5.6568542 -8.62985e+00 
 177    5.7807232 -8.67297e+00 
 178    5.9073046 -8.71043e+00 
 179    6.0366577 -8.75100e+00 
 180    6.1688433 -8.80010e+00 
 181    6.3039234 -8.82557e+00 
 182    6.4419613 -8.84557e+00 
 183    6.5830219 -8.85292e+00 
 184    6.7271713 -8.86271e+00 
 185    6.8744772 -8.85363e+00 
 186    7.0250086 -8.84984e+00 
 187    7.1788363 -8.84271e+00 
 188    7.3360323 -8.82146e+00 
 189    7.4966705 -8.78107e+00 


