# 1:iteration 2:time bin[s] 3-k:equiv. isotropic luminosity in k-th angular bin [erg/s]
# bolometric luminosity going in angular bin
   0    0.1250000  4.34912e+41 
   1    0.1277371  4.45371e+41 
   2    0.1305342  4.56060e+41 
   3    0.1333926  4.66983e+41 
   4    0.1363135  4.78743e+41 
   5    0.1392983  4.90499e+41 
   6    0.1423486  5.03226e+41 
   7    0.1454656  5.18689e+41 
   8    0.1486509  5.32882e+41 
   9    0.1519059  5.45961e+41 
  10    0.1552322  5.65354e+41 
  11    0.1586314  5.81549e+41 
  12    0.1621049  6.00411e+41 
  13    0.1656546  6.17925e+41 
  14    0.1692819  6.36463e+41 
  15    0.1729887  6.57561e+41 
  16    0.1767767  6.74467e+41 
  17    0.1806476  6.95486e+41 
  18    0.1846033  7.18628e+41 
  19    0.1886456  7.41117e+41 
  20    0.1927764  7.64446e+41 
  21    0.1969976  7.89230e+41 
  22    0.2013113  8.12288e+41 
  23    0.2057194  8.35557e+41 
  24    0.2102241  8.60535e+41 
  25    0.2148274  8.85910e+41 
  26    0.2195315  9.06716e+41 
  27    0.2243386  9.29595e+41 
  28    0.2292510  9.58853e+41 
  29    0.2342710  9.88179e+41 
  30    0.2394008  1.01293e+42 
  31    0.2446430  1.04253e+42 
  32    0.2500000  1.07215e+42 
  33    0.2554743  1.09643e+42 
  34    0.2610684  1.13054e+42 
  35    0.2667851  1.16447e+42 
  36    0.2726269  1.19977e+42 
  37    0.2785967  1.24591e+42 
  38    0.2846972  1.30244e+42 
  39    0.2909312  1.34365e+42 
  40    0.2973018  1.38849e+42 
  41    0.3038118  1.43406e+42 
  42    0.3104645  1.47354e+42 
  43    0.3172627  1.51732e+42 
  44    0.3242099  1.55874e+42 
  45    0.3313092  1.60582e+42 
  46    0.3385639  1.64704e+42 
  47    0.3459775  1.68908e+42 
  48    0.3535534  1.73496e+42 
  49    0.3612952  1.76828e+42 
  50    0.3692065  1.80269e+42 
  51    0.3772911  1.83978e+42 
  52    0.3855527  1.87648e+42 
  53    0.3939952  1.90561e+42 
  54    0.4026226  1.94581e+42 
  55    0.4114389  1.99612e+42 
  56    0.4204482  2.03116e+42 
  57    0.4296548  2.05343e+42 
  58    0.4390630  2.07344e+42 
  59    0.4486773  2.09694e+42 
  60    0.4585020  2.11728e+42 
  61    0.4685419  2.13337e+42 
  62    0.4788016  2.14914e+42 
  63    0.4892860  2.16237e+42 
  64    0.5000000  2.17735e+42 
  65    0.5109486  2.18408e+42 
  66    0.5221369  2.19138e+42 
  67    0.5335702  2.18501e+42 
  68    0.5452539  2.19192e+42 
  69    0.5571934  2.19519e+42 
  70    0.5693943  2.19692e+42 
  71    0.5818624  2.19579e+42 
  72    0.5946036  2.18836e+42 
  73    0.6076237  2.18153e+42 
  74    0.6209289  2.16942e+42 
  75    0.6345255  2.16187e+42 
  76    0.6484198  2.14835e+42 
  77    0.6626183  2.13249e+42 
  78    0.6771278  2.12082e+42 
  79    0.6919549  2.10899e+42 
  80    0.7071068  2.09248e+42 
  81    0.7225904  2.08010e+42 
  82    0.7384131  2.06477e+42 
  83    0.7545822  2.04866e+42 
  84    0.7711054  2.03312e+42 
  85    0.7879904  2.02059e+42 
  86    0.8052452  2.00695e+42 
  87    0.8228777  1.99364e+42 
  88    0.8408964  1.98335e+42 
  89    0.8593096  1.97633e+42 
  90    0.8781261  1.97274e+42 
  91    0.8973545  1.96565e+42 
  92    0.9170040  1.96417e+42 
  93    0.9370838  1.96924e+42 
  94    0.9576033  1.98107e+42 
  95    0.9785721  1.99100e+42 
  96    1.0000000  2.00371e+42 
  97    1.0218971  2.01949e+42 
  98    1.0442738  2.04576e+42 
  99    1.0671404  2.07920e+42 
 100    1.0905077  2.12206e+42 
 101    1.1143867  2.16097e+42 
 102    1.1387886  2.20255e+42 
 103    1.1637249  2.25476e+42 
 104    1.1892071  2.32563e+42 
 105    1.2152474  2.41779e+42 
 106    1.2418578  2.49556e+42 
 107    1.2690510  2.57229e+42 
 108    1.2968396  2.64512e+42 
 109    1.3252366  2.72297e+42 
 110    1.3542555  2.79049e+42 
 111    1.3839099  2.86900e+42 
 112    1.4142136  2.94901e+42 
 113    1.4451808  3.02309e+42 
 114    1.4768261  3.09989e+42 
 115    1.5091644  3.16811e+42 
 116    1.5422108  3.24320e+42 
 117    1.5759808  3.31302e+42 
 118    1.6104903  3.39325e+42 
 119    1.6457555  3.47282e+42 
 120    1.6817928  3.55479e+42 
 121    1.7186193  3.64508e+42 
 122    1.7562522  3.73917e+42 
 123    1.7947091  3.80776e+42 
 124    1.8340081  3.85106e+42 
 125    1.8741676  3.91151e+42 
 126    1.9152066  3.98285e+42 
 127    1.9571441  4.08515e+42 
 128    2.0000000  4.16996e+42 
 129    2.0437943  4.29847e+42 
 130    2.0885476  4.45927e+42 
 131    2.1342808  4.63019e+42 
 132    2.1810155  4.86670e+42 
 133    2.2287735  5.10215e+42 
 134    2.2775773  5.37577e+42 
 135    2.3274497  5.68952e+42 
 136    2.3784142  6.07913e+42 
 137    2.4304947  6.50725e+42 
 138    2.4837156  6.83917e+42 
 139    2.5381019  7.11475e+42 
 140    2.5936791  7.41473e+42 
 141    2.6504733  7.61224e+42 
 142    2.7085111  7.77008e+42 
 143    2.7678198  7.90817e+42 
 144    2.8284271  7.99106e+42 
 145    2.8903616  8.06830e+42 
 146    2.9536523  8.12947e+42 
 147    3.0183289  8.12387e+42 
 148    3.0844217  8.17846e+42 
 149    3.1519617  8.24687e+42 
 150    3.2209807  8.32556e+42 
 151    3.2915110  8.20455e+42 
 152    3.3635857  7.99454e+42 
 153    3.4372386  7.84049e+42 
 154    3.5125043  7.60095e+42 
 155    3.5894182  7.33776e+42 
 156    3.6680162  7.03741e+42 
 157    3.7483353  6.76474e+42 
 158    3.8304131  6.52103e+42 
 159    3.9142882  6.16886e+42 
 160    4.0000000  5.89030e+42 
 161    4.0875886  5.54170e+42 
 162    4.1770951  5.25637e+42 
 163    4.2685616  5.05667e+42 
 164    4.3620309  4.90938e+42 
 165    4.4575470  4.79673e+42 
 166    4.5551545  4.67593e+42 
 167    4.6548994  4.58057e+42 
 168    4.7568285  4.49704e+42 
 169    4.8609894  4.39100e+42 
 170    4.9674312  4.27134e+42 
 171    5.0762038  4.14300e+42 
 172    5.1873582  4.00260e+42 
 173    5.3009466  3.85768e+42 
 174    5.4170222  3.70469e+42 
 175    5.5356395  3.54029e+42 
 176    5.6568542  3.36969e+42 
 177    5.7807232  3.18827e+42 
 178    5.9073046  3.00244e+42 
 179    6.0366577  2.80758e+42 
 180    6.1688433  2.61005e+42 
 181    6.3039234  2.41148e+42 
 182    6.4419613  2.21064e+42 
 183    6.5830219  2.00998e+42 
 184    6.7271713  1.80318e+42 
 185    6.8744772  1.60613e+42 
 186    7.0250086  1.40285e+42 
 187    7.1788363  1.19154e+42 
 188    7.3360323  9.82018e+41 
 189    7.4966705  7.80236e+41 


# g-band (filter: g_LSST.dat)
   0    0.1250000  9.03680e+26 
   1    0.1277371  9.12949e+26 
   2    0.1305342  9.22421e+26 
   3    0.1333926  9.32100e+26 
   4    0.1363135  9.40872e+26 
   5    0.1392983  9.49355e+26 
   6    0.1423486  9.54976e+26 
   7    0.1454656  9.59297e+26 
   8    0.1486509  9.61751e+26 
   9    0.1519059  9.62729e+26 
  10    0.1552322  9.65548e+26 
  11    0.1586314  9.65359e+26 
  12    0.1621049  9.65135e+26 
  13    0.1656546  9.62378e+26 
  14    0.1692819  9.59738e+26 
  15    0.1729887  9.54374e+26 
  16    0.1767767  9.48543e+26 
  17    0.1806476  9.40877e+26 
  18    0.1846033  9.33280e+26 
  19    0.1886456  9.28312e+26 
  20    0.1927764  9.21401e+26 
  21    0.1969976  9.13164e+26 
  22    0.2013113  9.03889e+26 
  23    0.2057194  8.92300e+26 
  24    0.2102241  8.82676e+26 
  25    0.2148274  8.75103e+26 
  26    0.2195315  8.60936e+26 
  27    0.2243386  8.48105e+26 
  28    0.2292510  8.39418e+26 
  29    0.2342710  8.26667e+26 
  30    0.2394008  8.15522e+26 
  31    0.2446430  8.02248e+26 
  32    0.2500000  7.91070e+26 
  33    0.2554743  7.78528e+26 
  34    0.2610684  7.64652e+26 
  35    0.2667851  7.52288e+26 
  36    0.2726269  7.39339e+26 
  37    0.2785967  7.25814e+26 
  38    0.2846972  7.15740e+26 
  39    0.2909312  7.01734e+26 
  40    0.2973018  6.88996e+26 
  41    0.3038118  6.76002e+26 
  42    0.3104645  6.59081e+26 
  43    0.3172627  6.42261e+26 
  44    0.3242099  6.22630e+26 
  45    0.3313092  6.01569e+26 
  46    0.3385639  5.80882e+26 
  47    0.3459775  5.55004e+26 
  48    0.3535534  5.30061e+26 
  49    0.3612952  4.99947e+26 
  50    0.3692065  4.76746e+26 
  51    0.3772911  4.52042e+26 
  52    0.3855527  4.22674e+26 
  53    0.3939952  3.96657e+26 
  54    0.4026226  3.70909e+26 
  55    0.4114389  3.45160e+26 
  56    0.4204482  3.21873e+26 
  57    0.4296548  3.01498e+26 
  58    0.4390630  2.83322e+26 
  59    0.4486773  2.69226e+26 
  60    0.4585020  2.56775e+26 
  61    0.4685419  2.46942e+26 
  62    0.4788016  2.35736e+26 
  63    0.4892860  2.30123e+26 
  64    0.5000000  2.25587e+26 
  65    0.5109486  2.23088e+26 
  66    0.5221369  2.26378e+26 
  67    0.5335702  2.30845e+26 
  68    0.5452539  2.35394e+26 
  69    0.5571934  2.42674e+26 
  70    0.5693943  2.45721e+26 
  71    0.5818624  2.50655e+26 
  72    0.5946036  2.54649e+26 
  73    0.6076237  2.61813e+26 
  74    0.6209289  2.64210e+26 
  75    0.6345255  2.70308e+26 
  76    0.6484198  2.77965e+26 
  77    0.6626183  2.80928e+26 
  78    0.6771278  2.87379e+26 
  79    0.6919549  2.93646e+26 
  80    0.7071068  2.96371e+26 
  81    0.7225904  3.01535e+26 
  82    0.7384131  3.05202e+26 
  83    0.7545822  3.10918e+26 
  84    0.7711054  3.15672e+26 
  85    0.7879904  3.21893e+26 
  86    0.8052452  3.33004e+26 
  87    0.8228777  3.42644e+26 
  88    0.8408964  3.53150e+26 
  89    0.8593096  3.65667e+26 
  90    0.8781261  3.76264e+26 
  91    0.8973545  3.83920e+26 
  92    0.9170040  3.98349e+26 
  93    0.9370838  4.11810e+26 
  94    0.9576033  4.22640e+26 
  95    0.9785721  4.34944e+26 
  96    1.0000000  4.50439e+26 
  97    1.0218971  4.72584e+26 
  98    1.0442738  4.92742e+26 
  99    1.0671404  5.12691e+26 
 100    1.0905077  5.31433e+26 
 101    1.1143867  5.51603e+26 
 102    1.1387886  5.74045e+26 
 103    1.1637249  5.97202e+26 
 104    1.1892071  6.13422e+26 
 105    1.2152474  6.33824e+26 
 106    1.2418578  6.49382e+26 
 107    1.2690510  6.82164e+26 
 108    1.2968396  7.23364e+26 
 109    1.3252366  7.57242e+26 
 110    1.3542555  8.04397e+26 
 111    1.3839099  8.68264e+26 
 112    1.4142136  9.38846e+26 
 113    1.4451808  1.02979e+27 
 114    1.4768261  1.12781e+27 
 115    1.5091644  1.24854e+27 
 116    1.5422108  1.40927e+27 
 117    1.5759808  1.59909e+27 
 118    1.6104903  1.79881e+27 
 119    1.6457555  2.02957e+27 
 120    1.6817928  2.25666e+27 
 121    1.7186193  2.51014e+27 
 122    1.7562522  2.77784e+27 
 123    1.7947091  3.04700e+27 
 124    1.8340081  3.33652e+27 
 125    1.8741676  3.65492e+27 
 126    1.9152066  4.00906e+27 
 127    1.9571441  4.37725e+27 
 128    2.0000000  4.74885e+27 
 129    2.0437943  5.18003e+27 
 130    2.0885476  5.65341e+27 
 131    2.1342808  6.15348e+27 
 132    2.1810155  6.74063e+27 
 133    2.2287735  7.37811e+27 
 134    2.2775773  8.06555e+27 
 135    2.3274497  8.92001e+27 
 136    2.3784142  1.04244e+28 
 137    2.4304947  1.18989e+28 
 138    2.4837156  1.29562e+28 
 139    2.5381019  1.36615e+28 
 140    2.5936791  1.45530e+28 
 141    2.6504733  1.49627e+28 
 142    2.7085111  1.52904e+28 
 143    2.7678198  1.56452e+28 
 144    2.8284271  1.58298e+28 
 145    2.8903616  1.60274e+28 
 146    2.9536523  1.62227e+28 
 147    3.0183289  1.59716e+28 
 148    3.0844217  1.56578e+28 
 149    3.1519617  1.55868e+28 
 150    3.2209807  1.57893e+28 
 151    3.2915110  1.54751e+28 
 152    3.3635857  1.49927e+28 
 153    3.4372386  1.47168e+28 
 154    3.5125043  1.42942e+28 
 155    3.5894182  1.38227e+28 
 156    3.6680162  1.32861e+28 
 157    3.7483353  1.27915e+28 
 158    3.8304131  1.23751e+28 
 159    3.9142882  1.17352e+28 
 160    4.0000000  1.13103e+28 
 161    4.0875886  1.05954e+28 
 162    4.1770951  1.00211e+28 
 163    4.2685616  9.73569e+27 
 164    4.3620309  9.59609e+27 
 165    4.4575470  9.52249e+27 
 166    4.5551545  9.45205e+27 
 167    4.6548994  9.46370e+27 
 168    4.7568285  9.53377e+27 
 169    4.8609894  9.60513e+27 
 170    4.9674312  9.67102e+27 
 171    5.0762038  9.71903e+27 
 172    5.1873582  9.75768e+27 
 173    5.3009466  9.74633e+27 
 174    5.4170222  9.68436e+27 
 175    5.5356395  9.60344e+27 
 176    5.6568542  9.41073e+27 
 177    5.7807232  9.14220e+27 
 178    5.9073046  8.83036e+27 
 179    6.0366577  8.40917e+27 
 180    6.1688433  7.92883e+27 
 181    6.3039234  7.37900e+27 
 182    6.4419613  6.78368e+27 
 183    6.5830219  6.15906e+27 
 184    6.7271713  5.47675e+27 
 185    6.8744772  4.82922e+27 
 186    7.0250086  4.14321e+27 
 187    7.1788363  3.41761e+27 
 188    7.3360323  2.70159e+27 
 189    7.4966705  2.02369e+27 


# r-band (filter: r_LSST.dat)
   0    0.1250000  8.00327e+26 
   1    0.1277371  8.18413e+26 
   2    0.1305342  8.36894e+26 
   3    0.1333926  8.55780e+26 
   4    0.1363135  8.74980e+26 
   5    0.1392983  8.93542e+26 
   6    0.1423486  9.14714e+26 
   7    0.1454656  9.28271e+26 
   8    0.1486509  9.43537e+26 
   9    0.1519059  9.58869e+26 
  10    0.1552322  9.70858e+26 
  11    0.1586314  9.86359e+26 
  12    0.1621049  9.99247e+26 
  13    0.1656546  1.01996e+27 
  14    0.1692819  1.03329e+27 
  15    0.1729887  1.04480e+27 
  16    0.1767767  1.05145e+27 
  17    0.1806476  1.05271e+27 
  18    0.1846033  1.06527e+27 
  19    0.1886456  1.07170e+27 
  20    0.1927764  1.08185e+27 
  21    0.1969976  1.08429e+27 
  22    0.2013113  1.08759e+27 
  23    0.2057194  1.09269e+27 
  24    0.2102241  1.09619e+27 
  25    0.2148274  1.09276e+27 
  26    0.2195315  1.08951e+27 
  27    0.2243386  1.09099e+27 
  28    0.2292510  1.08733e+27 
  29    0.2342710  1.08686e+27 
  30    0.2394008  1.08086e+27 
  31    0.2446430  1.07384e+27 
  32    0.2500000  1.06835e+27 
  33    0.2554743  1.06171e+27 
  34    0.2610684  1.05533e+27 
  35    0.2667851  1.04434e+27 
  36    0.2726269  1.03356e+27 
  37    0.2785967  1.02643e+27 
  38    0.2846972  1.01699e+27 
  39    0.2909312  1.00783e+27 
  40    0.2973018  9.98439e+26 
  41    0.3038118  9.90853e+26 
  42    0.3104645  9.82900e+26 
  43    0.3172627  9.74970e+26 
  44    0.3242099  9.62315e+26 
  45    0.3313092  9.50770e+26 
  46    0.3385639  9.40967e+26 
  47    0.3459775  9.27098e+26 
  48    0.3535534  9.14427e+26 
  49    0.3612952  8.99976e+26 
  50    0.3692065  8.86645e+26 
  51    0.3772911  8.70877e+26 
  52    0.3855527  8.56400e+26 
  53    0.3939952  8.43950e+26 
  54    0.4026226  8.30480e+26 
  55    0.4114389  8.20467e+26 
  56    0.4204482  8.05374e+26 
  57    0.4296548  7.90144e+26 
  58    0.4390630  7.78672e+26 
  59    0.4486773  7.67323e+26 
  60    0.4585020  7.56883e+26 
  61    0.4685419  7.44054e+26 
  62    0.4788016  7.32321e+26 
  63    0.4892860  7.20992e+26 
  64    0.5000000  7.09501e+26 
  65    0.5109486  6.99963e+26 
  66    0.5221369  6.94069e+26 
  67    0.5335702  6.85750e+26 
  68    0.5452539  6.79800e+26 
  69    0.5571934  6.78137e+26 
  70    0.5693943  6.73781e+26 
  71    0.5818624  6.73177e+26 
  72    0.5946036  6.78655e+26 
  73    0.6076237  6.88014e+26 
  74    0.6209289  6.98323e+26 
  75    0.6345255  7.13858e+26 
  76    0.6484198  7.28096e+26 
  77    0.6626183  7.48981e+26 
  78    0.6771278  7.98291e+26 
  79    0.6919549  8.49682e+26 
  80    0.7071068  8.99200e+26 
  81    0.7225904  9.55403e+26 
  82    0.7384131  1.01004e+27 
  83    0.7545822  1.06074e+27 
  84    0.7711054  1.11611e+27 
  85    0.7879904  1.15969e+27 
  86    0.8052452  1.21757e+27 
  87    0.8228777  1.27079e+27 
  88    0.8408964  1.33009e+27 
  89    0.8593096  1.40576e+27 
  90    0.8781261  1.49644e+27 
  91    0.8973545  1.59297e+27 
  92    0.9170040  1.76223e+27 
  93    0.9370838  1.99116e+27 
  94    0.9576033  2.29824e+27 
  95    0.9785721  2.57415e+27 
  96    1.0000000  2.88553e+27 
  97    1.0218971  3.20869e+27 
  98    1.0442738  3.60677e+27 
  99    1.0671404  4.11111e+27 
 100    1.0905077  4.69750e+27 
 101    1.1143867  5.25791e+27 
 102    1.1387886  5.85213e+27 
 103    1.1637249  6.51167e+27 
 104    1.1892071  7.36771e+27 
 105    1.2152474  8.38199e+27 
 106    1.2418578  9.24384e+27 
 107    1.2690510  1.00733e+28 
 108    1.2968396  1.08059e+28 
 109    1.3252366  1.16248e+28 
 110    1.3542555  1.22820e+28 
 111    1.3839099  1.30251e+28 
 112    1.4142136  1.36931e+28 
 113    1.4451808  1.42318e+28 
 114    1.4768261  1.47797e+28 
 115    1.5091644  1.51864e+28 
 116    1.5422108  1.55770e+28 
 117    1.5759808  1.58176e+28 
 118    1.6104903  1.61273e+28 
 119    1.6457555  1.63248e+28 
 120    1.6817928  1.65593e+28 
 121    1.7186193  1.68157e+28 
 122    1.7562522  1.71634e+28 
 123    1.7947091  1.72189e+28 
 124    1.8340081  1.70454e+28 
 125    1.8741676  1.69639e+28 
 126    1.9152066  1.69101e+28 
 127    1.9571441  1.70841e+28 
 128    2.0000000  1.71050e+28 
 129    2.0437943  1.73704e+28 
 130    2.0885476  1.77687e+28 
 131    2.1342808  1.81724e+28 
 132    2.1810155  1.88765e+28 
 133    2.2287735  1.94281e+28 
 134    2.2775773  2.01424e+28 
 135    2.3274497  2.07536e+28 
 136    2.3784142  2.05958e+28 
 137    2.4304947  2.05356e+28 
 138    2.4837156  1.99743e+28 
 139    2.5381019  1.94667e+28 
 140    2.5936791  1.87513e+28 
 141    2.6504733  1.80855e+28 
 142    2.7085111  1.74112e+28 
 143    2.7678198  1.63391e+28 
 144    2.8284271  1.54510e+28 
 145    2.8903616  1.44528e+28 
 146    2.9536523  1.32640e+28 
 147    3.0183289  1.24044e+28 
 148    3.0844217  1.19116e+28 
 149    3.1519617  1.15492e+28 
 150    3.2209807  1.10681e+28 
 151    3.2915110  1.04198e+28 
 152    3.3635857  9.76513e+27 
 153    3.4372386  9.11417e+27 
 154    3.5125043  8.45290e+27 
 155    3.5894182  7.80705e+27 
 156    3.6680162  7.13049e+27 
 157    3.7483353  6.59301e+27 
 158    3.8304131  6.11331e+27 
 159    3.9142882  5.59669e+27 
 160    4.0000000  5.18185e+27 
 161    4.0875886  4.80931e+27 
 162    4.1770951  4.60289e+27 
 163    4.2685616  4.47350e+27 
 164    4.3620309  4.40242e+27 
 165    4.4575470  4.38218e+27 
 166    4.5551545  4.38639e+27 
 167    4.6548994  4.42160e+27 
 168    4.7568285  4.47249e+27 
 169    4.8609894  4.52573e+27 
 170    4.9674312  4.58104e+27 
 171    5.0762038  4.64486e+27 
 172    5.1873582  4.70848e+27 
 173    5.3009466  4.78748e+27 
 174    5.4170222  4.86674e+27 
 175    5.5356395  4.94706e+27 
 176    5.6568542  5.01765e+27 
 177    5.7807232  5.06654e+27 
 178    5.9073046  5.11648e+27 
 179    6.0366577  5.11390e+27 
 180    6.1688433  5.07860e+27 
 181    6.3039234  5.02560e+27 
 182    6.4419613  4.88897e+27 
 183    6.5830219  4.69929e+27 
 184    6.7271713  4.47172e+27 
 185    6.8744772  4.17455e+27 
 186    7.0250086  3.86378e+27 
 187    7.1788363  3.50148e+27 
 188    7.3360323  3.09519e+27 
 189    7.4966705  2.62708e+27 


# i-band (filter: i_LSST.dat)
   0    0.1250000  5.00469e+26 
   1    0.1277371  5.12964e+26 
   2    0.1305342  5.25733e+26 
   3    0.1333926  5.38781e+26 
   4    0.1363135  5.50581e+26 
   5    0.1392983  5.68404e+26 
   6    0.1423486  5.81207e+26 
   7    0.1454656  5.93880e+26 
   8    0.1486509  6.07260e+26 
   9    0.1519059  6.19711e+26 
  10    0.1552322  6.38914e+26 
  11    0.1586314  6.58480e+26 
  12    0.1621049  6.67986e+26 
  13    0.1656546  6.80631e+26 
  14    0.1692819  6.92257e+26 
  15    0.1729887  7.03523e+26 
  16    0.1767767  7.15118e+26 
  17    0.1806476  7.28110e+26 
  18    0.1846033  7.41451e+26 
  19    0.1886456  7.55053e+26 
  20    0.1927764  7.72202e+26 
  21    0.1969976  7.90328e+26 
  22    0.2013113  8.02675e+26 
  23    0.2057194  8.09440e+26 
  24    0.2102241  8.28094e+26 
  25    0.2148274  8.37087e+26 
  26    0.2195315  8.49223e+26 
  27    0.2243386  8.61377e+26 
  28    0.2292510  8.75607e+26 
  29    0.2342710  8.83196e+26 
  30    0.2394008  8.92588e+26 
  31    0.2446430  9.00759e+26 
  32    0.2500000  9.08227e+26 
  33    0.2554743  9.09710e+26 
  34    0.2610684  9.12214e+26 
  35    0.2667851  9.19205e+26 
  36    0.2726269  9.22789e+26 
  37    0.2785967  9.23104e+26 
  38    0.2846972  9.21283e+26 
  39    0.2909312  9.18330e+26 
  40    0.2973018  9.12898e+26 
  41    0.3038118  9.07210e+26 
  42    0.3104645  8.99428e+26 
  43    0.3172627  8.82839e+26 
  44    0.3242099  8.67379e+26 
  45    0.3313092  8.50539e+26 
  46    0.3385639  8.30062e+26 
  47    0.3459775  8.00954e+26 
  48    0.3535534  7.75560e+26 
  49    0.3612952  7.47453e+26 
  50    0.3692065  7.16601e+26 
  51    0.3772911  6.90279e+26 
  52    0.3855527  6.60787e+26 
  53    0.3939952  6.34032e+26 
  54    0.4026226  6.04591e+26 
  55    0.4114389  5.84082e+26 
  56    0.4204482  5.62213e+26 
  57    0.4296548  5.48731e+26 
  58    0.4390630  5.32248e+26 
  59    0.4486773  5.19680e+26 
  60    0.4585020  5.10516e+26 
  61    0.4685419  5.09232e+26 
  62    0.4788016  5.10490e+26 
  63    0.4892860  5.11197e+26 
  64    0.5000000  5.17915e+26 
  65    0.5109486  5.27820e+26 
  66    0.5221369  5.65573e+26 
  67    0.5335702  6.30626e+26 
  68    0.5452539  6.93827e+26 
  69    0.5571934  7.68869e+26 
  70    0.5693943  8.64965e+26 
  71    0.5818624  9.56601e+26 
  72    0.5946036  1.01272e+27 
  73    0.6076237  1.05913e+27 
  74    0.6209289  1.13511e+27 
  75    0.6345255  1.22045e+27 
  76    0.6484198  1.30125e+27 
  77    0.6626183  1.36178e+27 
  78    0.6771278  1.41744e+27 
  79    0.6919549  1.46211e+27 
  80    0.7071068  1.49563e+27 
  81    0.7225904  1.52323e+27 
  82    0.7384131  1.54374e+27 
  83    0.7545822  1.57254e+27 
  84    0.7711054  1.61472e+27 
  85    0.7879904  1.67579e+27 
  86    0.8052452  1.72528e+27 
  87    0.8228777  1.76783e+27 
  88    0.8408964  1.83069e+27 
  89    0.8593096  1.90412e+27 
  90    0.8781261  2.02648e+27 
  91    0.8973545  2.10606e+27 
  92    0.9170040  2.15726e+27 
  93    0.9370838  2.23682e+27 
  94    0.9576033  2.30701e+27 
  95    0.9785721  2.39556e+27 
  96    1.0000000  2.48219e+27 
  97    1.0218971  2.57921e+27 
  98    1.0442738  2.69170e+27 
  99    1.0671404  2.79451e+27 
 100    1.0905077  2.92768e+27 
 101    1.1143867  3.05607e+27 
 102    1.1387886  3.15263e+27 
 103    1.1637249  3.31020e+27 
 104    1.1892071  3.48651e+27 
 105    1.2152474  3.66653e+27 
 106    1.2418578  3.84688e+27 
 107    1.2690510  4.03034e+27 
 108    1.2968396  4.22515e+27 
 109    1.3252366  4.41604e+27 
 110    1.3542555  4.62083e+27 
 111    1.3839099  4.82511e+27 
 112    1.4142136  5.03928e+27 
 113    1.4451808  5.24961e+27 
 114    1.4768261  5.47323e+27 
 115    1.5091644  5.70133e+27 
 116    1.5422108  5.91861e+27 
 117    1.5759808  6.12859e+27 
 118    1.6104903  6.34710e+27 
 119    1.6457555  6.54823e+27 
 120    1.6817928  6.74552e+27 
 121    1.7186193  6.93987e+27 
 122    1.7562522  7.11861e+27 
 123    1.7947091  7.28813e+27 
 124    1.8340081  7.44905e+27 
 125    1.8741676  7.60174e+27 
 126    1.9152066  7.73614e+27 
 127    1.9571441  7.84442e+27 
 128    2.0000000  7.95470e+27 
 129    2.0437943  8.07281e+27 
 130    2.0885476  8.19248e+27 
 131    2.1342808  8.30952e+27 
 132    2.1810155  8.41629e+27 
 133    2.2287735  8.49018e+27 
 134    2.2775773  8.55443e+27 
 135    2.3274497  8.54571e+27 
 136    2.3784142  8.47798e+27 
 137    2.4304947  8.39574e+27 
 138    2.4837156  8.20380e+27 
 139    2.5381019  7.98038e+27 
 140    2.5936791  7.70823e+27 
 141    2.6504733  7.39088e+27 
 142    2.7085111  7.04506e+27 
 143    2.7678198  6.64218e+27 
 144    2.8284271  6.25944e+27 
 145    2.8903616  5.86900e+27 
 146    2.9536523  5.47408e+27 
 147    3.0183289  5.08368e+27 
 148    3.0844217  4.67200e+27 
 149    3.1519617  4.23333e+27 
 150    3.2209807  3.82476e+27 
 151    3.2915110  3.40133e+27 
 152    3.3635857  3.01900e+27 
 153    3.4372386  2.63345e+27 
 154    3.5125043  2.29648e+27 
 155    3.5894182  1.98624e+27 
 156    3.6680162  1.66503e+27 
 157    3.7483353  1.41882e+27 
 158    3.8304131  1.18933e+27 
 159    3.9142882  9.92066e+26 
 160    4.0000000  8.52795e+26 
 161    4.0875886  7.64587e+26 
 162    4.1770951  7.24033e+26 
 163    4.2685616  7.10858e+26 
 164    4.3620309  7.12387e+26 
 165    4.4575470  7.35179e+26 
 166    4.5551545  7.63922e+26 
 167    4.6548994  7.99566e+26 
 168    4.7568285  8.37685e+26 
 169    4.8609894  8.70464e+26 
 170    4.9674312  9.01295e+26 
 171    5.0762038  9.30107e+26 
 172    5.1873582  9.56498e+26 
 173    5.3009466  9.82204e+26 
 174    5.4170222  1.00712e+27 
 175    5.5356395  1.02780e+27 
 176    5.6568542  1.04834e+27 
 177    5.7807232  1.06380e+27 
 178    5.9073046  1.07732e+27 
 179    6.0366577  1.07829e+27 
 180    6.1688433  1.07269e+27 
 181    6.3039234  1.06490e+27 
 182    6.4419613  1.03822e+27 
 183    6.5830219  1.00186e+27 
 184    6.7271713  9.57780e+26 
 185    6.8744772  9.00156e+26 
 186    7.0250086  8.38695e+26 
 187    7.1788363  7.65276e+26 
 188    7.3360323  6.81624e+26 
 189    7.4966705  5.85120e+26 


# z-band (filter: z_LSST.dat)
   0    0.1250000  3.59111e+26 
   1    0.1277371  3.67887e+26 
   2    0.1305342  3.76856e+26 
   3    0.1333926  3.86021e+26 
   4    0.1363135  3.94901e+26 
   5    0.1392983  4.07174e+26 
   6    0.1423486  4.12501e+26 
   7    0.1454656  4.19756e+26 
   8    0.1486509  4.26922e+26 
   9    0.1519059  4.34812e+26 
  10    0.1552322  4.45135e+26 
  11    0.1586314  4.53164e+26 
  12    0.1621049  4.59566e+26 
  13    0.1656546  4.65902e+26 
  14    0.1692819  4.77848e+26 
  15    0.1729887  4.86559e+26 
  16    0.1767767  4.96751e+26 
  17    0.1806476  5.00407e+26 
  18    0.1846033  5.12608e+26 
  19    0.1886456  5.23179e+26 
  20    0.1927764  5.32423e+26 
  21    0.1969976  5.42362e+26 
  22    0.2013113  5.49682e+26 
  23    0.2057194  5.62451e+26 
  24    0.2102241  5.73120e+26 
  25    0.2148274  5.78667e+26 
  26    0.2195315  5.87534e+26 
  27    0.2243386  5.97042e+26 
  28    0.2292510  6.04666e+26 
  29    0.2342710  6.15332e+26 
  30    0.2394008  6.25639e+26 
  31    0.2446430  6.35033e+26 
  32    0.2500000  6.43779e+26 
  33    0.2554743  6.51873e+26 
  34    0.2610684  6.64552e+26 
  35    0.2667851  6.74493e+26 
  36    0.2726269  6.84112e+26 
  37    0.2785967  6.93603e+26 
  38    0.2846972  6.98235e+26 
  39    0.2909312  7.00317e+26 
  40    0.2973018  7.04432e+26 
  41    0.3038118  7.03103e+26 
  42    0.3104645  6.93396e+26 
  43    0.3172627  6.81896e+26 
  44    0.3242099  6.63570e+26 
  45    0.3313092  6.39394e+26 
  46    0.3385639  6.15221e+26 
  47    0.3459775  5.85878e+26 
  48    0.3535534  5.52652e+26 
  49    0.3612952  5.17385e+26 
  50    0.3692065  4.80042e+26 
  51    0.3772911  4.48052e+26 
  52    0.3855527  4.08478e+26 
  53    0.3939952  3.77095e+26 
  54    0.4026226  3.50322e+26 
  55    0.4114389  3.23719e+26 
  56    0.4204482  3.04571e+26 
  57    0.4296548  2.91413e+26 
  58    0.4390630  2.77599e+26 
  59    0.4486773  2.71953e+26 
  60    0.4585020  2.70285e+26 
  61    0.4685419  2.89778e+26 
  62    0.4788016  3.03922e+26 
  63    0.4892860  3.20573e+26 
  64    0.5000000  3.42242e+26 
  65    0.5109486  3.80105e+26 
  66    0.5221369  4.40920e+26 
  67    0.5335702  4.82488e+26 
  68    0.5452539  5.18021e+26 
  69    0.5571934  5.26341e+26 
  70    0.5693943  5.39177e+26 
  71    0.5818624  5.62297e+26 
  72    0.5946036  5.80327e+26 
  73    0.6076237  5.82505e+26 
  74    0.6209289  5.81002e+26 
  75    0.6345255  5.85839e+26 
  76    0.6484198  5.97467e+26 
  77    0.6626183  5.79307e+26 
  78    0.6771278  5.59571e+26 
  79    0.6919549  5.41709e+26 
  80    0.7071068  5.38956e+26 
  81    0.7225904  5.36440e+26 
  82    0.7384131  5.32291e+26 
  83    0.7545822  5.25593e+26 
  84    0.7711054  5.13376e+26 
  85    0.7879904  5.12023e+26 
  86    0.8052452  5.15423e+26 
  87    0.8228777  5.16590e+26 
  88    0.8408964  5.18983e+26 
  89    0.8593096  5.33016e+26 
  90    0.8781261  5.45736e+26 
  91    0.8973545  5.60042e+26 
  92    0.9170040  5.85771e+26 
  93    0.9370838  6.11653e+26 
  94    0.9576033  6.41069e+26 
  95    0.9785721  6.73589e+26 
  96    1.0000000  7.14261e+26 
  97    1.0218971  7.70854e+26 
  98    1.0442738  8.32206e+26 
  99    1.0671404  8.91106e+26 
 100    1.0905077  9.67126e+26 
 101    1.1143867  1.04646e+27 
 102    1.1387886  1.13237e+27 
 103    1.1637249  1.22727e+27 
 104    1.1892071  1.31495e+27 
 105    1.2152474  1.40638e+27 
 106    1.2418578  1.50532e+27 
 107    1.2690510  1.60432e+27 
 108    1.2968396  1.71763e+27 
 109    1.3252366  1.82116e+27 
 110    1.3542555  1.93967e+27 
 111    1.3839099  2.05524e+27 
 112    1.4142136  2.17118e+27 
 113    1.4451808  2.30001e+27 
 114    1.4768261  2.43972e+27 
 115    1.5091644  2.58588e+27 
 116    1.5422108  2.75100e+27 
 117    1.5759808  2.92133e+27 
 118    1.6104903  3.09315e+27 
 119    1.6457555  3.26941e+27 
 120    1.6817928  3.44725e+27 
 121    1.7186193  3.63960e+27 
 122    1.7562522  3.83119e+27 
 123    1.7947091  4.02676e+27 
 124    1.8340081  4.23319e+27 
 125    1.8741676  4.45151e+27 
 126    1.9152066  4.65226e+27 
 127    1.9571441  4.85152e+27 
 128    2.0000000  5.04437e+27 
 129    2.0437943  5.22684e+27 
 130    2.0885476  5.40001e+27 
 131    2.1342808  5.57140e+27 
 132    2.1810155  5.71043e+27 
 133    2.2287735  5.81031e+27 
 134    2.2775773  5.89094e+27 
 135    2.3274497  5.90679e+27 
 136    2.3784142  5.85071e+27 
 137    2.4304947  5.76363e+27 
 138    2.4837156  5.60332e+27 
 139    2.5381019  5.39854e+27 
 140    2.5936791  5.15379e+27 
 141    2.6504733  4.87758e+27 
 142    2.7085111  4.59794e+27 
 143    2.7678198  4.26739e+27 
 144    2.8284271  3.96565e+27 
 145    2.8903616  3.66084e+27 
 146    2.9536523  3.36200e+27 
 147    3.0183289  3.07090e+27 
 148    3.0844217  2.78284e+27 
 149    3.1519617  2.48494e+27 
 150    3.2209807  2.21492e+27 
 151    3.2915110  1.94725e+27 
 152    3.3635857  1.71277e+27 
 153    3.4372386  1.48273e+27 
 154    3.5125043  1.28066e+27 
 155    3.5894182  1.09601e+27 
 156    3.6680162  9.09515e+26 
 157    3.7483353  7.64764e+26 
 158    3.8304131  6.25167e+26 
 159    3.9142882  5.07179e+26 
 160    4.0000000  4.16830e+26 
 161    4.0875886  3.53028e+26 
 162    4.1770951  3.13623e+26 
 163    4.2685616  2.84075e+26 
 164    4.3620309  2.60659e+26 
 165    4.4575470  2.45237e+26 
 166    4.5551545  2.32909e+26 
 167    4.6548994  2.23765e+26 
 168    4.7568285  2.13999e+26 
 169    4.8609894  2.04788e+26 
 170    4.9674312  1.97112e+26 
 171    5.0762038  1.91556e+26 
 172    5.1873582  1.87030e+26 
 173    5.3009466  1.89318e+26 
 174    5.4170222  1.94945e+26 
 175    5.5356395  2.02045e+26 
 176    5.6568542  2.14750e+26 
 177    5.7807232  2.29932e+26 
 178    5.9073046  2.47532e+26 
 179    6.0366577  2.61567e+26 
 180    6.1688433  2.74713e+26 
 181    6.3039234  2.89825e+26 
 182    6.4419613  2.95891e+26 
 183    6.5830219  2.98146e+26 
 184    6.7271713  2.97526e+26 
 185    6.8744772  2.88669e+26 
 186    7.0250086  2.78338e+26 
 187    7.1788363  2.62282e+26 
 188    7.3360323  2.40471e+26 
 189    7.4966705  2.11058e+26 


# y-band (filter: y_LSST.dat)
   0    0.1250000  2.58705e+26 
   1    0.1277371  2.64208e+26 
   2    0.1305342  2.69832e+26 
   3    0.1333926  2.75578e+26 
   4    0.1363135  2.85443e+26 
   5    0.1392983  2.91859e+26 
   6    0.1423486  2.97786e+26 
   7    0.1454656  3.07374e+26 
   8    0.1486509  3.14536e+26 
   9    0.1519059  3.18831e+26 
  10    0.1552322  3.26376e+26 
  11    0.1586314  3.32760e+26 
  12    0.1621049  3.38128e+26 
  13    0.1656546  3.46527e+26 
  14    0.1692819  3.52171e+26 
  15    0.1729887  3.59695e+26 
  16    0.1767767  3.68439e+26 
  17    0.1806476  3.80426e+26 
  18    0.1846033  3.87332e+26 
  19    0.1886456  3.91158e+26 
  20    0.1927764  4.01268e+26 
  21    0.1969976  4.11961e+26 
  22    0.2013113  4.16439e+26 
  23    0.2057194  4.25694e+26 
  24    0.2102241  4.32804e+26 
  25    0.2148274  4.44866e+26 
  26    0.2195315  4.63382e+26 
  27    0.2243386  4.73597e+26 
  28    0.2292510  4.81861e+26 
  29    0.2342710  4.97433e+26 
  30    0.2394008  5.20148e+26 
  31    0.2446430  5.40208e+26 
  32    0.2500000  5.52276e+26 
  33    0.2554743  5.66108e+26 
  34    0.2610684  5.95393e+26 
  35    0.2667851  6.16389e+26 
  36    0.2726269  6.46957e+26 
  37    0.2785967  6.73881e+26 
  38    0.2846972  7.02358e+26 
  39    0.2909312  7.34721e+26 
  40    0.2973018  7.58974e+26 
  41    0.3038118  7.83112e+26 
  42    0.3104645  7.87950e+26 
  43    0.3172627  8.07862e+26 
  44    0.3242099  8.40637e+26 
  45    0.3313092  8.51539e+26 
  46    0.3385639  8.59088e+26 
  47    0.3459775  8.66075e+26 
  48    0.3535534  8.73507e+26 
  49    0.3612952  8.61005e+26 
  50    0.3692065  8.66587e+26 
  51    0.3772911  8.50217e+26 
  52    0.3855527  8.49254e+26 
  53    0.3939952  8.37433e+26 
  54    0.4026226  8.34678e+26 
  55    0.4114389  8.20770e+26 
  56    0.4204482  8.44989e+26 
  57    0.4296548  8.54463e+26 
  58    0.4390630  8.65708e+26 
  59    0.4486773  9.02229e+26 
  60    0.4585020  9.28015e+26 
  61    0.4685419  9.99658e+26 
  62    0.4788016  1.07252e+27 
  63    0.4892860  1.13582e+27 
  64    0.5000000  1.15824e+27 
  65    0.5109486  1.22108e+27 
  66    0.5221369  1.27221e+27 
  67    0.5335702  1.33141e+27 
  68    0.5452539  1.38133e+27 
  69    0.5571934  1.42197e+27 
  70    0.5693943  1.47543e+27 
  71    0.5818624  1.50537e+27 
  72    0.5946036  1.54771e+27 
  73    0.6076237  1.61411e+27 
  74    0.6209289  1.65883e+27 
  75    0.6345255  1.73695e+27 
  76    0.6484198  1.83854e+27 
  77    0.6626183  1.92217e+27 
  78    0.6771278  2.01890e+27 
  79    0.6919549  2.12454e+27 
  80    0.7071068  2.23361e+27 
  81    0.7225904  2.36530e+27 
  82    0.7384131  2.48585e+27 
  83    0.7545822  2.62510e+27 
  84    0.7711054  2.76841e+27 
  85    0.7879904  2.91912e+27 
  86    0.8052452  3.05938e+27 
  87    0.8228777  3.19341e+27 
  88    0.8408964  3.33823e+27 
  89    0.8593096  3.49892e+27 
  90    0.8781261  3.65130e+27 
  91    0.8973545  3.80398e+27 
  92    0.9170040  3.96023e+27 
  93    0.9370838  4.10615e+27 
  94    0.9576033  4.23261e+27 
  95    0.9785721  4.34962e+27 
  96    1.0000000  4.45075e+27 
  97    1.0218971  4.52812e+27 
  98    1.0442738  4.60559e+27 
  99    1.0671404  4.68277e+27 
 100    1.0905077  4.78158e+27 
 101    1.1143867  4.82964e+27 
 102    1.1387886  4.87815e+27 
 103    1.1637249  4.91650e+27 
 104    1.1892071  4.92879e+27 
 105    1.2152474  4.90827e+27 
 106    1.2418578  4.88975e+27 
 107    1.2690510  4.86148e+27 
 108    1.2968396  4.85384e+27 
 109    1.3252366  4.83318e+27 
 110    1.3542555  4.83647e+27 
 111    1.3839099  4.80540e+27 
 112    1.4142136  4.76860e+27 
 113    1.4451808  4.77844e+27 
 114    1.4768261  4.79530e+27 
 115    1.5091644  4.81193e+27 
 116    1.5422108  4.85648e+27 
 117    1.5759808  4.91468e+27 
 118    1.6104903  4.98941e+27 
 119    1.6457555  5.07474e+27 
 120    1.6817928  5.16392e+27 
 121    1.7186193  5.25518e+27 
 122    1.7562522  5.32067e+27 
 123    1.7947091  5.38920e+27 
 124    1.8340081  5.46503e+27 
 125    1.8741676  5.52693e+27 
 126    1.9152066  5.57906e+27 
 127    1.9571441  5.63310e+27 
 128    2.0000000  5.67128e+27 
 129    2.0437943  5.68593e+27 
 130    2.0885476  5.68783e+27 
 131    2.1342808  5.67068e+27 
 132    2.1810155  5.60633e+27 
 133    2.2287735  5.50701e+27 
 134    2.2775773  5.40116e+27 
 135    2.3274497  5.24084e+27 
 136    2.3784142  5.04241e+27 
 137    2.4304947  4.82016e+27 
 138    2.4837156  4.56169e+27 
 139    2.5381019  4.27843e+27 
 140    2.5936791  3.96767e+27 
 141    2.6504733  3.65956e+27 
 142    2.7085111  3.35384e+27 
 143    2.7678198  3.03507e+27 
 144    2.8284271  2.74805e+27 
 145    2.8903616  2.47647e+27 
 146    2.9536523  2.22141e+27 
 147    3.0183289  1.98363e+27 
 148    3.0844217  1.75998e+27 
 149    3.1519617  1.53923e+27 
 150    3.2209807  1.34380e+27 
 151    3.2915110  1.15957e+27 
 152    3.3635857  1.00396e+27 
 153    3.4372386  8.55275e+26 
 154    3.5125043  7.28951e+26 
 155    3.5894182  6.17679e+26 
 156    3.6680162  5.08091e+26 
 157    3.7483353  4.24667e+26 
 158    3.8304131  3.45320e+26 
 159    3.9142882  2.82413e+26 
 160    4.0000000  2.34115e+26 
 161    4.0875886  2.02376e+26 
 162    4.1770951  1.83696e+26 
 163    4.2685616  1.68850e+26 
 164    4.3620309  1.57411e+26 
 165    4.4575470  1.50964e+26 
 166    4.5551545  1.45893e+26 
 167    4.6548994  1.42022e+26 
 168    4.7568285  1.37939e+26 
 169    4.8609894  1.33823e+26 
 170    4.9674312  1.30294e+26 
 171    5.0762038  1.27588e+26 
 172    5.1873582  1.24477e+26 
 173    5.3009466  1.25691e+26 
 174    5.4170222  1.31217e+26 
 175    5.5356395  1.37909e+26 
 176    5.6568542  1.55456e+26 
 177    5.7807232  1.80166e+26 
 178    5.9073046  2.08908e+26 
 179    6.0366577  2.48710e+26 
 180    6.1688433  2.92011e+26 
 181    6.3039234  3.40081e+26 
 182    6.4419613  3.85751e+26 
 183    6.5830219  4.28804e+26 
 184    6.7271713  4.77028e+26 
 185    6.8744772  5.10128e+26 
 186    7.0250086  5.47221e+26 
 187    7.1788363  5.86780e+26 
 188    7.3360323  6.19457e+26 
 189    7.4966705  6.37345e+26 


# J-band (filter: J_2MASS.dat)
   0    0.1250000  1.37466e+26 
   1    0.1277371  1.38617e+26 
   2    0.1305342  1.39793e+26 
   3    0.1333926  1.40994e+26 
   4    0.1363135  1.46852e+26 
   5    0.1392983  1.48434e+26 
   6    0.1423486  1.48964e+26 
   7    0.1454656  1.51748e+26 
   8    0.1486509  1.53742e+26 
   9    0.1519059  1.55318e+26 
  10    0.1552322  1.56214e+26 
  11    0.1586314  1.58323e+26 
  12    0.1621049  1.60130e+26 
  13    0.1656546  1.66753e+26 
  14    0.1692819  1.69280e+26 
  15    0.1729887  1.75893e+26 
  16    0.1767767  1.75209e+26 
  17    0.1806476  1.80169e+26 
  18    0.1846033  1.87499e+26 
  19    0.1886456  2.00108e+26 
  20    0.1927764  2.08586e+26 
  21    0.1969976  2.17118e+26 
  22    0.2013113  2.23893e+26 
  23    0.2057194  2.30698e+26 
  24    0.2102241  2.67193e+26 
  25    0.2148274  3.15479e+26 
  26    0.2195315  3.53177e+26 
  27    0.2243386  3.78838e+26 
  28    0.2292510  4.11594e+26 
  29    0.2342710  4.64487e+26 
  30    0.2394008  5.14246e+26 
  31    0.2446430  5.76376e+26 
  32    0.2500000  6.06478e+26 
  33    0.2554743  6.62328e+26 
  34    0.2610684  7.27857e+26 
  35    0.2667851  8.02049e+26 
  36    0.2726269  8.40054e+26 
  37    0.2785967  1.01124e+27 
  38    0.2846972  1.41793e+27 
  39    0.2909312  1.47858e+27 
  40    0.2973018  1.60191e+27 
  41    0.3038118  1.63854e+27 
  42    0.3104645  1.67222e+27 
  43    0.3172627  1.73043e+27 
  44    0.3242099  1.74903e+27 
  45    0.3313092  1.79354e+27 
  46    0.3385639  1.80463e+27 
  47    0.3459775  1.87162e+27 
  48    0.3535534  1.99434e+27 
  49    0.3612952  1.95401e+27 
  50    0.3692065  1.85172e+27 
  51    0.3772911  1.94418e+27 
  52    0.3855527  2.08173e+27 
  53    0.3939952  2.23212e+27 
  54    0.4026226  2.53294e+27 
  55    0.4114389  3.11606e+27 
  56    0.4204482  3.36820e+27 
  57    0.4296548  3.39985e+27 
  58    0.4390630  3.48083e+27 
  59    0.4486773  3.62418e+27 
  60    0.4585020  3.71147e+27 
  61    0.4685419  3.84676e+27 
  62    0.4788016  3.94705e+27 
  63    0.4892860  4.11538e+27 
  64    0.5000000  4.26974e+27 
  65    0.5109486  4.34873e+27 
  66    0.5221369  4.44293e+27 
  67    0.5335702  4.32825e+27 
  68    0.5452539  4.56640e+27 
  69    0.5571934  4.84501e+27 
  70    0.5693943  5.09884e+27 
  71    0.5818624  5.37886e+27 
  72    0.5946036  5.65367e+27 
  73    0.6076237  5.94828e+27 
  74    0.6209289  6.21219e+27 
  75    0.6345255  6.45738e+27 
  76    0.6484198  6.73984e+27 
  77    0.6626183  7.02418e+27 
  78    0.6771278  7.28096e+27 
  79    0.6919549  7.54901e+27 
  80    0.7071068  7.78716e+27 
  81    0.7225904  8.03449e+27 
  82    0.7384131  8.26291e+27 
  83    0.7545822  8.45751e+27 
  84    0.7711054  8.64417e+27 
  85    0.7879904  8.80281e+27 
  86    0.8052452  8.96886e+27 
  87    0.8228777  9.11653e+27 
  88    0.8408964  9.26628e+27 
  89    0.8593096  9.36347e+27 
  90    0.8781261  9.46609e+27 
  91    0.8973545  9.53438e+27 
  92    0.9170040  9.57914e+27 
  93    0.9370838  9.61527e+27 
  94    0.9576033  9.63633e+27 
  95    0.9785721  9.64375e+27 
  96    1.0000000  9.63753e+27 
  97    1.0218971  9.61721e+27 
  98    1.0442738  9.58241e+27 
  99    1.0671404  9.53000e+27 
 100    1.0905077  9.42357e+27 
 101    1.1143867  9.32002e+27 
 102    1.1387886  9.18774e+27 
 103    1.1637249  9.06117e+27 
 104    1.1892071  8.94169e+27 
 105    1.2152474  8.77909e+27 
 106    1.2418578  8.61887e+27 
 107    1.2690510  8.45846e+27 
 108    1.2968396  8.29502e+27 
 109    1.3252366  8.09519e+27 
 110    1.3542555  7.91782e+27 
 111    1.3839099  7.71576e+27 
 112    1.4142136  7.53909e+27 
 113    1.4451808  7.34901e+27 
 114    1.4768261  7.17281e+27 
 115    1.5091644  6.98581e+27 
 116    1.5422108  6.79194e+27 
 117    1.5759808  6.60183e+27 
 118    1.6104903  6.41549e+27 
 119    1.6457555  6.22711e+27 
 120    1.6817928  6.03356e+27 
 121    1.7186193  5.84768e+27 
 122    1.7562522  5.65668e+27 
 123    1.7947091  5.47647e+27 
 124    1.8340081  5.29798e+27 
 125    1.8741676  5.11277e+27 
 126    1.9152066  4.93430e+27 
 127    1.9571441  4.76171e+27 
 128    2.0000000  4.59293e+27 
 129    2.0437943  4.43199e+27 
 130    2.0885476  4.26859e+27 
 131    2.1342808  4.10870e+27 
 132    2.1810155  3.95157e+27 
 133    2.2287735  3.79485e+27 
 134    2.2775773  3.64294e+27 
 135    2.3274497  3.48740e+27 
 136    2.3784142  3.33218e+27 
 137    2.4304947  3.17928e+27 
 138    2.4837156  3.01770e+27 
 139    2.5381019  2.86803e+27 
 140    2.5936791  2.70960e+27 
 141    2.6504733  2.56256e+27 
 142    2.7085111  2.41060e+27 
 143    2.7678198  2.26189e+27 
 144    2.8284271  2.12216e+27 
 145    2.8903616  1.97977e+27 
 146    2.9536523  1.84091e+27 
 147    3.0183289  1.70294e+27 
 148    3.0844217  1.55860e+27 
 149    3.1519617  1.41073e+27 
 150    3.2209807  1.26669e+27 
 151    3.2915110  1.12034e+27 
 152    3.3635857  9.82755e+26 
 153    3.4372386  8.42114e+26 
 154    3.5125043  7.20182e+26 
 155    3.5894182  6.05416e+26 
 156    3.6680162  4.90489e+26 
 157    3.7483353  3.96401e+26 
 158    3.8304131  3.10694e+26 
 159    3.9142882  2.36784e+26 
 160    4.0000000  1.78769e+26 
 161    4.0875886  1.34786e+26 
 162    4.1770951  1.01594e+26 
 163    4.2685616  7.69475e+25 
 164    4.3620309  5.80629e+25 
 165    4.4575470  4.57465e+25 
 166    4.5551545  3.69755e+25 
 167    4.6548994  3.11821e+25 
 168    4.7568285  2.78507e+25 
 169    4.8609894  2.55918e+25 
 170    4.9674312  2.40494e+25 
 171    5.0762038  2.31103e+25 
 172    5.1873582  2.29908e+25 
 173    5.3009466  2.32708e+25 
 174    5.4170222  2.38005e+25 
 175    5.5356395  2.46864e+25 
 176    5.6568542  2.57452e+25 
 177    5.7807232  2.70917e+25 
 178    5.9073046  2.86405e+25 
 179    6.0366577  3.14098e+25 
 180    6.1688433  3.55695e+25 
 181    6.3039234  4.06416e+25 
 182    6.4419613  5.04876e+25 
 183    6.5830219  6.55626e+25 
 184    6.7271713  8.27388e+25 
 185    6.8744772  1.11968e+26 
 186    7.0250086  1.42380e+26 
 187    7.1788363  1.72781e+26 
 188    7.3360323  2.08506e+26 
 189    7.4966705  2.54069e+26 


# H-band (filter: H_2MASS.dat)
   0    0.1250000  8.21215e+25 
   1    0.1277371  8.32967e+25 
   2    0.1305342  8.44976e+25 
   3    0.1333926  8.57248e+25 
   4    0.1363135  8.52118e+25 
   5    0.1392983  8.46408e+25 
   6    0.1423486  8.98525e+25 
   7    0.1454656  8.96725e+25 
   8    0.1486509  8.98339e+25 
   9    0.1519059  8.88025e+25 
  10    0.1552322  8.83456e+25 
  11    0.1586314  8.79818e+25 
  12    0.1621049  1.02911e+26 
  13    0.1656546  1.09339e+26 
  14    0.1692819  1.21439e+26 
  15    0.1729887  1.39870e+26 
  16    0.1767767  1.43053e+26 
  17    0.1806476  1.59148e+26 
  18    0.1846033  1.71184e+26 
  19    0.1886456  2.05710e+26 
  20    0.1927764  2.17750e+26 
  21    0.1969976  2.29019e+26 
  22    0.2013113  2.74210e+26 
  23    0.2057194  3.22086e+26 
  24    0.2102241  3.71508e+26 
  25    0.2148274  4.29798e+26 
  26    0.2195315  4.64717e+26 
  27    0.2243386  5.28752e+26 
  28    0.2292510  6.32898e+26 
  29    0.2342710  7.25665e+26 
  30    0.2394008  8.43747e+26 
  31    0.2446430  9.24437e+26 
  32    0.2500000  1.05949e+27 
  33    0.2554743  1.19179e+27 
  34    0.2610684  1.32773e+27 
  35    0.2667851  1.52281e+27 
  36    0.2726269  1.72926e+27 
  37    0.2785967  1.96925e+27 
  38    0.2846972  2.24127e+27 
  39    0.2909312  2.49550e+27 
  40    0.2973018  2.84349e+27 
  41    0.3038118  3.17608e+27 
  42    0.3104645  3.50886e+27 
  43    0.3172627  3.88236e+27 
  44    0.3242099  4.26747e+27 
  45    0.3313092  4.73808e+27 
  46    0.3385639  5.21705e+27 
  47    0.3459775  5.72167e+27 
  48    0.3535534  6.23669e+27 
  49    0.3612952  6.76007e+27 
  50    0.3692065  7.29718e+27 
  51    0.3772911  7.79640e+27 
  52    0.3855527  8.27285e+27 
  53    0.3939952  8.83184e+27 
  54    0.4026226  9.30813e+27 
  55    0.4114389  9.81463e+27 
  56    0.4204482  1.02872e+28 
  57    0.4296548  1.08081e+28 
  58    0.4390630  1.12107e+28 
  59    0.4486773  1.16206e+28 
  60    0.4585020  1.20249e+28 
  61    0.4685419  1.23606e+28 
  62    0.4788016  1.27323e+28 
  63    0.4892860  1.30051e+28 
  64    0.5000000  1.32376e+28 
  65    0.5109486  1.34693e+28 
  66    0.5221369  1.37160e+28 
  67    0.5335702  1.39099e+28 
  68    0.5452539  1.39523e+28 
  69    0.5571934  1.39632e+28 
  70    0.5693943  1.39542e+28 
  71    0.5818624  1.39115e+28 
  72    0.5946036  1.38316e+28 
  73    0.6076237  1.36719e+28 
  74    0.6209289  1.34916e+28 
  75    0.6345255  1.33316e+28 
  76    0.6484198  1.31135e+28 
  77    0.6626183  1.28241e+28 
  78    0.6771278  1.25217e+28 
  79    0.6919549  1.21996e+28 
  80    0.7071068  1.18781e+28 
  81    0.7225904  1.15357e+28 
  82    0.7384131  1.12132e+28 
  83    0.7545822  1.08592e+28 
  84    0.7711054  1.04863e+28 
  85    0.7879904  1.01714e+28 
  86    0.8052452  9.80774e+27 
  87    0.8228777  9.45637e+27 
  88    0.8408964  9.11398e+27 
  89    0.8593096  8.77441e+27 
  90    0.8781261  8.42656e+27 
  91    0.8973545  8.07494e+27 
  92    0.9170040  7.74320e+27 
  93    0.9370838  7.40056e+27 
  94    0.9576033  7.10020e+27 
  95    0.9785721  6.78001e+27 
  96    1.0000000  6.46143e+27 
  97    1.0218971  6.15686e+27 
  98    1.0442738  5.87788e+27 
  99    1.0671404  5.59007e+27 
 100    1.0905077  5.32225e+27 
 101    1.1143867  5.05806e+27 
 102    1.1387886  4.82726e+27 
 103    1.1637249  4.58591e+27 
 104    1.1892071  4.37663e+27 
 105    1.2152474  4.16680e+27 
 106    1.2418578  3.95666e+27 
 107    1.2690510  3.76194e+27 
 108    1.2968396  3.58456e+27 
 109    1.3252366  3.41047e+27 
 110    1.3542555  3.24524e+27 
 111    1.3839099  3.08975e+27 
 112    1.4142136  2.94025e+27 
 113    1.4451808  2.81332e+27 
 114    1.4768261  2.67864e+27 
 115    1.5091644  2.56441e+27 
 116    1.5422108  2.45271e+27 
 117    1.5759808  2.35309e+27 
 118    1.6104903  2.26471e+27 
 119    1.6457555  2.19062e+27 
 120    1.6817928  2.10675e+27 
 121    1.7186193  2.04432e+27 
 122    1.7562522  1.97271e+27 
 123    1.7947091  1.92424e+27 
 124    1.8340081  1.87073e+27 
 125    1.8741676  1.81792e+27 
 126    1.9152066  1.78149e+27 
 127    1.9571441  1.74279e+27 
 128    2.0000000  1.70338e+27 
 129    2.0437943  1.67162e+27 
 130    2.0885476  1.63728e+27 
 131    2.1342808  1.60662e+27 
 132    2.1810155  1.57873e+27 
 133    2.2287735  1.54675e+27 
 134    2.2775773  1.51805e+27 
 135    2.3274497  1.48718e+27 
 136    2.3784142  1.45734e+27 
 137    2.4304947  1.42655e+27 
 138    2.4837156  1.39274e+27 
 139    2.5381019  1.36526e+27 
 140    2.5936791  1.33442e+27 
 141    2.6504733  1.30757e+27 
 142    2.7085111  1.27944e+27 
 143    2.7678198  1.25372e+27 
 144    2.8284271  1.23200e+27 
 145    2.8903616  1.20942e+27 
 146    2.9536523  1.19134e+27 
 147    3.0183289  1.17151e+27 
 148    3.0844217  1.15593e+27 
 149    3.1519617  1.13898e+27 
 150    3.2209807  1.12091e+27 
 151    3.2915110  1.10109e+27 
 152    3.3635857  1.08047e+27 
 153    3.4372386  1.05883e+27 
 154    3.5125043  1.03325e+27 
 155    3.5894182  1.00352e+27 
 156    3.6680162  9.70739e+26 
 157    3.7483353  9.30932e+26 
 158    3.8304131  8.89055e+26 
 159    3.9142882  8.43304e+26 
 160    4.0000000  7.90580e+26 
 161    4.0875886  7.38733e+26 
 162    4.1770951  6.82021e+26 
 163    4.2685616  6.24180e+26 
 164    4.3620309  5.64870e+26 
 165    4.4575470  5.03292e+26 
 166    4.5551545  4.44789e+26 
 167    4.6548994  3.87173e+26 
 168    4.7568285  3.31290e+26 
 169    4.8609894  2.82410e+26 
 170    4.9674312  2.36456e+26 
 171    5.0762038  1.96063e+26 
 172    5.1873582  1.58872e+26 
 173    5.3009466  1.27521e+26 
 174    5.4170222  1.00689e+26 
 175    5.5356395  7.81652e+25 
 176    5.6568542  6.03635e+25 
 177    5.7807232  4.58966e+25 
 178    5.9073046  3.53412e+25 
 179    6.0366577  2.73583e+25 
 180    6.1688433  2.12819e+25 
 181    6.3039234  1.72514e+25 
 182    6.4419613  1.42939e+25 
 183    6.5830219  1.20860e+25 
 184    6.7271713  1.09475e+25 
 185    6.8744772  1.03024e+25 
 186    7.0250086  9.72475e+24 
 187    7.1788363  9.53927e+24 
 188    7.3360323  9.45889e+24 
 189    7.4966705  9.58970e+24 


# K-band (filter: Ks_mosfire.dat)
   0    0.1250000  3.67611e+25 
   1    0.1277371  3.68881e+25 
   2    0.1305342  3.70178e+25 
   3    0.1333926  3.71504e+25 
   4    0.1363135  3.71691e+25 
   5    0.1392983  3.71972e+25 
   6    0.1423486  3.65846e+25 
   7    0.1454656  4.67923e+25 
   8    0.1486509  6.81891e+25 
   9    0.1519059  7.08408e+25 
  10    0.1552322  9.75057e+25 
  11    0.1586314  1.03046e+26 
  12    0.1621049  1.11434e+26 
  13    0.1656546  1.32597e+26 
  14    0.1692819  1.79852e+26 
  15    0.1729887  2.75550e+26 
  16    0.1767767  3.45744e+26 
  17    0.1806476  3.58257e+26 
  18    0.1846033  4.13541e+26 
  19    0.1886456  4.76324e+26 
  20    0.1927764  5.59157e+26 
  21    0.1969976  6.78389e+26 
  22    0.2013113  7.32545e+26 
  23    0.2057194  7.68512e+26 
  24    0.2102241  8.37171e+26 
  25    0.2148274  9.13074e+26 
  26    0.2195315  9.59624e+26 
  27    0.2243386  9.69260e+26 
  28    0.2292510  1.00839e+27 
  29    0.2342710  1.12525e+27 
  30    0.2394008  1.22989e+27 
  31    0.2446430  1.34777e+27 
  32    0.2500000  1.53288e+27 
  33    0.2554743  1.67991e+27 
  34    0.2610684  1.83519e+27 
  35    0.2667851  2.09504e+27 
  36    0.2726269  2.33642e+27 
  37    0.2785967  2.63255e+27 
  38    0.2846972  2.93172e+27 
  39    0.2909312  3.27725e+27 
  40    0.2973018  3.61534e+27 
  41    0.3038118  4.02885e+27 
  42    0.3104645  4.35373e+27 
  43    0.3172627  4.73279e+27 
  44    0.3242099  5.08873e+27 
  45    0.3313092  5.60628e+27 
  46    0.3385639  5.94329e+27 
  47    0.3459775  6.33591e+27 
  48    0.3535534  6.74456e+27 
  49    0.3612952  7.17621e+27 
  50    0.3692065  7.64725e+27 
  51    0.3772911  8.03747e+27 
  52    0.3855527  8.44642e+27 
  53    0.3939952  8.78197e+27 
  54    0.4026226  9.17302e+27 
  55    0.4114389  9.51344e+27 
  56    0.4204482  9.79963e+27 
  57    0.4296548  9.93240e+27 
  58    0.4390630  1.01852e+28 
  59    0.4486773  1.03766e+28 
  60    0.4585020  1.06017e+28 
  61    0.4685419  1.06845e+28 
  62    0.4788016  1.07456e+28 
  63    0.4892860  1.07452e+28 
  64    0.5000000  1.07197e+28 
  65    0.5109486  1.06901e+28 
  66    0.5221369  1.05849e+28 
  67    0.5335702  1.05051e+28 
  68    0.5452539  1.03830e+28 
  69    0.5571934  1.02548e+28 
  70    0.5693943  1.00659e+28 
  71    0.5818624  9.85168e+27 
  72    0.5946036  9.57865e+27 
  73    0.6076237  9.29801e+27 
  74    0.6209289  9.06157e+27 
  75    0.6345255  8.85784e+27 
  76    0.6484198  8.62477e+27 
  77    0.6626183  8.33652e+27 
  78    0.6771278  8.07126e+27 
  79    0.6919549  7.77208e+27 
  80    0.7071068  7.49166e+27 
  81    0.7225904  7.20576e+27 
  82    0.7384131  6.92907e+27 
  83    0.7545822  6.62640e+27 
  84    0.7711054  6.35151e+27 
  85    0.7879904  6.09553e+27 
  86    0.8052452  5.78426e+27 
  87    0.8228777  5.51776e+27 
  88    0.8408964  5.23400e+27 
  89    0.8593096  4.98267e+27 
  90    0.8781261  4.73634e+27 
  91    0.8973545  4.48347e+27 
  92    0.9170040  4.24888e+27 
  93    0.9370838  4.01812e+27 
  94    0.9576033  3.80133e+27 
  95    0.9785721  3.60349e+27 
  96    1.0000000  3.40017e+27 
  97    1.0218971  3.21421e+27 
  98    1.0442738  3.02364e+27 
  99    1.0671404  2.84244e+27 
 100    1.0905077  2.67430e+27 
 101    1.1143867  2.52959e+27 
 102    1.1387886  2.38290e+27 
 103    1.1637249  2.23337e+27 
 104    1.1892071  2.09223e+27 
 105    1.2152474  1.97031e+27 
 106    1.2418578  1.84497e+27 
 107    1.2690510  1.72082e+27 
 108    1.2968396  1.61482e+27 
 109    1.3252366  1.51307e+27 
 110    1.3542555  1.43360e+27 
 111    1.3839099  1.34902e+27 
 112    1.4142136  1.26469e+27 
 113    1.4451808  1.18873e+27 
 114    1.4768261  1.11462e+27 
 115    1.5091644  1.05437e+27 
 116    1.5422108  9.93841e+26 
 117    1.5759808  9.31358e+26 
 118    1.6104903  8.73335e+26 
 119    1.6457555  8.25246e+26 
 120    1.6817928  7.80650e+26 
 121    1.7186193  7.34620e+26 
 122    1.7562522  6.91029e+26 
 123    1.7947091  6.52618e+26 
 124    1.8340081  6.14088e+26 
 125    1.8741676  5.76107e+26 
 126    1.9152066  5.42108e+26 
 127    1.9571441  5.17004e+26 
 128    2.0000000  4.86749e+26 
 129    2.0437943  4.62276e+26 
 130    2.0885476  4.39842e+26 
 131    2.1342808  4.16141e+26 
 132    2.1810155  3.90875e+26 
 133    2.2287735  3.67089e+26 
 134    2.2775773  3.44753e+26 
 135    2.3274497  3.22841e+26 
 136    2.3784142  3.03828e+26 
 137    2.4304947  2.83825e+26 
 138    2.4837156  2.65123e+26 
 139    2.5381019  2.46717e+26 
 140    2.5936791  2.30617e+26 
 141    2.6504733  2.16610e+26 
 142    2.7085111  2.03586e+26 
 143    2.7678198  1.90810e+26 
 144    2.8284271  1.80721e+26 
 145    2.8903616  1.70595e+26 
 146    2.9536523  1.62638e+26 
 147    3.0183289  1.54716e+26 
 148    3.0844217  1.46284e+26 
 149    3.1519617  1.39620e+26 
 150    3.2209807  1.33196e+26 
 151    3.2915110  1.26381e+26 
 152    3.3635857  1.20644e+26 
 153    3.4372386  1.14552e+26 
 154    3.5125043  1.09373e+26 
 155    3.5894182  1.04984e+26 
 156    3.6680162  1.00951e+26 
 157    3.7483353  9.85411e+25 
 158    3.8304131  9.64153e+25 
 159    3.9142882  9.55953e+25 
 160    4.0000000  9.33386e+25 
 161    4.0875886  9.27400e+25 
 162    4.1770951  9.25197e+25 
 163    4.2685616  9.21788e+25 
 164    4.3620309  9.27692e+25 
 165    4.4575470  9.28783e+25 
 166    4.5551545  9.32907e+25 
 167    4.6548994  9.31211e+25 
 168    4.7568285  9.27679e+25 
 169    4.8609894  9.14297e+25 
 170    4.9674312  8.87007e+25 
 171    5.0762038  8.56333e+25 
 172    5.1873582  8.30535e+25 
 173    5.3009466  7.96691e+25 
 174    5.4170222  7.60888e+25 
 175    5.5356395  7.12577e+25 
 176    5.6568542  6.57713e+25 
 177    5.7807232  5.97690e+25 
 178    5.9073046  5.35113e+25 
 179    6.0366577  4.70344e+25 
 180    6.1688433  4.05415e+25 
 181    6.3039234  3.45194e+25 
 182    6.4419613  2.93189e+25 
 183    6.5830219  2.46618e+25 
 184    6.7271713  1.99150e+25 
 185    6.8744772  1.61542e+25 
 186    7.0250086  1.22130e+25 
 187    7.1788363  8.80765e+24 
 188    7.3360323  6.03320e+24 
 189    7.4966705  4.29664e+24 


# S-band (filter: Spitzer_IRAC2.dat)
   0    0.1250000  2.02730e+26 
   1    0.1277371  3.51781e+26 
   2    0.1305342  5.04096e+26 
   3    0.1333926  6.59745e+26 
   4    0.1363135  8.61847e+26 
   5    0.1392983  1.03997e+27 
   6    0.1423486  1.25526e+27 
   7    0.1454656  1.47431e+27 
   8    0.1486509  1.74823e+27 
   9    0.1519059  2.05525e+27 
  10    0.1552322  2.37733e+27 
  11    0.1586314  2.68266e+27 
  12    0.1621049  3.10014e+27 
  13    0.1656546  3.37456e+27 
  14    0.1692819  3.80400e+27 
  15    0.1729887  4.17894e+27 
  16    0.1767767  4.40586e+27 
  17    0.1806476  4.94825e+27 
  18    0.1846033  5.43780e+27 
  19    0.1886456  5.87188e+27 
  20    0.1927764  6.25057e+27 
  21    0.1969976  6.70624e+27 
  22    0.2013113  7.09995e+27 
  23    0.2057194  7.55808e+27 
  24    0.2102241  7.97947e+27 
  25    0.2148274  8.39786e+27 
  26    0.2195315  8.58247e+27 
  27    0.2243386  8.85635e+27 
  28    0.2292510  9.21649e+27 
  29    0.2342710  9.42444e+27 
  30    0.2394008  9.53081e+27 
  31    0.2446430  9.69741e+27 
  32    0.2500000  9.59707e+27 
  33    0.2554743  9.53936e+27 
  34    0.2610684  9.48450e+27 
  35    0.2667851  9.40799e+27 
  36    0.2726269  9.32856e+27 
  37    0.2785967  9.26215e+27 
  38    0.2846972  9.12447e+27 
  39    0.2909312  8.89202e+27 
  40    0.2973018  8.69652e+27 
  41    0.3038118  8.40656e+27 
  42    0.3104645  8.12051e+27 
  43    0.3172627  7.88540e+27 
  44    0.3242099  7.73200e+27 
  45    0.3313092  7.46668e+27 
  46    0.3385639  7.25696e+27 
  47    0.3459775  7.03195e+27 
  48    0.3535534  6.83551e+27 
  49    0.3612952  6.55153e+27 
  50    0.3692065  6.36890e+27 
  51    0.3772911  6.18912e+27 
  52    0.3855527  5.93231e+27 
  53    0.3939952  5.70447e+27 
  54    0.4026226  5.46707e+27 
  55    0.4114389  5.20844e+27 
  56    0.4204482  4.96835e+27 
  57    0.4296548  4.80706e+27 
  58    0.4390630  4.55634e+27 
  59    0.4486773  4.31277e+27 
  60    0.4585020  4.04960e+27 
  61    0.4685419  3.82377e+27 
  62    0.4788016  3.56099e+27 
  63    0.4892860  3.33358e+27 
  64    0.5000000  3.11744e+27 
  65    0.5109486  2.92671e+27 
  66    0.5221369  2.75103e+27 
  67    0.5335702  2.57252e+27 
  68    0.5452539  2.40600e+27 
  69    0.5571934  2.24526e+27 
  70    0.5693943  2.08799e+27 
  71    0.5818624  1.93233e+27 
  72    0.5946036  1.78783e+27 
  73    0.6076237  1.66642e+27 
  74    0.6209289  1.54361e+27 
  75    0.6345255  1.42828e+27 
  76    0.6484198  1.31968e+27 
  77    0.6626183  1.21281e+27 
  78    0.6771278  1.12421e+27 
  79    0.6919549  1.02804e+27 
  80    0.7071068  9.44568e+26 
  81    0.7225904  8.56868e+26 
  82    0.7384131  8.02281e+26 
  83    0.7545822  7.40846e+26 
  84    0.7711054  6.82025e+26 
  85    0.7879904  6.34891e+26 
  86    0.8052452  5.85235e+26 
  87    0.8228777  5.44875e+26 
  88    0.8408964  5.09550e+26 
  89    0.8593096  4.80080e+26 
  90    0.8781261  4.42179e+26 
  91    0.8973545  4.17395e+26 
  92    0.9170040  3.93338e+26 
  93    0.9370838  3.62073e+26 
  94    0.9576033  3.34448e+26 
  95    0.9785721  3.10929e+26 
  96    1.0000000  2.90629e+26 
  97    1.0218971  2.67902e+26 
  98    1.0442738  2.45680e+26 
  99    1.0671404  2.27538e+26 
 100    1.0905077  2.11606e+26 
 101    1.1143867  1.92166e+26 
 102    1.1387886  1.78281e+26 
 103    1.1637249  1.62076e+26 
 104    1.1892071  1.49645e+26 
 105    1.2152474  1.38609e+26 
 106    1.2418578  1.27059e+26 
 107    1.2690510  1.18359e+26 
 108    1.2968396  1.07159e+26 
 109    1.3252366  9.92234e+25 
 110    1.3542555  8.92863e+25 
 111    1.3839099  8.13932e+25 
 112    1.4142136  7.47136e+25 
 113    1.4451808  7.08166e+25 
 114    1.4768261  6.59886e+25 
 115    1.5091644  6.10632e+25 
 116    1.5422108  5.69050e+25 
 117    1.5759808  5.12766e+25 
 118    1.6104903  4.65421e+25 
 119    1.6457555  4.25594e+25 
 120    1.6817928  3.89056e+25 
 121    1.7186193  3.59750e+25 
 122    1.7562522  3.55694e+25 
 123    1.7947091  3.41868e+25 
 124    1.8340081  3.25984e+25 
 125    1.8741676  3.01297e+25 
 126    1.9152066  2.84290e+25 
 127    1.9571441  2.67888e+25 
 128    2.0000000  2.54420e+25 
 129    2.0437943  2.40173e+25 
 130    2.0885476  2.31533e+25 
 131    2.1342808  2.14033e+25 
 132    2.1810155  2.03822e+25 
 133    2.2287735  1.93913e+25 
 134    2.2775773  1.73163e+25 
 135    2.3274497  1.59475e+25 
 136    2.3784142  1.39384e+25 
 137    2.4304947  1.24921e+25 
 138    2.4837156  1.12921e+25 
 139    2.5381019  1.01292e+25 
 140    2.5936791  9.20391e+24 
 141    2.6504733  8.46668e+24 
 142    2.7085111  7.61245e+24 
 143    2.7678198  6.82924e+24 
 144    2.8284271  6.24202e+24 
 145    2.8903616  5.44624e+24 
 146    2.9536523  4.80422e+24 
 147    3.0183289  4.44172e+24 
 148    3.0844217  4.14824e+24 
 149    3.1519617  3.77833e+24 
 150    3.2209807  3.45668e+24 
 151    3.2915110  3.15391e+24 
 152    3.3635857  2.68607e+24 
 153    3.4372386  2.21153e+24 
 154    3.5125043  2.00407e+24 
 155    3.5894182  1.61232e+24 
 156    3.6680162  1.38328e+24 
 157    3.7483353  1.11295e+24 
 158    3.8304131  1.01794e+24 
 159    3.9142882  8.55476e+23 
 160    4.0000000  7.08507e+23 
 161    4.0875886  6.13884e+23 
 162    4.1770951  4.87358e+23 
 163    4.2685616  3.95903e+23 
 164    4.3620309  3.80303e+23 
 165    4.4575470  3.45822e+23 
 166    4.5551545  3.25728e+23 
 167    4.6548994  3.11558e+23 
 168    4.7568285  3.15120e+23 
 169    4.8609894  2.68321e+23 
 170    4.9674312  2.29543e+23 
 171    5.0762038  2.24526e+23 
 172    5.1873582  2.16357e+23 
 173    5.3009466  2.06567e+23 
 174    5.4170222  1.95958e+23 
 175    5.5356395  1.77279e+23 
 176    5.6568542  1.56229e+23 
 177    5.7807232  1.43918e+23 
 178    5.9073046  9.86827e+22 
 179    6.0366577  6.78518e+22 
 180    6.1688433  8.15714e+22 
 181    6.3039234  8.46034e+22 
 182    6.4419613  9.78154e+22 
 183    6.5830219  8.87261e+22 
 184    6.7271713  9.52857e+22 
 185    6.8744772  1.21360e+23 
 186    7.0250086  1.47078e+23 
 187    7.1788363  1.64958e+23 
 188    7.3360323  1.91788e+23 
 189    7.4966705  2.23493e+23 


