# 1:iteration 2:time bin[s] 3-k:equiv. isotropic luminosity in k-th angular bin [erg/s]
# bolometric luminosity going in angular bin
   0    0.1250000  8.37249e+41 
   1    0.1277371  9.39355e+41 
   2    0.1305342  1.04370e+42 
   3    0.1333926  1.15032e+42 
   4    0.1363135  1.27092e+42 
   5    0.1392983  1.39026e+42 
   6    0.1423486  1.54107e+42 
   7    0.1454656  1.70691e+42 
   8    0.1486509  1.87756e+42 
   9    0.1519059  2.09441e+42 
  10    0.1552322  2.31419e+42 
  11    0.1586314  2.54443e+42 
  12    0.1621049  2.76353e+42 
  13    0.1656546  2.96832e+42 
  14    0.1692819  3.18615e+42 
  15    0.1729887  3.41710e+42 
  16    0.1767767  3.64496e+42 
  17    0.1806476  3.86692e+42 
  18    0.1846033  4.09017e+42 
  19    0.1886456  4.29901e+42 
  20    0.1927764  4.50931e+42 
  21    0.1969976  4.69130e+42 
  22    0.2013113  4.86724e+42 
  23    0.2057194  5.05122e+42 
  24    0.2102241  5.25247e+42 
  25    0.2148274  5.44263e+42 
  26    0.2195315  5.64470e+42 
  27    0.2243386  5.86510e+42 
  28    0.2292510  6.04366e+42 
  29    0.2342710  6.20630e+42 
  30    0.2394008  6.36904e+42 
  31    0.2446430  6.49860e+42 
  32    0.2500000  6.62953e+42 
  33    0.2554743  6.77458e+42 
  34    0.2610684  6.91962e+42 
  35    0.2667851  7.02505e+42 
  36    0.2726269  7.10075e+42 
  37    0.2785967  7.19190e+42 
  38    0.2846972  7.31539e+42 
  39    0.2909312  7.34334e+42 
  40    0.2973018  7.39795e+42 
  41    0.3038118  7.43376e+42 
  42    0.3104645  7.50835e+42 
  43    0.3172627  7.55296e+42 
  44    0.3242099  7.56787e+42 
  45    0.3313092  7.54102e+42 
  46    0.3385639  7.54295e+42 
  47    0.3459775  7.56407e+42 
  48    0.3535534  7.55808e+42 
  49    0.3612952  7.52544e+42 
  50    0.3692065  7.45210e+42 
  51    0.3772911  7.40067e+42 
  52    0.3855527  7.34091e+42 
  53    0.3939952  7.26575e+42 
  54    0.4026226  7.16119e+42 
  55    0.4114389  7.04274e+42 
  56    0.4204482  6.89641e+42 
  57    0.4296548  6.71077e+42 
  58    0.4390630  6.45728e+42 
  59    0.4486773  6.19024e+42 
  60    0.4585020  5.85182e+42 
  61    0.4685419  5.51212e+42 
  62    0.4788016  5.16931e+42 
  63    0.4892860  4.86549e+42 
  64    0.5000000  4.58985e+42 
  65    0.5109486  4.28401e+42 
  66    0.5221369  4.04510e+42 
  67    0.5335702  3.82632e+42 
  68    0.5452539  3.63158e+42 
  69    0.5571934  3.47949e+42 
  70    0.5693943  3.36515e+42 
  71    0.5818624  3.30989e+42 
  72    0.5946036  3.28042e+42 
  73    0.6076237  3.27661e+42 
  74    0.6209289  3.27964e+42 
  75    0.6345255  3.29252e+42 
  76    0.6484198  3.32565e+42 
  77    0.6626183  3.35990e+42 
  78    0.6771278  3.38228e+42 
  79    0.6919549  3.40653e+42 
  80    0.7071068  3.43279e+42 
  81    0.7225904  3.46576e+42 
  82    0.7384131  3.49823e+42 
  83    0.7545822  3.55298e+42 
  84    0.7711054  3.59853e+42 
  85    0.7879904  3.64635e+42 
  86    0.8052452  3.69894e+42 
  87    0.8228777  3.75155e+42 
  88    0.8408964  3.80744e+42 
  89    0.8593096  3.89872e+42 
  90    0.8781261  3.98957e+42 
  91    0.8973545  4.08162e+42 
  92    0.9170040  4.18193e+42 
  93    0.9370838  4.29312e+42 
  94    0.9576033  4.42648e+42 
  95    0.9785721  4.53032e+42 
  96    1.0000000  4.63282e+42 
  97    1.0218971  4.71850e+42 
  98    1.0442738  4.84630e+42 
  99    1.0671404  4.98767e+42 
 100    1.0905077  5.17120e+42 
 101    1.1143867  5.33510e+42 
 102    1.1387886  5.51371e+42 
 103    1.1637249  5.69648e+42 
 104    1.1892071  5.89436e+42 
 105    1.2152474  6.09130e+42 
 106    1.2418578  6.31313e+42 
 107    1.2690510  6.53495e+42 
 108    1.2968396  6.79147e+42 
 109    1.3252366  7.04510e+42 
 110    1.3542555  7.32575e+42 
 111    1.3839099  7.56932e+42 
 112    1.4142136  7.81835e+42 
 113    1.4451808  8.07634e+42 
 114    1.4768261  8.34938e+42 
 115    1.5091644  8.64827e+42 
 116    1.5422108  8.97731e+42 
 117    1.5759808  9.34340e+42 
 118    1.6104903  9.74132e+42 
 119    1.6457555  1.02545e+43 
 120    1.6817928  1.08639e+43 
 121    1.7186193  1.15240e+43 
 122    1.7562522  1.23968e+43 
 123    1.7947091  1.33982e+43 
 124    1.8340081  1.43019e+43 
 125    1.8741676  1.52533e+43 
 126    1.9152066  1.60502e+43 
 127    1.9571441  1.68090e+43 
 128    2.0000000  1.76082e+43 
 129    2.0437943  1.82051e+43 
 130    2.0885476  1.87286e+43 
 131    2.1342808  1.91718e+43 
 132    2.1810155  1.96087e+43 
 133    2.2287735  2.01172e+43 
 134    2.2775773  2.04145e+43 
 135    2.3274497  2.05828e+43 
 136    2.3784142  2.03745e+43 
 137    2.4304947  2.02028e+43 
 138    2.4837156  1.96888e+43 
 139    2.5381019  1.91066e+43 
 140    2.5936791  1.84384e+43 
 141    2.6504733  1.74531e+43 
 142    2.7085111  1.64042e+43 
 143    2.7678198  1.51522e+43 
 144    2.8284271  1.39575e+43 
 145    2.8903616  1.27159e+43 
 146    2.9536523  1.14314e+43 
 147    3.0183289  1.02136e+43 
 148    3.0844217  9.28667e+42 
 149    3.1519617  8.45982e+42 
 150    3.2209807  7.71001e+42 
 151    3.2915110  7.05336e+42 
 152    3.3635857  6.54519e+42 
 153    3.4372386  6.22963e+42 
 154    3.5125043  5.96529e+42 
 155    3.5894182  5.77549e+42 
 156    3.6680162  5.60896e+42 
 157    3.7483353  5.43772e+42 
 158    3.8304131  5.26235e+42 
 159    3.9142882  5.08068e+42 
 160    4.0000000  4.89563e+42 
 161    4.0875886  4.70636e+42 
 162    4.1770951  4.51062e+42 
 163    4.2685616  4.31366e+42 
 164    4.3620309  4.11301e+42 
 165    4.4575470  3.90984e+42 
 166    4.5551545  3.70628e+42 
 167    4.6548994  3.50190e+42 
 168    4.7568285  3.29515e+42 
 169    4.8609894  3.08656e+42 
 170    4.9674312  2.87722e+42 
 171    5.0762038  2.67003e+42 
 172    5.1873582  2.46157e+42 
 173    5.3009466  2.26166e+42 
 174    5.4170222  2.06666e+42 
 175    5.5356395  1.87203e+42 
 176    5.6568542  1.68966e+42 
 177    5.7807232  1.51234e+42 
 178    5.9073046  1.33911e+42 
 179    6.0366577  1.17784e+42 
 180    6.1688433  1.02621e+42 
 181    6.3039234  8.83489e+41 
 182    6.4419613  7.57262e+41 
 183    6.5830219  6.43631e+41 
 184    6.7271713  5.36654e+41 
 185    6.8744772  4.48027e+41 
 186    7.0250086  3.59237e+41 
 187    7.1788363  2.74050e+41 
 188    7.3360323  1.97206e+41 
 189    7.4966705  1.35743e+41 


# g-band (filter: g_LSST.dat)
   0    0.1250000  4.01535e+26 
   1    0.1277371  4.05908e+26 
   2    0.1305342  4.10378e+26 
   3    0.1333926  4.14945e+26 
   4    0.1363135  4.16752e+26 
   5    0.1392983  4.18833e+26 
   6    0.1423486  4.19358e+26 
   7    0.1454656  4.19024e+26 
   8    0.1486509  4.20283e+26 
   9    0.1519059  4.17057e+26 
  10    0.1552322  4.19025e+26 
  11    0.1586314  4.17500e+26 
  12    0.1621049  4.22230e+26 
  13    0.1656546  4.27818e+26 
  14    0.1692819  4.24215e+26 
  15    0.1729887  4.23085e+26 
  16    0.1767767  4.24224e+26 
  17    0.1806476  4.20430e+26 
  18    0.1846033  4.18589e+26 
  19    0.1886456  4.20447e+26 
  20    0.1927764  4.20516e+26 
  21    0.1969976  4.17707e+26 
  22    0.2013113  4.12518e+26 
  23    0.2057194  4.13145e+26 
  24    0.2102241  4.06484e+26 
  25    0.2148274  3.98695e+26 
  26    0.2195315  4.01941e+26 
  27    0.2243386  3.99611e+26 
  28    0.2292510  3.95363e+26 
  29    0.2342710  3.96335e+26 
  30    0.2394008  3.94960e+26 
  31    0.2446430  3.93253e+26 
  32    0.2500000  3.89709e+26 
  33    0.2554743  3.87106e+26 
  34    0.2610684  3.88777e+26 
  35    0.2667851  3.82281e+26 
  36    0.2726269  3.85719e+26 
  37    0.2785967  3.88708e+26 
  38    0.2846972  3.85941e+26 
  39    0.2909312  3.90655e+26 
  40    0.2973018  3.92855e+26 
  41    0.3038118  3.95595e+26 
  42    0.3104645  4.01335e+26 
  43    0.3172627  4.14058e+26 
  44    0.3242099  4.19467e+26 
  45    0.3313092  4.38503e+26 
  46    0.3385639  4.45370e+26 
  47    0.3459775  4.58313e+26 
  48    0.3535534  4.71921e+26 
  49    0.3612952  4.86130e+26 
  50    0.3692065  5.04032e+26 
  51    0.3772911  5.23146e+26 
  52    0.3855527  5.39441e+26 
  53    0.3939952  5.51854e+26 
  54    0.4026226  5.69004e+26 
  55    0.4114389  5.83899e+26 
  56    0.4204482  6.09524e+26 
  57    0.4296548  6.18559e+26 
  58    0.4390630  6.18355e+26 
  59    0.4486773  6.20490e+26 
  60    0.4585020  6.15205e+26 
  61    0.4685419  6.03962e+26 
  62    0.4788016  5.84930e+26 
  63    0.4892860  5.73984e+26 
  64    0.5000000  5.61005e+26 
  65    0.5109486  5.40914e+26 
  66    0.5221369  5.19126e+26 
  67    0.5335702  4.93271e+26 
  68    0.5452539  4.75291e+26 
  69    0.5571934  4.55994e+26 
  70    0.5693943  4.45509e+26 
  71    0.5818624  4.37036e+26 
  72    0.5946036  4.31105e+26 
  73    0.6076237  4.28302e+26 
  74    0.6209289  4.27115e+26 
  75    0.6345255  4.21465e+26 
  76    0.6484198  4.22892e+26 
  77    0.6626183  4.25985e+26 
  78    0.6771278  4.28133e+26 
  79    0.6919549  4.47517e+26 
  80    0.7071068  4.65458e+26 
  81    0.7225904  4.84447e+26 
  82    0.7384131  5.12077e+26 
  83    0.7545822  5.53072e+26 
  84    0.7711054  5.96760e+26 
  85    0.7879904  6.43810e+26 
  86    0.8052452  7.03435e+26 
  87    0.8228777  7.78842e+26 
  88    0.8408964  8.84547e+26 
  89    0.8593096  1.00762e+27 
  90    0.8781261  1.13694e+27 
  91    0.8973545  1.28952e+27 
  92    0.9170040  1.45307e+27 
  93    0.9370838  1.63003e+27 
  94    0.9576033  1.81918e+27 
  95    0.9785721  2.01425e+27 
  96    1.0000000  2.23347e+27 
  97    1.0218971  2.47523e+27 
  98    1.0442738  2.73297e+27 
  99    1.0671404  2.98961e+27 
 100    1.0905077  3.24942e+27 
 101    1.1143867  3.51853e+27 
 102    1.1387886  3.80258e+27 
 103    1.1637249  4.09483e+27 
 104    1.1892071  4.40683e+27 
 105    1.2152474  4.72462e+27 
 106    1.2418578  5.06146e+27 
 107    1.2690510  5.41088e+27 
 108    1.2968396  5.76318e+27 
 109    1.3252366  6.12947e+27 
 110    1.3542555  6.50824e+27 
 111    1.3839099  6.89810e+27 
 112    1.4142136  7.29308e+27 
 113    1.4451808  7.69320e+27 
 114    1.4768261  8.11026e+27 
 115    1.5091644  8.55679e+27 
 116    1.5422108  9.04449e+27 
 117    1.5759808  9.55364e+27 
 118    1.6104903  1.00855e+28 
 119    1.6457555  1.06805e+28 
 120    1.6817928  1.13613e+28 
 121    1.7186193  1.23916e+28 
 122    1.7562522  1.47993e+28 
 123    1.7947091  1.70697e+28 
 124    1.8340081  1.82705e+28 
 125    1.8741676  1.95074e+28 
 126    1.9152066  1.98212e+28 
 127    1.9571441  2.01285e+28 
 128    2.0000000  2.05850e+28 
 129    2.0437943  2.05696e+28 
 130    2.0885476  2.05699e+28 
 131    2.1342808  2.00968e+28 
 132    2.1810155  1.99493e+28 
 133    2.2287735  1.95310e+28 
 134    2.2775773  1.86597e+28 
 135    2.3274497  1.80113e+28 
 136    2.3784142  1.68667e+28 
 137    2.4304947  1.63077e+28 
 138    2.4837156  1.54105e+28 
 139    2.5381019  1.47695e+28 
 140    2.5936791  1.40459e+28 
 141    2.6504733  1.29991e+28 
 142    2.7085111  1.20281e+28 
 143    2.7678198  1.08791e+28 
 144    2.8284271  9.91424e+27 
 145    2.8903616  8.83587e+27 
 146    2.9536523  7.31335e+27 
 147    3.0183289  6.19758e+27 
 148    3.0844217  5.48887e+27 
 149    3.1519617  4.93055e+27 
 150    3.2209807  4.37896e+27 
 151    3.2915110  3.82210e+27 
 152    3.3635857  3.52135e+27 
 153    3.4372386  3.39921e+27 
 154    3.5125043  3.33778e+27 
 155    3.5894182  3.34959e+27 
 156    3.6680162  3.38615e+27 
 157    3.7483353  3.44647e+27 
 158    3.8304131  3.52665e+27 
 159    3.9142882  3.61874e+27 
 160    4.0000000  3.73618e+27 
 161    4.0875886  3.87124e+27 
 162    4.1770951  4.01823e+27 
 163    4.2685616  4.18183e+27 
 164    4.3620309  4.34681e+27 
 165    4.4575470  4.52245e+27 
 166    4.5551545  4.68112e+27 
 167    4.6548994  4.82019e+27 
 168    4.7568285  4.95689e+27 
 169    4.8609894  5.02943e+27 
 170    4.9674312  5.06113e+27 
 171    5.0762038  5.05103e+27 
 172    5.1873582  5.00751e+27 
 173    5.3009466  4.89444e+27 
 174    5.4170222  4.73393e+27 
 175    5.5356395  4.52303e+27 
 176    5.6568542  4.26087e+27 
 177    5.7807232  3.96031e+27 
 178    5.9073046  3.61784e+27 
 179    6.0366577  3.26028e+27 
 180    6.1688433  2.89969e+27 
 181    6.3039234  2.52180e+27 
 182    6.4419613  2.17935e+27 
 183    6.5830219  1.85751e+27 
 184    6.7271713  1.53722e+27 
 185    6.8744772  1.27138e+27 
 186    7.0250086  9.99519e+26 
 187    7.1788363  7.40052e+26 
 188    7.3360323  5.09258e+26 
 189    7.4966705  3.30711e+26 


# r-band (filter: r_LSST.dat)
   0    0.1250000  4.16369e+26 
   1    0.1277371  4.24742e+26 
   2    0.1305342  4.33299e+26 
   3    0.1333926  4.42043e+26 
   4    0.1363135  4.47839e+26 
   5    0.1392983  4.52982e+26 
   6    0.1423486  4.60793e+26 
   7    0.1454656  4.71490e+26 
   8    0.1486509  4.74362e+26 
   9    0.1519059  4.80608e+26 
  10    0.1552322  4.86205e+26 
  11    0.1586314  4.93970e+26 
  12    0.1621049  5.01232e+26 
  13    0.1656546  4.95702e+26 
  14    0.1692819  5.01033e+26 
  15    0.1729887  5.01278e+26 
  16    0.1767767  5.04462e+26 
  17    0.1806476  5.09759e+26 
  18    0.1846033  5.08041e+26 
  19    0.1886456  5.07947e+26 
  20    0.1927764  5.21854e+26 
  21    0.1969976  5.24253e+26 
  22    0.2013113  5.33145e+26 
  23    0.2057194  5.39649e+26 
  24    0.2102241  5.45064e+26 
  25    0.2148274  5.51241e+26 
  26    0.2195315  5.54816e+26 
  27    0.2243386  5.60402e+26 
  28    0.2292510  5.61585e+26 
  29    0.2342710  5.68476e+26 
  30    0.2394008  5.74654e+26 
  31    0.2446430  5.75425e+26 
  32    0.2500000  5.71889e+26 
  33    0.2554743  5.72485e+26 
  34    0.2610684  5.71066e+26 
  35    0.2667851  5.71839e+26 
  36    0.2726269  5.74013e+26 
  37    0.2785967  5.77502e+26 
  38    0.2846972  5.89470e+26 
  39    0.2909312  5.96919e+26 
  40    0.2973018  6.06598e+26 
  41    0.3038118  6.28851e+26 
  42    0.3104645  6.40443e+26 
  43    0.3172627  6.65092e+26 
  44    0.3242099  6.94684e+26 
  45    0.3313092  7.26919e+26 
  46    0.3385639  7.61473e+26 
  47    0.3459775  8.14346e+26 
  48    0.3535534  8.61624e+26 
  49    0.3612952  9.15157e+26 
  50    0.3692065  1.06342e+27 
  51    0.3772911  1.21891e+27 
  52    0.3855527  1.38545e+27 
  53    0.3939952  1.58524e+27 
  54    0.4026226  1.76426e+27 
  55    0.4114389  1.93963e+27 
  56    0.4204482  2.03401e+27 
  57    0.4296548  2.09303e+27 
  58    0.4390630  2.14511e+27 
  59    0.4486773  2.20137e+27 
  60    0.4585020  2.17945e+27 
  61    0.4685419  2.11238e+27 
  62    0.4788016  1.98027e+27 
  63    0.4892860  1.88289e+27 
  64    0.5000000  1.81321e+27 
  65    0.5109486  1.72953e+27 
  66    0.5221369  1.71035e+27 
  67    0.5335702  1.71074e+27 
  68    0.5452539  1.73917e+27 
  69    0.5571934  1.81284e+27 
  70    0.5693943  1.94076e+27 
  71    0.5818624  2.15875e+27 
  72    0.5946036  2.42370e+27 
  73    0.6076237  2.75753e+27 
  74    0.6209289  3.13081e+27 
  75    0.6345255  3.51373e+27 
  76    0.6484198  4.06514e+27 
  77    0.6626183  4.64687e+27 
  78    0.6771278  5.11724e+27 
  79    0.6919549  5.57419e+27 
  80    0.7071068  6.00832e+27 
  81    0.7225904  6.51336e+27 
  82    0.7384131  7.00634e+27 
  83    0.7545822  7.58721e+27 
  84    0.7711054  8.07516e+27 
  85    0.7879904  8.53118e+27 
  86    0.8052452  9.03717e+27 
  87    0.8228777  9.52755e+27 
  88    0.8408964  1.00056e+28 
  89    0.8593096  1.06697e+28 
  90    0.8781261  1.13014e+28 
  91    0.8973545  1.18687e+28 
  92    0.9170040  1.24954e+28 
  93    0.9370838  1.31728e+28 
  94    0.9576033  1.41282e+28 
  95    0.9785721  1.47996e+28 
  96    1.0000000  1.54234e+28 
  97    1.0218971  1.58821e+28 
  98    1.0442738  1.66449e+28 
  99    1.0671404  1.75288e+28 
 100    1.0905077  1.87431e+28 
 101    1.1143867  1.97970e+28 
 102    1.1387886  2.09768e+28 
 103    1.1637249  2.21937e+28 
 104    1.1892071  2.34768e+28 
 105    1.2152474  2.46791e+28 
 106    1.2418578  2.60345e+28 
 107    1.2690510  2.73290e+28 
 108    1.2968396  2.88644e+28 
 109    1.3252366  3.03324e+28 
 110    1.3542555  3.17327e+28 
 111    1.3839099  3.27145e+28 
 112    1.4142136  3.36925e+28 
 113    1.4451808  3.45301e+28 
 114    1.4768261  3.53508e+28 
 115    1.5091644  3.61774e+28 
 116    1.5422108  3.69684e+28 
 117    1.5759808  3.76421e+28 
 118    1.6104903  3.82520e+28 
 119    1.6457555  3.87405e+28 
 120    1.6817928  3.91527e+28 
 121    1.7186193  3.89751e+28 
 122    1.7562522  3.64788e+28 
 123    1.7947091  3.40735e+28 
 124    1.8340081  3.22076e+28 
 125    1.8741676  3.00115e+28 
 126    1.9152066  2.83708e+28 
 127    1.9571441  2.68113e+28 
 128    2.0000000  2.46134e+28 
 129    2.0437943  2.30829e+28 
 130    2.0885476  2.13008e+28 
 131    2.1342808  1.96666e+28 
 132    2.1810155  1.78514e+28 
 133    2.2287735  1.66636e+28 
 134    2.2775773  1.61970e+28 
 135    2.3274497  1.53644e+28 
 136    2.3784142  1.44964e+28 
 137    2.4304947  1.34240e+28 
 138    2.4837156  1.23438e+28 
 139    2.5381019  1.11757e+28 
 140    2.5936791  9.83715e+27 
 141    2.6504733  8.60780e+27 
 142    2.7085111  7.38138e+27 
 143    2.7678198  6.14116e+27 
 144    2.8284271  5.06079e+27 
 145    2.8903616  4.11596e+27 
 146    2.9536523  3.52293e+27 
 147    3.0183289  2.97767e+27 
 148    3.0844217  2.55449e+27 
 149    3.1519617  2.19043e+27 
 150    3.2209807  1.90733e+27 
 151    3.2915110  1.68380e+27 
 152    3.3635857  1.53093e+27 
 153    3.4372386  1.46241e+27 
 154    3.5125043  1.41782e+27 
 155    3.5894182  1.39730e+27 
 156    3.6680162  1.38373e+27 
 157    3.7483353  1.37283e+27 
 158    3.8304131  1.36656e+27 
 159    3.9142882  1.36255e+27 
 160    4.0000000  1.36624e+27 
 161    4.0875886  1.37749e+27 
 162    4.1770951  1.39145e+27 
 163    4.2685616  1.41710e+27 
 164    4.3620309  1.45134e+27 
 165    4.4575470  1.49116e+27 
 166    4.5551545  1.55002e+27 
 167    4.6548994  1.62075e+27 
 168    4.7568285  1.69986e+27 
 169    4.8609894  1.79411e+27 
 170    4.9674312  1.89138e+27 
 171    5.0762038  1.98820e+27 
 172    5.1873582  2.09106e+27 
 173    5.3009466  2.17346e+27 
 174    5.4170222  2.24126e+27 
 175    5.5356395  2.30671e+27 
 176    5.6568542  2.32717e+27 
 177    5.7807232  2.31392e+27 
 178    5.9073046  2.28007e+27 
 179    6.0366577  2.18905e+27 
 180    6.1688433  2.06914e+27 
 181    6.3039234  1.92103e+27 
 182    6.4419613  1.75147e+27 
 183    6.5830219  1.57498e+27 
 184    6.7271713  1.37259e+27 
 185    6.8744772  1.19318e+27 
 186    7.0250086  9.93687e+26 
 187    7.1788363  7.73657e+26 
 188    7.3360323  5.60499e+26 
 189    7.4966705  3.74812e+26 


# i-band (filter: i_LSST.dat)
   0    0.1250000  2.71179e+26 
   1    0.1277371  2.81175e+26 
   2    0.1305342  2.91390e+26 
   3    0.1333926  3.01828e+26 
   4    0.1363135  3.08341e+26 
   5    0.1392983  3.16967e+26 
   6    0.1423486  3.20946e+26 
   7    0.1454656  3.26074e+26 
   8    0.1486509  3.32116e+26 
   9    0.1519059  3.37975e+26 
  10    0.1552322  3.41969e+26 
  11    0.1586314  3.46404e+26 
  12    0.1621049  3.46097e+26 
  13    0.1656546  3.50589e+26 
  14    0.1692819  3.67379e+26 
  15    0.1729887  3.72607e+26 
  16    0.1767767  3.90771e+26 
  17    0.1806476  4.00429e+26 
  18    0.1846033  4.13753e+26 
  19    0.1886456  4.29249e+26 
  20    0.1927764  4.54202e+26 
  21    0.1969976  4.72431e+26 
  22    0.2013113  4.92145e+26 
  23    0.2057194  5.05219e+26 
  24    0.2102241  5.17347e+26 
  25    0.2148274  5.37692e+26 
  26    0.2195315  5.65264e+26 
  27    0.2243386  5.95621e+26 
  28    0.2292510  6.10027e+26 
  29    0.2342710  6.24600e+26 
  30    0.2394008  6.42750e+26 
  31    0.2446430  6.67158e+26 
  32    0.2500000  7.20816e+26 
  33    0.2554743  7.69703e+26 
  34    0.2610684  8.33844e+26 
  35    0.2667851  9.51592e+26 
  36    0.2726269  1.03893e+27 
  37    0.2785967  1.15251e+27 
  38    0.2846972  1.34818e+27 
  39    0.2909312  1.88697e+27 
  40    0.2973018  2.45822e+27 
  41    0.3038118  3.25601e+27 
  42    0.3104645  4.50302e+27 
  43    0.3172627  5.54827e+27 
  44    0.3242099  6.09768e+27 
  45    0.3313092  6.68148e+27 
  46    0.3385639  7.69088e+27 
  47    0.3459775  8.85021e+27 
  48    0.3535534  9.36095e+27 
  49    0.3612952  1.00278e+28 
  50    0.3692065  1.03104e+28 
  51    0.3772911  1.01851e+28 
  52    0.3855527  9.92838e+27 
  53    0.3939952  9.53532e+27 
  54    0.4026226  8.81947e+27 
  55    0.4114389  8.16972e+27 
  56    0.4204482  7.64221e+27 
  57    0.4296548  7.05791e+27 
  58    0.4390630  5.97042e+27 
  59    0.4486773  5.02349e+27 
  60    0.4585020  4.30491e+27 
  61    0.4685419  3.53847e+27 
  62    0.4788016  2.95228e+27 
  63    0.4892860  2.54051e+27 
  64    0.5000000  2.15893e+27 
  65    0.5109486  1.79415e+27 
  66    0.5221369  1.50883e+27 
  67    0.5335702  1.28790e+27 
  68    0.5452539  1.17428e+27 
  69    0.5571934  1.11550e+27 
  70    0.5693943  1.14267e+27 
  71    0.5818624  1.21016e+27 
  72    0.5946036  1.28884e+27 
  73    0.6076237  1.40062e+27 
  74    0.6209289  1.52533e+27 
  75    0.6345255  1.67766e+27 
  76    0.6484198  1.85459e+27 
  77    0.6626183  2.03611e+27 
  78    0.6771278  2.25203e+27 
  79    0.6919549  2.48136e+27 
  80    0.7071068  2.73416e+27 
  81    0.7225904  3.00029e+27 
  82    0.7384131  3.30851e+27 
  83    0.7545822  3.62339e+27 
  84    0.7711054  3.96406e+27 
  85    0.7879904  4.32075e+27 
  86    0.8052452  4.70407e+27 
  87    0.8228777  5.10088e+27 
  88    0.8408964  5.51213e+27 
  89    0.8593096  5.93366e+27 
  90    0.8781261  6.36496e+27 
  91    0.8973545  6.82451e+27 
  92    0.9170040  7.26905e+27 
  93    0.9370838  7.72161e+27 
  94    0.9576033  8.15114e+27 
  95    0.9785721  8.60273e+27 
  96    1.0000000  9.04752e+27 
  97    1.0218971  9.46522e+27 
  98    1.0442738  9.87148e+27 
  99    1.0671404  1.02854e+28 
 100    1.0905077  1.06540e+28 
 101    1.1143867  1.09962e+28 
 102    1.1387886  1.13108e+28 
 103    1.1637249  1.15945e+28 
 104    1.1892071  1.18471e+28 
 105    1.2152474  1.20798e+28 
 106    1.2418578  1.22822e+28 
 107    1.2690510  1.24125e+28 
 108    1.2968396  1.25319e+28 
 109    1.3252366  1.25936e+28 
 110    1.3542555  1.26359e+28 
 111    1.3839099  1.26299e+28 
 112    1.4142136  1.25933e+28 
 113    1.4451808  1.25285e+28 
 114    1.4768261  1.24426e+28 
 115    1.5091644  1.23423e+28 
 116    1.5422108  1.22157e+28 
 117    1.5759808  1.20791e+28 
 118    1.6104903  1.19302e+28 
 119    1.6457555  1.17516e+28 
 120    1.6817928  1.15167e+28 
 121    1.7186193  1.12967e+28 
 122    1.7562522  1.09991e+28 
 123    1.7947091  1.06581e+28 
 124    1.8340081  1.02828e+28 
 125    1.8741676  9.88284e+27 
 126    1.9152066  9.43496e+27 
 127    1.9571441  8.97305e+27 
 128    2.0000000  8.46417e+27 
 129    2.0437943  7.95777e+27 
 130    2.0885476  7.44189e+27 
 131    2.1342808  6.91537e+27 
 132    2.1810155  6.43477e+27 
 133    2.2287735  5.94449e+27 
 134    2.2775773  5.45454e+27 
 135    2.3274497  4.94310e+27 
 136    2.3784142  4.44522e+27 
 137    2.4304947  3.97403e+27 
 138    2.4837156  3.53460e+27 
 139    2.5381019  3.10976e+27 
 140    2.5936791  2.68330e+27 
 141    2.6504733  2.30244e+27 
 142    2.7085111  1.95843e+27 
 143    2.7678198  1.61013e+27 
 144    2.8284271  1.33471e+27 
 145    2.8903616  1.08987e+27 
 146    2.9536523  8.94245e+26 
 147    3.0183289  7.45526e+26 
 148    3.0844217  6.38512e+26 
 149    3.1519617  5.50725e+26 
 150    3.2209807  4.96329e+26 
 151    3.2915110  4.57378e+26 
 152    3.3635857  4.40128e+26 
 153    3.4372386  4.39953e+26 
 154    3.5125043  4.41788e+26 
 155    3.5894182  4.44736e+26 
 156    3.6680162  4.46196e+26 
 157    3.7483353  4.45055e+26 
 158    3.8304131  4.43413e+26 
 159    3.9142882  4.41123e+26 
 160    4.0000000  4.37451e+26 
 161    4.0875886  4.33367e+26 
 162    4.1770951  4.28027e+26 
 163    4.2685616  4.24162e+26 
 164    4.3620309  4.19993e+26 
 165    4.4575470  4.16177e+26 
 166    4.5551545  4.14499e+26 
 167    4.6548994  4.13641e+26 
 168    4.7568285  4.14979e+26 
 169    4.8609894  4.19375e+26 
 170    4.9674312  4.25162e+26 
 171    5.0762038  4.33435e+26 
 172    5.1873582  4.44425e+26 
 173    5.3009466  4.57804e+26 
 174    5.4170222  4.74374e+26 
 175    5.5356395  4.92422e+26 
 176    5.6568542  5.11977e+26 
 177    5.7807232  5.27486e+26 
 178    5.9073046  5.42120e+26 
 179    6.0366577  5.44185e+26 
 180    6.1688433  5.34903e+26 
 181    6.3039234  5.24370e+26 
 182    6.4419613  4.97143e+26 
 183    6.5830219  4.65371e+26 
 184    6.7271713  4.26759e+26 
 185    6.8744772  3.85643e+26 
 186    7.0250086  3.39634e+26 
 187    7.1788363  2.79149e+26 
 188    7.3360323  2.12776e+26 
 189    7.4966705  1.44095e+26 


# z-band (filter: z_LSST.dat)
   0    0.1250000  1.94310e+26 
   1    0.1277371  1.98300e+26 
   2    0.1305342  2.02378e+26 
   3    0.1333926  2.06546e+26 
   4    0.1363135  2.09125e+26 
   5    0.1392983  2.11946e+26 
   6    0.1423486  2.21333e+26 
   7    0.1454656  2.26839e+26 
   8    0.1486509  2.29824e+26 
   9    0.1519059  2.42097e+26 
  10    0.1552322  2.48812e+26 
  11    0.1586314  2.55328e+26 
  12    0.1621049  2.58647e+26 
  13    0.1656546  2.67134e+26 
  14    0.1692819  2.92706e+26 
  15    0.1729887  3.08786e+26 
  16    0.1767767  3.24685e+26 
  17    0.1806476  3.38173e+26 
  18    0.1846033  3.50200e+26 
  19    0.1886456  3.77164e+26 
  20    0.1927764  3.94851e+26 
  21    0.1969976  4.16817e+26 
  22    0.2013113  4.50611e+26 
  23    0.2057194  4.84823e+26 
  24    0.2102241  5.13350e+26 
  25    0.2148274  5.69391e+26 
  26    0.2195315  6.45547e+26 
  27    0.2243386  7.21496e+26 
  28    0.2292510  8.75988e+26 
  29    0.2342710  1.15885e+27 
  30    0.2394008  1.46990e+27 
  31    0.2446430  1.83329e+27 
  32    0.2500000  2.18871e+27 
  33    0.2554743  2.86292e+27 
  34    0.2610684  3.89374e+27 
  35    0.2667851  4.61778e+27 
  36    0.2726269  5.26760e+27 
  37    0.2785967  6.52634e+27 
  38    0.2846972  8.76406e+27 
  39    0.2909312  8.99335e+27 
  40    0.2973018  9.40085e+27 
  41    0.3038118  9.03201e+27 
  42    0.3104645  8.80599e+27 
  43    0.3172627  8.59629e+27 
  44    0.3242099  8.42051e+27 
  45    0.3313092  7.94794e+27 
  46    0.3385639  7.23944e+27 
  47    0.3459775  6.93149e+27 
  48    0.3535534  6.65298e+27 
  49    0.3612952  5.70631e+27 
  50    0.3692065  4.40411e+27 
  51    0.3772911  4.16595e+27 
  52    0.3855527  4.20991e+27 
  53    0.3939952  4.29570e+27 
  54    0.4026226  4.33053e+27 
  55    0.4114389  4.32833e+27 
  56    0.4204482  4.27667e+27 
  57    0.4296548  4.10107e+27 
  58    0.4390630  3.86244e+27 
  59    0.4486773  3.58861e+27 
  60    0.4585020  3.25179e+27 
  61    0.4685419  2.91451e+27 
  62    0.4788016  2.53785e+27 
  63    0.4892860  2.22822e+27 
  64    0.5000000  1.94999e+27 
  65    0.5109486  1.60769e+27 
  66    0.5221369  1.39170e+27 
  67    0.5335702  1.19625e+27 
  68    0.5452539  1.06902e+27 
  69    0.5571934  1.00914e+27 
  70    0.5693943  1.00746e+27 
  71    0.5818624  1.08917e+27 
  72    0.5946036  1.21407e+27 
  73    0.6076237  1.39928e+27 
  74    0.6209289  1.59473e+27 
  75    0.6345255  1.86058e+27 
  76    0.6484198  2.14763e+27 
  77    0.6626183  2.44482e+27 
  78    0.6771278  2.73775e+27 
  79    0.6919549  3.07905e+27 
  80    0.7071068  3.45019e+27 
  81    0.7225904  3.86976e+27 
  82    0.7384131  4.29760e+27 
  83    0.7545822  4.73652e+27 
  84    0.7711054  5.18368e+27 
  85    0.7879904  5.62472e+27 
  86    0.8052452  6.05265e+27 
  87    0.8228777  6.49883e+27 
  88    0.8408964  6.89256e+27 
  89    0.8593096  7.34838e+27 
  90    0.8781261  7.76477e+27 
  91    0.8973545  8.16249e+27 
  92    0.9170040  8.56155e+27 
  93    0.9370838  8.92719e+27 
  94    0.9576033  9.26172e+27 
  95    0.9785721  9.58391e+27 
  96    1.0000000  9.88358e+27 
  97    1.0218971  1.01205e+28 
  98    1.0442738  1.03582e+28 
  99    1.0671404  1.05812e+28 
 100    1.0905077  1.07821e+28 
 101    1.1143867  1.09129e+28 
 102    1.1387886  1.10135e+28 
 103    1.1637249  1.10761e+28 
 104    1.1892071  1.11094e+28 
 105    1.2152474  1.11179e+28 
 106    1.2418578  1.11032e+28 
 107    1.2690510  1.10414e+28 
 108    1.2968396  1.09469e+28 
 109    1.3252366  1.08365e+28 
 110    1.3542555  1.06787e+28 
 111    1.3839099  1.04883e+28 
 112    1.4142136  1.02709e+28 
 113    1.4451808  1.00441e+28 
 114    1.4768261  9.81144e+27 
 115    1.5091644  9.56808e+27 
 116    1.5422108  9.29231e+27 
 117    1.5759808  9.02218e+27 
 118    1.6104903  8.72690e+27 
 119    1.6457555  8.41194e+27 
 120    1.6817928  8.08080e+27 
 121    1.7186193  7.74922e+27 
 122    1.7562522  7.39785e+27 
 123    1.7947091  7.02738e+27 
 124    1.8340081  6.65361e+27 
 125    1.8741676  6.25982e+27 
 126    1.9152066  5.87623e+27 
 127    1.9571441  5.48451e+27 
 128    2.0000000  5.08490e+27 
 129    2.0437943  4.70250e+27 
 130    2.0885476  4.32850e+27 
 131    2.1342808  3.96948e+27 
 132    2.1810155  3.64328e+27 
 133    2.2287735  3.31935e+27 
 134    2.2775773  3.00384e+27 
 135    2.3274497  2.68421e+27 
 136    2.3784142  2.37994e+27 
 137    2.4304947  2.09398e+27 
 138    2.4837156  1.82866e+27 
 139    2.5381019  1.57860e+27 
 140    2.5936791  1.32597e+27 
 141    2.6504733  1.10334e+27 
 142    2.7085111  9.06030e+26 
 143    2.7678198  7.08192e+26 
 144    2.8284271  5.51127e+26 
 145    2.8903616  4.12771e+26 
 146    2.9536523  3.02207e+26 
 147    3.0183289  2.20369e+26 
 148    3.0844217  1.59458e+26 
 149    3.1519617  1.08955e+26 
 150    3.2209807  7.54790e+25 
 151    3.2915110  5.05874e+25 
 152    3.3635857  3.87100e+25 
 153    3.4372386  3.41906e+25 
 154    3.5125043  3.16122e+25 
 155    3.5894182  3.05906e+25 
 156    3.6680162  2.98626e+25 
 157    3.7483353  2.96011e+25 
 158    3.8304131  2.98477e+25 
 159    3.9142882  3.03564e+25 
 160    4.0000000  3.19961e+25 
 161    4.0875886  3.39783e+25 
 162    4.1770951  3.60753e+25 
 163    4.2685616  3.90105e+25 
 164    4.3620309  4.16842e+25 
 165    4.4575470  4.50757e+25 
 166    4.5551545  4.84766e+25 
 167    4.6548994  5.19741e+25 
 168    4.7568285  5.61348e+25 
 169    4.8609894  6.06530e+25 
 170    4.9674312  6.63940e+25 
 171    5.0762038  7.32840e+25 
 172    5.1873582  7.96563e+25 
 173    5.3009466  8.67650e+25 
 174    5.4170222  9.44041e+25 
 175    5.5356395  1.02217e+26 
 176    5.6568542  1.09174e+26 
 177    5.7807232  1.13991e+26 
 178    5.9073046  1.19412e+26 
 179    6.0366577  1.20697e+26 
 180    6.1688433  1.19270e+26 
 181    6.3039234  1.17443e+26 
 182    6.4419613  1.11587e+26 
 183    6.5830219  1.04394e+26 
 184    6.7271713  9.50277e+25 
 185    6.8744772  8.55552e+25 
 186    7.0250086  7.42968e+25 
 187    7.1788363  6.02611e+25 
 188    7.3360323  4.55389e+25 
 189    7.4966705  3.08819e+25 


# y-band (filter: y_LSST.dat)
   0    0.1250000  1.53912e+26 
   1    0.1277371  1.61329e+26 
   2    0.1305342  1.68908e+26 
   3    0.1333926  1.76654e+26 
   4    0.1363135  1.90040e+26 
   5    0.1392983  2.01178e+26 
   6    0.1423486  2.16587e+26 
   7    0.1454656  2.59204e+26 
   8    0.1486509  2.84308e+26 
   9    0.1519059  3.57217e+26 
  10    0.1552322  3.92350e+26 
  11    0.1586314  4.34777e+26 
  12    0.1621049  4.68472e+26 
  13    0.1656546  5.28883e+26 
  14    0.1692819  6.14885e+26 
  15    0.1729887  7.09627e+26 
  16    0.1767767  8.02326e+26 
  17    0.1806476  9.06661e+26 
  18    0.1846033  9.78137e+26 
  19    0.1886456  1.06175e+27 
  20    0.1927764  1.10780e+27 
  21    0.1969976  1.15292e+27 
  22    0.2013113  1.22327e+27 
  23    0.2057194  1.28230e+27 
  24    0.2102241  1.33473e+27 
  25    0.2148274  1.42005e+27 
  26    0.2195315  1.55144e+27 
  27    0.2243386  1.71647e+27 
  28    0.2292510  2.39506e+27 
  29    0.2342710  2.82901e+27 
  30    0.2394008  3.34361e+27 
  31    0.2446430  3.95588e+27 
  32    0.2500000  4.53178e+27 
  33    0.2554743  5.45988e+27 
  34    0.2610684  6.77126e+27 
  35    0.2667851  6.97865e+27 
  36    0.2726269  7.20608e+27 
  37    0.2785967  7.62010e+27 
  38    0.2846972  7.93527e+27 
  39    0.2909312  8.16643e+27 
  40    0.2973018  8.20236e+27 
  41    0.3038118  8.46156e+27 
  42    0.3104645  8.87751e+27 
  43    0.3172627  9.02532e+27 
  44    0.3242099  9.44191e+27 
  45    0.3313092  9.33393e+27 
  46    0.3385639  9.73526e+27 
  47    0.3459775  1.04350e+28 
  48    0.3535534  1.12592e+28 
  49    0.3612952  1.20866e+28 
  50    0.3692065  1.29116e+28 
  51    0.3772911  1.38096e+28 
  52    0.3855527  1.46719e+28 
  53    0.3939952  1.54933e+28 
  54    0.4026226  1.63525e+28 
  55    0.4114389  1.70937e+28 
  56    0.4204482  1.76609e+28 
  57    0.4296548  1.79900e+28 
  58    0.4390630  1.80985e+28 
  59    0.4486773  1.80573e+28 
  60    0.4585020  1.74452e+28 
  61    0.4685419  1.68691e+28 
  62    0.4788016  1.62093e+28 
  63    0.4892860  1.55884e+28 
  64    0.5000000  1.50937e+28 
  65    0.5109486  1.43676e+28 
  66    0.5221369  1.37947e+28 
  67    0.5335702  1.34199e+28 
  68    0.5452539  1.30669e+28 
  69    0.5571934  1.28195e+28 
  70    0.5693943  1.27079e+28 
  71    0.5818624  1.28976e+28 
  72    0.5946036  1.31948e+28 
  73    0.6076237  1.35335e+28 
  74    0.6209289  1.38858e+28 
  75    0.6345255  1.42752e+28 
  76    0.6484198  1.46425e+28 
  77    0.6626183  1.49630e+28 
  78    0.6771278  1.52028e+28 
  79    0.6919549  1.53801e+28 
  80    0.7071068  1.55601e+28 
  81    0.7225904  1.57570e+28 
  82    0.7384131  1.58480e+28 
  83    0.7545822  1.59039e+28 
  84    0.7711054  1.59083e+28 
  85    0.7879904  1.59255e+28 
  86    0.8052452  1.58961e+28 
  87    0.8228777  1.57929e+28 
  88    0.8408964  1.56606e+28 
  89    0.8593096  1.55623e+28 
  90    0.8781261  1.54263e+28 
  91    0.8973545  1.52655e+28 
  92    0.9170040  1.50775e+28 
  93    0.9370838  1.48922e+28 
  94    0.9576033  1.46595e+28 
  95    0.9785721  1.44202e+28 
  96    1.0000000  1.41901e+28 
  97    1.0218971  1.38734e+28 
  98    1.0442738  1.35904e+28 
  99    1.0671404  1.32679e+28 
 100    1.0905077  1.29345e+28 
 101    1.1143867  1.25797e+28 
 102    1.1387886  1.22091e+28 
 103    1.1637249  1.18190e+28 
 104    1.1892071  1.14298e+28 
 105    1.2152474  1.10199e+28 
 106    1.2418578  1.06074e+28 
 107    1.2690510  1.01890e+28 
 108    1.2968396  9.78432e+27 
 109    1.3252366  9.35399e+27 
 110    1.3542555  8.94814e+27 
 111    1.3839099  8.54989e+27 
 112    1.4142136  8.15292e+27 
 113    1.4451808  7.78289e+27 
 114    1.4768261  7.41976e+27 
 115    1.5091644  7.05326e+27 
 116    1.5422108  6.70239e+27 
 117    1.5759808  6.36565e+27 
 118    1.6104903  6.04394e+27 
 119    1.6457555  5.71459e+27 
 120    1.6817928  5.38947e+27 
 121    1.7186193  5.07966e+27 
 122    1.7562522  4.76043e+27 
 123    1.7947091  4.44749e+27 
 124    1.8340081  4.13318e+27 
 125    1.8741676  3.81753e+27 
 126    1.9152066  3.51983e+27 
 127    1.9571441  3.24160e+27 
 128    2.0000000  2.95908e+27 
 129    2.0437943  2.69941e+27 
 130    2.0885476  2.45723e+27 
 131    2.1342808  2.23285e+27 
 132    2.1810155  2.02631e+27 
 133    2.2287735  1.82892e+27 
 134    2.2775773  1.64660e+27 
 135    2.3274497  1.46345e+27 
 136    2.3784142  1.29324e+27 
 137    2.4304947  1.13435e+27 
 138    2.4837156  9.89349e+26 
 139    2.5381019  8.50471e+26 
 140    2.5936791  7.14301e+26 
 141    2.6504733  5.96098e+26 
 142    2.7085111  4.88063e+26 
 143    2.7678198  3.80179e+26 
 144    2.8284271  2.96533e+26 
 145    2.8903616  2.22516e+26 
 146    2.9536523  1.63744e+26 
 147    3.0183289  1.20232e+26 
 148    3.0844217  8.64644e+25 
 149    3.1519617  6.04355e+25 
 150    3.2209807  4.35825e+25 
 151    3.2915110  3.13511e+25 
 152    3.3635857  2.48584e+25 
 153    3.4372386  2.25014e+25 
 154    3.5125043  2.12672e+25 
 155    3.5894182  2.06652e+25 
 156    3.6680162  2.01426e+25 
 157    3.7483353  1.97023e+25 
 158    3.8304131  1.93808e+25 
 159    3.9142882  1.88168e+25 
 160    4.0000000  1.89525e+25 
 161    4.0875886  1.86466e+25 
 162    4.1770951  1.79024e+25 
 163    4.2685616  1.76044e+25 
 164    4.3620309  1.72599e+25 
 165    4.4575470  1.69040e+25 
 166    4.5551545  1.65285e+25 
 167    4.6548994  1.65810e+25 
 168    4.7568285  1.66340e+25 
 169    4.8609894  1.70437e+25 
 170    4.9674312  1.78159e+25 
 171    5.0762038  2.00605e+25 
 172    5.1873582  2.24993e+25 
 173    5.3009466  2.82313e+25 
 174    5.4170222  3.66054e+25 
 175    5.5356395  4.63815e+25 
 176    5.6568542  6.00265e+25 
 177    5.7807232  7.49741e+25 
 178    5.9073046  9.10422e+25 
 179    6.0366577  1.06276e+26 
 180    6.1688433  1.19349e+26 
 181    6.3039234  1.33639e+26 
 182    6.4419613  1.40863e+26 
 183    6.5830219  1.44584e+26 
 184    6.7271713  1.47155e+26 
 185    6.8744772  1.43259e+26 
 186    7.0250086  1.39411e+26 
 187    7.1788363  1.30341e+26 
 188    7.3360323  1.16762e+26 
 189    7.4966705  9.66271e+25 


# J-band (filter: J_2MASS.dat)
   0    0.1250000  1.83078e+26 
   1    0.1277371  2.39420e+26 
   2    0.1305342  2.96997e+26 
   3    0.1333926  3.55834e+26 
   4    0.1363135  4.00690e+26 
   5    0.1392983  4.70774e+26 
   6    0.1423486  5.43999e+26 
   7    0.1454656  6.54397e+26 
   8    0.1486509  7.52914e+26 
   9    0.1519059  1.01840e+27 
  10    0.1552322  1.64515e+27 
  11    0.1586314  1.94085e+27 
  12    0.1621049  2.03426e+27 
  13    0.1656546  2.15991e+27 
  14    0.1692819  2.34447e+27 
  15    0.1729887  2.55047e+27 
  16    0.1767767  2.71914e+27 
  17    0.1806476  2.88466e+27 
  18    0.1846033  3.09011e+27 
  19    0.1886456  3.32594e+27 
  20    0.1927764  3.56941e+27 
  21    0.1969976  3.63969e+27 
  22    0.2013113  3.61070e+27 
  23    0.2057194  3.99713e+27 
  24    0.2102241  4.47267e+27 
  25    0.2148274  4.92245e+27 
  26    0.2195315  5.80622e+27 
  27    0.2243386  7.33833e+27 
  28    0.2292510  8.06400e+27 
  29    0.2342710  8.29533e+27 
  30    0.2394008  8.84841e+27 
  31    0.2446430  9.08942e+27 
  32    0.2500000  9.49523e+27 
  33    0.2554743  9.85570e+27 
  34    0.2610684  1.03078e+28 
  35    0.2667851  1.08460e+28 
  36    0.2726269  1.14210e+28 
  37    0.2785967  1.17498e+28 
  38    0.2846972  1.21318e+28 
  39    0.2909312  1.18306e+28 
  40    0.2973018  1.25565e+28 
  41    0.3038118  1.34454e+28 
  42    0.3104645  1.42837e+28 
  43    0.3172627  1.51564e+28 
  44    0.3242099  1.61161e+28 
  45    0.3313092  1.68917e+28 
  46    0.3385639  1.78675e+28 
  47    0.3459775  1.85889e+28 
  48    0.3535534  1.93798e+28 
  49    0.3612952  2.01920e+28 
  50    0.3692065  2.10823e+28 
  51    0.3772911  2.19747e+28 
  52    0.3855527  2.27167e+28 
  53    0.3939952  2.32922e+28 
  54    0.4026226  2.38267e+28 
  55    0.4114389  2.42646e+28 
  56    0.4204482  2.44963e+28 
  57    0.4296548  2.45638e+28 
  58    0.4390630  2.43282e+28 
  59    0.4486773  2.40259e+28 
  60    0.4585020  2.31917e+28 
  61    0.4685419  2.23115e+28 
  62    0.4788016  2.13314e+28 
  63    0.4892860  2.05016e+28 
  64    0.5000000  1.97787e+28 
  65    0.5109486  1.88390e+28 
  66    0.5221369  1.81674e+28 
  67    0.5335702  1.75174e+28 
  68    0.5452539  1.68962e+28 
  69    0.5571934  1.64752e+28 
  70    0.5693943  1.61639e+28 
  71    0.5818624  1.60670e+28 
  72    0.5946036  1.60962e+28 
  73    0.6076237  1.61119e+28 
  74    0.6209289  1.61683e+28 
  75    0.6345255  1.61374e+28 
  76    0.6484198  1.60757e+28 
  77    0.6626183  1.59888e+28 
  78    0.6771278  1.58579e+28 
  79    0.6919549  1.57270e+28 
  80    0.7071068  1.55224e+28 
  81    0.7225904  1.52676e+28 
  82    0.7384131  1.49628e+28 
  83    0.7545822  1.46987e+28 
  84    0.7711054  1.43874e+28 
  85    0.7879904  1.40789e+28 
  86    0.8052452  1.37123e+28 
  87    0.8228777  1.33425e+28 
  88    0.8408964  1.29469e+28 
  89    0.8593096  1.25510e+28 
  90    0.8781261  1.21756e+28 
  91    0.8973545  1.17852e+28 
  92    0.9170040  1.14053e+28 
  93    0.9370838  1.10189e+28 
  94    0.9576033  1.06380e+28 
  95    0.9785721  1.02144e+28 
  96    1.0000000  9.80056e+27 
  97    1.0218971  9.39613e+27 
  98    1.0442738  9.00031e+27 
  99    1.0671404  8.59720e+27 
 100    1.0905077  8.22222e+27 
 101    1.1143867  7.86962e+27 
 102    1.1387886  7.47264e+27 
 103    1.1637249  7.09033e+27 
 104    1.1892071  6.73203e+27 
 105    1.2152474  6.38715e+27 
 106    1.2418578  6.04997e+27 
 107    1.2690510  5.74181e+27 
 108    1.2968396  5.44150e+27 
 109    1.3252366  5.14104e+27 
 110    1.3542555  4.86952e+27 
 111    1.3839099  4.60675e+27 
 112    1.4142136  4.35505e+27 
 113    1.4451808  4.11071e+27 
 114    1.4768261  3.87410e+27 
 115    1.5091644  3.65423e+27 
 116    1.5422108  3.44268e+27 
 117    1.5759808  3.23869e+27 
 118    1.6104903  3.04752e+27 
 119    1.6457555  2.85333e+27 
 120    1.6817928  2.66662e+27 
 121    1.7186193  2.48784e+27 
 122    1.7562522  2.30791e+27 
 123    1.7947091  2.13560e+27 
 124    1.8340081  1.97137e+27 
 125    1.8741676  1.80506e+27 
 126    1.9152066  1.66045e+27 
 127    1.9571441  1.51583e+27 
 128    2.0000000  1.37417e+27 
 129    2.0437943  1.24743e+27 
 130    2.0885476  1.12508e+27 
 131    2.1342808  1.01315e+27 
 132    2.1810155  9.14939e+26 
 133    2.2287735  8.21345e+26 
 134    2.2775773  7.34431e+26 
 135    2.3274497  6.48279e+26 
 136    2.3784142  5.68007e+26 
 137    2.4304947  4.93210e+26 
 138    2.4837156  4.25092e+26 
 139    2.5381019  3.63018e+26 
 140    2.5936791  3.01866e+26 
 141    2.6504733  2.49775e+26 
 142    2.7085111  2.01851e+26 
 143    2.7678198  1.55986e+26 
 144    2.8284271  1.18967e+26 
 145    2.8903616  8.72644e+25 
 146    2.9536523  6.20897e+25 
 147    3.0183289  4.46121e+25 
 148    3.0844217  3.09174e+25 
 149    3.1519617  2.01621e+25 
 150    3.2209807  1.27432e+25 
 151    3.2915110  7.80288e+24 
 152    3.3635857  5.23805e+24 
 153    3.4372386  4.48426e+24 
 154    3.5125043  4.09942e+24 
 155    3.5894182  3.91916e+24 
 156    3.6680162  3.72706e+24 
 157    3.7483353  3.61617e+24 
 158    3.8304131  3.54260e+24 
 159    3.9142882  3.59825e+24 
 160    4.0000000  3.76362e+24 
 161    4.0875886  3.93918e+24 
 162    4.1770951  4.08149e+24 
 163    4.2685616  4.18075e+24 
 164    4.3620309  4.19964e+24 
 165    4.4575470  4.34820e+24 
 166    4.5551545  4.59734e+24 
 167    4.6548994  4.87723e+24 
 168    4.7568285  5.17155e+24 
 169    4.8609894  5.32567e+24 
 170    4.9674312  5.61939e+24 
 171    5.0762038  5.70211e+24 
 172    5.1873582  5.88644e+24 
 173    5.3009466  5.97024e+24 
 174    5.4170222  6.01420e+24 
 175    5.5356395  6.14061e+24 
 176    5.6568542  6.47860e+24 
 177    5.7807232  7.03932e+24 
 178    5.9073046  7.80296e+24 
 179    6.0366577  1.00762e+25 
 180    6.1688433  1.46019e+25 
 181    6.3039234  1.99984e+25 
 182    6.4419613  3.10960e+25 
 183    6.5830219  4.64819e+25 
 184    6.7271713  6.36911e+25 
 185    6.8744772  8.84191e+25 
 186    7.0250086  1.12382e+26 
 187    7.1788363  1.39481e+26 
 188    7.3360323  1.70753e+26 
 189    7.4966705  2.08868e+26 


# H-band (filter: H_2MASS.dat)
   0    0.1250000  4.83244e+26 
   1    0.1277371  7.11073e+26 
   2    0.1305342  9.43891e+26 
   3    0.1333926  1.18181e+27 
   4    0.1363135  1.48037e+27 
   5    0.1392983  1.84106e+27 
   6    0.1423486  2.26709e+27 
   7    0.1454656  2.77999e+27 
   8    0.1486509  3.30578e+27 
   9    0.1519059  4.25943e+27 
  10    0.1552322  5.11910e+27 
  11    0.1586314  6.10479e+27 
  12    0.1621049  7.04651e+27 
  13    0.1656546  8.28319e+27 
  14    0.1692819  9.67322e+27 
  15    0.1729887  1.11294e+28 
  16    0.1767767  1.26066e+28 
  17    0.1806476  1.41058e+28 
  18    0.1846033  1.57123e+28 
  19    0.1886456  1.76044e+28 
  20    0.1927764  1.92639e+28 
  21    0.1969976  2.09208e+28 
  22    0.2013113  2.28789e+28 
  23    0.2057194  2.45841e+28 
  24    0.2102241  2.63892e+28 
  25    0.2148274  2.81756e+28 
  26    0.2195315  2.99919e+28 
  27    0.2243386  3.17439e+28 
  28    0.2292510  3.31273e+28 
  29    0.2342710  3.48051e+28 
  30    0.2394008  3.65375e+28 
  31    0.2446430  3.78196e+28 
  32    0.2500000  3.92740e+28 
  33    0.2554743  4.07969e+28 
  34    0.2610684  4.16328e+28 
  35    0.2667851  4.28347e+28 
  36    0.2726269  4.36121e+28 
  37    0.2785967  4.43820e+28 
  38    0.2846972  4.48808e+28 
  39    0.2909312  4.56741e+28 
  40    0.2973018  4.61100e+28 
  41    0.3038118  4.61908e+28 
  42    0.3104645  4.61500e+28 
  43    0.3172627  4.60605e+28 
  44    0.3242099  4.58397e+28 
  45    0.3313092  4.53927e+28 
  46    0.3385639  4.48692e+28 
  47    0.3459775  4.40936e+28 
  48    0.3535534  4.35375e+28 
  49    0.3612952  4.25956e+28 
  50    0.3692065  4.16252e+28 
  51    0.3772911  4.04201e+28 
  52    0.3855527  3.92766e+28 
  53    0.3939952  3.82085e+28 
  54    0.4026226  3.70088e+28 
  55    0.4114389  3.56806e+28 
  56    0.4204482  3.42232e+28 
  57    0.4296548  3.27044e+28 
  58    0.4390630  3.12709e+28 
  59    0.4486773  2.96815e+28 
  60    0.4585020  2.79272e+28 
  61    0.4685419  2.63008e+28 
  62    0.4788016  2.46501e+28 
  63    0.4892860  2.31503e+28 
  64    0.5000000  2.16406e+28 
  65    0.5109486  2.01777e+28 
  66    0.5221369  1.88647e+28 
  67    0.5335702  1.75763e+28 
  68    0.5452539  1.64776e+28 
  69    0.5571934  1.54462e+28 
  70    0.5693943  1.45324e+28 
  71    0.5818624  1.37182e+28 
  72    0.5946036  1.29932e+28 
  73    0.6076237  1.23461e+28 
  74    0.6209289  1.16866e+28 
  75    0.6345255  1.10449e+28 
  76    0.6484198  1.04751e+28 
  77    0.6626183  9.87602e+27 
  78    0.6771278  9.31857e+27 
  79    0.6919549  8.78273e+27 
  80    0.7071068  8.30132e+27 
  81    0.7225904  7.81797e+27 
  82    0.7384131  7.32857e+27 
  83    0.7545822  6.86482e+27 
  84    0.7711054  6.44481e+27 
  85    0.7879904  6.02242e+27 
  86    0.8052452  5.65565e+27 
  87    0.8228777  5.27957e+27 
  88    0.8408964  4.94877e+27 
  89    0.8593096  4.64282e+27 
  90    0.8781261  4.36697e+27 
  91    0.8973545  4.09187e+27 
  92    0.9170040  3.83379e+27 
  93    0.9370838  3.58667e+27 
  94    0.9576033  3.35014e+27 
  95    0.9785721  3.14604e+27 
  96    1.0000000  2.94209e+27 
  97    1.0218971  2.77329e+27 
  98    1.0442738  2.60281e+27 
  99    1.0671404  2.44673e+27 
 100    1.0905077  2.29693e+27 
 101    1.1143867  2.15952e+27 
 102    1.1387886  2.02095e+27 
 103    1.1637249  1.90748e+27 
 104    1.1892071  1.79419e+27 
 105    1.2152474  1.68417e+27 
 106    1.2418578  1.58607e+27 
 107    1.2690510  1.49557e+27 
 108    1.2968396  1.40435e+27 
 109    1.3252366  1.31808e+27 
 110    1.3542555  1.24649e+27 
 111    1.3839099  1.16610e+27 
 112    1.4142136  1.09738e+27 
 113    1.4451808  1.02794e+27 
 114    1.4768261  9.66276e+26 
 115    1.5091644  9.05979e+26 
 116    1.5422108  8.47168e+26 
 117    1.5759808  7.98778e+26 
 118    1.6104903  7.42753e+26 
 119    1.6457555  6.93161e+26 
 120    1.6817928  6.45787e+26 
 121    1.7186193  6.04379e+26 
 122    1.7562522  5.58908e+26 
 123    1.7947091  5.20500e+26 
 124    1.8340081  4.85233e+26 
 125    1.8741676  4.47127e+26 
 126    1.9152066  4.12586e+26 
 127    1.9571441  3.80465e+26 
 128    2.0000000  3.50414e+26 
 129    2.0437943  3.20142e+26 
 130    2.0885476  2.95291e+26 
 131    2.1342808  2.70275e+26 
 132    2.1810155  2.47432e+26 
 133    2.2287735  2.25881e+26 
 134    2.2775773  2.05292e+26 
 135    2.3274497  1.83352e+26 
 136    2.3784142  1.62152e+26 
 137    2.4304947  1.43201e+26 
 138    2.4837156  1.25608e+26 
 139    2.5381019  1.09870e+26 
 140    2.5936791  9.50631e+25 
 141    2.6504733  8.09051e+25 
 142    2.7085111  6.84335e+25 
 143    2.7678198  5.60887e+25 
 144    2.8284271  4.64657e+25 
 145    2.8903616  3.64812e+25 
 146    2.9536523  2.91676e+25 
 147    3.0183289  2.33143e+25 
 148    3.0844217  1.86824e+25 
 149    3.1519617  1.47300e+25 
 150    3.2209807  1.12102e+25 
 151    3.2915110  8.53464e+24 
 152    3.3635857  6.42110e+24 
 153    3.4372386  5.25376e+24 
 154    3.5125043  4.02364e+24 
 155    3.5894182  3.05408e+24 
 156    3.6680162  2.36947e+24 
 157    3.7483353  2.02990e+24 
 158    3.8304131  1.78471e+24 
 159    3.9142882  1.54379e+24 
 160    4.0000000  1.46269e+24 
 161    4.0875886  1.27121e+24 
 162    4.1770951  1.30936e+24 
 163    4.2685616  1.26158e+24 
 164    4.3620309  1.24673e+24 
 165    4.4575470  1.28361e+24 
 166    4.5551545  1.31996e+24 
 167    4.6548994  1.31739e+24 
 168    4.7568285  1.29346e+24 
 169    4.8609894  1.36144e+24 
 170    4.9674312  1.39258e+24 
 171    5.0762038  1.47437e+24 
 172    5.1873582  1.47186e+24 
 173    5.3009466  1.44955e+24 
 174    5.4170222  1.42829e+24 
 175    5.5356395  1.46085e+24 
 176    5.6568542  1.49514e+24 
 177    5.7807232  1.53364e+24 
 178    5.9073046  1.54247e+24 
 179    6.0366577  1.62945e+24 
 180    6.1688433  1.65315e+24 
 181    6.3039234  1.67291e+24 
 182    6.4419613  1.69859e+24 
 183    6.5830219  1.68324e+24 
 184    6.7271713  1.67692e+24 
 185    6.8744772  1.62223e+24 
 186    7.0250086  1.60457e+24 
 187    7.1788363  1.53640e+24 
 188    7.3360323  1.44917e+24 
 189    7.4966705  1.32532e+24 


# K-band (filter: Ks_mosfire.dat)
   0    0.1250000  1.29443e+27 
   1    0.1277371  1.51103e+27 
   2    0.1305342  1.73238e+27 
   3    0.1333926  1.95857e+27 
   4    0.1363135  2.48732e+27 
   5    0.1392983  2.87725e+27 
   6    0.1423486  3.50963e+27 
   7    0.1454656  4.36937e+27 
   8    0.1486509  5.31667e+27 
   9    0.1519059  6.37558e+27 
  10    0.1552322  7.58649e+27 
  11    0.1586314  8.82697e+27 
  12    0.1621049  1.00112e+28 
  13    0.1656546  1.10551e+28 
  14    0.1692819  1.24374e+28 
  15    0.1729887  1.38423e+28 
  16    0.1767767  1.51250e+28 
  17    0.1806476  1.66190e+28 
  18    0.1846033  1.80788e+28 
  19    0.1886456  1.96053e+28 
  20    0.1927764  2.10771e+28 
  21    0.1969976  2.25048e+28 
  22    0.2013113  2.34370e+28 
  23    0.2057194  2.47992e+28 
  24    0.2102241  2.63252e+28 
  25    0.2148274  2.74503e+28 
  26    0.2195315  2.87580e+28 
  27    0.2243386  2.97888e+28 
  28    0.2292510  3.09907e+28 
  29    0.2342710  3.18124e+28 
  30    0.2394008  3.26395e+28 
  31    0.2446430  3.31917e+28 
  32    0.2500000  3.36430e+28 
  33    0.2554743  3.42423e+28 
  34    0.2610684  3.45218e+28 
  35    0.2667851  3.47368e+28 
  36    0.2726269  3.48315e+28 
  37    0.2785967  3.48924e+28 
  38    0.2846972  3.47480e+28 
  39    0.2909312  3.44295e+28 
  40    0.2973018  3.41026e+28 
  41    0.3038118  3.36430e+28 
  42    0.3104645  3.32009e+28 
  43    0.3172627  3.26830e+28 
  44    0.3242099  3.21850e+28 
  45    0.3313092  3.15160e+28 
  46    0.3385639  3.07041e+28 
  47    0.3459775  2.98372e+28 
  48    0.3535534  2.90082e+28 
  49    0.3612952  2.81713e+28 
  50    0.3692065  2.71999e+28 
  51    0.3772911  2.63088e+28 
  52    0.3855527  2.53032e+28 
  53    0.3939952  2.43401e+28 
  54    0.4026226  2.33597e+28 
  55    0.4114389  2.23080e+28 
  56    0.4204482  2.12130e+28 
  57    0.4296548  2.02259e+28 
  58    0.4390630  1.92150e+28 
  59    0.4486773  1.82321e+28 
  60    0.4585020  1.70310e+28 
  61    0.4685419  1.59208e+28 
  62    0.4788016  1.48581e+28 
  63    0.4892860  1.38657e+28 
  64    0.5000000  1.29111e+28 
  65    0.5109486  1.20057e+28 
  66    0.5221369  1.12203e+28 
  67    0.5335702  1.04935e+28 
  68    0.5452539  9.69534e+27 
  69    0.5571934  9.06099e+27 
  70    0.5693943  8.46759e+27 
  71    0.5818624  7.94796e+27 
  72    0.5946036  7.51744e+27 
  73    0.6076237  7.05127e+27 
  74    0.6209289  6.63359e+27 
  75    0.6345255  6.24054e+27 
  76    0.6484198  5.88213e+27 
  77    0.6626183  5.51670e+27 
  78    0.6771278  5.16043e+27 
  79    0.6919549  4.84118e+27 
  80    0.7071068  4.51416e+27 
  81    0.7225904  4.19762e+27 
  82    0.7384131  3.90878e+27 
  83    0.7545822  3.64686e+27 
  84    0.7711054  3.39878e+27 
  85    0.7879904  3.20118e+27 
  86    0.8052452  2.98642e+27 
  87    0.8228777  2.78739e+27 
  88    0.8408964  2.59086e+27 
  89    0.8593096  2.40051e+27 
  90    0.8781261  2.23228e+27 
  91    0.8973545  2.09875e+27 
  92    0.9170040  1.96552e+27 
  93    0.9370838  1.82884e+27 
  94    0.9576033  1.71248e+27 
  95    0.9785721  1.59135e+27 
  96    1.0000000  1.47055e+27 
  97    1.0218971  1.35929e+27 
  98    1.0442738  1.26894e+27 
  99    1.0671404  1.18080e+27 
 100    1.0905077  1.10102e+27 
 101    1.1143867  1.02494e+27 
 102    1.1387886  9.47505e+26 
 103    1.1637249  8.76897e+26 
 104    1.1892071  8.20021e+26 
 105    1.2152474  7.60552e+26 
 106    1.2418578  7.04582e+26 
 107    1.2690510  6.53939e+26 
 108    1.2968396  6.15175e+26 
 109    1.3252366  5.73080e+26 
 110    1.3542555  5.37163e+26 
 111    1.3839099  4.98886e+26 
 112    1.4142136  4.67452e+26 
 113    1.4451808  4.40816e+26 
 114    1.4768261  4.13380e+26 
 115    1.5091644  3.84233e+26 
 116    1.5422108  3.57950e+26 
 117    1.5759808  3.37096e+26 
 118    1.6104903  3.14357e+26 
 119    1.6457555  2.92025e+26 
 120    1.6817928  2.70713e+26 
 121    1.7186193  2.51819e+26 
 122    1.7562522  2.30776e+26 
 123    1.7947091  2.12586e+26 
 124    1.8340081  1.94644e+26 
 125    1.8741676  1.78927e+26 
 126    1.9152066  1.64063e+26 
 127    1.9571441  1.49935e+26 
 128    2.0000000  1.36026e+26 
 129    2.0437943  1.24550e+26 
 130    2.0885476  1.13681e+26 
 131    2.1342808  1.05071e+26 
 132    2.1810155  9.61443e+25 
 133    2.2287735  8.79078e+25 
 134    2.2775773  8.15028e+25 
 135    2.3274497  7.49714e+25 
 136    2.3784142  6.89941e+25 
 137    2.4304947  6.30772e+25 
 138    2.4837156  5.70716e+25 
 139    2.5381019  5.28099e+25 
 140    2.5936791  4.70788e+25 
 141    2.6504733  4.14016e+25 
 142    2.7085111  3.61690e+25 
 143    2.7678198  3.14003e+25 
 144    2.8284271  2.70610e+25 
 145    2.8903616  2.34736e+25 
 146    2.9536523  2.02524e+25 
 147    3.0183289  1.75131e+25 
 148    3.0844217  1.50731e+25 
 149    3.1519617  1.32029e+25 
 150    3.2209807  1.17938e+25 
 151    3.2915110  1.02289e+25 
 152    3.3635857  9.24742e+24 
 153    3.4372386  8.47059e+24 
 154    3.5125043  7.39185e+24 
 155    3.5894182  6.91098e+24 
 156    3.6680162  6.33287e+24 
 157    3.7483353  5.51024e+24 
 158    3.8304131  4.89064e+24 
 159    3.9142882  4.09872e+24 
 160    4.0000000  3.40758e+24 
 161    4.0875886  2.79748e+24 
 162    4.1770951  2.18068e+24 
 163    4.2685616  1.75103e+24 
 164    4.3620309  1.27595e+24 
 165    4.4575470  9.30489e+23 
 166    4.5551545  7.74998e+23 
 167    4.6548994  5.71049e+23 
 168    4.7568285  3.75476e+23 
 169    4.8609894  2.79550e+23 
 170    4.9674312  2.22432e+23 
 171    5.0762038  1.99537e+23 
 172    5.1873582  1.98788e+23 
 173    5.3009466  2.03901e+23 
 174    5.4170222  1.99082e+23 
 175    5.5356395  1.95121e+23 
 176    5.6568542  2.02410e+23 
 177    5.7807232  2.18286e+23 
 178    5.9073046  2.15281e+23 
 179    6.0366577  2.41714e+23 
 180    6.1688433  2.66513e+23 
 181    6.3039234  2.65420e+23 
 182    6.4419613  2.97635e+23 
 183    6.5830219  3.69635e+23 
 184    6.7271713  4.47438e+23 
 185    6.8744772  5.40751e+23 
 186    7.0250086  6.26778e+23 
 187    7.1788363  7.32730e+23 
 188    7.3360323  8.47026e+23 
 189    7.4966705  9.92326e+23 


# S-band (filter: Spitzer_IRAC2.dat)
   0    0.1250000  1.29258e+28 
   1    0.1277371  1.38682e+28 
   2    0.1305342  1.48312e+28 
   3    0.1333926  1.58153e+28 
   4    0.1363135  1.69058e+28 
   5    0.1392983  1.76993e+28 
   6    0.1423486  1.84195e+28 
   7    0.1454656  1.93438e+28 
   8    0.1486509  2.03545e+28 
   9    0.1519059  2.18969e+28 
  10    0.1552322  2.25957e+28 
  11    0.1586314  2.32949e+28 
  12    0.1621049  2.40821e+28 
  13    0.1656546  2.43081e+28 
  14    0.1692819  2.44418e+28 
  15    0.1729887  2.45366e+28 
  16    0.1767767  2.41944e+28 
  17    0.1806476  2.41223e+28 
  18    0.1846033  2.37699e+28 
  19    0.1886456  2.33758e+28 
  20    0.1927764  2.26993e+28 
  21    0.1969976  2.16864e+28 
  22    0.2013113  2.07942e+28 
  23    0.2057194  2.01188e+28 
  24    0.2102241  1.91191e+28 
  25    0.2148274  1.84864e+28 
  26    0.2195315  1.76480e+28 
  27    0.2243386  1.69234e+28 
  28    0.2292510  1.62812e+28 
  29    0.2342710  1.55848e+28 
  30    0.2394008  1.47437e+28 
  31    0.2446430  1.38854e+28 
  32    0.2500000  1.31902e+28 
  33    0.2554743  1.25170e+28 
  34    0.2610684  1.18674e+28 
  35    0.2667851  1.11618e+28 
  36    0.2726269  1.04552e+28 
  37    0.2785967  9.72540e+27 
  38    0.2846972  9.12952e+27 
  39    0.2909312  8.61652e+27 
  40    0.2973018  8.05538e+27 
  41    0.3038118  7.51944e+27 
  42    0.3104645  7.17041e+27 
  43    0.3172627  6.70116e+27 
  44    0.3242099  6.22985e+27 
  45    0.3313092  5.80471e+27 
  46    0.3385639  5.38431e+27 
  47    0.3459775  4.97430e+27 
  48    0.3535534  4.67750e+27 
  49    0.3612952  4.33555e+27 
  50    0.3692065  4.01521e+27 
  51    0.3772911  3.67039e+27 
  52    0.3855527  3.44117e+27 
  53    0.3939952  3.18915e+27 
  54    0.4026226  2.91711e+27 
  55    0.4114389  2.72860e+27 
  56    0.4204482  2.52034e+27 
  57    0.4296548  2.29428e+27 
  58    0.4390630  2.16154e+27 
  59    0.4486773  2.01489e+27 
  60    0.4585020  1.84324e+27 
  61    0.4685419  1.70034e+27 
  62    0.4788016  1.56025e+27 
  63    0.4892860  1.43381e+27 
  64    0.5000000  1.28899e+27 
  65    0.5109486  1.17029e+27 
  66    0.5221369  1.06629e+27 
  67    0.5335702  9.72249e+26 
  68    0.5452539  9.03287e+26 
  69    0.5571934  8.26290e+26 
  70    0.5693943  7.35689e+26 
  71    0.5818624  6.78823e+26 
  72    0.5946036  6.29403e+26 
  73    0.6076237  5.87997e+26 
  74    0.6209289  5.46757e+26 
  75    0.6345255  5.04268e+26 
  76    0.6484198  4.66576e+26 
  77    0.6626183  4.33758e+26 
  78    0.6771278  4.02514e+26 
  79    0.6919549  3.68218e+26 
  80    0.7071068  3.41309e+26 
  81    0.7225904  3.14204e+26 
  82    0.7384131  2.90766e+26 
  83    0.7545822  2.66889e+26 
  84    0.7711054  2.43557e+26 
  85    0.7879904  2.26002e+26 
  86    0.8052452  2.03722e+26 
  87    0.8228777  1.86703e+26 
  88    0.8408964  1.69804e+26 
  89    0.8593096  1.55009e+26 
  90    0.8781261  1.39282e+26 
  91    0.8973545  1.25708e+26 
  92    0.9170040  1.17580e+26 
  93    0.9370838  1.07236e+26 
  94    0.9576033  1.00526e+26 
  95    0.9785721  9.05105e+25 
  96    1.0000000  8.47881e+25 
  97    1.0218971  7.65045e+25 
  98    1.0442738  7.03187e+25 
  99    1.0671404  6.58608e+25 
 100    1.0905077  6.17153e+25 
 101    1.1143867  5.78310e+25 
 102    1.1387886  5.52360e+25 
 103    1.1637249  5.01849e+25 
 104    1.1892071  4.66527e+25 
 105    1.2152474  4.22930e+25 
 106    1.2418578  3.91537e+25 
 107    1.2690510  3.72939e+25 
 108    1.2968396  3.26383e+25 
 109    1.3252366  3.02167e+25 
 110    1.3542555  2.83048e+25 
 111    1.3839099  2.59437e+25 
 112    1.4142136  2.41235e+25 
 113    1.4451808  2.17068e+25 
 114    1.4768261  1.93107e+25 
 115    1.5091644  1.84003e+25 
 116    1.5422108  1.67423e+25 
 117    1.5759808  1.51251e+25 
 118    1.6104903  1.39157e+25 
 119    1.6457555  1.16958e+25 
 120    1.6817928  1.08637e+25 
 121    1.7186193  9.50097e+24 
 122    1.7562522  8.36732e+24 
 123    1.7947091  7.51165e+24 
 124    1.8340081  7.48841e+24 
 125    1.8741676  6.69303e+24 
 126    1.9152066  5.99830e+24 
 127    1.9571441  5.25016e+24 
 128    2.0000000  4.98137e+24 
 129    2.0437943  4.56701e+24 
 130    2.0885476  4.14012e+24 
 131    2.1342808  4.00677e+24 
 132    2.1810155  3.43405e+24 
 133    2.2287735  3.12470e+24 
 134    2.2775773  2.78832e+24 
 135    2.3274497  2.54041e+24 
 136    2.3784142  2.09878e+24 
 137    2.4304947  1.79026e+24 
 138    2.4837156  1.50608e+24 
 139    2.5381019  1.23714e+24 
 140    2.5936791  1.00912e+24 
 141    2.6504733  8.40249e+23 
 142    2.7085111  6.58001e+23 
 143    2.7678198  4.87028e+23 
 144    2.8284271  4.54584e+23 
 145    2.8903616  3.35289e+23 
 146    2.9536523  2.50689e+23 
 147    3.0183289  1.67510e+23 
 148    3.0844217  1.00467e+23 
 149    3.1519617  6.60953e+22 
 150    3.2209807  5.46790e+22 
 151    3.2915110  1.83963e+22 
 152    3.3635857  1.84724e+22 
 153    3.4372386  1.60378e+22 
 154    3.5125043  1.62475e+22 
 155    3.5894182  1.71790e+22 
 156    3.6680162  1.32335e+19 
 157    3.7483353  1.16062e+19 
 158    3.8304131  9.93078e+18 
 159    3.9142882  8.83251e+18 
 160    4.0000000  7.47958e+18 
 161    4.0875886  6.18504e+18 
 162    4.1770951  4.70213e+18 
 163    4.2685616  3.71978e+18 
 164    4.3620309  1.81117e+18 
 165    4.4575470  1.44490e+18 
 166    4.5551545  7.19476e+17 
 167    4.6548994  9.04866e+17 
 168    4.7568285  9.58491e+17 
 169    4.8609894  9.25131e+17 
 170    4.9674312  6.02211e+17 
 171    5.0762038  2.74698e+17 
 172    5.1873582  2.85876e+17 
 173    5.3009466  3.02851e+17 
 174    5.4170222  1.62496e+19 
 175    5.5356395  1.86817e+19 
 176    5.6568542  6.86012e+20 
 177    5.7807232  6.17420e+20 
 178    5.9073046  6.85317e+20 
 179    6.0366577  6.21858e+20 
 180    6.1688433  5.93417e+20 
 181    6.3039234  6.01614e+20 
 182    6.4419613  1.62685e+22 
 183    6.5830219  1.46768e+22 
 184    6.7271713  2.60560e+22 
 185    6.8744772  2.75736e+22 
 186    7.0250086  4.94765e+22 
 187    7.1788363  6.33177e+22 
 188    7.3360323  7.97984e+22 
 189    7.4966705  1.01410e+23 


