# 1:iteration 2:time bin[s] 3-k:equiv. isotropic luminosity in k-th angular bin [erg/s]
# bolometric luminosity going in angular bin
   0    0.1250000  1.93617e+41 
   1    0.1277371  1.94868e+41 
   2    0.1305342  1.96147e+41 
   3    0.1333926  1.97454e+41 
   4    0.1363135  1.98537e+41 
   5    0.1392983  1.99337e+41 
   6    0.1423486  1.99809e+41 
   7    0.1454656  2.00074e+41 
   8    0.1486509  2.00120e+41 
   9    0.1519059  2.00009e+41 
  10    0.1552322  1.99748e+41 
  11    0.1586314  1.99386e+41 
  12    0.1621049  1.98976e+41 
  13    0.1656546  1.98528e+41 
  14    0.1692819  1.98026e+41 
  15    0.1729887  1.97469e+41 
  16    0.1767767  1.96851e+41 
  17    0.1806476  1.96212e+41 
  18    0.1846033  1.95542e+41 
  19    0.1886456  1.94776e+41 
  20    0.1927764  1.93909e+41 
  21    0.1969976  1.93012e+41 
  22    0.2013113  1.91945e+41 
  23    0.2057194  1.90706e+41 
  24    0.2102241  1.89373e+41 
  25    0.2148274  1.87765e+41 
  26    0.2195315  1.85899e+41 
  27    0.2243386  1.83916e+41 
  28    0.2292510  1.81570e+41 
  29    0.2342710  1.78938e+41 
  30    0.2394008  1.76075e+41 
  31    0.2446430  1.72851e+41 
  32    0.2500000  1.69362e+41 
  33    0.2554743  1.65616e+41 
  34    0.2610684  1.61559e+41 
  35    0.2667851  1.57331e+41 
  36    0.2726269  1.52968e+41 
  37    0.2785967  1.48408e+41 
  38    0.2846972  1.43901e+41 
  39    0.2909312  1.39367e+41 
  40    0.2973018  1.34726e+41 
  41    0.3038118  1.30279e+41 
  42    0.3104645  1.25876e+41 
  43    0.3172627  1.21516e+41 
  44    0.3242099  1.17359e+41 
  45    0.3313092  1.13331e+41 
  46    0.3385639  1.09427e+41 
  47    0.3459775  1.05754e+41 
  48    0.3535534  1.02277e+41 
  49    0.3612952  9.88892e+40 
  50    0.3692065  9.57918e+40 
  51    0.3772911  9.28874e+40 
  52    0.3855527  9.01119e+40 
  53    0.3939952  8.77511e+40 
  54    0.4026226  8.57302e+40 
  55    0.4114389  8.38719e+40 
  56    0.4204482  8.24090e+40 
  57    0.4296548  8.10598e+40 
  58    0.4390630  7.98275e+40 
  59    0.4486773  7.87620e+40 
  60    0.4585020  7.76031e+40 
  61    0.4685419  7.65309e+40 
  62    0.4788016  7.55997e+40 
  63    0.4892860  7.47721e+40 
  64    0.5000000  7.40329e+40 
  65    0.5109486  7.31932e+40 
  66    0.5221369  7.25358e+40 
  67    0.5335702  7.18916e+40 
  68    0.5452539  7.12306e+40 
  69    0.5571934  7.06862e+40 
  70    0.5693943  7.01353e+40 
  71    0.5818624  6.98305e+40 
  72    0.5946036  6.96354e+40 
  73    0.6076237  6.95513e+40 
  74    0.6209289  6.94639e+40 
  75    0.6345255  6.94016e+40 
  76    0.6484198  6.93579e+40 
  77    0.6626183  6.93374e+40 
  78    0.6771278  6.92490e+40 
  79    0.6919549  6.90663e+40 
  80    0.7071068  6.88583e+40 
  81    0.7225904  6.86728e+40 
  82    0.7384131  6.84631e+40 
  83    0.7545822  6.81857e+40 
  84    0.7711054  6.78162e+40 
  85    0.7879904  6.75011e+40 
  86    0.8052452  6.71360e+40 
  87    0.8228777  6.67079e+40 
  88    0.8408964  6.62857e+40 
  89    0.8593096  6.58525e+40 
  90    0.8781261  6.54790e+40 
  91    0.8973545  6.52491e+40 
  92    0.9170040  6.50749e+40 
  93    0.9370838  6.49010e+40 
  94    0.9576033  6.48324e+40 
  95    0.9785721  6.48435e+40 
  96    1.0000000  6.49218e+40 
  97    1.0218971  6.50628e+40 
  98    1.0442738  6.52506e+40 
  99    1.0671404  6.55141e+40 
 100    1.0905077  6.56965e+40 
 101    1.1143867  6.57615e+40 
 102    1.1387886  6.53085e+40 
 103    1.1637249  6.48618e+40 
 104    1.1892071  6.41581e+40 
 105    1.2152474  6.36228e+40 
 106    1.2418578  6.29669e+40 
 107    1.2690510  6.26057e+40 
 108    1.2968396  6.23309e+40 
 109    1.3252366  6.18647e+40 
 110    1.3542555  6.17163e+40 
 111    1.3839099  6.15173e+40 
 112    1.4142136  6.14899e+40 
 113    1.4451808  6.14423e+40 
 114    1.4768261  6.16785e+40 
 115    1.5091644  6.21269e+40 
 116    1.5422108  6.24604e+40 
 117    1.5759808  6.27301e+40 
 118    1.6104903  6.29270e+40 
 119    1.6457555  6.29707e+40 
 120    1.6817928  6.29146e+40 
 121    1.7186193  6.27608e+40 
 122    1.7562522  6.25495e+40 
 123    1.7947091  6.22916e+40 
 124    1.8340081  6.19486e+40 
 125    1.8741676  6.15311e+40 
 126    1.9152066  6.09170e+40 
 127    1.9571441  6.00840e+40 
 128    2.0000000  5.91891e+40 
 129    2.0437943  5.79616e+40 
 130    2.0885476  5.65856e+40 
 131    2.1342808  5.50955e+40 
 132    2.1810155  5.34088e+40 
 133    2.2287735  5.16197e+40 
 134    2.2775773  4.96067e+40 
 135    2.3274497  4.75571e+40 
 136    2.3784142  4.54107e+40 
 137    2.4304947  4.31386e+40 
 138    2.4837156  4.09155e+40 
 139    2.5381019  3.86930e+40 
 140    2.5936791  3.64742e+40 
 141    2.6504733  3.42640e+40 
 142    2.7085111  3.20270e+40 
 143    2.7678198  2.97878e+40 
 144    2.8284271  2.74814e+40 
 145    2.8903616  2.51212e+40 
 146    2.9536523  2.27492e+40 
 147    3.0183289  2.03593e+40 
 148    3.0844217  1.80520e+40 
 149    3.1519617  1.58393e+40 
 150    3.2209807  1.35949e+40 
 151    3.2915110  1.16103e+40 
 152    3.3635857  9.75761e+39 
 153    3.4372386  7.97275e+39 
 154    3.5125043  6.47899e+39 
 155    3.5894182  5.15064e+39 
 156    3.6680162  4.00943e+39 
 157    3.7483353  3.09995e+39 
 158    3.8304131  2.36417e+39 
 159    3.9142882  1.78638e+39 
 160    4.0000000  1.34099e+39 
 161    4.0875886  9.93395e+38 
 162    4.1770951  7.37614e+38 
 163    4.2685616  5.44817e+38 
 164    4.3620309  4.02336e+38 
 165    4.4575470  3.04702e+38 
 166    4.5551545  2.32593e+38 
 167    4.6548994  1.80613e+38 
 168    4.7568285  1.45250e+38 
 169    4.8609894  1.18647e+38 
 170    4.9674312  9.92045e+37 
 171    5.0762038  8.48015e+37 
 172    5.1873582  7.44316e+37 
 173    5.3009466  6.60191e+37 
 174    5.4170222  5.91902e+37 
 175    5.5356395  5.36789e+37 
 176    5.6568542  4.89785e+37 
 177    5.7807232  4.49036e+37 
 178    5.9073046  4.13901e+37 
 179    6.0366577  3.82984e+37 
 180    6.1688433  3.55481e+37 
 181    6.3039234  3.30371e+37 
 182    6.4419613  3.07826e+37 
 183    6.5830219  2.87338e+37 
 184    6.7271713  2.68291e+37 
 185    6.8744772  2.51050e+37 
 186    7.0250086  2.34147e+37 
 187    7.1788363  2.17751e+37 
 188    7.3360323  2.02004e+37 
 189    7.4966705  1.87421e+37 


# g-band (filter: g_LSST.dat)
   0    0.1250000  3.89573e+26 
   1    0.1277371  3.91479e+26 
   2    0.1305342  3.93426e+26 
   3    0.1333926  3.95415e+26 
   4    0.1363135  3.97129e+26 
   5    0.1392983  3.98303e+26 
   6    0.1423486  3.98850e+26 
   7    0.1454656  3.98744e+26 
   8    0.1486509  3.98319e+26 
   9    0.1519059  3.97384e+26 
  10    0.1552322  3.95927e+26 
  11    0.1586314  3.94103e+26 
  12    0.1621049  3.91889e+26 
  13    0.1656546  3.89339e+26 
  14    0.1692819  3.86644e+26 
  15    0.1729887  3.83439e+26 
  16    0.1767767  3.79746e+26 
  17    0.1806476  3.75580e+26 
  18    0.1846033  3.71295e+26 
  19    0.1886456  3.66502e+26 
  20    0.1927764  3.61540e+26 
  21    0.1969976  3.56213e+26 
  22    0.2013113  3.50421e+26 
  23    0.2057194  3.44253e+26 
  24    0.2102241  3.37744e+26 
  25    0.2148274  3.30656e+26 
  26    0.2195315  3.23069e+26 
  27    0.2243386  3.15207e+26 
  28    0.2292510  3.06594e+26 
  29    0.2342710  2.97656e+26 
  30    0.2394008  2.88157e+26 
  31    0.2446430  2.77898e+26 
  32    0.2500000  2.67143e+26 
  33    0.2554743  2.55870e+26 
  34    0.2610684  2.44016e+26 
  35    0.2667851  2.31725e+26 
  36    0.2726269  2.19171e+26 
  37    0.2785967  2.06178e+26 
  38    0.2846972  1.93182e+26 
  39    0.2909312  1.80162e+26 
  40    0.2973018  1.66881e+26 
  41    0.3038118  1.54105e+26 
  42    0.3104645  1.41582e+26 
  43    0.3172627  1.29173e+26 
  44    0.3242099  1.17538e+26 
  45    0.3313092  1.06420e+26 
  46    0.3385639  9.56914e+25 
  47    0.3459775  8.59413e+25 
  48    0.3535534  7.68574e+25 
  49    0.3612952  6.83046e+25 
  50    0.3692065  6.08992e+25 
  51    0.3772911  5.42441e+25 
  52    0.3855527  4.80640e+25 
  53    0.3939952  4.27607e+25 
  54    0.4026226  3.78844e+25 
  55    0.4114389  3.35066e+25 
  56    0.4204482  2.95107e+25 
  57    0.4296548  2.58790e+25 
  58    0.4390630  2.26626e+25 
  59    0.4486773  1.98103e+25 
  60    0.4585020  1.73546e+25 
  61    0.4685419  1.51642e+25 
  62    0.4788016  1.30277e+25 
  63    0.4892860  1.12444e+25 
  64    0.5000000  9.61917e+24 
  65    0.5109486  8.18825e+24 
  66    0.5221369  6.99445e+24 
  67    0.5335702  6.01779e+24 
  68    0.5452539  5.26278e+24 
  69    0.5571934  4.64716e+24 
  70    0.5693943  4.15367e+24 
  71    0.5818624  3.74463e+24 
  72    0.5946036  3.40136e+24 
  73    0.6076237  3.10632e+24 
  74    0.6209289  2.84296e+24 
  75    0.6345255  2.62430e+24 
  76    0.6484198  2.42599e+24 
  77    0.6626183  2.25999e+24 
  78    0.6771278  2.11871e+24 
  79    0.6919549  1.98276e+24 
  80    0.7071068  1.86533e+24 
  81    0.7225904  1.76258e+24 
  82    0.7384131  1.67330e+24 
  83    0.7545822  1.59472e+24 
  84    0.7711054  1.52811e+24 
  85    0.7879904  1.47019e+24 
  86    0.8052452  1.42214e+24 
  87    0.8228777  1.37955e+24 
  88    0.8408964  1.34951e+24 
  89    0.8593096  1.32404e+24 
  90    0.8781261  1.30419e+24 
  91    0.8973545  1.30605e+24 
  92    0.9170040  1.31097e+24 
  93    0.9370838  1.32759e+24 
  94    0.9576033  1.35534e+24 
  95    0.9785721  1.39505e+24 
  96    1.0000000  1.43978e+24 
  97    1.0218971  1.50432e+24 
  98    1.0442738  1.58794e+24 
  99    1.0671404  1.68265e+24 
 100    1.0905077  1.81629e+24 
 101    1.1143867  1.97553e+24 
 102    1.1387886  2.16456e+24 
 103    1.1637249  2.37185e+24 
 104    1.1892071  2.61883e+24 
 105    1.2152474  2.87899e+24 
 106    1.2418578  3.17107e+24 
 107    1.2690510  3.48273e+24 
 108    1.2968396  3.83670e+24 
 109    1.3252366  4.20738e+24 
 110    1.3542555  4.60666e+24 
 111    1.3839099  5.04795e+24 
 112    1.4142136  5.49505e+24 
 113    1.4451808  5.96203e+24 
 114    1.4768261  6.45152e+24 
 115    1.5091644  6.96533e+24 
 116    1.5422108  7.52605e+24 
 117    1.5759808  8.12822e+24 
 118    1.6104903  8.76036e+24 
 119    1.6457555  9.44114e+24 
 120    1.6817928  1.01266e+25 
 121    1.7186193  1.08183e+25 
 122    1.7562522  1.14526e+25 
 123    1.7947091  1.19878e+25 
 124    1.8340081  1.23963e+25 
 125    1.8741676  1.27649e+25 
 126    1.9152066  1.27902e+25 
 127    1.9571441  1.26004e+25 
 128    2.0000000  1.22835e+25 
 129    2.0437943  1.16682e+25 
 130    2.0885476  1.09192e+25 
 131    2.1342808  9.96579e+24 
 132    2.1810155  8.97584e+24 
 133    2.2287735  7.96126e+24 
 134    2.2775773  6.78057e+24 
 135    2.3274497  5.75829e+24 
 136    2.3784142  4.76430e+24 
 137    2.4304947  3.80153e+24 
 138    2.4837156  3.01609e+24 
 139    2.5381019  2.34622e+24 
 140    2.5936791  1.80255e+24 
 141    2.6504733  1.37514e+24 
 142    2.7085111  1.04321e+24 
 143    2.7678198  7.97703e+23 
 144    2.8284271  6.11879e+23 
 145    2.8903616  4.67916e+23 
 146    2.9536523  3.57814e+23 
 147    3.0183289  2.76186e+23 
 148    3.0844217  2.12788e+23 
 149    3.1519617  1.64643e+23 
 150    3.2209807  1.31403e+23 
 151    3.2915110  1.05568e+23 
 152    3.3635857  8.66002e+22 
 153    3.4372386  7.29816e+22 
 154    3.5125043  6.28211e+22 
 155    3.5894182  5.48406e+22 
 156    3.6680162  4.92454e+22 
 157    3.7483353  4.48859e+22 
 158    3.8304131  4.11941e+22 
 159    3.9142882  3.83800e+22 
 160    4.0000000  3.59320e+22 
 161    4.0875886  3.38342e+22 
 162    4.1770951  3.19868e+22 
 163    4.2685616  3.02829e+22 
 164    4.3620309  2.87699e+22 
 165    4.4575470  2.73891e+22 
 166    4.5551545  2.61214e+22 
 167    4.6548994  2.48968e+22 
 168    4.7568285  2.37402e+22 
 169    4.8609894  2.26764e+22 
 170    4.9674312  2.16664e+22 
 171    5.0762038  2.06875e+22 
 172    5.1873582  1.97543e+22 
 173    5.3009466  1.88636e+22 
 174    5.4170222  1.80070e+22 
 175    5.5356395  1.71867e+22 
 176    5.6568542  1.64102e+22 
 177    5.7807232  1.56791e+22 
 178    5.9073046  1.49602e+22 
 179    6.0366577  1.42691e+22 
 180    6.1688433  1.36192e+22 
 181    6.3039234  1.29823e+22 
 182    6.4419613  1.23816e+22 
 183    6.5830219  1.18058e+22 
 184    6.7271713  1.12455e+22 
 185    6.8744772  1.07258e+22 
 186    7.0250086  1.02010e+22 
 187    7.1788363  9.67777e+21 
 188    7.3360323  9.16439e+21 
 189    7.4966705  8.67852e+21 


# r-band (filter: r_LSST.dat)
   0    0.1250000  4.02294e+26 
   1    0.1277371  4.08410e+26 
   2    0.1305342  4.14661e+26 
   3    0.1333926  4.21048e+26 
   4    0.1363135  4.27141e+26 
   5    0.1392983  4.32841e+26 
   6    0.1423486  4.37990e+26 
   7    0.1454656  4.42561e+26 
   8    0.1486509  4.46945e+26 
   9    0.1519059  4.50898e+26 
  10    0.1552322  4.54217e+26 
  11    0.1586314  4.57481e+26 
  12    0.1621049  4.60076e+26 
  13    0.1656546  4.62383e+26 
  14    0.1692819  4.64213e+26 
  15    0.1729887  4.65956e+26 
  16    0.1767767  4.66996e+26 
  17    0.1806476  4.67724e+26 
  18    0.1846033  4.68119e+26 
  19    0.1886456  4.68077e+26 
  20    0.1927764  4.67666e+26 
  21    0.1969976  4.66969e+26 
  22    0.2013113  4.65828e+26 
  23    0.2057194  4.64465e+26 
  24    0.2102241  4.62613e+26 
  25    0.2148274  4.60208e+26 
  26    0.2195315  4.57386e+26 
  27    0.2243386  4.54308e+26 
  28    0.2292510  4.50822e+26 
  29    0.2342710  4.46743e+26 
  30    0.2394008  4.42273e+26 
  31    0.2446430  4.37452e+26 
  32    0.2500000  4.32116e+26 
  33    0.2554743  4.26272e+26 
  34    0.2610684  4.19934e+26 
  35    0.2667851  4.13070e+26 
  36    0.2726269  4.05954e+26 
  37    0.2785967  3.98447e+26 
  38    0.2846972  3.90618e+26 
  39    0.2909312  3.82460e+26 
  40    0.2973018  3.73887e+26 
  41    0.3038118  3.65058e+26 
  42    0.3104645  3.56027e+26 
  43    0.3172627  3.46654e+26 
  44    0.3242099  3.37223e+26 
  45    0.3313092  3.27692e+26 
  46    0.3385639  3.18023e+26 
  47    0.3459775  3.08596e+26 
  48    0.3535534  2.99404e+26 
  49    0.3612952  2.89987e+26 
  50    0.3692065  2.80624e+26 
  51    0.3772911  2.71506e+26 
  52    0.3855527  2.62616e+26 
  53    0.3939952  2.54944e+26 
  54    0.4026226  2.48554e+26 
  55    0.4114389  2.42494e+26 
  56    0.4204482  2.37939e+26 
  57    0.4296548  2.33284e+26 
  58    0.4390630  2.28317e+26 
  59    0.4486773  2.23343e+26 
  60    0.4585020  2.16482e+26 
  61    0.4685419  2.09677e+26 
  62    0.4788016  2.03336e+26 
  63    0.4892860  1.96721e+26 
  64    0.5000000  1.90917e+26 
  65    0.5109486  1.84145e+26 
  66    0.5221369  1.79220e+26 
  67    0.5335702  1.74463e+26 
  68    0.5452539  1.69257e+26 
  69    0.5571934  1.65220e+26 
  70    0.5693943  1.61327e+26 
  71    0.5818624  1.60017e+26 
  72    0.5946036  1.59875e+26 
  73    0.6076237  1.60968e+26 
  74    0.6209289  1.62458e+26 
  75    0.6345255  1.64579e+26 
  76    0.6484198  1.67025e+26 
  77    0.6626183  1.69669e+26 
  78    0.6771278  1.72112e+26 
  79    0.6919549  1.74068e+26 
  80    0.7071068  1.76161e+26 
  81    0.7225904  1.78601e+26 
  82    0.7384131  1.81047e+26 
  83    0.7545822  1.83057e+26 
  84    0.7711054  1.84580e+26 
  85    0.7879904  1.86398e+26 
  86    0.8052452  1.87956e+26 
  87    0.8228777  1.89197e+26 
  88    0.8408964  1.90214e+26 
  89    0.8593096  1.90960e+26 
  90    0.8781261  1.92066e+26 
  91    0.8973545  1.94015e+26 
  92    0.9170040  1.95996e+26 
  93    0.9370838  1.97768e+26 
  94    0.9576033  1.99672e+26 
  95    0.9785721  2.01845e+26 
  96    1.0000000  2.04128e+26 
  97    1.0218971  2.06476e+26 
  98    1.0442738  2.09747e+26 
  99    1.0671404  2.13654e+26 
 100    1.0905077  2.17960e+26 
 101    1.1143867  2.21370e+26 
 102    1.1387886  2.19580e+26 
 103    1.1637249  2.17813e+26 
 104    1.1892071  2.12632e+26 
 105    1.2152474  2.08282e+26 
 106    1.2418578  2.03356e+26 
 107    1.2690510  1.99391e+26 
 108    1.2968396  1.96074e+26 
 109    1.3252366  1.90441e+26 
 110    1.3542555  1.86807e+26 
 111    1.3839099  1.81913e+26 
 112    1.4142136  1.77318e+26 
 113    1.4451808  1.72449e+26 
 114    1.4768261  1.69931e+26 
 115    1.5091644  1.69235e+26 
 116    1.5422108  1.68023e+26 
 117    1.5759808  1.66613e+26 
 118    1.6104903  1.64702e+26 
 119    1.6457555  1.62084e+26 
 120    1.6817928  1.58923e+26 
 121    1.7186193  1.55184e+26 
 122    1.7562522  1.51328e+26 
 123    1.7947091  1.47427e+26 
 124    1.8340081  1.43319e+26 
 125    1.8741676  1.38848e+26 
 126    1.9152066  1.33602e+26 
 127    1.9571441  1.27347e+26 
 128    2.0000000  1.21027e+26 
 129    2.0437943  1.13468e+26 
 130    2.0885476  1.05700e+26 
 131    2.1342808  9.76284e+25 
 132    2.1810155  8.94785e+25 
 133    2.2287735  8.14678e+25 
 134    2.2775773  7.26403e+25 
 135    2.3274497  6.46184e+25 
 136    2.3784142  5.66648e+25 
 137    2.4304947  4.87203e+25 
 138    2.4837156  4.18133e+25 
 139    2.5381019  3.55753e+25 
 140    2.5936791  3.00297e+25 
 141    2.6504733  2.52709e+25 
 142    2.7085111  2.11170e+25 
 143    2.7678198  1.74728e+25 
 144    2.8284271  1.44232e+25 
 145    2.8903616  1.18046e+25 
 146    2.9536523  9.55628e+24 
 147    3.0183289  7.60911e+24 
 148    3.0844217  6.02050e+24 
 149    3.1519617  4.67280e+24 
 150    3.2209807  3.57514e+24 
 151    3.2915110  2.71231e+24 
 152    3.3635857  2.03092e+24 
 153    3.4372386  1.53096e+24 
 154    3.5125043  1.14590e+24 
 155    3.5894182  8.59671e+23 
 156    3.6680162  6.64259e+23 
 157    3.7483353  5.19483e+23 
 158    3.8304131  4.12121e+23 
 159    3.9142882  3.38783e+23 
 160    4.0000000  2.83791e+23 
 161    4.0875886  2.42370e+23 
 162    4.1770951  2.14046e+23 
 163    4.2685616  1.92288e+23 
 164    4.3620309  1.75289e+23 
 165    4.4575470  1.62091e+23 
 166    4.5551545  1.51232e+23 
 167    4.6548994  1.42071e+23 
 168    4.7568285  1.34190e+23 
 169    4.8609894  1.27178e+23 
 170    4.9674312  1.20901e+23 
 171    5.0762038  1.15164e+23 
 172    5.1873582  1.09788e+23 
 173    5.3009466  1.04786e+23 
 174    5.4170222  1.00114e+23 
 175    5.5356395  9.56597e+22 
 176    5.6568542  9.15445e+22 
 177    5.7807232  8.76053e+22 
 178    5.9073046  8.38479e+22 
 179    6.0366577  8.03491e+22 
 180    6.1688433  7.70078e+22 
 181    6.3039234  7.37854e+22 
 182    6.4419613  7.07552e+22 
 183    6.5830219  6.78667e+22 
 184    6.7271713  6.50851e+22 
 185    6.8744772  6.24751e+22 
 186    7.0250086  5.98716e+22 
 187    7.1788363  5.72821e+22 
 188    7.3360323  5.47467e+22 
 189    7.4966705  5.23248e+22 


# i-band (filter: i_LSST.dat)
   0    0.1250000  2.70673e+26 
   1    0.1277371  2.76062e+26 
   2    0.1305342  2.81569e+26 
   3    0.1333926  2.87197e+26 
   4    0.1363135  2.92673e+26 
   5    0.1392983  2.98136e+26 
   6    0.1423486  3.03351e+26 
   7    0.1454656  3.08443e+26 
   8    0.1486509  3.13263e+26 
   9    0.1519059  3.18290e+26 
  10    0.1552322  3.23027e+26 
  11    0.1586314  3.27906e+26 
  12    0.1621049  3.32637e+26 
  13    0.1656546  3.37516e+26 
  14    0.1692819  3.42081e+26 
  15    0.1729887  3.46707e+26 
  16    0.1767767  3.51316e+26 
  17    0.1806476  3.55777e+26 
  18    0.1846033  3.60260e+26 
  19    0.1886456  3.64387e+26 
  20    0.1927764  3.68206e+26 
  21    0.1969976  3.71756e+26 
  22    0.2013113  3.74764e+26 
  23    0.2057194  3.76924e+26 
  24    0.2102241  3.78777e+26 
  25    0.2148274  3.79209e+26 
  26    0.2195315  3.78806e+26 
  27    0.2243386  3.77772e+26 
  28    0.2292510  3.75086e+26 
  29    0.2342710  3.71151e+26 
  30    0.2394008  3.66446e+26 
  31    0.2446430  3.60349e+26 
  32    0.2500000  3.53176e+26 
  33    0.2554743  3.45157e+26 
  34    0.2610684  3.35960e+26 
  35    0.2667851  3.26150e+26 
  36    0.2726269  3.16040e+26 
  37    0.2785967  3.05367e+26 
  38    0.2846972  2.95112e+26 
  39    0.2909312  2.85052e+26 
  40    0.2973018  2.74782e+26 
  41    0.3038118  2.65639e+26 
  42    0.3104645  2.56702e+26 
  43    0.3172627  2.48321e+26 
  44    0.3242099  2.40872e+26 
  45    0.3313092  2.33910e+26 
  46    0.3385639  2.27780e+26 
  47    0.3459775  2.22459e+26 
  48    0.3535534  2.17998e+26 
  49    0.3612952  2.14014e+26 
  50    0.3692065  2.11148e+26 
  51    0.3772911  2.09218e+26 
  52    0.3855527  2.07841e+26 
  53    0.3939952  2.08090e+26 
  54    0.4026226  2.09877e+26 
  55    0.4114389  2.12358e+26 
  56    0.4204482  2.16708e+26 
  57    0.4296548  2.21691e+26 
  58    0.4390630  2.27288e+26 
  59    0.4486773  2.34167e+26 
  60    0.4585020  2.41138e+26 
  61    0.4685419  2.48022e+26 
  62    0.4788016  2.55541e+26 
  63    0.4892860  2.63121e+26 
  64    0.5000000  2.69725e+26 
  65    0.5109486  2.75757e+26 
  66    0.5221369  2.80122e+26 
  67    0.5335702  2.83385e+26 
  68    0.5452539  2.86235e+26 
  69    0.5571934  2.88004e+26 
  70    0.5693943  2.89064e+26 
  71    0.5818624  2.89214e+26 
  72    0.5946036  2.88552e+26 
  73    0.6076237  2.87526e+26 
  74    0.6209289  2.85801e+26 
  75    0.6345255  2.83183e+26 
  76    0.6484198  2.80442e+26 
  77    0.6626183  2.77658e+26 
  78    0.6771278  2.74702e+26 
  79    0.6919549  2.71584e+26 
  80    0.7071068  2.68082e+26 
  81    0.7225904  2.64363e+26 
  82    0.7384131  2.60600e+26 
  83    0.7545822  2.56435e+26 
  84    0.7711054  2.52191e+26 
  85    0.7879904  2.47756e+26 
  86    0.8052452  2.43097e+26 
  87    0.8228777  2.38336e+26 
  88    0.8408964  2.33476e+26 
  89    0.8593096  2.28564e+26 
  90    0.8781261  2.23545e+26 
  91    0.8973545  2.18508e+26 
  92    0.9170040  2.13564e+26 
  93    0.9370838  2.08516e+26 
  94    0.9576033  2.03631e+26 
  95    0.9785721  1.98778e+26 
  96    1.0000000  1.94028e+26 
  97    1.0218971  1.89175e+26 
  98    1.0442738  1.82992e+26 
  99    1.0671404  1.76387e+26 
 100    1.0905077  1.67391e+26 
 101    1.1143867  1.57460e+26 
 102    1.1387886  1.47506e+26 
 103    1.1637249  1.37127e+26 
 104    1.1892071  1.27793e+26 
 105    1.2152474  1.19218e+26 
 106    1.2418578  1.09509e+26 
 107    1.2690510  1.01992e+26 
 108    1.2968396  9.45016e+25 
 109    1.3252366  8.76050e+25 
 110    1.3542555  8.20433e+25 
 111    1.3839099  7.75608e+25 
 112    1.4142136  7.49084e+25 
 113    1.4451808  7.27889e+25 
 114    1.4768261  7.13860e+25 
 115    1.5091644  7.03480e+25 
 116    1.5422108  6.92716e+25 
 117    1.5759808  6.81722e+25 
 118    1.6104903  6.70668e+25 
 119    1.6457555  6.59495e+25 
 120    1.6817928  6.48660e+25 
 121    1.7186193  6.37137e+25 
 122    1.7562522  6.27017e+25 
 123    1.7947091  6.18065e+25 
 124    1.8340081  6.09052e+25 
 125    1.8741676  6.00558e+25 
 126    1.9152066  5.91820e+25 
 127    1.9571441  5.82131e+25 
 128    2.0000000  5.73001e+25 
 129    2.0437943  5.62181e+25 
 130    2.0885476  5.51062e+25 
 131    2.1342808  5.40075e+25 
 132    2.1810155  5.28599e+25 
 133    2.2287735  5.17802e+25 
 134    2.2775773  5.05984e+25 
 135    2.3274497  4.96002e+25 
 136    2.3784142  4.86023e+25 
 137    2.4304947  4.75705e+25 
 138    2.4837156  4.66323e+25 
 139    2.5381019  4.56503e+25 
 140    2.5936791  4.47304e+25 
 141    2.6504733  4.35029e+25 
 142    2.7085111  4.19307e+25 
 143    2.7678198  4.02892e+25 
 144    2.8284271  3.79753e+25 
 145    2.8903616  3.53407e+25 
 146    2.9536523  3.25042e+25 
 147    3.0183289  2.93537e+25 
 148    3.0844217  2.62265e+25 
 149    3.1519617  2.31086e+25 
 150    3.2209807  1.96567e+25 
 151    3.2915110  1.66485e+25 
 152    3.3635857  1.37593e+25 
 153    3.4372386  1.09711e+25 
 154    3.5125043  8.67956e+24 
 155    3.5894182  6.69725e+24 
 156    3.6680162  5.09761e+24 
 157    3.7483353  3.85273e+24 
 158    3.8304131  2.88486e+24 
 159    3.9142882  2.16244e+24 
 160    4.0000000  1.61279e+24 
 161    4.0875886  1.19740e+24 
 162    4.1770951  9.05299e+23 
 163    4.2685616  6.88853e+23 
 164    4.3620309  5.31759e+23 
 165    4.4575470  4.23737e+23 
 166    4.5551545  3.43911e+23 
 167    4.6548994  2.86302e+23 
 168    4.7568285  2.46224e+23 
 169    4.8609894  2.15260e+23 
 170    4.9674312  1.92285e+23 
 171    5.0762038  1.74896e+23 
 172    5.1873582  1.61506e+23 
 173    5.3009466  1.50243e+23 
 174    5.4170222  1.40752e+23 
 175    5.5356395  1.32522e+23 
 176    5.6568542  1.25364e+23 
 177    5.7807232  1.18807e+23 
 178    5.9073046  1.12862e+23 
 179    6.0366577  1.07268e+23 
 180    6.1688433  1.02194e+23 
 181    6.3039234  9.73640e+22 
 182    6.4419613  9.29000e+22 
 183    6.5830219  8.86977e+22 
 184    6.7271713  8.46545e+22 
 185    6.8744772  8.08898e+22 
 186    7.0250086  7.71543e+22 
 187    7.1788363  7.35003e+22 
 188    7.3360323  6.99301e+22 
 189    7.4966705  6.65538e+22 


# z-band (filter: z_LSST.dat)
   0    0.1250000  1.92037e+26 
   1    0.1277371  1.95679e+26 
   2    0.1305342  1.99400e+26 
   3    0.1333926  2.03203e+26 
   4    0.1363135  2.06516e+26 
   5    0.1392983  2.09856e+26 
   6    0.1423486  2.13042e+26 
   7    0.1454656  2.16246e+26 
   8    0.1486509  2.19308e+26 
   9    0.1519059  2.22222e+26 
  10    0.1552322  2.25324e+26 
  11    0.1586314  2.28426e+26 
  12    0.1621049  2.31857e+26 
  13    0.1656546  2.35233e+26 
  14    0.1692819  2.38912e+26 
  15    0.1729887  2.42639e+26 
  16    0.1767767  2.46821e+26 
  17    0.1806476  2.51089e+26 
  18    0.1846033  2.55443e+26 
  19    0.1886456  2.59553e+26 
  20    0.1927764  2.63571e+26 
  21    0.1969976  2.67864e+26 
  22    0.2013113  2.71431e+26 
  23    0.2057194  2.74196e+26 
  24    0.2102241  2.76885e+26 
  25    0.2148274  2.78360e+26 
  26    0.2195315  2.78758e+26 
  27    0.2243386  2.78599e+26 
  28    0.2292510  2.76401e+26 
  29    0.2342710  2.72672e+26 
  30    0.2394008  2.68148e+26 
  31    0.2446430  2.61438e+26 
  32    0.2500000  2.53044e+26 
  33    0.2554743  2.43545e+26 
  34    0.2610684  2.32449e+26 
  35    0.2667851  2.20783e+26 
  36    0.2726269  2.08647e+26 
  37    0.2785967  1.95514e+26 
  38    0.2846972  1.83167e+26 
  39    0.2909312  1.71084e+26 
  40    0.2973018  1.58823e+26 
  41    0.3038118  1.48017e+26 
  42    0.3104645  1.37806e+26 
  43    0.3172627  1.28422e+26 
  44    0.3242099  1.20310e+26 
  45    0.3313092  1.13053e+26 
  46    0.3385639  1.06656e+26 
  47    0.3459775  1.01041e+26 
  48    0.3535534  9.60274e+25 
  49    0.3612952  9.15235e+25 
  50    0.3692065  8.75555e+25 
  51    0.3772911  8.38418e+25 
  52    0.3855527  8.03865e+25 
  53    0.3939952  7.73450e+25 
  54    0.4026226  7.44991e+25 
  55    0.4114389  7.17814e+25 
  56    0.4204482  6.94192e+25 
  57    0.4296548  6.72937e+25 
  58    0.4390630  6.54059e+25 
  59    0.4486773  6.37051e+25 
  60    0.4585020  6.23827e+25 
  61    0.4685419  6.12967e+25 
  62    0.4788016  6.03361e+25 
  63    0.4892860  5.97707e+25 
  64    0.5000000  5.93997e+25 
  65    0.5109486  5.92554e+25 
  66    0.5221369  5.94794e+25 
  67    0.5335702  6.00002e+25 
  68    0.5452539  6.06601e+25 
  69    0.5571934  6.17146e+25 
  70    0.5693943  6.30234e+25 
  71    0.5818624  6.45485e+25 
  72    0.5946036  6.62252e+25 
  73    0.6076237  6.81847e+25 
  74    0.6209289  7.02775e+25 
  75    0.6345255  7.24390e+25 
  76    0.6484198  7.46368e+25 
  77    0.6626183  7.68834e+25 
  78    0.6771278  7.89349e+25 
  79    0.6919549  8.09007e+25 
  80    0.7071068  8.27138e+25 
  81    0.7225904  8.44638e+25 
  82    0.7384131  8.58782e+25 
  83    0.7545822  8.70516e+25 
  84    0.7711054  8.80832e+25 
  85    0.7879904  8.87296e+25 
  86    0.8052452  8.91262e+25 
  87    0.8228777  8.92607e+25 
  88    0.8408964  8.90790e+25 
  89    0.8593096  8.87015e+25 
  90    0.8781261  8.81993e+25 
  91    0.8973545  8.74413e+25 
  92    0.9170040  8.66351e+25 
  93    0.9370838  8.56912e+25 
  94    0.9576033  8.46360e+25 
  95    0.9785721  8.35442e+25 
  96    1.0000000  8.23802e+25 
  97    1.0218971  8.11422e+25 
  98    1.0442738  7.92080e+25 
  99    1.0671404  7.71065e+25 
 100    1.0905077  7.41046e+25 
 101    1.1143867  7.08385e+25 
 102    1.1387886  6.77206e+25 
 103    1.1637249  6.43276e+25 
 104    1.1892071  6.13508e+25 
 105    1.2152474  5.85570e+25 
 106    1.2418578  5.54109e+25 
 107    1.2690510  5.29823e+25 
 108    1.2968396  5.05115e+25 
 109    1.3252366  4.83306e+25 
 110    1.3542555  4.65959e+25 
 111    1.3839099  4.53013e+25 
 112    1.4142136  4.45437e+25 
 113    1.4451808  4.39732e+25 
 114    1.4768261  4.35701e+25 
 115    1.5091644  4.32531e+25 
 116    1.5422108  4.28929e+25 
 117    1.5759808  4.25379e+25 
 118    1.6104903  4.21559e+25 
 119    1.6457555  4.17299e+25 
 120    1.6817928  4.13008e+25 
 121    1.7186193  4.08529e+25 
 122    1.7562522  4.04033e+25 
 123    1.7947091  3.99740e+25 
 124    1.8340081  3.94769e+25 
 125    1.8741676  3.89586e+25 
 126    1.9152066  3.83419e+25 
 127    1.9571441  3.76015e+25 
 128    2.0000000  3.68639e+25 
 129    2.0437943  3.59252e+25 
 130    2.0885476  3.49254e+25 
 131    2.1342808  3.38514e+25 
 132    2.1810155  3.27246e+25 
 133    2.2287735  3.16072e+25 
 134    2.2775773  3.03962e+25 
 135    2.3274497  2.92981e+25 
 136    2.3784142  2.83024e+25 
 137    2.4304947  2.72840e+25 
 138    2.4837156  2.64966e+25 
 139    2.5381019  2.58431e+25 
 140    2.5936791  2.52908e+25 
 141    2.6504733  2.49193e+25 
 142    2.7085111  2.46120e+25 
 143    2.7678198  2.44070e+25 
 144    2.8284271  2.41074e+25 
 145    2.8903616  2.36096e+25 
 146    2.9536523  2.28988e+25 
 147    3.0183289  2.21614e+25 
 148    3.0844217  2.10691e+25 
 149    3.1519617  1.98716e+25 
 150    3.2209807  1.84845e+25 
 151    3.2915110  1.70015e+25 
 152    3.3635857  1.54199e+25 
 153    3.4372386  1.36007e+25 
 154    3.5125043  1.18961e+25 
 155    3.5894182  1.01844e+25 
 156    3.6680162  8.47961e+24 
 157    3.7483353  7.01980e+24 
 158    3.8304131  5.74013e+24 
 159    3.9142882  4.58356e+24 
 160    4.0000000  3.64985e+24 
 161    4.0875886  2.84939e+24 
 162    4.1770951  2.18051e+24 
 163    4.2685616  1.65538e+24 
 164    4.3620309  1.24004e+24 
 165    4.4575470  9.34858e+23 
 166    4.5551545  7.04683e+23 
 167    4.6548994  5.33350e+23 
 168    4.7568285  4.09058e+23 
 169    4.8609894  3.16371e+23 
 170    4.9674312  2.47626e+23 
 171    5.0762038  1.97287e+23 
 172    5.1873582  1.63661e+23 
 173    5.3009466  1.38137e+23 
 174    5.4170222  1.19395e+23 
 175    5.5356395  1.05851e+23 
 176    5.6568542  9.50960e+22 
 177    5.7807232  8.65182e+22 
 178    5.9073046  7.97736e+22 
 179    6.0366577  7.40631e+22 
 180    6.1688433  6.92907e+22 
 181    6.3039234  6.50526e+22 
 182    6.4419613  6.13567e+22 
 183    6.5830219  5.80418e+22 
 184    6.7271713  5.49502e+22 
 185    6.8744772  5.21298e+22 
 186    7.0250086  4.93644e+22 
 187    7.1788363  4.66812e+22 
 188    7.3360323  4.40891e+22 
 189    7.4966705  4.16845e+22 


# y-band (filter: y_LSST.dat)
   0    0.1250000  1.49698e+26 
   1    0.1277371  1.52472e+26 
   2    0.1305342  1.55307e+26 
   3    0.1333926  1.58205e+26 
   4    0.1363135  1.61072e+26 
   5    0.1392983  1.63787e+26 
   6    0.1423486  1.66259e+26 
   7    0.1454656  1.68784e+26 
   8    0.1486509  1.71268e+26 
   9    0.1519059  1.74046e+26 
  10    0.1552322  1.76777e+26 
  11    0.1586314  1.79678e+26 
  12    0.1621049  1.82994e+26 
  13    0.1656546  1.86233e+26 
  14    0.1692819  1.89707e+26 
  15    0.1729887  1.93505e+26 
  16    0.1767767  1.97802e+26 
  17    0.1806476  2.02343e+26 
  18    0.1846033  2.07133e+26 
  19    0.1886456  2.12300e+26 
  20    0.1927764  2.17566e+26 
  21    0.1969976  2.23215e+26 
  22    0.2013113  2.28773e+26 
  23    0.2057194  2.34319e+26 
  24    0.2102241  2.40198e+26 
  25    0.2148274  2.45957e+26 
  26    0.2195315  2.51854e+26 
  27    0.2243386  2.57590e+26 
  28    0.2292510  2.62754e+26 
  29    0.2342710  2.67468e+26 
  30    0.2394008  2.71885e+26 
  31    0.2446430  2.74855e+26 
  32    0.2500000  2.77119e+26 
  33    0.2554743  2.79000e+26 
  34    0.2610684  2.79582e+26 
  35    0.2667851  2.79232e+26 
  36    0.2726269  2.77690e+26 
  37    0.2785967  2.75063e+26 
  38    0.2846972  2.70937e+26 
  39    0.2909312  2.65788e+26 
  40    0.2973018  2.59806e+26 
  41    0.3038118  2.52667e+26 
  42    0.3104645  2.44713e+26 
  43    0.3172627  2.36043e+26 
  44    0.3242099  2.26986e+26 
  45    0.3313092  2.17422e+26 
  46    0.3385639  2.07232e+26 
  47    0.3459775  1.97157e+26 
  48    0.3535534  1.87184e+26 
  49    0.3612952  1.77198e+26 
  50    0.3692065  1.67759e+26 
  51    0.3772911  1.58746e+26 
  52    0.3855527  1.49825e+26 
  53    0.3939952  1.41887e+26 
  54    0.4026226  1.34488e+26 
  55    0.4114389  1.27470e+26 
  56    0.4204482  1.21203e+26 
  57    0.4296548  1.15496e+26 
  58    0.4390630  1.10303e+26 
  59    0.4486773  1.05592e+26 
  60    0.4585020  1.01405e+26 
  61    0.4685419  9.74305e+25 
  62    0.4788016  9.39501e+25 
  63    0.4892860  9.07103e+25 
  64    0.5000000  8.77668e+25 
  65    0.5109486  8.50004e+25 
  66    0.5221369  8.25154e+25 
  67    0.5335702  8.01803e+25 
  68    0.5452539  7.79592e+25 
  69    0.5571934  7.59231e+25 
  70    0.5693943  7.39490e+25 
  71    0.5818624  7.20213e+25 
  72    0.5946036  7.02134e+25 
  73    0.6076237  6.85885e+25 
  74    0.6209289  6.69005e+25 
  75    0.6345255  6.54125e+25 
  76    0.6484198  6.39825e+25 
  77    0.6626183  6.26468e+25 
  78    0.6771278  6.14457e+25 
  79    0.6919549  6.03743e+25 
  80    0.7071068  5.94233e+25 
  81    0.7225904  5.86048e+25 
  82    0.7384131  5.80501e+25 
  83    0.7545822  5.76393e+25 
  84    0.7711054  5.73618e+25 
  85    0.7879904  5.73894e+25 
  86    0.8052452  5.76056e+25 
  87    0.8228777  5.79712e+25 
  88    0.8408964  5.87031e+25 
  89    0.8593096  5.97074e+25 
  90    0.8781261  6.08761e+25 
  91    0.8973545  6.23293e+25 
  92    0.9170040  6.40248e+25 
  93    0.9370838  6.59459e+25 
  94    0.9576033  6.81725e+25 
  95    0.9785721  7.05941e+25 
  96    1.0000000  7.32253e+25 
  97    1.0218971  7.60244e+25 
  98    1.0442738  7.89796e+25 
  99    1.0671404  8.21084e+25 
 100    1.0905077  8.53174e+25 
 101    1.1143867  8.86560e+25 
 102    1.1387886  9.20920e+25 
 103    1.1637249  9.56853e+25 
 104    1.1892071  9.91218e+25 
 105    1.2152474  1.02449e+26 
 106    1.2418578  1.05786e+26 
 107    1.2690510  1.08727e+26 
 108    1.2968396  1.11513e+26 
 109    1.3252366  1.14213e+26 
 110    1.3542555  1.16409e+26 
 111    1.3839099  1.18370e+26 
 112    1.4142136  1.20145e+26 
 113    1.4451808  1.21342e+26 
 114    1.4768261  1.22295e+26 
 115    1.5091644  1.22904e+26 
 116    1.5422108  1.23159e+26 
 117    1.5759808  1.23109e+26 
 118    1.6104903  1.22875e+26 
 119    1.6457555  1.22361e+26 
 120    1.6817928  1.21590e+26 
 121    1.7186193  1.20651e+26 
 122    1.7562522  1.19537e+26 
 123    1.7947091  1.18054e+26 
 124    1.8340081  1.16273e+26 
 125    1.8741676  1.14270e+26 
 126    1.9152066  1.11495e+26 
 127    1.9571441  1.07999e+26 
 128    2.0000000  1.04148e+26 
 129    2.0437943  9.90520e+25 
 130    2.0885476  9.31889e+25 
 131    2.1342808  8.68338e+25 
 132    2.1810155  7.97226e+25 
 133    2.2287735  7.23350e+25 
 134    2.2775773  6.42698e+25 
 135    2.3274497  5.66363e+25 
 136    2.3784142  4.91585e+25 
 137    2.4304947  4.13767e+25 
 138    2.4837156  3.47550e+25 
 139    2.5381019  2.86882e+25 
 140    2.5936791  2.30592e+25 
 141    2.6504733  1.85950e+25 
 142    2.7085111  1.48495e+25 
 143    2.7678198  1.18216e+25 
 144    2.8284271  9.53986e+24 
 145    2.8903616  7.79320e+24 
 146    2.9536523  6.50291e+24 
 147    3.0183289  5.66823e+24 
 148    3.0844217  5.02249e+24 
 149    3.1519617  4.56826e+24 
 150    3.2209807  4.27458e+24 
 151    3.2915110  4.00826e+24 
 152    3.3635857  3.78473e+24 
 153    3.4372386  3.58514e+24 
 154    3.5125043  3.35793e+24 
 155    3.5894182  3.12567e+24 
 156    3.6680162  2.87735e+24 
 157    3.7483353  2.61966e+24 
 158    3.8304131  2.35861e+24 
 159    3.9142882  2.08019e+24 
 160    4.0000000  1.82658e+24 
 161    4.0875886  1.57683e+24 
 162    4.1770951  1.32805e+24 
 163    4.2685616  1.11228e+24 
 164    4.3620309  9.15812e+23 
 165    4.4575470  7.41436e+23 
 166    4.5551545  6.00576e+23 
 167    4.6548994  4.80784e+23 
 168    4.7568285  3.80234e+23 
 169    4.8609894  3.02229e+23 
 170    4.9674312  2.38784e+23 
 171    5.0762038  1.86963e+23 
 172    5.1873582  1.48629e+23 
 173    5.3009466  1.18376e+23 
 174    5.4170222  9.55029e+22 
 175    5.5356395  7.94831e+22 
 176    5.6568542  6.65255e+22 
 177    5.7807232  5.64682e+22 
 178    5.9073046  4.90147e+22 
 179    6.0366577  4.28890e+22 
 180    6.1688433  3.83808e+22 
 181    6.3039234  3.44970e+22 
 182    6.4419613  3.13244e+22 
 183    6.5830219  2.87055e+22 
 184    6.7271713  2.64403e+22 
 185    6.8744772  2.45271e+22 
 186    7.0250086  2.27337e+22 
 187    7.1788363  2.10912e+22 
 188    7.3360323  1.95678e+22 
 189    7.4966705  1.82056e+22 


# J-band (filter: J_2MASS.dat)
   0    0.1250000  8.84603e+25 
   1    0.1277371  8.94764e+25 
   2    0.1305342  9.05148e+25 
   3    0.1333926  9.15759e+25 
   4    0.1363135  9.25053e+25 
   5    0.1392983  9.29908e+25 
   6    0.1423486  9.35728e+25 
   7    0.1454656  9.39367e+25 
   8    0.1486509  9.38079e+25 
   9    0.1519059  9.38013e+25 
  10    0.1552322  9.42563e+25 
  11    0.1586314  9.48646e+25 
  12    0.1621049  9.58786e+25 
  13    0.1656546  9.74498e+25 
  14    0.1692819  9.91646e+25 
  15    0.1729887  1.01277e+26 
  16    0.1767767  1.03598e+26 
  17    0.1806476  1.06233e+26 
  18    0.1846033  1.09085e+26 
  19    0.1886456  1.12378e+26 
  20    0.1927764  1.15852e+26 
  21    0.1969976  1.19556e+26 
  22    0.2013113  1.23509e+26 
  23    0.2057194  1.27784e+26 
  24    0.2102241  1.32296e+26 
  25    0.2148274  1.37175e+26 
  26    0.2195315  1.41879e+26 
  27    0.2243386  1.46891e+26 
  28    0.2292510  1.52152e+26 
  29    0.2342710  1.57614e+26 
  30    0.2394008  1.63146e+26 
  31    0.2446430  1.68993e+26 
  32    0.2500000  1.75147e+26 
  33    0.2554743  1.81362e+26 
  34    0.2610684  1.87532e+26 
  35    0.2667851  1.94195e+26 
  36    0.2726269  2.00740e+26 
  37    0.2785967  2.07552e+26 
  38    0.2846972  2.14697e+26 
  39    0.2909312  2.21817e+26 
  40    0.2973018  2.29167e+26 
  41    0.3038118  2.36417e+26 
  42    0.3104645  2.43569e+26 
  43    0.3172627  2.50801e+26 
  44    0.3242099  2.57364e+26 
  45    0.3313092  2.63851e+26 
  46    0.3385639  2.70339e+26 
  47    0.3459775  2.76102e+26 
  48    0.3535534  2.81678e+26 
  49    0.3612952  2.86962e+26 
  50    0.3692065  2.91684e+26 
  51    0.3772911  2.95602e+26 
  52    0.3855527  2.99251e+26 
  53    0.3939952  3.01952e+26 
  54    0.4026226  3.03957e+26 
  55    0.4114389  3.05578e+26 
  56    0.4204482  3.06201e+26 
  57    0.4296548  3.06018e+26 
  58    0.4390630  3.05156e+26 
  59    0.4486773  3.03667e+26 
  60    0.4585020  3.01357e+26 
  61    0.4685419  2.98345e+26 
  62    0.4788016  2.94894e+26 
  63    0.4892860  2.91113e+26 
  64    0.5000000  2.86817e+26 
  65    0.5109486  2.82076e+26 
  66    0.5221369  2.77201e+26 
  67    0.5335702  2.72228e+26 
  68    0.5452539  2.67029e+26 
  69    0.5571934  2.61901e+26 
  70    0.5693943  2.56513e+26 
  71    0.5818624  2.51167e+26 
  72    0.5946036  2.46178e+26 
  73    0.6076237  2.41501e+26 
  74    0.6209289  2.36612e+26 
  75    0.6345255  2.32069e+26 
  76    0.6484198  2.27742e+26 
  77    0.6626183  2.23541e+26 
  78    0.6771278  2.19700e+26 
  79    0.6919549  2.15952e+26 
  80    0.7071068  2.12441e+26 
  81    0.7225904  2.09235e+26 
  82    0.7384131  2.06479e+26 
  83    0.7545822  2.03918e+26 
  84    0.7711054  2.01443e+26 
  85    0.7879904  1.99384e+26 
  86    0.8052452  1.97503e+26 
  87    0.8228777  1.95871e+26 
  88    0.8408964  1.94616e+26 
  89    0.8593096  1.93645e+26 
  90    0.8781261  1.92908e+26 
  91    0.8973545  1.92707e+26 
  92    0.9170040  1.92768e+26 
  93    0.9370838  1.93117e+26 
  94    0.9576033  1.94116e+26 
  95    0.9785721  1.95397e+26 
  96    1.0000000  1.97057e+26 
  97    1.0218971  1.99183e+26 
  98    1.0442738  2.01535e+26 
  99    1.0671404  2.04064e+26 
 100    1.0905077  2.06703e+26 
 101    1.1143867  2.09568e+26 
 102    1.1387886  2.12534e+26 
 103    1.1637249  2.15735e+26 
 104    1.1892071  2.19232e+26 
 105    1.2152474  2.22829e+26 
 106    1.2418578  2.26471e+26 
 107    1.2690510  2.30464e+26 
 108    1.2968396  2.34469e+26 
 109    1.3252366  2.38593e+26 
 110    1.3542555  2.42930e+26 
 111    1.3839099  2.47246e+26 
 112    1.4142136  2.51816e+26 
 113    1.4451808  2.56216e+26 
 114    1.4768261  2.60631e+26 
 115    1.5091644  2.65017e+26 
 116    1.5422108  2.68965e+26 
 117    1.5759808  2.72622e+26 
 118    1.6104903  2.76113e+26 
 119    1.6457555  2.79048e+26 
 120    1.6817928  2.81830e+26 
 121    1.7186193  2.84324e+26 
 122    1.7562522  2.86678e+26 
 123    1.7947091  2.88982e+26 
 124    1.8340081  2.91347e+26 
 125    1.8741676  2.93631e+26 
 126    1.9152066  2.96360e+26 
 127    1.9571441  2.99216e+26 
 128    2.0000000  3.02220e+26 
 129    2.0437943  3.05353e+26 
 130    2.0885476  3.08264e+26 
 131    2.1342808  3.11247e+26 
 132    2.1810155  3.13082e+26 
 133    2.2287735  3.13802e+26 
 134    2.2775773  3.14235e+26 
 135    2.3274497  3.11812e+26 
 136    2.3784142  3.07473e+26 
 137    2.4304947  3.01839e+26 
 138    2.4837156  2.92496e+26 
 139    2.5381019  2.80670e+26 
 140    2.5936791  2.66814e+26 
 141    2.6504733  2.49687e+26 
 142    2.7085111  2.30666e+26 
 143    2.7678198  2.09652e+26 
 144    2.8284271  1.87788e+26 
 145    2.8903616  1.65689e+26 
 146    2.9536523  1.43834e+26 
 147    3.0183289  1.21250e+26 
 148    3.0844217  1.01403e+26 
 149    3.1519617  8.30151e+25 
 150    3.2209807  6.55048e+25 
 151    3.2915110  5.12706e+25 
 152    3.3635857  3.89321e+25 
 153    3.4372386  2.86650e+25 
 154    3.5125043  2.07035e+25 
 155    3.5894182  1.44214e+25 
 156    3.6680162  1.00037e+25 
 157    3.7483353  6.70401e+24 
 158    3.8304131  4.41697e+24 
 159    3.9142882  3.04181e+24 
 160    4.0000000  2.05608e+24 
 161    4.0875886  1.42063e+24 
 162    4.1770951  1.06328e+24 
 163    4.2685616  8.06306e+23 
 164    4.3620309  6.41578e+23 
 165    4.4575470  5.38143e+23 
 166    4.5551545  4.59767e+23 
 167    4.6548994  4.01496e+23 
 168    4.7568285  3.56411e+23 
 169    4.8609894  3.18947e+23 
 170    4.9674312  2.87642e+23 
 171    5.0762038  2.60711e+23 
 172    5.1873582  2.36710e+23 
 173    5.3009466  2.15370e+23 
 174    5.4170222  1.95822e+23 
 175    5.5356395  1.77964e+23 
 176    5.6568542  1.61883e+23 
 177    5.7807232  1.47055e+23 
 178    5.9073046  1.33182e+23 
 179    6.0366577  1.20670e+23 
 180    6.1688433  1.09118e+23 
 181    6.3039234  9.82742e+22 
 182    6.4419613  8.85400e+22 
 183    6.5830219  7.96000e+22 
 184    6.7271713  7.12277e+22 
 185    6.8744772  6.37648e+22 
 186    7.0250086  5.64164e+22 
 187    7.1788363  4.93379e+22 
 188    7.3360323  4.26170e+22 
 189    7.4966705  3.64999e+22 


# H-band (filter: H_2MASS.dat)
   0    0.1250000  8.84965e+25 
   1    0.1277371  8.67452e+25 
   2    0.1305342  8.49555e+25 
   3    0.1333926  8.31266e+25 
   4    0.1363135  8.08816e+25 
   5    0.1392983  7.81005e+25 
   6    0.1423486  7.47655e+25 
   7    0.1454656  7.14547e+25 
   8    0.1486509  6.75083e+25 
   9    0.1519059  6.42364e+25 
  10    0.1552322  6.10971e+25 
  11    0.1586314  5.79346e+25 
  12    0.1621049  5.55251e+25 
  13    0.1656546  5.37068e+25 
  14    0.1692819  5.22861e+25 
  15    0.1729887  5.14625e+25 
  16    0.1767767  5.08936e+25 
  17    0.1806476  5.10846e+25 
  18    0.1846033  5.15642e+25 
  19    0.1886456  5.23405e+25 
  20    0.1927764  5.33433e+25 
  21    0.1969976  5.49142e+25 
  22    0.2013113  5.68200e+25 
  23    0.2057194  5.87455e+25 
  24    0.2102241  6.08498e+25 
  25    0.2148274  6.32176e+25 
  26    0.2195315  6.56250e+25 
  27    0.2243386  6.82584e+25 
  28    0.2292510  7.12861e+25 
  29    0.2342710  7.43268e+25 
  30    0.2394008  7.73979e+25 
  31    0.2446430  8.08123e+25 
  32    0.2500000  8.42996e+25 
  33    0.2554743  8.75353e+25 
  34    0.2610684  9.06442e+25 
  35    0.2667851  9.39641e+25 
  36    0.2726269  9.69723e+25 
  37    0.2785967  9.99245e+25 
  38    0.2846972  1.02647e+26 
  39    0.2909312  1.04408e+26 
  40    0.2973018  1.06330e+26 
  41    0.3038118  1.07636e+26 
  42    0.3104645  1.08499e+26 
  43    0.3172627  1.08965e+26 
  44    0.3242099  1.09007e+26 
  45    0.3313092  1.08746e+26 
  46    0.3385639  1.08072e+26 
  47    0.3459775  1.07000e+26 
  48    0.3535534  1.05840e+26 
  49    0.3612952  1.04435e+26 
  50    0.3692065  1.03093e+26 
  51    0.3772911  1.02248e+26 
  52    0.3855527  1.01084e+26 
  53    0.3939952  1.00402e+26 
  54    0.4026226  1.00218e+26 
  55    0.4114389  1.00284e+26 
  56    0.4204482  1.00896e+26 
  57    0.4296548  1.02113e+26 
  58    0.4390630  1.03720e+26 
  59    0.4486773  1.05924e+26 
  60    0.4585020  1.08730e+26 
  61    0.4685419  1.12124e+26 
  62    0.4788016  1.15920e+26 
  63    0.4892860  1.20002e+26 
  64    0.5000000  1.24555e+26 
  65    0.5109486  1.29327e+26 
  66    0.5221369  1.34255e+26 
  67    0.5335702  1.39224e+26 
  68    0.5452539  1.44383e+26 
  69    0.5571934  1.49151e+26 
  70    0.5693943  1.53707e+26 
  71    0.5818624  1.58214e+26 
  72    0.5946036  1.62066e+26 
  73    0.6076237  1.65539e+26 
  74    0.6209289  1.68836e+26 
  75    0.6345255  1.71495e+26 
  76    0.6484198  1.73566e+26 
  77    0.6626183  1.75285e+26 
  78    0.6771278  1.76006e+26 
  79    0.6919549  1.76153e+26 
  80    0.7071068  1.75929e+26 
  81    0.7225904  1.75318e+26 
  82    0.7384131  1.74272e+26 
  83    0.7545822  1.72927e+26 
  84    0.7711054  1.71152e+26 
  85    0.7879904  1.69310e+26 
  86    0.8052452  1.67280e+26 
  87    0.8228777  1.64946e+26 
  88    0.8408964  1.62709e+26 
  89    0.8593096  1.60546e+26 
  90    0.8781261  1.58456e+26 
  91    0.8973545  1.56506e+26 
  92    0.9170040  1.54675e+26 
  93    0.9370838  1.52899e+26 
  94    0.9576033  1.51304e+26 
  95    0.9785721  1.49939e+26 
  96    1.0000000  1.48795e+26 
  97    1.0218971  1.47849e+26 
  98    1.0442738  1.47116e+26 
  99    1.0671404  1.46560e+26 
 100    1.0905077  1.46205e+26 
 101    1.1143867  1.46032e+26 
 102    1.1387886  1.46023e+26 
 103    1.1637249  1.46307e+26 
 104    1.1892071  1.46738e+26 
 105    1.2152474  1.47574e+26 
 106    1.2418578  1.48541e+26 
 107    1.2690510  1.49906e+26 
 108    1.2968396  1.51437e+26 
 109    1.3252366  1.53159e+26 
 110    1.3542555  1.55177e+26 
 111    1.3839099  1.57384e+26 
 112    1.4142136  1.59876e+26 
 113    1.4451808  1.62580e+26 
 114    1.4768261  1.65449e+26 
 115    1.5091644  1.68365e+26 
 116    1.5422108  1.71406e+26 
 117    1.5759808  1.74454e+26 
 118    1.6104903  1.77497e+26 
 119    1.6457555  1.80405e+26 
 120    1.6817928  1.83176e+26 
 121    1.7186193  1.85989e+26 
 122    1.7562522  1.88475e+26 
 123    1.7947091  1.90852e+26 
 124    1.8340081  1.92893e+26 
 125    1.8741676  1.94817e+26 
 126    1.9152066  1.96456e+26 
 127    1.9571441  1.97821e+26 
 128    2.0000000  1.98883e+26 
 129    2.0437943  1.99425e+26 
 130    2.0885476  1.99766e+26 
 131    2.1342808  1.99854e+26 
 132    2.1810155  1.99461e+26 
 133    2.2287735  1.98844e+26 
 134    2.2775773  1.97922e+26 
 135    2.3274497  1.96759e+26 
 136    2.3784142  1.95477e+26 
 137    2.4304947  1.93984e+26 
 138    2.4837156  1.92464e+26 
 139    2.5381019  1.91068e+26 
 140    2.5936791  1.89513e+26 
 141    2.6504733  1.87991e+26 
 142    2.7085111  1.85921e+26 
 143    2.7678198  1.83705e+26 
 144    2.8284271  1.80045e+26 
 145    2.8903616  1.74484e+26 
 146    2.9536523  1.67235e+26 
 147    3.0183289  1.59465e+26 
 148    3.0844217  1.49425e+26 
 149    3.1519617  1.38625e+26 
 150    3.2209807  1.26386e+26 
 151    3.2915110  1.13845e+26 
 152    3.3635857  1.01034e+26 
 153    3.4372386  8.68119e+25 
 154    3.5125043  7.40613e+25 
 155    3.5894182  6.16260e+25 
 156    3.6680162  4.95446e+25 
 157    3.7483353  3.95777e+25 
 158    3.8304131  3.09911e+25 
 159    3.9142882  2.35815e+25 
 160    4.0000000  1.77808e+25 
 161    4.0875886  1.30454e+25 
 162    4.1770951  9.38712e+24 
 163    4.2685616  6.63802e+24 
 164    4.3620309  4.58415e+24 
 165    4.4575470  3.20447e+24 
 166    4.5551545  2.19756e+24 
 167    4.6548994  1.50391e+24 
 168    4.7568285  1.07827e+24 
 169    4.8609894  7.73090e+23 
 170    4.9674312  5.72092e+23 
 171    5.0762038  4.38565e+23 
 172    5.1873582  3.55077e+23 
 173    5.3009466  2.92453e+23 
 174    5.4170222  2.44311e+23 
 175    5.5356395  2.09470e+23 
 176    5.6568542  1.80914e+23 
 177    5.7807232  1.57997e+23 
 178    5.9073046  1.39838e+23 
 179    6.0366577  1.24986e+23 
 180    6.1688433  1.12182e+23 
 181    6.3039234  1.00925e+23 
 182    6.4419613  9.09565e+22 
 183    6.5830219  8.22268e+22 
 184    6.7271713  7.42701e+22 
 185    6.8744772  6.71897e+22 
 186    7.0250086  6.03124e+22 
 187    7.1788363  5.36265e+22 
 188    7.3360323  4.72810e+22 
 189    7.4966705  4.14932e+22 


# K-band (filter: Ks_mosfire.dat)
   0    0.1250000  5.17065e+25 
   1    0.1277371  5.12718e+25 
   2    0.1305342  5.08276e+25 
   3    0.1333926  5.03737e+25 
   4    0.1363135  4.96539e+25 
   5    0.1392983  4.79482e+25 
   6    0.1423486  4.60524e+25 
   7    0.1454656  4.40109e+25 
   8    0.1486509  4.17787e+25 
   9    0.1519059  3.95052e+25 
  10    0.1552322  3.72845e+25 
  11    0.1586314  3.50391e+25 
  12    0.1621049  3.29304e+25 
  13    0.1656546  3.11428e+25 
  14    0.1692819  2.96902e+25 
  15    0.1729887  2.84444e+25 
  16    0.1767767  2.76331e+25 
  17    0.1806476  2.70761e+25 
  18    0.1846033  2.66221e+25 
  19    0.1886456  2.64010e+25 
  20    0.1927764  2.62006e+25 
  21    0.1969976  2.63290e+25 
  22    0.2013113  2.64682e+25 
  23    0.2057194  2.66272e+25 
  24    0.2102241  2.70120e+25 
  25    0.2148274  2.75465e+25 
  26    0.2195315  2.82693e+25 
  27    0.2243386  2.90516e+25 
  28    0.2292510  2.96547e+25 
  29    0.2342710  3.05981e+25 
  30    0.2394008  3.14688e+25 
  31    0.2446430  3.23131e+25 
  32    0.2500000  3.31870e+25 
  33    0.2554743  3.39844e+25 
  34    0.2610684  3.49678e+25 
  35    0.2667851  3.57987e+25 
  36    0.2726269  3.66148e+25 
  37    0.2785967  3.74522e+25 
  38    0.2846972  3.80658e+25 
  39    0.2909312  3.87014e+25 
  40    0.2973018  3.91507e+25 
  41    0.3038118  3.93410e+25 
  42    0.3104645  3.93209e+25 
  43    0.3172627  3.92503e+25 
  44    0.3242099  3.89624e+25 
  45    0.3313092  3.86346e+25 
  46    0.3385639  3.79920e+25 
  47    0.3459775  3.74488e+25 
  48    0.3535534  3.66962e+25 
  49    0.3612952  3.57470e+25 
  50    0.3692065  3.47716e+25 
  51    0.3772911  3.38333e+25 
  52    0.3855527  3.28414e+25 
  53    0.3939952  3.20837e+25 
  54    0.4026226  3.14206e+25 
  55    0.4114389  3.07794e+25 
  56    0.4204482  3.02353e+25 
  57    0.4296548  2.98481e+25 
  58    0.4390630  2.96469e+25 
  59    0.4486773  2.95272e+25 
  60    0.4585020  2.97352e+25 
  61    0.4685419  3.01493e+25 
  62    0.4788016  3.07826e+25 
  63    0.4892860  3.16791e+25 
  64    0.5000000  3.27473e+25 
  65    0.5109486  3.39238e+25 
  66    0.5221369  3.53662e+25 
  67    0.5335702  3.69976e+25 
  68    0.5452539  3.88528e+25 
  69    0.5571934  4.07116e+25 
  70    0.5693943  4.28347e+25 
  71    0.5818624  4.49757e+25 
  72    0.5946036  4.70906e+25 
  73    0.6076237  4.90275e+25 
  74    0.6209289  5.10203e+25 
  75    0.6345255  5.25977e+25 
  76    0.6484198  5.38712e+25 
  77    0.6626183  5.50498e+25 
  78    0.6771278  5.56054e+25 
  79    0.6919549  5.58251e+25 
  80    0.7071068  5.56892e+25 
  81    0.7225904  5.52592e+25 
  82    0.7384131  5.42391e+25 
  83    0.7545822  5.29259e+25 
  84    0.7711054  5.12691e+25 
  85    0.7879904  4.94292e+25 
  86    0.8052452  4.73674e+25 
  87    0.8228777  4.51054e+25 
  88    0.8408964  4.28339e+25 
  89    0.8593096  4.05400e+25 
  90    0.8781261  3.81572e+25 
  91    0.8973545  3.59395e+25 
  92    0.9170040  3.37390e+25 
  93    0.9370838  3.15909e+25 
  94    0.9576033  2.96600e+25 
  95    0.9785721  2.78131e+25 
  96    1.0000000  2.60370e+25 
  97    1.0218971  2.44312e+25 
  98    1.0442738  2.28832e+25 
  99    1.0671404  2.14467e+25 
 100    1.0905077  2.01339e+25 
 101    1.1143867  1.89321e+25 
 102    1.1387886  1.77964e+25 
 103    1.1637249  1.67241e+25 
 104    1.1892071  1.57739e+25 
 105    1.2152474  1.49079e+25 
 106    1.2418578  1.40678e+25 
 107    1.2690510  1.33544e+25 
 108    1.2968396  1.26737e+25 
 109    1.3252366  1.20465e+25 
 110    1.3542555  1.14898e+25 
 111    1.3839099  1.09346e+25 
 112    1.4142136  1.04366e+25 
 113    1.4451808  9.97368e+24 
 114    1.4768261  9.53685e+24 
 115    1.5091644  9.10759e+24 
 116    1.5422108  8.71151e+24 
 117    1.5759808  8.32791e+24 
 118    1.6104903  7.93269e+24 
 119    1.6457555  7.57199e+24 
 120    1.6817928  7.22943e+24 
 121    1.7186193  6.91377e+24 
 122    1.7562522  6.62117e+24 
 123    1.7947091  6.34490e+24 
 124    1.8340081  6.08705e+24 
 125    1.8741676  5.82790e+24 
 126    1.9152066  5.59570e+24 
 127    1.9571441  5.38385e+24 
 128    2.0000000  5.19071e+24 
 129    2.0437943  5.01140e+24 
 130    2.0885476  4.84936e+24 
 131    2.1342808  4.69634e+24 
 132    2.1810155  4.56049e+24 
 133    2.2287735  4.41609e+24 
 134    2.2775773  4.27762e+24 
 135    2.3274497  4.14399e+24 
 136    2.3784142  4.00502e+24 
 137    2.4304947  3.87367e+24 
 138    2.4837156  3.72582e+24 
 139    2.5381019  3.56104e+24 
 140    2.5936791  3.38711e+24 
 141    2.6504733  3.19548e+24 
 142    2.7085111  2.98396e+24 
 143    2.7678198  2.75477e+24 
 144    2.8284271  2.51391e+24 
 145    2.8903616  2.26140e+24 
 146    2.9536523  2.00947e+24 
 147    3.0183289  1.74846e+24 
 148    3.0844217  1.50910e+24 
 149    3.1519617  1.28906e+24 
 150    3.2209807  1.06853e+24 
 151    3.2915110  8.90782e+23 
 152    3.3635857  7.30988e+23 
 153    3.4372386  5.84135e+23 
 154    3.5125043  4.72327e+23 
 155    3.5894182  3.75798e+23 
 156    3.6680162  3.07394e+23 
 157    3.7483353  2.52900e+23 
 158    3.8304131  2.12326e+23 
 159    3.9142882  1.84224e+23 
 160    4.0000000  1.61796e+23 
 161    4.0875886  1.43457e+23 
 162    4.1770951  1.26121e+23 
 163    4.2685616  1.11125e+23 
 164    4.3620309  9.82435e+22 
 165    4.4575470  8.53675e+22 
 166    4.5551545  7.40328e+22 
 167    4.6548994  6.37900e+22 
 168    4.7568285  5.48008e+22 
 169    4.8609894  4.70087e+22 
 170    4.9674312  4.03979e+22 
 171    5.0762038  3.46440e+22 
 172    5.1873582  2.97789e+22 
 173    5.3009466  2.50507e+22 
 174    5.4170222  2.13179e+22 
 175    5.5356395  1.78690e+22 
 176    5.6568542  1.50882e+22 
 177    5.7807232  1.23133e+22 
 178    5.9073046  1.00022e+22 
 179    6.0366577  8.25888e+21 
 180    6.1688433  6.66328e+21 
 181    6.3039234  5.43294e+21 
 182    6.4419613  4.40557e+21 
 183    6.5830219  3.61785e+21 
 184    6.7271713  3.08557e+21 
 185    6.8744772  2.61070e+21 
 186    7.0250086  2.16540e+21 
 187    7.1788363  1.78847e+21 
 188    7.3360323  1.45503e+21 
 189    7.4966705  1.14650e+21 


# S-band (filter: Spitzer_IRAC2.dat)
   0    0.1250000  8.35970e+24 
   1    0.1277371  8.60102e+24 
   2    0.1305342  8.84762e+24 
   3    0.1333926  9.09962e+24 
   4    0.1363135  9.31768e+24 
   5    0.1392983  9.33480e+24 
   6    0.1423486  9.36800e+24 
   7    0.1454656  9.40147e+24 
   8    0.1486509  9.35033e+24 
   9    0.1519059  9.24103e+24 
  10    0.1552322  9.07003e+24 
  11    0.1586314  8.88007e+24 
  12    0.1621049  8.71825e+24 
  13    0.1656546  8.42305e+24 
  14    0.1692819  8.14400e+24 
  15    0.1729887  7.71740e+24 
  16    0.1767767  7.46562e+24 
  17    0.1806476  7.23699e+24 
  18    0.1846033  6.90819e+24 
  19    0.1886456  6.50883e+24 
  20    0.1927764  6.23136e+24 
  21    0.1969976  5.95504e+24 
  22    0.2013113  5.73494e+24 
  23    0.2057194  5.52570e+24 
  24    0.2102241  5.26560e+24 
  25    0.2148274  5.12198e+24 
  26    0.2195315  4.97447e+24 
  27    0.2243386  4.84293e+24 
  28    0.2292510  4.64638e+24 
  29    0.2342710  4.49589e+24 
  30    0.2394008  4.34015e+24 
  31    0.2446430  4.27048e+24 
  32    0.2500000  4.12680e+24 
  33    0.2554743  3.98788e+24 
  34    0.2610684  3.86502e+24 
  35    0.2667851  3.72025e+24 
  36    0.2726269  3.60491e+24 
  37    0.2785967  3.44851e+24 
  38    0.2846972  3.29124e+24 
  39    0.2909312  3.22373e+24 
  40    0.2973018  3.07103e+24 
  41    0.3038118  2.92652e+24 
  42    0.3104645  2.86936e+24 
  43    0.3172627  2.73656e+24 
  44    0.3242099  2.64883e+24 
  45    0.3313092  2.56631e+24 
  46    0.3385639  2.46437e+24 
  47    0.3459775  2.41706e+24 
  48    0.3535534  2.32874e+24 
  49    0.3612952  2.30060e+24 
  50    0.3692065  2.26459e+24 
  51    0.3772911  2.17687e+24 
  52    0.3855527  2.15420e+24 
  53    0.3939952  2.18725e+24 
  54    0.4026226  2.18852e+24 
  55    0.4114389  2.20106e+24 
  56    0.4204482  2.24017e+24 
  57    0.4296548  2.29584e+24 
  58    0.4390630  2.39206e+24 
  59    0.4486773  2.48137e+24 
  60    0.4585020  2.61210e+24 
  61    0.4685419  2.74706e+24 
  62    0.4788016  2.90283e+24 
  63    0.4892860  3.10389e+24 
  64    0.5000000  3.27326e+24 
  65    0.5109486  3.47223e+24 
  66    0.5221369  3.66096e+24 
  67    0.5335702  3.86045e+24 
  68    0.5452539  4.08187e+24 
  69    0.5571934  4.30390e+24 
  70    0.5693943  4.51935e+24 
  71    0.5818624  4.71815e+24 
  72    0.5946036  4.87048e+24 
  73    0.6076237  5.01114e+24 
  74    0.6209289  5.14846e+24 
  75    0.6345255  5.23564e+24 
  76    0.6484198  5.27156e+24 
  77    0.6626183  5.32037e+24 
  78    0.6771278  5.32399e+24 
  79    0.6919549  5.29753e+24 
  80    0.7071068  5.25354e+24 
  81    0.7225904  5.16436e+24 
  82    0.7384131  5.05493e+24 
  83    0.7545822  4.92147e+24 
  84    0.7711054  4.79644e+24 
  85    0.7879904  4.62444e+24 
  86    0.8052452  4.47256e+24 
  87    0.8228777  4.30691e+24 
  88    0.8408964  4.14753e+24 
  89    0.8593096  3.97323e+24 
  90    0.8781261  3.79926e+24 
  91    0.8973545  3.65486e+24 
  92    0.9170040  3.48719e+24 
  93    0.9370838  3.32211e+24 
  94    0.9576033  3.17460e+24 
  95    0.9785721  3.04733e+24 
  96    1.0000000  2.91995e+24 
  97    1.0218971  2.81770e+24 
  98    1.0442738  2.68982e+24 
  99    1.0671404  2.60086e+24 
 100    1.0905077  2.50402e+24 
 101    1.1143867  2.42669e+24 
 102    1.1387886  2.34561e+24 
 103    1.1637249  2.25974e+24 
 104    1.1892071  2.18906e+24 
 105    1.2152474  2.11541e+24 
 106    1.2418578  2.05106e+24 
 107    1.2690510  1.97240e+24 
 108    1.2968396  1.90027e+24 
 109    1.3252366  1.84014e+24 
 110    1.3542555  1.78036e+24 
 111    1.3839099  1.71362e+24 
 112    1.4142136  1.65681e+24 
 113    1.4451808  1.59311e+24 
 114    1.4768261  1.53002e+24 
 115    1.5091644  1.47518e+24 
 116    1.5422108  1.41631e+24 
 117    1.5759808  1.36028e+24 
 118    1.6104903  1.30571e+24 
 119    1.6457555  1.26081e+24 
 120    1.6817928  1.21554e+24 
 121    1.7186193  1.16543e+24 
 122    1.7562522  1.11841e+24 
 123    1.7947091  1.07594e+24 
 124    1.8340081  1.03218e+24 
 125    1.8741676  9.97806e+23 
 126    1.9152066  9.59106e+23 
 127    1.9571441  9.22542e+23 
 128    2.0000000  8.93731e+23 
 129    2.0437943  8.69904e+23 
 130    2.0885476  8.42828e+23 
 131    2.1342808  8.20328e+23 
 132    2.1810155  7.93513e+23 
 133    2.2287735  7.69056e+23 
 134    2.2775773  7.46215e+23 
 135    2.3274497  7.20598e+23 
 136    2.3784142  7.01822e+23 
 137    2.4304947  6.78877e+23 
 138    2.4837156  6.57990e+23 
 139    2.5381019  6.38186e+23 
 140    2.5936791  6.13030e+23 
 141    2.6504733  5.81024e+23 
 142    2.7085111  5.51001e+23 
 143    2.7678198  5.17329e+23 
 144    2.8284271  4.77540e+23 
 145    2.8903616  4.34120e+23 
 146    2.9536523  3.91738e+23 
 147    3.0183289  3.44394e+23 
 148    3.0844217  2.99714e+23 
 149    3.1519617  2.56592e+23 
 150    3.2209807  2.11203e+23 
 151    3.2915110  1.72929e+23 
 152    3.3635857  1.37608e+23 
 153    3.4372386  1.06449e+23 
 154    3.5125043  7.90016e+22 
 155    3.5894182  5.65420e+22 
 156    3.6680162  3.94889e+22 
 157    3.7483353  2.73440e+22 
 158    3.8304131  1.89049e+22 
 159    3.9142882  1.36640e+22 
 160    4.0000000  9.55896e+21 
 161    4.0875886  6.32470e+21 
 162    4.1770951  4.31955e+21 
 163    4.2685616  3.17941e+21 
 164    4.3620309  2.09325e+21 
 165    4.4575470  1.63947e+21 
 166    4.5551545  1.30589e+21 
 167    4.6548994  1.07281e+21 
 168    4.7568285  9.13974e+20 
 169    4.8609894  7.96999e+20 
 170    4.9674312  7.21877e+20 
 171    5.0762038  6.38038e+20 
 172    5.1873582  5.86262e+20 
 173    5.3009466  5.54835e+20 
 174    5.4170222  4.82080e+20 
 175    5.5356395  4.38946e+20 
 176    5.6568542  4.15663e+20 
 177    5.7807232  3.59710e+20 
 178    5.9073046  3.36079e+20 
 179    6.0366577  3.07281e+20 
 180    6.1688433  2.69322e+20 
 181    6.3039234  2.46822e+20 
 182    6.4419613  2.20715e+20 
 183    6.5830219  2.05160e+20 
 184    6.7271713  1.75081e+20 
 185    6.8744772  1.58034e+20 
 186    7.0250086  1.41775e+20 
 187    7.1788363  1.25372e+20 
 188    7.3360323  1.08423e+20 
 189    7.4966705  9.02501e+19 


