# 1:iteration 2:time bin[s] 3-k:equiv. isotropic luminosity in k-th angular bin [erg/s]
# bolometric luminosity going in angular bin
   0    0.1250000  4.34096e+41 
   1    0.1277371  4.44148e+41 
   2    0.1305342  4.54419e+41 
   3    0.1333926  4.64916e+41 
   4    0.1363135  4.76609e+41 
   5    0.1392983  4.87972e+41 
   6    0.1423486  5.01962e+41 
   7    0.1454656  5.11554e+41 
   8    0.1486509  5.26680e+41 
   9    0.1519059  5.42223e+41 
  10    0.1552322  5.58149e+41 
  11    0.1586314  5.75986e+41 
  12    0.1621049  5.94373e+41 
  13    0.1656546  6.17246e+41 
  14    0.1692819  6.40559e+41 
  15    0.1729887  6.69116e+41 
  16    0.1767767  6.96310e+41 
  17    0.1806476  7.26562e+41 
  18    0.1846033  7.58362e+41 
  19    0.1886456  8.01192e+41 
  20    0.1927764  8.38435e+41 
  21    0.1969976  8.74834e+41 
  22    0.2013113  9.18201e+41 
  23    0.2057194  9.62350e+41 
  24    0.2102241  1.01179e+42 
  25    0.2148274  1.06905e+42 
  26    0.2195315  1.12644e+42 
  27    0.2243386  1.18656e+42 
  28    0.2292510  1.24918e+42 
  29    0.2342710  1.31775e+42 
  30    0.2394008  1.39514e+42 
  31    0.2446430  1.47403e+42 
  32    0.2500000  1.57446e+42 
  33    0.2554743  1.67103e+42 
  34    0.2610684  1.77980e+42 
  35    0.2667851  1.90459e+42 
  36    0.2726269  2.02903e+42 
  37    0.2785967  2.17426e+42 
  38    0.2846972  2.35869e+42 
  39    0.2909312  2.52040e+42 
  40    0.2973018  2.70577e+42 
  41    0.3038118  2.89109e+42 
  42    0.3104645  3.09604e+42 
  43    0.3172627  3.30692e+42 
  44    0.3242099  3.52008e+42 
  45    0.3313092  3.74571e+42 
  46    0.3385639  3.97938e+42 
  47    0.3459775  4.23183e+42 
  48    0.3535534  4.51311e+42 
  49    0.3612952  4.76995e+42 
  50    0.3692065  5.02194e+42 
  51    0.3772911  5.31935e+42 
  52    0.3855527  5.62198e+42 
  53    0.3939952  5.92699e+42 
  54    0.4026226  6.25141e+42 
  55    0.4114389  6.61856e+42 
  56    0.4204482  6.96596e+42 
  57    0.4296548  7.28810e+42 
  58    0.4390630  7.63226e+42 
  59    0.4486773  7.97507e+42 
  60    0.4585020  8.31357e+42 
  61    0.4685419  8.69565e+42 
  62    0.4788016  9.06226e+42 
  63    0.4892860  9.40653e+42 
  64    0.5000000  9.75032e+42 
  65    0.5109486  1.01099e+43 
  66    0.5221369  1.04836e+43 
  67    0.5335702  1.07883e+43 
  68    0.5452539  1.11420e+43 
  69    0.5571934  1.15030e+43 
  70    0.5693943  1.18896e+43 
  71    0.5818624  1.22273e+43 
  72    0.5946036  1.25299e+43 
  73    0.6076237  1.28089e+43 
  74    0.6209289  1.31309e+43 
  75    0.6345255  1.34646e+43 
  76    0.6484198  1.37571e+43 
  77    0.6626183  1.40405e+43 
  78    0.6771278  1.43218e+43 
  79    0.6919549  1.45686e+43 
  80    0.7071068  1.48165e+43 
  81    0.7225904  1.50411e+43 
  82    0.7384131  1.52395e+43 
  83    0.7545822  1.54874e+43 
  84    0.7711054  1.57150e+43 
  85    0.7879904  1.59591e+43 
  86    0.8052452  1.61730e+43 
  87    0.8228777  1.64009e+43 
  88    0.8408964  1.66668e+43 
  89    0.8593096  1.69231e+43 
  90    0.8781261  1.72406e+43 
  91    0.8973545  1.75333e+43 
  92    0.9170040  1.78524e+43 
  93    0.9370838  1.82246e+43 
  94    0.9576033  1.86253e+43 
  95    0.9785721  1.90411e+43 
  96    1.0000000  1.94699e+43 
  97    1.0218971  1.99331e+43 
  98    1.0442738  2.04577e+43 
  99    1.0671404  2.10525e+43 
 100    1.0905077  2.17096e+43 
 101    1.1143867  2.23893e+43 
 102    1.1387886  2.30791e+43 
 103    1.1637249  2.38578e+43 
 104    1.1892071  2.49069e+43 
 105    1.2152474  2.63373e+43 
 106    1.2418578  2.75766e+43 
 107    1.2690510  2.88649e+43 
 108    1.2968396  3.00581e+43 
 109    1.3252366  3.14098e+43 
 110    1.3542555  3.27221e+43 
 111    1.3839099  3.44161e+43 
 112    1.4142136  3.60684e+43 
 113    1.4451808  3.76046e+43 
 114    1.4768261  3.93038e+43 
 115    1.5091644  4.09906e+43 
 116    1.5422108  4.28832e+43 
 117    1.5759808  4.47732e+43 
 118    1.6104903  4.66379e+43 
 119    1.6457555  4.80099e+43 
 120    1.6817928  4.94489e+43 
 121    1.7186193  5.11444e+43 
 122    1.7562522  5.29055e+43 
 123    1.7947091  5.39325e+43 
 124    1.8340081  5.46693e+43 
 125    1.8741676  5.55044e+43 
 126    1.9152066  5.64543e+43 
 127    1.9571441  5.79847e+43 
 128    2.0000000  5.90545e+43 
 129    2.0437943  6.03591e+43 
 130    2.0885476  6.25176e+43 
 131    2.1342808  6.48291e+43 
 132    2.1810155  6.76141e+43 
 133    2.2287735  6.99600e+43 
 134    2.2775773  7.28267e+43 
 135    2.3274497  7.54935e+43 
 136    2.3784142  7.85190e+43 
 137    2.4304947  8.16845e+43 
 138    2.4837156  8.47089e+43 
 139    2.5381019  8.73908e+43 
 140    2.5936791  8.99629e+43 
 141    2.6504733  9.23070e+43 
 142    2.7085111  9.42898e+43 
 143    2.7678198  9.60725e+43 
 144    2.8284271  9.77718e+43 
 145    2.8903616  9.96631e+43 
 146    2.9536523  1.01462e+44 
 147    3.0183289  1.03185e+44 
 148    3.0844217  1.04953e+44 
 149    3.1519617  1.06769e+44 
 150    3.2209807  1.08587e+44 
 151    3.2915110  1.10400e+44 
 152    3.3635857  1.12114e+44 
 153    3.4372386  1.13879e+44 
 154    3.5125043  1.15328e+44 
 155    3.5894182  1.16479e+44 
 156    3.6680162  1.17511e+44 
 157    3.7483353  1.17871e+44 
 158    3.8304131  1.18084e+44 
 159    3.9142882  1.18199e+44 
 160    4.0000000  1.18327e+44 
 161    4.0875886  1.18178e+44 
 162    4.1770951  1.17553e+44 
 163    4.2685616  1.16622e+44 
 164    4.3620309  1.15789e+44 
 165    4.4575470  1.14786e+44 
 166    4.5551545  1.12892e+44 
 167    4.6548994  1.09505e+44 
 168    4.7568285  1.06107e+44 
 169    4.8609894  1.01409e+44 
 170    4.9674312  9.65390e+43 
 171    5.0762038  9.06508e+43 
 172    5.1873582  8.39429e+43 
 173    5.3009466  7.67766e+43 
 174    5.4170222  6.97384e+43 
 175    5.5356395  6.19954e+43 
 176    5.6568542  5.52681e+43 
 177    5.7807232  4.87088e+43 
 178    5.9073046  4.25960e+43 
 179    6.0366577  3.79512e+43 
 180    6.1688433  3.38692e+43 
 181    6.3039234  3.02939e+43 
 182    6.4419613  2.72688e+43 
 183    6.5830219  2.49773e+43 
 184    6.7271713  2.35455e+43 
 185    6.8744772  2.24066e+43 
 186    7.0250086  2.16111e+43 
 187    7.1788363  2.09244e+43 
 188    7.3360323  2.02478e+43 
 189    7.4966705  1.95798e+43 


# g-band (filter: g_LSST.dat)
   0    0.1250000  8.99691e+26 
   1    0.1277371  9.09412e+26 
   2    0.1305342  9.19346e+26 
   3    0.1333926  9.29498e+26 
   4    0.1363135  9.36727e+26 
   5    0.1392983  9.43539e+26 
   6    0.1423486  9.50619e+26 
   7    0.1454656  9.54725e+26 
   8    0.1486509  9.58846e+26 
   9    0.1519059  9.60640e+26 
  10    0.1552322  9.61984e+26 
  11    0.1586314  9.64363e+26 
  12    0.1621049  9.61308e+26 
  13    0.1656546  9.58760e+26 
  14    0.1692819  9.53767e+26 
  15    0.1729887  9.48952e+26 
  16    0.1767767  9.44261e+26 
  17    0.1806476  9.37704e+26 
  18    0.1846033  9.31163e+26 
  19    0.1886456  9.25138e+26 
  20    0.1927764  9.14064e+26 
  21    0.1969976  9.05896e+26 
  22    0.2013113  9.01902e+26 
  23    0.2057194  8.89806e+26 
  24    0.2102241  8.80706e+26 
  25    0.2148274  8.72992e+26 
  26    0.2195315  8.60430e+26 
  27    0.2243386  8.50019e+26 
  28    0.2292510  8.39283e+26 
  29    0.2342710  8.29961e+26 
  30    0.2394008  8.15065e+26 
  31    0.2446430  7.99947e+26 
  32    0.2500000  7.90335e+26 
  33    0.2554743  7.75012e+26 
  34    0.2610684  7.61653e+26 
  35    0.2667851  7.50900e+26 
  36    0.2726269  7.35606e+26 
  37    0.2785967  7.22276e+26 
  38    0.2846972  7.12376e+26 
  39    0.2909312  7.03451e+26 
  40    0.2973018  6.91523e+26 
  41    0.3038118  6.79341e+26 
  42    0.3104645  6.66301e+26 
  43    0.3172627  6.53952e+26 
  44    0.3242099  6.42469e+26 
  45    0.3313092  6.30839e+26 
  46    0.3385639  6.15781e+26 
  47    0.3459775  5.98220e+26 
  48    0.3535534  5.82644e+26 
  49    0.3612952  5.64467e+26 
  50    0.3692065  5.43368e+26 
  51    0.3772911  5.23723e+26 
  52    0.3855527  5.01190e+26 
  53    0.3939952  4.79544e+26 
  54    0.4026226  4.61033e+26 
  55    0.4114389  4.41011e+26 
  56    0.4204482  4.26295e+26 
  57    0.4296548  4.11482e+26 
  58    0.4390630  4.00315e+26 
  59    0.4486773  3.90666e+26 
  60    0.4585020  3.84299e+26 
  61    0.4685419  3.84178e+26 
  62    0.4788016  3.81236e+26 
  63    0.4892860  3.84571e+26 
  64    0.5000000  3.92752e+26 
  65    0.5109486  4.07278e+26 
  66    0.5221369  4.23499e+26 
  67    0.5335702  4.47350e+26 
  68    0.5452539  4.65409e+26 
  69    0.5571934  4.85624e+26 
  70    0.5693943  5.08828e+26 
  71    0.5818624  5.36239e+26 
  72    0.5946036  5.63776e+26 
  73    0.6076237  5.97790e+26 
  74    0.6209289  6.31848e+26 
  75    0.6345255  6.67816e+26 
  76    0.6484198  7.01716e+26 
  77    0.6626183  7.37250e+26 
  78    0.6771278  7.80106e+26 
  79    0.6919549  8.23146e+26 
  80    0.7071068  8.70080e+26 
  81    0.7225904  9.19714e+26 
  82    0.7384131  9.75446e+26 
  83    0.7545822  1.02672e+27 
  84    0.7711054  1.08480e+27 
  85    0.7879904  1.15594e+27 
  86    0.8052452  1.22891e+27 
  87    0.8228777  1.31112e+27 
  88    0.8408964  1.38590e+27 
  89    0.8593096  1.47372e+27 
  90    0.8781261  1.56665e+27 
  91    0.8973545  1.66208e+27 
  92    0.9170040  1.77148e+27 
  93    0.9370838  1.87007e+27 
  94    0.9576033  1.97916e+27 
  95    0.9785721  2.08530e+27 
  96    1.0000000  2.19291e+27 
  97    1.0218971  2.33531e+27 
  98    1.0442738  2.48987e+27 
  99    1.0671404  2.63645e+27 
 100    1.0905077  2.77978e+27 
 101    1.1143867  2.91096e+27 
 102    1.1387886  3.04744e+27 
 103    1.1637249  3.18749e+27 
 104    1.1892071  3.32126e+27 
 105    1.2152474  3.44434e+27 
 106    1.2418578  3.54688e+27 
 107    1.2690510  3.74816e+27 
 108    1.2968396  4.05405e+27 
 109    1.3252366  4.31028e+27 
 110    1.3542555  4.63438e+27 
 111    1.3839099  5.15362e+27 
 112    1.4142136  5.69998e+27 
 113    1.4451808  6.45251e+27 
 114    1.4768261  7.30347e+27 
 115    1.5091644  8.29182e+27 
 116    1.5422108  9.71706e+27 
 117    1.5759808  1.13756e+28 
 118    1.6104903  1.32223e+28 
 119    1.6457555  1.54190e+28 
 120    1.6817928  1.75909e+28 
 121    1.7186193  1.99900e+28 
 122    1.7562522  2.25857e+28 
 123    1.7947091  2.52971e+28 
 124    1.8340081  2.81902e+28 
 125    1.8741676  3.12830e+28 
 126    1.9152066  3.44437e+28 
 127    1.9571441  3.74836e+28 
 128    2.0000000  4.04803e+28 
 129    2.0437943  4.33711e+28 
 130    2.0885476  4.61745e+28 
 131    2.1342808  4.90416e+28 
 132    2.1810155  5.18524e+28 
 133    2.2287735  5.44844e+28 
 134    2.2775773  5.70781e+28 
 135    2.3274497  5.94995e+28 
 136    2.3784142  6.18210e+28 
 137    2.4304947  6.40300e+28 
 138    2.4837156  6.59972e+28 
 139    2.5381019  6.78932e+28 
 140    2.5936791  6.97764e+28 
 141    2.6504733  7.13217e+28 
 142    2.7085111  7.27021e+28 
 143    2.7678198  7.40614e+28 
 144    2.8284271  7.51853e+28 
 145    2.8903616  7.64274e+28 
 146    2.9536523  7.74895e+28 
 147    3.0183289  7.83784e+28 
 148    3.0844217  7.90331e+28 
 149    3.1519617  7.94314e+28 
 150    3.2209807  7.97645e+28 
 151    3.2915110  7.97546e+28 
 152    3.3635857  7.95323e+28 
 153    3.4372386  7.92578e+28 
 154    3.5125043  7.86911e+28 
 155    3.5894182  7.77327e+28 
 156    3.6680162  7.65159e+28 
 157    3.7483353  7.48535e+28 
 158    3.8304131  7.29842e+28 
 159    3.9142882  7.09432e+28 
 160    4.0000000  6.88323e+28 
 161    4.0875886  6.68416e+28 
 162    4.1770951  6.47828e+28 
 163    4.2685616  6.33412e+28 
 164    4.3620309  6.37188e+28 
 165    4.4575470  6.50440e+28 
 166    4.5551545  6.65566e+28 
 167    4.6548994  6.36452e+28 
 168    4.7568285  6.20549e+28 
 169    4.8609894  5.86940e+28 
 170    4.9674312  5.66341e+28 
 171    5.0762038  5.31181e+28 
 172    5.1873582  4.92353e+28 
 173    5.3009466  4.49770e+28 
 174    5.4170222  4.10085e+28 
 175    5.5356395  3.53719e+28 
 176    5.6568542  3.04488e+28 
 177    5.7807232  2.37088e+28 
 178    5.9073046  1.91491e+28 
 179    6.0366577  1.64663e+28 
 180    6.1688433  1.43063e+28 
 181    6.3039234  1.21119e+28 
 182    6.4419613  9.91852e+27 
 183    6.5830219  8.91428e+27 
 184    6.7271713  8.59926e+27 
 185    6.8744772  8.53350e+27 
 186    7.0250086  8.70432e+27 
 187    7.1788363  8.94769e+27 
 188    7.3360323  9.22933e+27 
 189    7.4966705  9.56606e+27 


# r-band (filter: r_LSST.dat)
   0    0.1250000  7.90191e+26 
   1    0.1277371  8.09409e+26 
   2    0.1305342  8.29048e+26 
   3    0.1333926  8.49117e+26 
   4    0.1363135  8.67429e+26 
   5    0.1392983  8.86511e+26 
   6    0.1423486  9.04778e+26 
   7    0.1454656  9.24819e+26 
   8    0.1486509  9.40469e+26 
   9    0.1519059  9.54931e+26 
  10    0.1552322  9.70545e+26 
  11    0.1586314  9.83769e+26 
  12    0.1621049  1.00141e+27 
  13    0.1656546  1.01717e+27 
  14    0.1692819  1.02718e+27 
  15    0.1729887  1.03485e+27 
  16    0.1767767  1.04279e+27 
  17    0.1806476  1.05112e+27 
  18    0.1846033  1.05965e+27 
  19    0.1886456  1.06347e+27 
  20    0.1927764  1.07132e+27 
  21    0.1969976  1.07575e+27 
  22    0.2013113  1.07982e+27 
  23    0.2057194  1.08095e+27 
  24    0.2102241  1.08328e+27 
  25    0.2148274  1.08154e+27 
  26    0.2195315  1.07820e+27 
  27    0.2243386  1.08020e+27 
  28    0.2292510  1.08217e+27 
  29    0.2342710  1.08126e+27 
  30    0.2394008  1.07775e+27 
  31    0.2446430  1.07430e+27 
  32    0.2500000  1.06857e+27 
  33    0.2554743  1.06572e+27 
  34    0.2610684  1.06118e+27 
  35    0.2667851  1.06097e+27 
  36    0.2726269  1.05223e+27 
  37    0.2785967  1.04674e+27 
  38    0.2846972  1.03877e+27 
  39    0.2909312  1.02879e+27 
  40    0.2973018  1.02357e+27 
  41    0.3038118  1.01318e+27 
  42    0.3104645  1.00460e+27 
  43    0.3172627  9.92810e+26 
  44    0.3242099  9.85699e+26 
  45    0.3313092  9.73368e+26 
  46    0.3385639  9.62154e+26 
  47    0.3459775  9.52847e+26 
  48    0.3535534  9.39387e+26 
  49    0.3612952  9.31019e+26 
  50    0.3692065  9.25646e+26 
  51    0.3772911  9.20601e+26 
  52    0.3855527  9.15474e+26 
  53    0.3939952  9.07490e+26 
  54    0.4026226  9.00771e+26 
  55    0.4114389  8.98918e+26 
  56    0.4204482  8.88277e+26 
  57    0.4296548  8.84647e+26 
  58    0.4390630  8.77225e+26 
  59    0.4486773  8.67559e+26 
  60    0.4585020  8.69182e+26 
  61    0.4685419  8.65171e+26 
  62    0.4788016  8.61287e+26 
  63    0.4892860  8.59181e+26 
  64    0.5000000  8.66203e+26 
  65    0.5109486  8.77393e+26 
  66    0.5221369  8.95714e+26 
  67    0.5335702  9.16505e+26 
  68    0.5452539  9.34070e+26 
  69    0.5571934  9.54899e+26 
  70    0.5693943  9.78983e+26 
  71    0.5818624  1.01946e+27 
  72    0.5946036  1.06715e+27 
  73    0.6076237  1.12122e+27 
  74    0.6209289  1.17680e+27 
  75    0.6345255  1.24208e+27 
  76    0.6484198  1.32692e+27 
  77    0.6626183  1.41776e+27 
  78    0.6771278  1.63222e+27 
  79    0.6919549  1.88991e+27 
  80    0.7071068  2.13251e+27 
  81    0.7225904  2.41312e+27 
  82    0.7384131  2.65691e+27 
  83    0.7545822  2.87567e+27 
  84    0.7711054  3.14379e+27 
  85    0.7879904  3.37934e+27 
  86    0.8052452  3.64606e+27 
  87    0.8228777  3.91731e+27 
  88    0.8408964  4.20957e+27 
  89    0.8593096  4.65579e+27 
  90    0.8781261  5.23135e+27 
  91    0.8973545  5.69451e+27 
  92    0.9170040  6.60396e+27 
  93    0.9370838  7.90083e+27 
  94    0.9576033  9.71564e+27 
  95    0.9785721  1.14684e+28 
  96    1.0000000  1.33832e+28 
  97    1.0218971  1.54535e+28 
  98    1.0442738  1.81539e+28 
  99    1.0671404  2.16259e+28 
 100    1.0905077  2.56575e+28 
 101    1.1143867  2.98047e+28 
 102    1.1387886  3.43504e+28 
 103    1.1637249  3.95344e+28 
 104    1.1892071  4.73914e+28 
 105    1.2152474  5.86205e+28 
 106    1.2418578  6.75378e+28 
 107    1.2690510  7.69816e+28 
 108    1.2968396  8.52782e+28 
 109    1.3252366  9.51609e+28 
 110    1.3542555  1.04116e+29 
 111    1.3839099  1.16630e+29 
 112    1.4142136  1.27731e+29 
 113    1.4451808  1.37063e+29 
 114    1.4768261  1.47510e+29 
 115    1.5091644  1.57201e+29 
 116    1.5422108  1.68041e+29 
 117    1.5759808  1.77677e+29 
 118    1.6104903  1.86925e+29 
 119    1.6457555  1.90949e+29 
 120    1.6817928  1.95676e+29 
 121    1.7186193  2.01932e+29 
 122    1.7562522  2.09590e+29 
 123    1.7947091  2.08812e+29 
 124    1.8340081  2.05315e+29 
 125    1.8741676  2.02435e+29 
 126    1.9152066  2.00028e+29 
 127    1.9571441  2.02573e+29 
 128    2.0000000  2.00540e+29 
 129    2.0437943  1.99619e+29 
 130    2.0885476  2.06358e+29 
 131    2.1342808  2.13692e+29 
 132    2.1810155  2.24946e+29 
 133    2.2287735  2.31869e+29 
 134    2.2775773  2.42744e+29 
 135    2.3274497  2.51572e+29 
 136    2.3784142  2.62593e+29 
 137    2.4304947  2.74461e+29 
 138    2.4837156  2.82416e+29 
 139    2.5381019  2.84551e+29 
 140    2.5936791  2.85836e+29 
 141    2.6504733  2.84913e+29 
 142    2.7085111  2.80843e+29 
 143    2.7678198  2.73467e+29 
 144    2.8284271  2.65581e+29 
 145    2.8903616  2.56852e+29 
 146    2.9536523  2.46949e+29 
 147    3.0183289  2.36115e+29 
 148    3.0844217  2.25225e+29 
 149    3.1519617  2.13557e+29 
 150    3.2209807  2.02563e+29 
 151    3.2915110  1.92282e+29 
 152    3.3635857  1.82814e+29 
 153    3.4372386  1.73006e+29 
 154    3.5125043  1.63744e+29 
 155    3.5894182  1.54803e+29 
 156    3.6680162  1.45598e+29 
 157    3.7483353  1.36918e+29 
 158    3.8304131  1.28500e+29 
 159    3.9142882  1.20458e+29 
 160    4.0000000  1.12750e+29 
 161    4.0875886  1.05413e+29 
 162    4.1770951  9.84812e+28 
 163    4.2685616  9.25544e+28 
 164    4.3620309  8.65544e+28 
 165    4.4575470  7.93891e+28 
 166    4.5551545  7.15338e+28 
 167    4.6548994  6.41973e+28 
 168    4.7568285  5.73175e+28 
 169    4.8609894  5.12467e+28 
 170    4.9674312  4.52291e+28 
 171    5.0762038  3.94871e+28 
 172    5.1873582  3.35575e+28 
 173    5.3009466  2.84128e+28 
 174    5.4170222  2.34818e+28 
 175    5.5356395  1.86298e+28 
 176    5.6568542  1.45670e+28 
 177    5.7807232  1.22194e+28 
 178    5.9073046  1.00240e+28 
 179    6.0366577  8.38187e+27 
 180    6.1688433  6.78700e+27 
 181    6.3039234  5.57536e+27 
 182    6.4419613  4.70899e+27 
 183    6.5830219  4.11693e+27 
 184    6.7271713  3.85653e+27 
 185    6.8744772  3.69167e+27 
 186    7.0250086  3.60372e+27 
 187    7.1788363  3.52861e+27 
 188    7.3360323  3.45969e+27 
 189    7.4966705  3.39865e+27 


# i-band (filter: i_LSST.dat)
   0    0.1250000  5.08061e+26 
   1    0.1277371  5.19690e+26 
   2    0.1305342  5.31573e+26 
   3    0.1333926  5.43717e+26 
   4    0.1363135  5.57983e+26 
   5    0.1392983  5.70840e+26 
   6    0.1423486  5.83659e+26 
   7    0.1454656  5.94241e+26 
   8    0.1486509  6.06089e+26 
   9    0.1519059  6.19991e+26 
  10    0.1552322  6.31900e+26 
  11    0.1586314  6.42906e+26 
  12    0.1621049  6.58522e+26 
  13    0.1656546  6.73742e+26 
  14    0.1692819  6.91094e+26 
  15    0.1729887  7.04253e+26 
  16    0.1767767  7.13056e+26 
  17    0.1806476  7.28749e+26 
  18    0.1846033  7.41040e+26 
  19    0.1886456  7.52908e+26 
  20    0.1927764  7.64759e+26 
  21    0.1969976  7.81058e+26 
  22    0.2013113  7.98446e+26 
  23    0.2057194  8.09010e+26 
  24    0.2102241  8.19834e+26 
  25    0.2148274  8.31299e+26 
  26    0.2195315  8.40624e+26 
  27    0.2243386  8.51473e+26 
  28    0.2292510  8.63574e+26 
  29    0.2342710  8.71104e+26 
  30    0.2394008  8.84451e+26 
  31    0.2446430  8.92699e+26 
  32    0.2500000  9.04149e+26 
  33    0.2554743  9.12209e+26 
  34    0.2610684  9.14372e+26 
  35    0.2667851  9.17439e+26 
  36    0.2726269  9.22904e+26 
  37    0.2785967  9.26453e+26 
  38    0.2846972  9.33037e+26 
  39    0.2909312  9.42084e+26 
  40    0.2973018  9.44349e+26 
  41    0.3038118  9.47327e+26 
  42    0.3104645  9.45959e+26 
  43    0.3172627  9.41802e+26 
  44    0.3242099  9.37257e+26 
  45    0.3313092  9.32239e+26 
  46    0.3385639  9.30263e+26 
  47    0.3459775  9.11597e+26 
  48    0.3535534  9.02091e+26 
  49    0.3612952  8.84572e+26 
  50    0.3692065  8.58849e+26 
  51    0.3772911  8.30743e+26 
  52    0.3855527  8.11179e+26 
  53    0.3939952  7.91362e+26 
  54    0.4026226  7.72732e+26 
  55    0.4114389  7.50245e+26 
  56    0.4204482  7.34039e+26 
  57    0.4296548  7.30852e+26 
  58    0.4390630  7.24174e+26 
  59    0.4486773  7.23457e+26 
  60    0.4585020  7.25738e+26 
  61    0.4685419  7.48205e+26 
  62    0.4788016  7.85199e+26 
  63    0.4892860  8.72644e+26 
  64    0.5000000  9.85682e+26 
  65    0.5109486  1.13413e+27 
  66    0.5221369  1.50632e+27 
  67    0.5335702  2.23319e+27 
  68    0.5452539  2.92378e+27 
  69    0.5571934  4.00016e+27 
  70    0.5693943  5.70442e+27 
  71    0.5818624  6.80363e+27 
  72    0.5946036  7.56671e+27 
  73    0.6076237  8.29058e+27 
  74    0.6209289  9.56909e+27 
  75    0.6345255  1.11557e+28 
  76    0.6484198  1.19392e+28 
  77    0.6626183  1.29235e+28 
  78    0.6771278  1.36470e+28 
  79    0.6919549  1.36136e+28 
  80    0.7071068  1.36889e+28 
  81    0.7225904  1.33974e+28 
  82    0.7384131  1.28031e+28 
  83    0.7545822  1.28099e+28 
  84    0.7711054  1.26003e+28 
  85    0.7879904  1.27571e+28 
  86    0.8052452  1.23781e+28 
  87    0.8228777  1.21673e+28 
  88    0.8408964  1.23750e+28 
  89    0.8593096  1.24714e+28 
  90    0.8781261  1.32856e+28 
  91    0.8973545  1.40205e+28 
  92    0.9170040  1.45158e+28 
  93    0.9370838  1.52557e+28 
  94    0.9576033  1.59698e+28 
  95    0.9785721  1.68689e+28 
  96    1.0000000  1.78340e+28 
  97    1.0218971  1.89617e+28 
  98    1.0442738  2.02978e+28 
  99    1.0671404  2.16172e+28 
 100    1.0905077  2.32577e+28 
 101    1.1143867  2.50363e+28 
 102    1.1387886  2.66410e+28 
 103    1.1637249  2.88424e+28 
 104    1.1892071  3.13710e+28 
 105    1.2152474  3.41394e+28 
 106    1.2418578  3.70558e+28 
 107    1.2690510  4.01800e+28 
 108    1.2968396  4.34962e+28 
 109    1.3252366  4.69998e+28 
 110    1.3542555  5.07417e+28 
 111    1.3839099  5.47883e+28 
 112    1.4142136  5.89535e+28 
 113    1.4451808  6.33612e+28 
 114    1.4768261  6.80337e+28 
 115    1.5091644  7.28512e+28 
 116    1.5422108  7.76669e+28 
 117    1.5759808  8.22512e+28 
 118    1.6104903  8.70792e+28 
 119    1.6457555  9.14539e+28 
 120    1.6817928  9.56513e+28 
 121    1.7186193  9.98552e+28 
 122    1.7562522  1.03319e+29 
 123    1.7947091  1.06438e+29 
 124    1.8340081  1.09243e+29 
 125    1.8741676  1.11571e+29 
 126    1.9152066  1.13321e+29 
 127    1.9571441  1.14561e+29 
 128    2.0000000  1.15393e+29 
 129    2.0437943  1.15798e+29 
 130    2.0885476  1.15710e+29 
 131    2.1342808  1.15344e+29 
 132    2.1810155  1.14429e+29 
 133    2.2287735  1.13283e+29 
 134    2.2775773  1.11816e+29 
 135    2.3274497  1.09911e+29 
 136    2.3784142  1.07769e+29 
 137    2.4304947  1.05408e+29 
 138    2.4837156  1.02779e+29 
 139    2.5381019  9.99415e+28 
 140    2.5936791  9.69465e+28 
 141    2.6504733  9.37163e+28 
 142    2.7085111  9.04053e+28 
 143    2.7678198  8.69335e+28 
 144    2.8284271  8.34842e+28 
 145    2.8903616  7.98853e+28 
 146    2.9536523  7.63357e+28 
 147    3.0183289  7.27392e+28 
 148    3.0844217  6.91639e+28 
 149    3.1519617  6.55989e+28 
 150    3.2209807  6.20626e+28 
 151    3.2915110  5.85909e+28 
 152    3.3635857  5.52150e+28 
 153    3.4372386  5.19343e+28 
 154    3.5125043  4.87526e+28 
 155    3.5894182  4.56661e+28 
 156    3.6680162  4.26194e+28 
 157    3.7483353  3.97744e+28 
 158    3.8304131  3.70512e+28 
 159    3.9142882  3.43725e+28 
 160    4.0000000  3.19240e+28 
 161    4.0875886  2.96004e+28 
 162    4.1770951  2.73446e+28 
 163    4.2685616  2.53350e+28 
 164    4.3620309  2.33615e+28 
 165    4.4575470  2.14220e+28 
 166    4.5551545  1.94465e+28 
 167    4.6548994  1.74939e+28 
 168    4.7568285  1.56394e+28 
 169    4.8609894  1.38861e+28 
 170    4.9674312  1.22171e+28 
 171    5.0762038  1.06172e+28 
 172    5.1873582  9.01130e+27 
 173    5.3009466  7.63307e+27 
 174    5.4170222  6.37840e+27 
 175    5.5356395  5.16738e+27 
 176    5.6568542  4.18952e+27 
 177    5.7807232  3.37983e+27 
 178    5.9073046  2.74605e+27 
 179    6.0366577  2.28220e+27 
 180    6.1688433  1.89996e+27 
 181    6.3039234  1.63003e+27 
 182    6.4419613  1.41509e+27 
 183    6.5830219  1.29267e+27 
 184    6.7271713  1.23053e+27 
 185    6.8744772  1.18621e+27 
 186    7.0250086  1.14865e+27 
 187    7.1788363  1.11239e+27 
 188    7.3360323  1.07827e+27 
 189    7.4966705  1.04587e+27 


# z-band (filter: z_LSST.dat)
   0    0.1250000  3.53612e+26 
   1    0.1277371  3.61287e+26 
   2    0.1305342  3.69129e+26 
   3    0.1333926  3.77143e+26 
   4    0.1363135  3.91414e+26 
   5    0.1392983  4.00066e+26 
   6    0.1423486  4.06211e+26 
   7    0.1454656  4.09101e+26 
   8    0.1486509  4.15507e+26 
   9    0.1519059  4.23399e+26 
  10    0.1552322  4.30711e+26 
  11    0.1586314  4.37077e+26 
  12    0.1621049  4.43160e+26 
  13    0.1656546  4.50468e+26 
  14    0.1692819  4.64444e+26 
  15    0.1729887  4.72260e+26 
  16    0.1767767  4.83916e+26 
  17    0.1806476  4.94461e+26 
  18    0.1846033  5.05442e+26 
  19    0.1886456  5.16845e+26 
  20    0.1927764  5.27089e+26 
  21    0.1969976  5.37468e+26 
  22    0.2013113  5.46220e+26 
  23    0.2057194  5.57745e+26 
  24    0.2102241  5.72296e+26 
  25    0.2148274  5.85338e+26 
  26    0.2195315  5.91499e+26 
  27    0.2243386  6.00145e+26 
  28    0.2292510  6.04761e+26 
  29    0.2342710  6.18130e+26 
  30    0.2394008  6.27939e+26 
  31    0.2446430  6.36283e+26 
  32    0.2500000  6.47987e+26 
  33    0.2554743  6.58407e+26 
  34    0.2610684  6.66023e+26 
  35    0.2667851  6.80254e+26 
  36    0.2726269  6.83968e+26 
  37    0.2785967  6.92156e+26 
  38    0.2846972  6.98840e+26 
  39    0.2909312  7.10357e+26 
  40    0.2973018  7.20548e+26 
  41    0.3038118  7.20976e+26 
  42    0.3104645  7.23410e+26 
  43    0.3172627  7.22729e+26 
  44    0.3242099  7.21889e+26 
  45    0.3313092  7.09060e+26 
  46    0.3385639  7.01685e+26 
  47    0.3459775  6.93108e+26 
  48    0.3535534  6.69276e+26 
  49    0.3612952  6.43011e+26 
  50    0.3692065  6.19250e+26 
  51    0.3772911  5.91054e+26 
  52    0.3855527  5.54292e+26 
  53    0.3939952  5.34776e+26 
  54    0.4026226  5.23773e+26 
  55    0.4114389  5.13177e+26 
  56    0.4204482  5.32472e+26 
  57    0.4296548  6.03425e+26 
  58    0.4390630  7.03869e+26 
  59    0.4486773  8.65462e+26 
  60    0.4585020  1.04559e+27 
  61    0.4685419  1.60217e+27 
  62    0.4788016  2.05504e+27 
  63    0.4892860  2.58680e+27 
  64    0.5000000  3.26103e+27 
  65    0.5109486  4.42116e+27 
  66    0.5221369  6.03821e+27 
  67    0.5335702  6.17873e+27 
  68    0.5452539  6.62710e+27 
  69    0.5571934  6.59498e+27 
  70    0.5693943  6.71292e+27 
  71    0.5818624  6.78601e+27 
  72    0.5946036  6.88737e+27 
  73    0.6076237  6.77993e+27 
  74    0.6209289  6.50550e+27 
  75    0.6345255  6.50761e+27 
  76    0.6484198  6.44444e+27 
  77    0.6626183  5.90750e+27 
  78    0.6771278  5.27008e+27 
  79    0.6919549  5.36262e+27 
  80    0.7071068  5.62645e+27 
  81    0.7225904  5.86261e+27 
  82    0.7384131  6.11736e+27 
  83    0.7545822  6.39624e+27 
  84    0.7711054  6.72703e+27 
  85    0.7879904  7.18800e+27 
  86    0.8052452  7.77837e+27 
  87    0.8228777  8.33314e+27 
  88    0.8408964  9.07518e+27 
  89    0.8593096  9.97474e+27 
  90    0.8781261  1.08836e+28 
  91    0.8973545  1.20506e+28 
  92    0.9170040  1.33353e+28 
  93    0.9370838  1.47535e+28 
  94    0.9576033  1.62539e+28 
  95    0.9785721  1.80752e+28 
  96    1.0000000  2.00376e+28 
  97    1.0218971  2.24011e+28 
  98    1.0442738  2.48085e+28 
  99    1.0671404  2.73893e+28 
 100    1.0905077  3.03496e+28 
 101    1.1143867  3.34537e+28 
 102    1.1387886  3.67099e+28 
 103    1.1637249  4.01508e+28 
 104    1.1892071  4.39305e+28 
 105    1.2152474  4.78647e+28 
 106    1.2418578  5.21091e+28 
 107    1.2690510  5.64676e+28 
 108    1.2968396  6.08492e+28 
 109    1.3252366  6.53391e+28 
 110    1.3542555  6.99855e+28 
 111    1.3839099  7.47708e+28 
 112    1.4142136  7.95699e+28 
 113    1.4451808  8.42337e+28 
 114    1.4768261  8.89269e+28 
 115    1.5091644  9.35693e+28 
 116    1.5422108  9.79075e+28 
 117    1.5759808  1.01786e+29 
 118    1.6104903  1.05422e+29 
 119    1.6457555  1.08295e+29 
 120    1.6817928  1.10684e+29 
 121    1.7186193  1.12762e+29 
 122    1.7562522  1.13905e+29 
 123    1.7947091  1.14511e+29 
 124    1.8340081  1.14738e+29 
 125    1.8741676  1.14276e+29 
 126    1.9152066  1.13185e+29 
 127    1.9571441  1.11692e+29 
 128    2.0000000  1.09687e+29 
 129    2.0437943  1.07482e+29 
 130    2.0885476  1.04894e+29 
 131    2.1342808  1.02110e+29 
 132    2.1810155  9.91145e+28 
 133    2.2287735  9.59505e+28 
 134    2.2775773  9.25675e+28 
 135    2.3274497  8.91602e+28 
 136    2.3784142  8.56198e+28 
 137    2.4304947  8.20424e+28 
 138    2.4837156  7.84793e+28 
 139    2.5381019  7.48632e+28 
 140    2.5936791  7.12021e+28 
 141    2.6504733  6.76190e+28 
 142    2.7085111  6.41210e+28 
 143    2.7678198  6.05550e+28 
 144    2.8284271  5.71592e+28 
 145    2.8903616  5.38276e+28 
 146    2.9536523  5.06347e+28 
 147    3.0183289  4.74589e+28 
 148    3.0844217  4.44305e+28 
 149    3.1519617  4.14853e+28 
 150    3.2209807  3.86950e+28 
 151    3.2915110  3.60480e+28 
 152    3.3635857  3.34756e+28 
 153    3.4372386  3.09939e+28 
 154    3.5125043  2.86926e+28 
 155    3.5894182  2.65071e+28 
 156    3.6680162  2.44031e+28 
 157    3.7483353  2.24746e+28 
 158    3.8304131  2.06439e+28 
 159    3.9142882  1.89048e+28 
 160    4.0000000  1.73306e+28 
 161    4.0875886  1.58695e+28 
 162    4.1770951  1.44567e+28 
 163    4.2685616  1.32040e+28 
 164    4.3620309  1.20195e+28 
 165    4.4575470  1.08749e+28 
 166    4.5551545  9.71110e+27 
 167    4.6548994  8.59578e+27 
 168    4.7568285  7.54928e+27 
 169    4.8609894  6.57723e+27 
 170    4.9674312  5.67741e+27 
 171    5.0762038  4.81711e+27 
 172    5.1873582  3.97367e+27 
 173    5.3009466  3.25719e+27 
 174    5.4170222  2.61191e+27 
 175    5.5356395  2.01008e+27 
 176    5.6568542  1.52967e+27 
 177    5.7807232  1.14643e+27 
 178    5.9073046  8.59085e+26 
 179    6.0366577  6.53285e+26 
 180    6.1688433  4.87887e+26 
 181    6.3039234  3.80857e+26 
 182    6.4419613  2.99469e+26 
 183    6.5830219  2.62010e+26 
 184    6.7271713  2.52800e+26 
 185    6.8744772  2.51729e+26 
 186    7.0250086  2.51957e+26 
 187    7.1788363  2.52471e+26 
 188    7.3360323  2.53123e+26 
 189    7.4966705  2.53637e+26 


# y-band (filter: y_LSST.dat)
   0    0.1250000  2.58425e+26 
   1    0.1277371  2.63608e+26 
   2    0.1305342  2.68905e+26 
   3    0.1333926  2.74319e+26 
   4    0.1363135  2.77523e+26 
   5    0.1392983  2.81988e+26 
   6    0.1423486  2.93613e+26 
   7    0.1454656  3.00472e+26 
   8    0.1486509  3.07774e+26 
   9    0.1519059  3.11759e+26 
  10    0.1552322  3.17899e+26 
  11    0.1586314  3.25519e+26 
  12    0.1621049  3.30944e+26 
  13    0.1656546  3.36302e+26 
  14    0.1692819  3.41317e+26 
  15    0.1729887  3.47900e+26 
  16    0.1767767  3.56675e+26 
  17    0.1806476  3.64973e+26 
  18    0.1846033  3.67303e+26 
  19    0.1886456  3.73026e+26 
  20    0.1927764  3.81179e+26 
  21    0.1969976  3.89699e+26 
  22    0.2013113  4.04216e+26 
  23    0.2057194  4.13497e+26 
  24    0.2102241  4.28746e+26 
  25    0.2148274  4.40288e+26 
  26    0.2195315  4.55404e+26 
  27    0.2243386  4.70488e+26 
  28    0.2292510  4.90293e+26 
  29    0.2342710  5.05908e+26 
  30    0.2394008  5.20734e+26 
  31    0.2446430  5.44212e+26 
  32    0.2500000  5.65300e+26 
  33    0.2554743  5.92317e+26 
  34    0.2610684  6.12964e+26 
  35    0.2667851  6.41884e+26 
  36    0.2726269  6.85009e+26 
  37    0.2785967  7.37323e+26 
  38    0.2846972  7.99676e+26 
  39    0.2909312  8.41174e+26 
  40    0.2973018  8.79261e+26 
  41    0.3038118  9.18251e+26 
  42    0.3104645  9.91557e+26 
  43    0.3172627  1.03174e+27 
  44    0.3242099  1.09042e+27 
  45    0.3313092  1.13659e+27 
  46    0.3385639  1.17286e+27 
  47    0.3459775  1.20741e+27 
  48    0.3535534  1.23974e+27 
  49    0.3612952  1.24567e+27 
  50    0.3692065  1.27212e+27 
  51    0.3772911  1.29186e+27 
  52    0.3855527  1.32975e+27 
  53    0.3939952  1.39823e+27 
  54    0.4026226  1.48830e+27 
  55    0.4114389  1.60862e+27 
  56    0.4204482  1.94990e+27 
  57    0.4296548  2.17549e+27 
  58    0.4390630  2.48150e+27 
  59    0.4486773  2.89174e+27 
  60    0.4585020  3.38159e+27 
  61    0.4685419  4.31168e+27 
  62    0.4788016  5.09405e+27 
  63    0.4892860  5.40632e+27 
  64    0.5000000  5.82689e+27 
  65    0.5109486  6.35315e+27 
  66    0.5221369  6.94335e+27 
  67    0.5335702  7.56774e+27 
  68    0.5452539  8.13773e+27 
  69    0.5571934  8.99889e+27 
  70    0.5693943  9.91424e+27 
  71    0.5818624  1.07246e+28 
  72    0.5946036  1.19167e+28 
  73    0.6076237  1.27740e+28 
  74    0.6209289  1.40486e+28 
  75    0.6345255  1.56935e+28 
  76    0.6484198  1.75895e+28 
  77    0.6626183  1.96260e+28 
  78    0.6771278  2.19641e+28 
  79    0.6919549  2.42183e+28 
  80    0.7071068  2.68232e+28 
  81    0.7225904  2.95714e+28 
  82    0.7384131  3.25055e+28 
  83    0.7545822  3.56800e+28 
  84    0.7711054  3.89039e+28 
  85    0.7879904  4.22465e+28 
  86    0.8052452  4.57763e+28 
  87    0.8228777  4.94457e+28 
  88    0.8408964  5.33172e+28 
  89    0.8593096  5.72613e+28 
  90    0.8781261  6.11182e+28 
  91    0.8973545  6.52425e+28 
  92    0.9170040  6.91695e+28 
  93    0.9370838  7.32575e+28 
  94    0.9576033  7.71984e+28 
  95    0.9785721  8.12451e+28 
  96    1.0000000  8.53651e+28 
  97    1.0218971  8.93867e+28 
  98    1.0442738  9.33034e+28 
  99    1.0671404  9.72882e+28 
 100    1.0905077  1.00849e+29 
 101    1.1143867  1.04213e+29 
 102    1.1387886  1.07629e+29 
 103    1.1637249  1.10815e+29 
 104    1.1892071  1.14001e+29 
 105    1.2152474  1.16933e+29 
 106    1.2418578  1.19640e+29 
 107    1.2690510  1.22080e+29 
 108    1.2968396  1.24220e+29 
 109    1.3252366  1.26041e+29 
 110    1.3542555  1.27812e+29 
 111    1.3839099  1.29153e+29 
 112    1.4142136  1.30469e+29 
 113    1.4451808  1.31415e+29 
 114    1.4768261  1.31902e+29 
 115    1.5091644  1.32374e+29 
 116    1.5422108  1.32282e+29 
 117    1.5759808  1.31434e+29 
 118    1.6104903  1.30534e+29 
 119    1.6457555  1.28589e+29 
 120    1.6817928  1.26474e+29 
 121    1.7186193  1.24042e+29 
 122    1.7562522  1.20757e+29 
 123    1.7947091  1.17376e+29 
 124    1.8340081  1.13766e+29 
 125    1.8741676  1.09567e+29 
 126    1.9152066  1.05372e+29 
 127    1.9571441  1.00836e+29 
 128    2.0000000  9.61568e+28 
 129    2.0437943  9.17527e+28 
 130    2.0885476  8.73469e+28 
 131    2.1342808  8.29338e+28 
 132    2.1810155  7.86773e+28 
 133    2.2287735  7.44788e+28 
 134    2.2775773  7.04361e+28 
 135    2.3274497  6.64760e+28 
 136    2.3784142  6.25622e+28 
 137    2.4304947  5.88415e+28 
 138    2.4837156  5.52824e+28 
 139    2.5381019  5.19646e+28 
 140    2.5936791  4.86099e+28 
 141    2.6504733  4.54285e+28 
 142    2.7085111  4.24263e+28 
 143    2.7678198  3.95183e+28 
 144    2.8284271  3.67431e+28 
 145    2.8903616  3.41717e+28 
 146    2.9536523  3.17189e+28 
 147    3.0183289  2.94199e+28 
 148    3.0844217  2.72538e+28 
 149    3.1519617  2.52255e+28 
 150    3.2209807  2.32805e+28 
 151    3.2915110  2.14193e+28 
 152    3.3635857  1.97315e+28 
 153    3.4372386  1.81530e+28 
 154    3.5125043  1.66513e+28 
 155    3.5894182  1.52875e+28 
 156    3.6680162  1.39881e+28 
 157    3.7483353  1.27749e+28 
 158    3.8304131  1.16593e+28 
 159    3.9142882  1.06074e+28 
 160    4.0000000  9.67220e+27 
 161    4.0875886  8.80216e+27 
 162    4.1770951  7.99458e+27 
 163    4.2685616  7.27360e+27 
 164    4.3620309  6.58669e+27 
 165    4.4575470  5.92178e+27 
 166    4.5551545  5.26930e+27 
 167    4.6548994  4.63630e+27 
 168    4.7568285  4.04924e+27 
 169    4.8609894  3.51994e+27 
 170    4.9674312  3.02175e+27 
 171    5.0762038  2.54911e+27 
 172    5.1873582  2.08519e+27 
 173    5.3009466  1.69655e+27 
 174    5.4170222  1.33860e+27 
 175    5.5356395  1.01305e+27 
 176    5.6568542  7.54176e+26 
 177    5.7807232  5.43370e+26 
 178    5.9073046  3.88771e+26 
 179    6.0366577  2.77942e+26 
 180    6.1688433  1.90084e+26 
 181    6.3039234  1.29487e+26 
 182    6.4419613  8.39034e+25 
 183    6.5830219  6.11702e+25 
 184    6.7271713  5.47816e+25 
 185    6.8744772  5.13128e+25 
 186    7.0250086  4.93258e+25 
 187    7.1788363  4.78211e+25 
 188    7.3360323  4.65494e+25 
 189    7.4966705  4.59323e+25 


# J-band (filter: J_2MASS.dat)
   0    0.1250000  1.35563e+26 
   1    0.1277371  1.37421e+26 
   2    0.1305342  1.39318e+26 
   3    0.1333926  1.41258e+26 
   4    0.1363135  1.42528e+26 
   5    0.1392983  1.48865e+26 
   6    0.1423486  1.50167e+26 
   7    0.1454656  1.51007e+26 
   8    0.1486509  1.53395e+26 
   9    0.1519059  1.52981e+26 
  10    0.1552322  1.54999e+26 
  11    0.1586314  1.56708e+26 
  12    0.1621049  1.58739e+26 
  13    0.1656546  1.60358e+26 
  14    0.1692819  1.68658e+26 
  15    0.1729887  1.71958e+26 
  16    0.1767767  1.77189e+26 
  17    0.1806476  1.79802e+26 
  18    0.1846033  1.84071e+26 
  19    0.1886456  1.87319e+26 
  20    0.1927764  1.96864e+26 
  21    0.1969976  2.02098e+26 
  22    0.2013113  2.07015e+26 
  23    0.2057194  2.22658e+26 
  24    0.2102241  2.60013e+26 
  25    0.2148274  2.98245e+26 
  26    0.2195315  3.13666e+26 
  27    0.2243386  3.48670e+26 
  28    0.2292510  4.04495e+26 
  29    0.2342710  4.57316e+26 
  30    0.2394008  5.24500e+26 
  31    0.2446430  5.94275e+26 
  32    0.2500000  6.71498e+26 
  33    0.2554743  7.40863e+26 
  34    0.2610684  8.09103e+26 
  35    0.2667851  9.14048e+26 
  36    0.2726269  1.02547e+27 
  37    0.2785967  1.33176e+27 
  38    0.2846972  2.00277e+27 
  39    0.2909312  2.10842e+27 
  40    0.2973018  2.29528e+27 
  41    0.3038118  2.37449e+27 
  42    0.3104645  2.47118e+27 
  43    0.3172627  2.62490e+27 
  44    0.3242099  2.75580e+27 
  45    0.3313092  2.93085e+27 
  46    0.3385639  3.02892e+27 
  47    0.3459775  3.27388e+27 
  48    0.3535534  3.54637e+27 
  49    0.3612952  3.55565e+27 
  50    0.3692065  3.56071e+27 
  51    0.3772911  3.94406e+27 
  52    0.3855527  4.42468e+27 
  53    0.3939952  5.06827e+27 
  54    0.4026226  6.04873e+27 
  55    0.4114389  7.62862e+27 
  56    0.4204482  8.52382e+27 
  57    0.4296548  8.94250e+27 
  58    0.4390630  9.56951e+27 
  59    0.4486773  1.03677e+28 
  60    0.4585020  1.11575e+28 
  61    0.4685419  1.21309e+28 
  62    0.4788016  1.30365e+28 
  63    0.4892860  1.42952e+28 
  64    0.5000000  1.54774e+28 
  65    0.5109486  1.65542e+28 
  66    0.5221369  1.76857e+28 
  67    0.5335702  1.85427e+28 
  68    0.5452539  2.02251e+28 
  69    0.5571934  2.22738e+28 
  70    0.5693943  2.43418e+28 
  71    0.5818624  2.64964e+28 
  72    0.5946036  2.86476e+28 
  73    0.6076237  3.10283e+28 
  74    0.6209289  3.34124e+28 
  75    0.6345255  3.57266e+28 
  76    0.6484198  3.83303e+28 
  77    0.6626183  4.09940e+28 
  78    0.6771278  4.37529e+28 
  79    0.6919549  4.64644e+28 
  80    0.7071068  4.92639e+28 
  81    0.7225904  5.20835e+28 
  82    0.7384131  5.49268e+28 
  83    0.7545822  5.76953e+28 
  84    0.7711054  6.06406e+28 
  85    0.7879904  6.33756e+28 
  86    0.8052452  6.63825e+28 
  87    0.8228777  6.93405e+28 
  88    0.8408964  7.21687e+28 
  89    0.8593096  7.47197e+28 
  90    0.8781261  7.74461e+28 
  91    0.8973545  7.98688e+28 
  92    0.9170040  8.22566e+28 
  93    0.9370838  8.45597e+28 
  94    0.9576033  8.66466e+28 
  95    0.9785721  8.87321e+28 
  96    1.0000000  9.05583e+28 
  97    1.0218971  9.22935e+28 
  98    1.0442738  9.36359e+28 
  99    1.0671404  9.49131e+28 
 100    1.0905077  9.59799e+28 
 101    1.1143867  9.70193e+28 
 102    1.1387886  9.77324e+28 
 103    1.1637249  9.81670e+28 
 104    1.1892071  9.84238e+28 
 105    1.2152474  9.84487e+28 
 106    1.2418578  9.84037e+28 
 107    1.2690510  9.79910e+28 
 108    1.2968396  9.74083e+28 
 109    1.3252366  9.67281e+28 
 110    1.3542555  9.59104e+28 
 111    1.3839099  9.48765e+28 
 112    1.4142136  9.36767e+28 
 113    1.4451808  9.22486e+28 
 114    1.4768261  9.07442e+28 
 115    1.5091644  8.93158e+28 
 116    1.5422108  8.76092e+28 
 117    1.5759808  8.55897e+28 
 118    1.6104903  8.34677e+28 
 119    1.6457555  8.09962e+28 
 120    1.6817928  7.83295e+28 
 121    1.7186193  7.55375e+28 
 122    1.7562522  7.25256e+28 
 123    1.7947091  6.95949e+28 
 124    1.8340081  6.64902e+28 
 125    1.8741676  6.32379e+28 
 126    1.9152066  6.00807e+28 
 127    1.9571441  5.67354e+28 
 128    2.0000000  5.34537e+28 
 129    2.0437943  5.03763e+28 
 130    2.0885476  4.73371e+28 
 131    2.1342808  4.44394e+28 
 132    2.1810155  4.16813e+28 
 133    2.2287735  3.91010e+28 
 134    2.2775773  3.65562e+28 
 135    2.3274497  3.40898e+28 
 136    2.3784142  3.18302e+28 
 137    2.4304947  2.96123e+28 
 138    2.4837156  2.75614e+28 
 139    2.5381019  2.56676e+28 
 140    2.5936791  2.37798e+28 
 141    2.6504733  2.20468e+28 
 142    2.7085111  2.04223e+28 
 143    2.7678198  1.88788e+28 
 144    2.8284271  1.74906e+28 
 145    2.8903616  1.61443e+28 
 146    2.9536523  1.48733e+28 
 147    3.0183289  1.37176e+28 
 148    3.0844217  1.26144e+28 
 149    3.1519617  1.15962e+28 
 150    3.2209807  1.06335e+28 
 151    3.2915110  9.73905e+27 
 152    3.3635857  8.93054e+27 
 153    3.4372386  8.15309e+27 
 154    3.5125043  7.44772e+27 
 155    3.5894182  6.78430e+27 
 156    3.6680162  6.16603e+27 
 157    3.7483353  5.60811e+27 
 158    3.8304131  5.10068e+27 
 159    3.9142882  4.61671e+27 
 160    4.0000000  4.18564e+27 
 161    4.0875886  3.79779e+27 
 162    4.1770951  3.43203e+27 
 163    4.2685616  3.11297e+27 
 164    4.3620309  2.80491e+27 
 165    4.4575470  2.51410e+27 
 166    4.5551545  2.22915e+27 
 167    4.6548994  1.95602e+27 
 168    4.7568285  1.70247e+27 
 169    4.8609894  1.47255e+27 
 170    4.9674312  1.26066e+27 
 171    5.0762038  1.05838e+27 
 172    5.1873582  8.64640e+26 
 173    5.3009466  6.98955e+26 
 174    5.4170222  5.48420e+26 
 175    5.5356395  4.10671e+26 
 176    5.6568542  3.01800e+26 
 177    5.7807232  2.14292e+26 
 178    5.9073046  1.52107e+26 
 179    6.0366577  1.06847e+26 
 180    6.1688433  6.85322e+25 
 181    6.3039234  4.46590e+25 
 182    6.4419613  2.63981e+25 
 183    6.5830219  1.73570e+25 
 184    6.7271713  1.42135e+25 
 185    6.8744772  1.26191e+25 
 186    7.0250086  1.19975e+25 
 187    7.1788363  1.12666e+25 
 188    7.3360323  1.06005e+25 
 189    7.4966705  1.00813e+25 


# H-band (filter: H_2MASS.dat)
   0    0.1250000  7.05780e+25 
   1    0.1277371  7.05417e+25 
   2    0.1305342  7.05046e+25 
   3    0.1333926  7.04666e+25 
   4    0.1363135  6.98313e+25 
   5    0.1392983  7.03567e+25 
   6    0.1423486  7.19253e+25 
   7    0.1454656  7.26910e+25 
   8    0.1486509  7.34246e+25 
   9    0.1519059  7.91148e+25 
  10    0.1552322  7.94636e+25 
  11    0.1586314  9.26533e+25 
  12    0.1621049  9.54308e+25 
  13    0.1656546  9.55740e+25 
  14    0.1692819  1.07295e+26 
  15    0.1729887  1.20789e+26 
  16    0.1767767  1.22813e+26 
  17    0.1806476  1.37802e+26 
  18    0.1846033  1.39880e+26 
  19    0.1886456  1.78670e+26 
  20    0.1927764  2.25256e+26 
  21    0.1969976  2.52473e+26 
  22    0.2013113  2.87189e+26 
  23    0.2057194  3.56817e+26 
  24    0.2102241  4.07159e+26 
  25    0.2148274  5.02302e+26 
  26    0.2195315  5.85077e+26 
  27    0.2243386  7.19791e+26 
  28    0.2292510  8.37412e+26 
  29    0.2342710  9.68271e+26 
  30    0.2394008  1.16662e+27 
  31    0.2446430  1.43993e+27 
  32    0.2500000  1.77237e+27 
  33    0.2554743  2.11595e+27 
  34    0.2610684  2.50064e+27 
  35    0.2667851  2.94942e+27 
  36    0.2726269  3.40379e+27 
  37    0.2785967  3.98336e+27 
  38    0.2846972  4.68287e+27 
  39    0.2909312  5.53276e+27 
  40    0.2973018  6.45246e+27 
  41    0.3038118  7.54585e+27 
  42    0.3104645  8.70593e+27 
  43    0.3172627  9.95353e+27 
  44    0.3242099  1.13966e+28 
  45    0.3313092  1.28714e+28 
  46    0.3385639  1.45098e+28 
  47    0.3459775  1.62091e+28 
  48    0.3535534  1.84102e+28 
  49    0.3612952  2.04539e+28 
  50    0.3692065  2.27527e+28 
  51    0.3772911  2.51827e+28 
  52    0.3855527  2.77457e+28 
  53    0.3939952  3.04550e+28 
  54    0.4026226  3.32113e+28 
  55    0.4114389  3.60384e+28 
  56    0.4204482  3.90404e+28 
  57    0.4296548  4.23002e+28 
  58    0.4390630  4.56269e+28 
  59    0.4486773  4.88422e+28 
  60    0.4585020  5.18470e+28 
  61    0.4685419  5.49371e+28 
  62    0.4788016  5.81606e+28 
  63    0.4892860  6.10383e+28 
  64    0.5000000  6.37669e+28 
  65    0.5109486  6.65571e+28 
  66    0.5221369  6.90718e+28 
  67    0.5335702  7.17369e+28 
  68    0.5452539  7.40243e+28 
  69    0.5571934  7.60205e+28 
  70    0.5693943  7.78134e+28 
  71    0.5818624  7.96303e+28 
  72    0.5946036  8.11504e+28 
  73    0.6076237  8.24758e+28 
  74    0.6209289  8.36594e+28 
  75    0.6345255  8.46994e+28 
  76    0.6484198  8.55068e+28 
  77    0.6626183  8.60530e+28 
  78    0.6771278  8.63455e+28 
  79    0.6919549  8.62272e+28 
  80    0.7071068  8.60631e+28 
  81    0.7225904  8.56074e+28 
  82    0.7384131  8.52029e+28 
  83    0.7545822  8.44563e+28 
  84    0.7711054  8.34983e+28 
  85    0.7879904  8.23383e+28 
  86    0.8052452  8.09672e+28 
  87    0.8228777  7.96501e+28 
  88    0.8408964  7.81696e+28 
  89    0.8593096  7.64817e+28 
  90    0.8781261  7.48501e+28 
  91    0.8973545  7.29690e+28 
  92    0.9170040  7.12286e+28 
  93    0.9370838  6.93563e+28 
  94    0.9576033  6.73210e+28 
  95    0.9785721  6.54351e+28 
  96    1.0000000  6.33798e+28 
  97    1.0218971  6.14432e+28 
  98    1.0442738  5.94258e+28 
  99    1.0671404  5.73610e+28 
 100    1.0905077  5.52437e+28 
 101    1.1143867  5.32904e+28 
 102    1.1387886  5.13477e+28 
 103    1.1637249  4.93545e+28 
 104    1.1892071  4.74140e+28 
 105    1.2152474  4.55441e+28 
 106    1.2418578  4.36961e+28 
 107    1.2690510  4.19105e+28 
 108    1.2968396  4.01293e+28 
 109    1.3252366  3.83715e+28 
 110    1.3542555  3.66742e+28 
 111    1.3839099  3.50077e+28 
 112    1.4142136  3.34300e+28 
 113    1.4451808  3.19058e+28 
 114    1.4768261  3.04205e+28 
 115    1.5091644  2.89125e+28 
 116    1.5422108  2.74648e+28 
 117    1.5759808  2.60347e+28 
 118    1.6104903  2.46375e+28 
 119    1.6457555  2.32497e+28 
 120    1.6817928  2.19459e+28 
 121    1.7186193  2.06279e+28 
 122    1.7562522  1.93455e+28 
 123    1.7947091  1.81079e+28 
 124    1.8340081  1.69043e+28 
 125    1.8741676  1.56840e+28 
 126    1.9152066  1.45882e+28 
 127    1.9571441  1.35788e+28 
 128    2.0000000  1.25454e+28 
 129    2.0437943  1.16014e+28 
 130    2.0885476  1.07013e+28 
 131    2.1342808  9.87420e+27 
 132    2.1810155  9.08993e+27 
 133    2.2287735  8.39389e+27 
 134    2.2775773  7.74448e+27 
 135    2.3274497  7.16637e+27 
 136    2.3784142  6.60478e+27 
 137    2.4304947  6.08895e+27 
 138    2.4837156  5.59399e+27 
 139    2.5381019  5.13131e+27 
 140    2.5936791  4.69837e+27 
 141    2.6504733  4.31565e+27 
 142    2.7085111  3.95044e+27 
 143    2.7678198  3.60686e+27 
 144    2.8284271  3.29882e+27 
 145    2.8903616  3.01189e+27 
 146    2.9536523  2.72762e+27 
 147    3.0183289  2.48235e+27 
 148    3.0844217  2.26643e+27 
 149    3.1519617  2.05246e+27 
 150    3.2209807  1.86640e+27 
 151    3.2915110  1.69858e+27 
 152    3.3635857  1.54129e+27 
 153    3.4372386  1.39795e+27 
 154    3.5125043  1.26997e+27 
 155    3.5894182  1.14681e+27 
 156    3.6680162  1.04022e+27 
 157    3.7483353  9.40414e+26 
 158    3.8304131  8.50095e+26 
 159    3.9142882  7.70075e+26 
 160    4.0000000  6.93841e+26 
 161    4.0875886  6.26722e+26 
 162    4.1770951  5.62405e+26 
 163    4.2685616  5.04891e+26 
 164    4.3620309  4.54114e+26 
 165    4.4575470  4.07205e+26 
 166    4.5551545  3.58834e+26 
 167    4.6548994  3.12556e+26 
 168    4.7568285  2.69879e+26 
 169    4.8609894  2.32363e+26 
 170    4.9674312  1.98262e+26 
 171    5.0762038  1.67728e+26 
 172    5.1873582  1.36621e+26 
 173    5.3009466  1.10062e+26 
 174    5.4170222  8.73859e+25 
 175    5.5356395  6.55979e+25 
 176    5.6568542  4.80965e+25 
 177    5.7807232  3.43810e+25 
 178    5.9073046  2.46991e+25 
 179    6.0366577  1.83103e+25 
 180    6.1688433  1.28926e+25 
 181    6.3039234  9.21051e+24 
 182    6.4419613  6.38398e+24 
 183    6.5830219  4.86763e+24 
 184    6.7271713  4.30426e+24 
 185    6.8744772  4.01675e+24 
 186    7.0250086  3.91234e+24 
 187    7.1788363  3.92256e+24 
 188    7.3360323  3.95154e+24 
 189    7.4966705  4.00482e+24 


# K-band (filter: Ks_mosfire.dat)
   0    0.1250000  3.54960e+25 
   1    0.1277371  3.59496e+25 
   2    0.1305342  3.64132e+25 
   3    0.1333926  3.68869e+25 
   4    0.1363135  3.70629e+25 
   5    0.1392983  3.73337e+25 
   6    0.1423486  5.52201e+25 
   7    0.1454656  6.39089e+25 
   8    0.1486509  6.64141e+25 
   9    0.1519059  7.22474e+25 
  10    0.1552322  8.58925e+25 
  11    0.1586314  8.78336e+25 
  12    0.1621049  9.17411e+25 
  13    0.1656546  1.06061e+26 
  14    0.1692819  1.36602e+26 
  15    0.1729887  2.04774e+26 
  16    0.1767767  2.96371e+26 
  17    0.1806476  3.14716e+26 
  18    0.1846033  3.82581e+26 
  19    0.1886456  4.13655e+26 
  20    0.1927764  5.21314e+26 
  21    0.1969976  6.41422e+26 
  22    0.2013113  7.21085e+26 
  23    0.2057194  7.68569e+26 
  24    0.2102241  8.81949e+26 
  25    0.2148274  1.10179e+27 
  26    0.2195315  1.29147e+27 
  27    0.2243386  1.46094e+27 
  28    0.2292510  1.62745e+27 
  29    0.2342710  1.90013e+27 
  30    0.2394008  2.08455e+27 
  31    0.2446430  2.46078e+27 
  32    0.2500000  2.88385e+27 
  33    0.2554743  3.25641e+27 
  34    0.2610684  3.97022e+27 
  35    0.2667851  4.65925e+27 
  36    0.2726269  5.16139e+27 
  37    0.2785967  5.96608e+27 
  38    0.2846972  6.86996e+27 
  39    0.2909312  7.84646e+27 
  40    0.2973018  8.89190e+27 
  41    0.3038118  9.89992e+27 
  42    0.3104645  1.13239e+28 
  43    0.3172627  1.28106e+28 
  44    0.3242099  1.43776e+28 
  45    0.3313092  1.57872e+28 
  46    0.3385639  1.73657e+28 
  47    0.3459775  1.91739e+28 
  48    0.3535534  2.11568e+28 
  49    0.3612952  2.30681e+28 
  50    0.3692065  2.49901e+28 
  51    0.3772911  2.70761e+28 
  52    0.3855527  2.91188e+28 
  53    0.3939952  3.12831e+28 
  54    0.4026226  3.31743e+28 
  55    0.4114389  3.53215e+28 
  56    0.4204482  3.71356e+28 
  57    0.4296548  3.90890e+28 
  58    0.4390630  4.10448e+28 
  59    0.4486773  4.29844e+28 
  60    0.4585020  4.47933e+28 
  61    0.4685419  4.63575e+28 
  62    0.4788016  4.81482e+28 
  63    0.4892860  4.98157e+28 
  64    0.5000000  5.09606e+28 
  65    0.5109486  5.23803e+28 
  66    0.5221369  5.35227e+28 
  67    0.5335702  5.43829e+28 
  68    0.5452539  5.53782e+28 
  69    0.5571934  5.60844e+28 
  70    0.5693943  5.66732e+28 
  71    0.5818624  5.70009e+28 
  72    0.5946036  5.71849e+28 
  73    0.6076237  5.73423e+28 
  74    0.6209289  5.72782e+28 
  75    0.6345255  5.69270e+28 
  76    0.6484198  5.66131e+28 
  77    0.6626183  5.62667e+28 
  78    0.6771278  5.58124e+28 
  79    0.6919549  5.52004e+28 
  80    0.7071068  5.44214e+28 
  81    0.7225904  5.35799e+28 
  82    0.7384131  5.26672e+28 
  83    0.7545822  5.18461e+28 
  84    0.7711054  5.08630e+28 
  85    0.7879904  4.98402e+28 
  86    0.8052452  4.86738e+28 
  87    0.8228777  4.74707e+28 
  88    0.8408964  4.62858e+28 
  89    0.8593096  4.48670e+28 
  90    0.8781261  4.35103e+28 
  91    0.8973545  4.21561e+28 
  92    0.9170040  4.08343e+28 
  93    0.9370838  3.94737e+28 
  94    0.9576033  3.81177e+28 
  95    0.9785721  3.67511e+28 
  96    1.0000000  3.53244e+28 
  97    1.0218971  3.39634e+28 
  98    1.0442738  3.26286e+28 
  99    1.0671404  3.13911e+28 
 100    1.0905077  3.01717e+28 
 101    1.1143867  2.90238e+28 
 102    1.1387886  2.78718e+28 
 103    1.1637249  2.67045e+28 
 104    1.1892071  2.55517e+28 
 105    1.2152474  2.44292e+28 
 106    1.2418578  2.33596e+28 
 107    1.2690510  2.23268e+28 
 108    1.2968396  2.12550e+28 
 109    1.3252366  2.02620e+28 
 110    1.3542555  1.92757e+28 
 111    1.3839099  1.82739e+28 
 112    1.4142136  1.72819e+28 
 113    1.4451808  1.63287e+28 
 114    1.4768261  1.54774e+28 
 115    1.5091644  1.46350e+28 
 116    1.5422108  1.38920e+28 
 117    1.5759808  1.31703e+28 
 118    1.6104903  1.24386e+28 
 119    1.6457555  1.16640e+28 
 120    1.6817928  1.09678e+28 
 121    1.7186193  1.02819e+28 
 122    1.7562522  9.57898e+27 
 123    1.7947091  9.00235e+27 
 124    1.8340081  8.40950e+27 
 125    1.8741676  7.83256e+27 
 126    1.9152066  7.27744e+27 
 127    1.9571441  6.74092e+27 
 128    2.0000000  6.20577e+27 
 129    2.0437943  5.71203e+27 
 130    2.0885476  5.26959e+27 
 131    2.1342808  4.85217e+27 
 132    2.1810155  4.48407e+27 
 133    2.2287735  4.16147e+27 
 134    2.2775773  3.82170e+27 
 135    2.3274497  3.52002e+27 
 136    2.3784142  3.23754e+27 
 137    2.4304947  2.96256e+27 
 138    2.4837156  2.72545e+27 
 139    2.5381019  2.50004e+27 
 140    2.5936791  2.28836e+27 
 141    2.6504733  2.09481e+27 
 142    2.7085111  1.91861e+27 
 143    2.7678198  1.75522e+27 
 144    2.8284271  1.60173e+27 
 145    2.8903616  1.45767e+27 
 146    2.9536523  1.34108e+27 
 147    3.0183289  1.21937e+27 
 148    3.0844217  1.12037e+27 
 149    3.1519617  1.01357e+27 
 150    3.2209807  9.22979e+26 
 151    3.2915110  8.37950e+26 
 152    3.3635857  7.61838e+26 
 153    3.4372386  6.89957e+26 
 154    3.5125043  6.28171e+26 
 155    3.5894182  5.70615e+26 
 156    3.6680162  5.17498e+26 
 157    3.7483353  4.72065e+26 
 158    3.8304131  4.24023e+26 
 159    3.9142882  3.82026e+26 
 160    4.0000000  3.44992e+26 
 161    4.0875886  3.12793e+26 
 162    4.1770951  2.80472e+26 
 163    4.2685616  2.53581e+26 
 164    4.3620309  2.29232e+26 
 165    4.4575470  2.05652e+26 
 166    4.5551545  1.80441e+26 
 167    4.6548994  1.57863e+26 
 168    4.7568285  1.36349e+26 
 169    4.8609894  1.16326e+26 
 170    4.9674312  9.93392e+25 
 171    5.0762038  8.40706e+25 
 172    5.1873582  6.88758e+25 
 173    5.3009466  5.58443e+25 
 174    5.4170222  4.42331e+25 
 175    5.5356395  3.39277e+25 
 176    5.6568542  2.44350e+25 
 177    5.7807232  1.78531e+25 
 178    5.9073046  1.20744e+25 
 179    6.0366577  8.10807e+24 
 180    6.1688433  5.74943e+24 
 181    6.3039234  3.63771e+24 
 182    6.4419613  2.29897e+24 
 183    6.5830219  1.27802e+24 
 184    6.7271713  9.71529e+23 
 185    6.8744772  7.16913e+23 
 186    7.0250086  5.65373e+23 
 187    7.1788363  4.54506e+23 
 188    7.3360323  3.67139e+23 
 189    7.4966705  3.18988e+23 


# S-band (filter: Spitzer_IRAC2.dat)
   0    0.1250000  1.30113e+26 
   1    0.1277371  2.56822e+26 
   2    0.1305342  3.86306e+26 
   3    0.1333926  5.18625e+26 
   4    0.1363135  6.93248e+26 
   5    0.1392983  8.93473e+26 
   6    0.1423486  1.09476e+27 
   7    0.1454656  1.25565e+27 
   8    0.1486509  1.53722e+27 
   9    0.1519059  1.84319e+27 
  10    0.1552322  2.16446e+27 
  11    0.1586314  2.54184e+27 
  12    0.1621049  2.98064e+27 
  13    0.1656546  3.52781e+27 
  14    0.1692819  4.14670e+27 
  15    0.1729887  4.91327e+27 
  16    0.1767767  5.57877e+27 
  17    0.1806476  6.33719e+27 
  18    0.1846033  7.17756e+27 
  19    0.1886456  7.83603e+27 
  20    0.1927764  8.59952e+27 
  21    0.1969976  9.42197e+27 
  22    0.2013113  1.00295e+28 
  23    0.2057194  1.08287e+28 
  24    0.2102241  1.16458e+28 
  25    0.2148274  1.23375e+28 
  26    0.2195315  1.31843e+28 
  27    0.2243386  1.37764e+28 
  28    0.2292510  1.43735e+28 
  29    0.2342710  1.49648e+28 
  30    0.2394008  1.56526e+28 
  31    0.2446430  1.63274e+28 
  32    0.2500000  1.70140e+28 
  33    0.2554743  1.76295e+28 
  34    0.2610684  1.84047e+28 
  35    0.2667851  1.86984e+28 
  36    0.2726269  1.92463e+28 
  37    0.2785967  1.97115e+28 
  38    0.2846972  2.00223e+28 
  39    0.2909312  2.06212e+28 
  40    0.2973018  2.10462e+28 
  41    0.3038118  2.13871e+28 
  42    0.3104645  2.16526e+28 
  43    0.3172627  2.17241e+28 
  44    0.3242099  2.14858e+28 
  45    0.3313092  2.13550e+28 
  46    0.3385639  2.11015e+28 
  47    0.3459775  2.11796e+28 
  48    0.3535534  2.09376e+28 
  49    0.3612952  2.07496e+28 
  50    0.3692065  2.04097e+28 
  51    0.3772911  1.99258e+28 
  52    0.3855527  1.96818e+28 
  53    0.3939952  1.91534e+28 
  54    0.4026226  1.85458e+28 
  55    0.4114389  1.80706e+28 
  56    0.4204482  1.77386e+28 
  57    0.4296548  1.74219e+28 
  58    0.4390630  1.69986e+28 
  59    0.4486773  1.63618e+28 
  60    0.4585020  1.59303e+28 
  61    0.4685419  1.55271e+28 
  62    0.4788016  1.49670e+28 
  63    0.4892860  1.43488e+28 
  64    0.5000000  1.37385e+28 
  65    0.5109486  1.31881e+28 
  66    0.5221369  1.26919e+28 
  67    0.5335702  1.22657e+28 
  68    0.5452539  1.17939e+28 
  69    0.5571934  1.12803e+28 
  70    0.5693943  1.07878e+28 
  71    0.5818624  1.03688e+28 
  72    0.5946036  9.83974e+27 
  73    0.6076237  9.41277e+27 
  74    0.6209289  9.08377e+27 
  75    0.6345255  8.67737e+27 
  76    0.6484198  8.30082e+27 
  77    0.6626183  7.93916e+27 
  78    0.6771278  7.58070e+27 
  79    0.6919549  7.25948e+27 
  80    0.7071068  6.91647e+27 
  81    0.7225904  6.58447e+27 
  82    0.7384131  6.24566e+27 
  83    0.7545822  5.94665e+27 
  84    0.7711054  5.66413e+27 
  85    0.7879904  5.35352e+27 
  86    0.8052452  5.04927e+27 
  87    0.8228777  4.80019e+27 
  88    0.8408964  4.57338e+27 
  89    0.8593096  4.35252e+27 
  90    0.8781261  4.10042e+27 
  91    0.8973545  3.86659e+27 
  92    0.9170040  3.59933e+27 
  93    0.9370838  3.39330e+27 
  94    0.9576033  3.23872e+27 
  95    0.9785721  3.05463e+27 
  96    1.0000000  2.86950e+27 
  97    1.0218971  2.69361e+27 
  98    1.0442738  2.55079e+27 
  99    1.0671404  2.40063e+27 
 100    1.0905077  2.25028e+27 
 101    1.1143867  2.10206e+27 
 102    1.1387886  1.98755e+27 
 103    1.1637249  1.86126e+27 
 104    1.1892071  1.78608e+27 
 105    1.2152474  1.66590e+27 
 106    1.2418578  1.56787e+27 
 107    1.2690510  1.49582e+27 
 108    1.2968396  1.40603e+27 
 109    1.3252366  1.33411e+27 
 110    1.3542555  1.24848e+27 
 111    1.3839099  1.17265e+27 
 112    1.4142136  1.09301e+27 
 113    1.4451808  1.02264e+27 
 114    1.4768261  9.71262e+26 
 115    1.5091644  9.23652e+26 
 116    1.5422108  8.47580e+26 
 117    1.5759808  7.90903e+26 
 118    1.6104903  7.25054e+26 
 119    1.6457555  6.70289e+26 
 120    1.6817928  6.21930e+26 
 121    1.7186193  5.73561e+26 
 122    1.7562522  5.24590e+26 
 123    1.7947091  4.88910e+26 
 124    1.8340081  4.59584e+26 
 125    1.8741676  4.13231e+26 
 126    1.9152066  3.74946e+26 
 127    1.9571441  3.46103e+26 
 128    2.0000000  3.19619e+26 
 129    2.0437943  2.96441e+26 
 130    2.0885476  2.82161e+26 
 131    2.1342808  2.56335e+26 
 132    2.1810155  2.34431e+26 
 133    2.2287735  2.16545e+26 
 134    2.2775773  1.99170e+26 
 135    2.3274497  1.83723e+26 
 136    2.3784142  1.69789e+26 
 137    2.4304947  1.57618e+26 
 138    2.4837156  1.46385e+26 
 139    2.5381019  1.33035e+26 
 140    2.5936791  1.21168e+26 
 141    2.6504733  1.09683e+26 
 142    2.7085111  9.66761e+25 
 143    2.7678198  8.80705e+25 
 144    2.8284271  7.99106e+25 
 145    2.8903616  7.24069e+25 
 146    2.9536523  6.41196e+25 
 147    3.0183289  5.75544e+25 
 148    3.0844217  5.36430e+25 
 149    3.1519617  4.80717e+25 
 150    3.2209807  4.31107e+25 
 151    3.2915110  4.04579e+25 
 152    3.3635857  3.52755e+25 
 153    3.4372386  3.29732e+25 
 154    3.5125043  3.14202e+25 
 155    3.5894182  2.71453e+25 
 156    3.6680162  2.49743e+25 
 157    3.7483353  2.25775e+25 
 158    3.8304131  2.17371e+25 
 159    3.9142882  2.02895e+25 
 160    4.0000000  1.80154e+25 
 161    4.0875886  1.60961e+25 
 162    4.1770951  1.41803e+25 
 163    4.2685616  1.19786e+25 
 164    4.3620309  1.07420e+25 
 165    4.4575470  9.49081e+24 
 166    4.5551545  7.81681e+24 
 167    4.6548994  7.20560e+24 
 168    4.7568285  6.13100e+24 
 169    4.8609894  5.02323e+24 
 170    4.9674312  3.94558e+24 
 171    5.0762038  3.07723e+24 
 172    5.1873582  2.54214e+24 
 173    5.3009466  1.89726e+24 
 174    5.4170222  1.67108e+24 
 175    5.5356395  1.19813e+24 
 176    5.6568542  9.15632e+23 
 177    5.7807232  5.35933e+23 
 178    5.9073046  3.59204e+23 
 179    6.0366577  1.20798e+23 
 180    6.1688433  6.93956e+22 
 181    6.3039234  4.34527e+22 
 182    6.4419613  4.49139e+22 
 183    6.5830219  1.07047e+18 
 184    6.7271713  8.65218e+17 
 185    6.8744772  3.33259e+17 
 186    7.0250086  5.66348e+16 
 187    7.1788363  3.86503e+16 
 188    7.3360323  6.96651e+15 
 189    7.4966705 -4.01614e+13 


