# 1:iteration 2:time bin[s] 3-k:equiv. isotropic luminosity in k-th angular bin [erg/s]
# bolometric luminosity going in angular bin
   0    0.1250000  8.06605e+41 
   1    0.1277371  9.06900e+41 
   2    0.1305342  1.00939e+42 
   3    0.1333926  1.11413e+42 
   4    0.1363135  1.25219e+42 
   5    0.1392983  1.38510e+42 
   6    0.1423486  1.52051e+42 
   7    0.1454656  1.67831e+42 
   8    0.1486509  1.84109e+42 
   9    0.1519059  2.03579e+42 
  10    0.1552322  2.25398e+42 
  11    0.1586314  2.46188e+42 
  12    0.1621049  2.67260e+42 
  13    0.1656546  2.90037e+42 
  14    0.1692819  3.12207e+42 
  15    0.1729887  3.34112e+42 
  16    0.1767767  3.54944e+42 
  17    0.1806476  3.76292e+42 
  18    0.1846033  3.97053e+42 
  19    0.1886456  4.17512e+42 
  20    0.1927764  4.37992e+42 
  21    0.1969976  4.56079e+42 
  22    0.2013113  4.72020e+42 
  23    0.2057194  4.90627e+42 
  24    0.2102241  5.08264e+42 
  25    0.2148274  5.22202e+42 
  26    0.2195315  5.39758e+42 
  27    0.2243386  5.58796e+42 
  28    0.2292510  5.75343e+42 
  29    0.2342710  5.89433e+42 
  30    0.2394008  6.03664e+42 
  31    0.2446430  6.14273e+42 
  32    0.2500000  6.24729e+42 
  33    0.2554743  6.36304e+42 
  34    0.2610684  6.49595e+42 
  35    0.2667851  6.57492e+42 
  36    0.2726269  6.64727e+42 
  37    0.2785967  6.72780e+42 
  38    0.2846972  6.80707e+42 
  39    0.2909312  6.82773e+42 
  40    0.2973018  6.87685e+42 
  41    0.3038118  6.90398e+42 
  42    0.3104645  6.96996e+42 
  43    0.3172627  7.00389e+42 
  44    0.3242099  7.02033e+42 
  45    0.3313092  7.00981e+42 
  46    0.3385639  7.01425e+42 
  47    0.3459775  7.03144e+42 
  48    0.3535534  7.03258e+42 
  49    0.3612952  7.01222e+42 
  50    0.3692065  6.98012e+42 
  51    0.3772911  6.95306e+42 
  52    0.3855527  6.91749e+42 
  53    0.3939952  6.86029e+42 
  54    0.4026226  6.76737e+42 
  55    0.4114389  6.66805e+42 
  56    0.4204482  6.52623e+42 
  57    0.4296548  6.32609e+42 
  58    0.4390630  6.07080e+42 
  59    0.4486773  5.79457e+42 
  60    0.4585020  5.48260e+42 
  61    0.4685419  5.19509e+42 
  62    0.4788016  4.88006e+42 
  63    0.4892860  4.61241e+42 
  64    0.5000000  4.35938e+42 
  65    0.5109486  4.08551e+42 
  66    0.5221369  3.86504e+42 
  67    0.5335702  3.65821e+42 
  68    0.5452539  3.49655e+42 
  69    0.5571934  3.35954e+42 
  70    0.5693943  3.26839e+42 
  71    0.5818624  3.22343e+42 
  72    0.5946036  3.19988e+42 
  73    0.6076237  3.18092e+42 
  74    0.6209289  3.16436e+42 
  75    0.6345255  3.15891e+42 
  76    0.6484198  3.17490e+42 
  77    0.6626183  3.19537e+42 
  78    0.6771278  3.20926e+42 
  79    0.6919549  3.22215e+42 
  80    0.7071068  3.24670e+42 
  81    0.7225904  3.27617e+42 
  82    0.7384131  3.31105e+42 
  83    0.7545822  3.36286e+42 
  84    0.7711054  3.41099e+42 
  85    0.7879904  3.46572e+42 
  86    0.8052452  3.52988e+42 
  87    0.8228777  3.59638e+42 
  88    0.8408964  3.66281e+42 
  89    0.8593096  3.76512e+42 
  90    0.8781261  3.86888e+42 
  91    0.8973545  3.96898e+42 
  92    0.9170040  4.07996e+42 
  93    0.9370838  4.19624e+42 
  94    0.9576033  4.33662e+42 
  95    0.9785721  4.44957e+42 
  96    1.0000000  4.56061e+42 
  97    1.0218971  4.65378e+42 
  98    1.0442738  4.78530e+42 
  99    1.0671404  4.92892e+42 
 100    1.0905077  5.11761e+42 
 101    1.1143867  5.28376e+42 
 102    1.1387886  5.47259e+42 
 103    1.1637249  5.67250e+42 
 104    1.1892071  5.87572e+42 
 105    1.2152474  6.07367e+42 
 106    1.2418578  6.29913e+42 
 107    1.2690510  6.52392e+42 
 108    1.2968396  6.78347e+42 
 109    1.3252366  7.03944e+42 
 110    1.3542555  7.31710e+42 
 111    1.3839099  7.56150e+42 
 112    1.4142136  7.81344e+42 
 113    1.4451808  8.07223e+42 
 114    1.4768261  8.34575e+42 
 115    1.5091644  8.63820e+42 
 116    1.5422108  8.96382e+42 
 117    1.5759808  9.32462e+42 
 118    1.6104903  9.71209e+42 
 119    1.6457555  1.02058e+43 
 120    1.6817928  1.07893e+43 
 121    1.7186193  1.14141e+43 
 122    1.7562522  1.22579e+43 
 123    1.7947091  1.32291e+43 
 124    1.8340081  1.41026e+43 
 125    1.8741676  1.50126e+43 
 126    1.9152066  1.57657e+43 
 127    1.9571441  1.65131e+43 
 128    2.0000000  1.73053e+43 
 129    2.0437943  1.78694e+43 
 130    2.0885476  1.83593e+43 
 131    2.1342808  1.87838e+43 
 132    2.1810155  1.91976e+43 
 133    2.2287735  1.96873e+43 
 134    2.2775773  1.99593e+43 
 135    2.3274497  2.01202e+43 
 136    2.3784142  1.99357e+43 
 137    2.4304947  1.97834e+43 
 138    2.4837156  1.93193e+43 
 139    2.5381019  1.87634e+43 
 140    2.5936791  1.81253e+43 
 141    2.6504733  1.71804e+43 
 142    2.7085111  1.61780e+43 
 143    2.7678198  1.49825e+43 
 144    2.8284271  1.38310e+43 
 145    2.8903616  1.26378e+43 
 146    2.9536523  1.14053e+43 
 147    3.0183289  1.02208e+43 
 148    3.0844217  9.31473e+42 
 149    3.1519617  8.50523e+42 
 150    3.2209807  7.76275e+42 
 151    3.2915110  7.11278e+42 
 152    3.3635857  6.61379e+42 
 153    3.4372386  6.30323e+42 
 154    3.5125043  6.04189e+42 
 155    3.5894182  5.85822e+42 
 156    3.6680162  5.69777e+42 
 157    3.7483353  5.53223e+42 
 158    3.8304131  5.36153e+42 
 159    3.9142882  5.18581e+42 
 160    4.0000000  5.00504e+42 
 161    4.0875886  4.81686e+42 
 162    4.1770951  4.62317e+42 
 163    4.2685616  4.42539e+42 
 164    4.3620309  4.22259e+42 
 165    4.4575470  4.01596e+42 
 166    4.5551545  3.80723e+42 
 167    4.6548994  3.59398e+42 
 168    4.7568285  3.37590e+42 
 169    4.8609894  3.15588e+42 
 170    4.9674312  2.93635e+42 
 171    5.0762038  2.71891e+42 
 172    5.1873582  2.50002e+42 
 173    5.3009466  2.29185e+42 
 174    5.4170222  2.08938e+42 
 175    5.5356395  1.88775e+42 
 176    5.6568542  1.69986e+42 
 177    5.7807232  1.51819e+42 
 178    5.9073046  1.34240e+42 
 179    6.0366577  1.17953e+42 
 180    6.1688433  1.02817e+42 
 181    6.3039234  8.86187e+41 
 182    6.4419613  7.60953e+41 
 183    6.5830219  6.48530e+41 
 184    6.7271713  5.42965e+41 
 185    6.8744772  4.55592e+41 
 186    7.0250086  3.68051e+41 
 187    7.1788363  2.84643e+41 
 188    7.3360323  2.09498e+41 
 189    7.4966705  1.49366e+41 


# g-band (filter: g_LSST.dat)
   0    0.1250000  3.81500e+26 
   1    0.1277371  3.84879e+26 
   2    0.1305342  3.88332e+26 
   3    0.1333926  3.91860e+26 
   4    0.1363135  3.94998e+26 
   5    0.1392983  3.95455e+26 
   6    0.1423486  3.92322e+26 
   7    0.1454656  3.94268e+26 
   8    0.1486509  3.93384e+26 
   9    0.1519059  3.92733e+26 
  10    0.1552322  3.94921e+26 
  11    0.1586314  3.93461e+26 
  12    0.1621049  3.92313e+26 
  13    0.1656546  3.90402e+26 
  14    0.1692819  3.91820e+26 
  15    0.1729887  3.92593e+26 
  16    0.1767767  3.91235e+26 
  17    0.1806476  3.90456e+26 
  18    0.1846033  3.91260e+26 
  19    0.1886456  3.90386e+26 
  20    0.1927764  3.92737e+26 
  21    0.1969976  4.00870e+26 
  22    0.2013113  3.99315e+26 
  23    0.2057194  4.00415e+26 
  24    0.2102241  4.03687e+26 
  25    0.2148274  4.02526e+26 
  26    0.2195315  4.00574e+26 
  27    0.2243386  3.97486e+26 
  28    0.2292510  4.04248e+26 
  29    0.2342710  4.10697e+26 
  30    0.2394008  4.19774e+26 
  31    0.2446430  4.14866e+26 
  32    0.2500000  4.25289e+26 
  33    0.2554743  4.23789e+26 
  34    0.2610684  4.35056e+26 
  35    0.2667851  4.46062e+26 
  36    0.2726269  4.53805e+26 
  37    0.2785967  4.58784e+26 
  38    0.2846972  4.73645e+26 
  39    0.2909312  4.90686e+26 
  40    0.2973018  4.99560e+26 
  41    0.3038118  5.07985e+26 
  42    0.3104645  5.29129e+26 
  43    0.3172627  5.58614e+26 
  44    0.3242099  5.79692e+26 
  45    0.3313092  6.00588e+26 
  46    0.3385639  6.24004e+26 
  47    0.3459775  6.45071e+26 
  48    0.3535534  6.73018e+26 
  49    0.3612952  7.04808e+26 
  50    0.3692065  7.29780e+26 
  51    0.3772911  7.57045e+26 
  52    0.3855527  7.87174e+26 
  53    0.3939952  8.15124e+26 
  54    0.4026226  8.37893e+26 
  55    0.4114389  8.48885e+26 
  56    0.4204482  8.71129e+26 
  57    0.4296548  8.79447e+26 
  58    0.4390630  8.93051e+26 
  59    0.4486773  8.98954e+26 
  60    0.4585020  8.98262e+26 
  61    0.4685419  8.95843e+26 
  62    0.4788016  8.94560e+26 
  63    0.4892860  8.81546e+26 
  64    0.5000000  8.63533e+26 
  65    0.5109486  8.51020e+26 
  66    0.5221369  8.31262e+26 
  67    0.5335702  8.08485e+26 
  68    0.5452539  7.90095e+26 
  69    0.5571934  7.67966e+26 
  70    0.5693943  7.43393e+26 
  71    0.5818624  7.23102e+26 
  72    0.5946036  7.05810e+26 
  73    0.6076237  6.86806e+26 
  74    0.6209289  6.67298e+26 
  75    0.6345255  6.55182e+26 
  76    0.6484198  6.46769e+26 
  77    0.6626183  6.31680e+26 
  78    0.6771278  6.24150e+26 
  79    0.6919549  6.30792e+26 
  80    0.7071068  6.45111e+26 
  81    0.7225904  6.63174e+26 
  82    0.7384131  6.94840e+26 
  83    0.7545822  7.33668e+26 
  84    0.7711054  7.79808e+26 
  85    0.7879904  8.37866e+26 
  86    0.8052452  9.04597e+26 
  87    0.8228777  9.84985e+26 
  88    0.8408964  1.09332e+27 
  89    0.8593096  1.22128e+27 
  90    0.8781261  1.36034e+27 
  91    0.8973545  1.51012e+27 
  92    0.9170040  1.66484e+27 
  93    0.9370838  1.83775e+27 
  94    0.9576033  2.02390e+27 
  95    0.9785721  2.22211e+27 
  96    1.0000000  2.43909e+27 
  97    1.0218971  2.67173e+27 
  98    1.0442738  2.92047e+27 
  99    1.0671404  3.17611e+27 
 100    1.0905077  3.42835e+27 
 101    1.1143867  3.69983e+27 
 102    1.1387886  3.97947e+27 
 103    1.1637249  4.27732e+27 
 104    1.1892071  4.58323e+27 
 105    1.2152474  4.89313e+27 
 106    1.2418578  5.21585e+27 
 107    1.2690510  5.55005e+27 
 108    1.2968396  5.89788e+27 
 109    1.3252366  6.25222e+27 
 110    1.3542555  6.62058e+27 
 111    1.3839099  6.99612e+27 
 112    1.4142136  7.38407e+27 
 113    1.4451808  7.78015e+27 
 114    1.4768261  8.18573e+27 
 115    1.5091644  8.62660e+27 
 116    1.5422108  9.09643e+27 
 117    1.5759808  9.60286e+27 
 118    1.6104903  1.01295e+28 
 119    1.6457555  1.07129e+28 
 120    1.6817928  1.13771e+28 
 121    1.7186193  1.24000e+28 
 122    1.7562522  1.48127e+28 
 123    1.7947091  1.70891e+28 
 124    1.8340081  1.82913e+28 
 125    1.8741676  1.95293e+28 
 126    1.9152066  1.98492e+28 
 127    1.9571441  2.01677e+28 
 128    2.0000000  2.06365e+28 
 129    2.0437943  2.06365e+28 
 130    2.0885476  2.06646e+28 
 131    2.1342808  2.02249e+28 
 132    2.1810155  2.01014e+28 
 133    2.2287735  1.96809e+28 
 134    2.2775773  1.88180e+28 
 135    2.3274497  1.81742e+28 
 136    2.3784142  1.70429e+28 
 137    2.4304947  1.64879e+28 
 138    2.4837156  1.56056e+28 
 139    2.5381019  1.49831e+28 
 140    2.5936791  1.42717e+28 
 141    2.6504733  1.32279e+28 
 142    2.7085111  1.22532e+28 
 143    2.7678198  1.11057e+28 
 144    2.8284271  1.01407e+28 
 145    2.8903616  9.07253e+27 
 146    2.9536523  7.55973e+27 
 147    3.0183289  6.45004e+27 
 148    3.0844217  5.74942e+27 
 149    3.1519617  5.19653e+27 
 150    3.2209807  4.64815e+27 
 151    3.2915110  4.09215e+27 
 152    3.3635857  3.79121e+27 
 153    3.4372386  3.67381e+27 
 154    3.5125043  3.61377e+27 
 155    3.5894182  3.62621e+27 
 156    3.6680162  3.66692e+27 
 157    3.7483353  3.72840e+27 
 158    3.8304131  3.80518e+27 
 159    3.9142882  3.89228e+27 
 160    4.0000000  3.99896e+27 
 161    4.0875886  4.11778e+27 
 162    4.1770951  4.24828e+27 
 163    4.2685616  4.38935e+27 
 164    4.3620309  4.53139e+27 
 165    4.4575470  4.68047e+27 
 166    4.5551545  4.81147e+27 
 167    4.6548994  4.92196e+27 
 168    4.7568285  5.02529e+27 
 169    4.8609894  5.06895e+27 
 170    4.9674312  5.07101e+27 
 171    5.0762038  5.03174e+27 
 172    5.1873582  4.96021e+27 
 173    5.3009466  4.82227e+27 
 174    5.4170222  4.63842e+27 
 175    5.5356395  4.40624e+27 
 176    5.6568542  4.12638e+27 
 177    5.7807232  3.81046e+27 
 178    5.9073046  3.45638e+27 
 179    6.0366577  3.09470e+27 
 180    6.1688433  2.73410e+27 
 181    6.3039234  2.35740e+27 
 182    6.4419613  2.02278e+27 
 183    6.5830219  1.71052e+27 
 184    6.7271713  1.40333e+27 
 185    6.8744772  1.15167e+27 
 186    7.0250086  8.95579e+26 
 187    7.1788363  6.56636e+26 
 188    7.3360323  4.48221e+26 
 189    7.4966705  2.91710e+26 


# r-band (filter: r_LSST.dat)
   0    0.1250000  3.89759e+26 
   1    0.1277371  3.95536e+26 
   2    0.1305342  4.01440e+26 
   3    0.1333926  4.07473e+26 
   4    0.1363135  4.13834e+26 
   5    0.1392983  4.18305e+26 
   6    0.1423486  4.28244e+26 
   7    0.1454656  4.35136e+26 
   8    0.1486509  4.38336e+26 
   9    0.1519059  4.42231e+26 
  10    0.1552322  4.50074e+26 
  11    0.1586314  4.52141e+26 
  12    0.1621049  4.57162e+26 
  13    0.1656546  4.58884e+26 
  14    0.1692819  4.64035e+26 
  15    0.1729887  4.63868e+26 
  16    0.1767767  4.67678e+26 
  17    0.1806476  4.70257e+26 
  18    0.1846033  4.71673e+26 
  19    0.1886456  4.79541e+26 
  20    0.1927764  4.94631e+26 
  21    0.1969976  4.99660e+26 
  22    0.2013113  5.05867e+26 
  23    0.2057194  5.10555e+26 
  24    0.2102241  5.12885e+26 
  25    0.2148274  5.23687e+26 
  26    0.2195315  5.34034e+26 
  27    0.2243386  5.38318e+26 
  28    0.2292510  5.47618e+26 
  29    0.2342710  5.54519e+26 
  30    0.2394008  5.66378e+26 
  31    0.2446430  5.71451e+26 
  32    0.2500000  5.64107e+26 
  33    0.2554743  5.72276e+26 
  34    0.2610684  5.83845e+26 
  35    0.2667851  5.91711e+26 
  36    0.2726269  5.99709e+26 
  37    0.2785967  6.07640e+26 
  38    0.2846972  6.13457e+26 
  39    0.2909312  6.34598e+26 
  40    0.2973018  6.42622e+26 
  41    0.3038118  6.58345e+26 
  42    0.3104645  6.84234e+26 
  43    0.3172627  7.16654e+26 
  44    0.3242099  7.73360e+26 
  45    0.3313092  8.17582e+26 
  46    0.3385639  8.71691e+26 
  47    0.3459775  9.30217e+26 
  48    0.3535534  9.89589e+26 
  49    0.3612952  1.05752e+27 
  50    0.3692065  1.20234e+27 
  51    0.3772911  1.35587e+27 
  52    0.3855527  1.50565e+27 
  53    0.3939952  1.69194e+27 
  54    0.4026226  1.82806e+27 
  55    0.4114389  1.97193e+27 
  56    0.4204482  2.03238e+27 
  57    0.4296548  2.08397e+27 
  58    0.4390630  2.11869e+27 
  59    0.4486773  2.11680e+27 
  60    0.4585020  2.07676e+27 
  61    0.4685419  2.03591e+27 
  62    0.4788016  1.93861e+27 
  63    0.4892860  1.86223e+27 
  64    0.5000000  1.82496e+27 
  65    0.5109486  1.75942e+27 
  66    0.5221369  1.77467e+27 
  67    0.5335702  1.80528e+27 
  68    0.5452539  1.85458e+27 
  69    0.5571934  1.91978e+27 
  70    0.5693943  2.06820e+27 
  71    0.5818624  2.30119e+27 
  72    0.5946036  2.56783e+27 
  73    0.6076237  2.88391e+27 
  74    0.6209289  3.20674e+27 
  75    0.6345255  3.57202e+27 
  76    0.6484198  4.09715e+27 
  77    0.6626183  4.64152e+27 
  78    0.6771278  5.08840e+27 
  79    0.6919549  5.50134e+27 
  80    0.7071068  5.92770e+27 
  81    0.7225904  6.38950e+27 
  82    0.7384131  6.84799e+27 
  83    0.7545822  7.39075e+27 
  84    0.7711054  7.86087e+27 
  85    0.7879904  8.31982e+27 
  86    0.8052452  8.82101e+27 
  87    0.8228777  9.29536e+27 
  88    0.8408964  9.76060e+27 
  89    0.8593096  1.04293e+28 
  90    0.8781261  1.10697e+28 
  91    0.8973545  1.16566e+28 
  92    0.9170040  1.22950e+28 
  93    0.9370838  1.29894e+28 
  94    0.9576033  1.39542e+28 
  95    0.9785721  1.46372e+28 
  96    1.0000000  1.52699e+28 
  97    1.0218971  1.57449e+28 
  98    1.0442738  1.65186e+28 
  99    1.0671404  1.73996e+28 
 100    1.0905077  1.86243e+28 
 101    1.1143867  1.96641e+28 
 102    1.1387886  2.08609e+28 
 103    1.1637249  2.21127e+28 
 104    1.1892071  2.33879e+28 
 105    1.2152474  2.45636e+28 
 106    1.2418578  2.59184e+28 
 107    1.2690510  2.71978e+28 
 108    1.2968396  2.87159e+28 
 109    1.3252366  3.01700e+28 
 110    1.3542555  3.15340e+28 
 111    1.3839099  3.25208e+28 
 112    1.4142136  3.34892e+28 
 113    1.4451808  3.43285e+28 
 114    1.4768261  3.51783e+28 
 115    1.5091644  3.60036e+28 
 116    1.5422108  3.68432e+28 
 117    1.5759808  3.75069e+28 
 118    1.6104903  3.81254e+28 
 119    1.6457555  3.86606e+28 
 120    1.6817928  3.90993e+28 
 121    1.7186193  3.89361e+28 
 122    1.7562522  3.64811e+28 
 123    1.7947091  3.41040e+28 
 124    1.8340081  3.22563e+28 
 125    1.8741676  3.00764e+28 
 126    1.9152066  2.84188e+28 
 127    1.9571441  2.68397e+28 
 128    2.0000000  2.46775e+28 
 129    2.0437943  2.31888e+28 
 130    2.0885476  2.14162e+28 
 131    2.1342808  1.97857e+28 
 132    2.1810155  1.79648e+28 
 133    2.2287735  1.68038e+28 
 134    2.2775773  1.63417e+28 
 135    2.3274497  1.55145e+28 
 136    2.3784142  1.46511e+28 
 137    2.4304947  1.35803e+28 
 138    2.4837156  1.25184e+28 
 139    2.5381019  1.13621e+28 
 140    2.5936791  1.00131e+28 
 141    2.6504733  8.78243e+27 
 142    2.7085111  7.55360e+27 
 143    2.7678198  6.31811e+27 
 144    2.8284271  5.24155e+27 
 145    2.8903616  4.28517e+27 
 146    2.9536523  3.69338e+27 
 147    3.0183289  3.14810e+27 
 148    3.0844217  2.73010e+27 
 149    3.1519617  2.36691e+27 
 150    3.2209807  2.08167e+27 
 151    3.2915110  1.85911e+27 
 152    3.3635857  1.70301e+27 
 153    3.4372386  1.63601e+27 
 154    3.5125043  1.59632e+27 
 155    3.5894182  1.58149e+27 
 156    3.6680162  1.57380e+27 
 157    3.7483353  1.57061e+27 
 158    3.8304131  1.57118e+27 
 159    3.9142882  1.57434e+27 
 160    4.0000000  1.58677e+27 
 161    4.0875886  1.60629e+27 
 162    4.1770951  1.63050e+27 
 163    4.2685616  1.66806e+27 
 164    4.3620309  1.71507e+27 
 165    4.4575470  1.76827e+27 
 166    4.5551545  1.83425e+27 
 167    4.6548994  1.91187e+27 
 168    4.7568285  1.99620e+27 
 169    4.8609894  2.08652e+27 
 170    4.9674312  2.17806e+27 
 171    5.0762038  2.26516e+27 
 172    5.1873582  2.35406e+27 
 173    5.3009466  2.41906e+27 
 174    5.4170222  2.46472e+27 
 175    5.5356395  2.50341e+27 
 176    5.6568542  2.49456e+27 
 177    5.7807232  2.45388e+27 
 178    5.9073046  2.38986e+27 
 179    6.0366577  2.27134e+27 
 180    6.1688433  2.12655e+27 
 181    6.3039234  1.95512e+27 
 182    6.4419613  1.76787e+27 
 183    6.5830219  1.57655e+27 
 184    6.7271713  1.36247e+27 
 185    6.8744772  1.17487e+27 
 186    7.0250086  9.68812e+26 
 187    7.1788363  7.45920e+26 
 188    7.3360323  5.32191e+26 
 189    7.4966705  3.49224e+26 


# i-band (filter: i_LSST.dat)
   0    0.1250000  2.55299e+26 
   1    0.1277371  2.57571e+26 
   2    0.1305342  2.59892e+26 
   3    0.1333926  2.62265e+26 
   4    0.1363135  2.64970e+26 
   5    0.1392983  2.71303e+26 
   6    0.1423486  2.77694e+26 
   7    0.1454656  2.88160e+26 
   8    0.1486509  2.93944e+26 
   9    0.1519059  3.04202e+26 
  10    0.1552322  3.11466e+26 
  11    0.1586314  3.20994e+26 
  12    0.1621049  3.22408e+26 
  13    0.1656546  3.30477e+26 
  14    0.1692819  3.43772e+26 
  15    0.1729887  3.47512e+26 
  16    0.1767767  3.69386e+26 
  17    0.1806476  3.79718e+26 
  18    0.1846033  3.91508e+26 
  19    0.1886456  3.90093e+26 
  20    0.1927764  3.99268e+26 
  21    0.1969976  4.04017e+26 
  22    0.2013113  4.11842e+26 
  23    0.2057194  4.09941e+26 
  24    0.2102241  4.27713e+26 
  25    0.2148274  4.35747e+26 
  26    0.2195315  4.47534e+26 
  27    0.2243386  4.53793e+26 
  28    0.2292510  4.59198e+26 
  29    0.2342710  4.76910e+26 
  30    0.2394008  4.91049e+26 
  31    0.2446430  5.17162e+26 
  32    0.2500000  5.47620e+26 
  33    0.2554743  5.71026e+26 
  34    0.2610684  6.27584e+26 
  35    0.2667851  7.15559e+26 
  36    0.2726269  7.72573e+26 
  37    0.2785967  8.84343e+26 
  38    0.2846972  1.02191e+27 
  39    0.2909312  1.34126e+27 
  40    0.2973018  1.71062e+27 
  41    0.3038118  2.12065e+27 
  42    0.3104645  2.82637e+27 
  43    0.3172627  3.41953e+27 
  44    0.3242099  3.80759e+27 
  45    0.3313092  4.19189e+27 
  46    0.3385639  4.81749e+27 
  47    0.3459775  5.53761e+27 
  48    0.3535534  5.91745e+27 
  49    0.3612952  6.33201e+27 
  50    0.3692065  6.63347e+27 
  51    0.3772911  6.65413e+27 
  52    0.3855527  6.59983e+27 
  53    0.3939952  6.48821e+27 
  54    0.4026226  6.11633e+27 
  55    0.4114389  5.78262e+27 
  56    0.4204482  5.41624e+27 
  57    0.4296548  5.03002e+27 
  58    0.4390630  4.39277e+27 
  59    0.4486773  3.75940e+27 
  60    0.4585020  3.30575e+27 
  61    0.4685419  2.82708e+27 
  62    0.4788016  2.42341e+27 
  63    0.4892860  2.14335e+27 
  64    0.5000000  1.87168e+27 
  65    0.5109486  1.63413e+27 
  66    0.5221369  1.45581e+27 
  67    0.5335702  1.33415e+27 
  68    0.5452539  1.29622e+27 
  69    0.5571934  1.29594e+27 
  70    0.5693943  1.32809e+27 
  71    0.5818624  1.38294e+27 
  72    0.5946036  1.46877e+27 
  73    0.6076237  1.55243e+27 
  74    0.6209289  1.64030e+27 
  75    0.6345255  1.76345e+27 
  76    0.6484198  1.88957e+27 
  77    0.6626183  2.02984e+27 
  78    0.6771278  2.19709e+27 
  79    0.6919549  2.38665e+27 
  80    0.7071068  2.58254e+27 
  81    0.7225904  2.79819e+27 
  82    0.7384131  3.05479e+27 
  83    0.7545822  3.34597e+27 
  84    0.7711054  3.63704e+27 
  85    0.7879904  3.95960e+27 
  86    0.8052452  4.32881e+27 
  87    0.8228777  4.70290e+27 
  88    0.8408964  5.09832e+27 
  89    0.8593096  5.50392e+27 
  90    0.8781261  5.92978e+27 
  91    0.8973545  6.35623e+27 
  92    0.9170040  6.80845e+27 
  93    0.9370838  7.25976e+27 
  94    0.9576033  7.70278e+27 
  95    0.9785721  8.13963e+27 
  96    1.0000000  8.58200e+27 
  97    1.0218971  9.00553e+27 
  98    1.0442738  9.40450e+27 
  99    1.0671404  9.80784e+27 
 100    1.0905077  1.01852e+28 
 101    1.1143867  1.05315e+28 
 102    1.1387886  1.08608e+28 
 103    1.1637249  1.11717e+28 
 104    1.1892071  1.14429e+28 
 105    1.2152474  1.16818e+28 
 106    1.2418578  1.18838e+28 
 107    1.2690510  1.20457e+28 
 108    1.2968396  1.21741e+28 
 109    1.3252366  1.22708e+28 
 110    1.3542555  1.23214e+28 
 111    1.3839099  1.23351e+28 
 112    1.4142136  1.23354e+28 
 113    1.4451808  1.22876e+28 
 114    1.4768261  1.22134e+28 
 115    1.5091644  1.21265e+28 
 116    1.5422108  1.20255e+28 
 117    1.5759808  1.19096e+28 
 118    1.6104903  1.17875e+28 
 119    1.6457555  1.16284e+28 
 120    1.6817928  1.14306e+28 
 121    1.7186193  1.12245e+28 
 122    1.7562522  1.09419e+28 
 123    1.7947091  1.06329e+28 
 124    1.8340081  1.02782e+28 
 125    1.8741676  9.89548e+27 
 126    1.9152066  9.48133e+27 
 127    1.9571441  9.02762e+27 
 128    2.0000000  8.53719e+27 
 129    2.0437943  8.04871e+27 
 130    2.0885476  7.55407e+27 
 131    2.1342808  7.03628e+27 
 132    2.1810155  6.56008e+27 
 133    2.2287735  6.08115e+27 
 134    2.2775773  5.60304e+27 
 135    2.3274497  5.10247e+27 
 136    2.3784142  4.61266e+27 
 137    2.4304947  4.14820e+27 
 138    2.4837156  3.70912e+27 
 139    2.5381019  3.29173e+27 
 140    2.5936791  2.86829e+27 
 141    2.6504733  2.49168e+27 
 142    2.7085111  2.14757e+27 
 143    2.7678198  1.80522e+27 
 144    2.8284271  1.53343e+27 
 145    2.8903616  1.29034e+27 
 146    2.9536523  1.09606e+27 
 147    3.0183289  9.48527e+26 
 148    3.0844217  8.42543e+26 
 149    3.1519617  7.54839e+26 
 150    3.2209807  7.01548e+26 
 151    3.2915110  6.65266e+26 
 152    3.3635857  6.53077e+26 
 153    3.4372386  6.54607e+26 
 154    3.5125043  6.56937e+26 
 155    3.5894182  6.61905e+26 
 156    3.6680162  6.66145e+26 
 157    3.7483353  6.67809e+26 
 158    3.8304131  6.67781e+26 
 159    3.9142882  6.65731e+26 
 160    4.0000000  6.62258e+26 
 161    4.0875886  6.58134e+26 
 162    4.1770951  6.51477e+26 
 163    4.2685616  6.45135e+26 
 164    4.3620309  6.38456e+26 
 165    4.4575470  6.31969e+26 
 166    4.5551545  6.28178e+26 
 167    4.6548994  6.24964e+26 
 168    4.7568285  6.23225e+26 
 169    4.8609894  6.23698e+26 
 170    4.9674312  6.25903e+26 
 171    5.0762038  6.30007e+26 
 172    5.1873582  6.35532e+26 
 173    5.3009466  6.42691e+26 
 174    5.4170222  6.50851e+26 
 175    5.5356395  6.60754e+26 
 176    5.6568542  6.68893e+26 
 177    5.7807232  6.73006e+26 
 178    5.9073046  6.75373e+26 
 179    6.0366577  6.63704e+26 
 180    6.1688433  6.41269e+26 
 181    6.3039234  6.16601e+26 
 182    6.4419613  5.75959e+26 
 183    6.5830219  5.32086e+26 
 184    6.7271713  4.81537e+26 
 185    6.8744772  4.31485e+26 
 186    7.0250086  3.76179e+26 
 187    7.1788363  3.06840e+26 
 188    7.3360323  2.32990e+26 
 189    7.4966705  1.58887e+26 


# z-band (filter: z_LSST.dat)
   0    0.1250000  2.00794e+26 
   1    0.1277371  2.05370e+26 
   2    0.1305342  2.10045e+26 
   3    0.1333926  2.14824e+26 
   4    0.1363135  2.21094e+26 
   5    0.1392983  2.24846e+26 
   6    0.1423486  2.28991e+26 
   7    0.1454656  2.31298e+26 
   8    0.1486509  2.38918e+26 
   9    0.1519059  2.41878e+26 
  10    0.1552322  2.49525e+26 
  11    0.1586314  2.53994e+26 
  12    0.1621049  2.64676e+26 
  13    0.1656546  2.67877e+26 
  14    0.1692819  2.76522e+26 
  15    0.1729887  2.89212e+26 
  16    0.1767767  2.98629e+26 
  17    0.1806476  3.02819e+26 
  18    0.1846033  3.10800e+26 
  19    0.1886456  3.36910e+26 
  20    0.1927764  3.54500e+26 
  21    0.1969976  3.67557e+26 
  22    0.2013113  3.69779e+26 
  23    0.2057194  3.95375e+26 
  24    0.2102241  4.35606e+26 
  25    0.2148274  4.63630e+26 
  26    0.2195315  5.01169e+26 
  27    0.2243386  5.34920e+26 
  28    0.2292510  6.36601e+26 
  29    0.2342710  7.77969e+26 
  30    0.2394008  9.30416e+26 
  31    0.2446430  1.11445e+27 
  32    0.2500000  1.31619e+27 
  33    0.2554743  1.71726e+27 
  34    0.2610684  2.26310e+27 
  35    0.2667851  2.61275e+27 
  36    0.2726269  2.96464e+27 
  37    0.2785967  3.55880e+27 
  38    0.2846972  4.68927e+27 
  39    0.2909312  4.84597e+27 
  40    0.2973018  5.06582e+27 
  41    0.3038118  4.92710e+27 
  42    0.3104645  4.86914e+27 
  43    0.3172627  4.75802e+27 
  44    0.3242099  4.70165e+27 
  45    0.3313092  4.43266e+27 
  46    0.3385639  4.12338e+27 
  47    0.3459775  3.98827e+27 
  48    0.3535534  3.86623e+27 
  49    0.3612952  3.44575e+27 
  50    0.3692065  2.84787e+27 
  51    0.3772911  2.76879e+27 
  52    0.3855527  2.82103e+27 
  53    0.3939952  2.86963e+27 
  54    0.4026226  2.88620e+27 
  55    0.4114389  2.92200e+27 
  56    0.4204482  2.86493e+27 
  57    0.4296548  2.78034e+27 
  58    0.4390630  2.63835e+27 
  59    0.4486773  2.48132e+27 
  60    0.4585020  2.29118e+27 
  61    0.4685419  2.13903e+27 
  62    0.4788016  1.93426e+27 
  63    0.4892860  1.77575e+27 
  64    0.5000000  1.62301e+27 
  65    0.5109486  1.45027e+27 
  66    0.5221369  1.33343e+27 
  67    0.5335702  1.20925e+27 
  68    0.5452539  1.14947e+27 
  69    0.5571934  1.10625e+27 
  70    0.5693943  1.11636e+27 
  71    0.5818624  1.17008e+27 
  72    0.5946036  1.27519e+27 
  73    0.6076237  1.38017e+27 
  74    0.6209289  1.48714e+27 
  75    0.6345255  1.62595e+27 
  76    0.6484198  1.79536e+27 
  77    0.6626183  1.96679e+27 
  78    0.6771278  2.15973e+27 
  79    0.6919549  2.39852e+27 
  80    0.7071068  2.66665e+27 
  81    0.7225904  2.96578e+27 
  82    0.7384131  3.29089e+27 
  83    0.7545822  3.62422e+27 
  84    0.7711054  3.96839e+27 
  85    0.7879904  4.37052e+27 
  86    0.8052452  4.76588e+27 
  87    0.8228777  5.18394e+27 
  88    0.8408964  5.58750e+27 
  89    0.8593096  6.00895e+27 
  90    0.8781261  6.45181e+27 
  91    0.8973545  6.82074e+27 
  92    0.9170040  7.21069e+27 
  93    0.9370838  7.57833e+27 
  94    0.9576033  7.91969e+27 
  95    0.9785721  8.25841e+27 
  96    1.0000000  8.60125e+27 
  97    1.0218971  8.86014e+27 
  98    1.0442738  9.11982e+27 
  99    1.0671404  9.37261e+27 
 100    1.0905077  9.59210e+27 
 101    1.1143867  9.77360e+27 
 102    1.1387886  9.94849e+27 
 103    1.1637249  1.01161e+28 
 104    1.1892071  1.01942e+28 
 105    1.2152474  1.02662e+28 
 106    1.2418578  1.03123e+28 
 107    1.2690510  1.02974e+28 
 108    1.2968396  1.02513e+28 
 109    1.3252366  1.01860e+28 
 110    1.3542555  1.00893e+28 
 111    1.3839099  9.96276e+27 
 112    1.4142136  9.80105e+27 
 113    1.4451808  9.63550e+27 
 114    1.4768261  9.42818e+27 
 115    1.5091644  9.21170e+27 
 116    1.5422108  9.01079e+27 
 117    1.5759808  8.77869e+27 
 118    1.6104903  8.55094e+27 
 119    1.6457555  8.31522e+27 
 120    1.6817928  8.05588e+27 
 121    1.7186193  7.78083e+27 
 122    1.7562522  7.46840e+27 
 123    1.7947091  7.14775e+27 
 124    1.8340081  6.81475e+27 
 125    1.8741676  6.46297e+27 
 126    1.9152066  6.11008e+27 
 127    1.9571441  5.75302e+27 
 128    2.0000000  5.36486e+27 
 129    2.0437943  5.00581e+27 
 130    2.0885476  4.64824e+27 
 131    2.1342808  4.28667e+27 
 132    2.1810155  3.95567e+27 
 133    2.2287735  3.63164e+27 
 134    2.2775773  3.31398e+27 
 135    2.3274497  2.99136e+27 
 136    2.3784142  2.68455e+27 
 137    2.4304947  2.39629e+27 
 138    2.4837156  2.12797e+27 
 139    2.5381019  1.87758e+27 
 140    2.5936791  1.62913e+27 
 141    2.6504733  1.40996e+27 
 142    2.7085111  1.20838e+27 
 143    2.7678198  1.01422e+27 
 144    2.8284271  8.58625e+26 
 145    2.8903616  7.26661e+26 
 146    2.9536523  6.22046e+26 
 147    3.0183289  5.46315e+26 
 148    3.0844217  4.91331e+26 
 149    3.1519617  4.46132e+26 
 150    3.2209807  4.19067e+26 
 151    3.2915110  4.00254e+26 
 152    3.3635857  3.94174e+26 
 153    3.4372386  3.97054e+26 
 154    3.5125043  3.99849e+26 
 155    3.5894182  4.04249e+26 
 156    3.6680162  4.08766e+26 
 157    3.7483353  4.12758e+26 
 158    3.8304131  4.14473e+26 
 159    3.9142882  4.15168e+26 
 160    4.0000000  4.15664e+26 
 161    4.0875886  4.16181e+26 
 162    4.1770951  4.15145e+26 
 163    4.2685616  4.11768e+26 
 164    4.3620309  4.05810e+26 
 165    4.4575470  3.99634e+26 
 166    4.5551545  3.91441e+26 
 167    4.6548994  3.81693e+26 
 168    4.7568285  3.71011e+26 
 169    4.8609894  3.58869e+26 
 170    4.9674312  3.46828e+26 
 171    5.0762038  3.33862e+26 
 172    5.1873582  3.20745e+26 
 173    5.3009466  3.08495e+26 
 174    5.4170222  2.95920e+26 
 175    5.5356395  2.83324e+26 
 176    5.6568542  2.70366e+26 
 177    5.7807232  2.56314e+26 
 178    5.9073046  2.42551e+26 
 179    6.0366577  2.26532e+26 
 180    6.1688433  2.09390e+26 
 181    6.3039234  1.92079e+26 
 182    6.4419613  1.73603e+26 
 183    6.5830219  1.55788e+26 
 184    6.7271713  1.35918e+26 
 185    6.8744772  1.17965e+26 
 186    7.0250086  9.85715e+25 
 187    7.1788363  7.79374e+25 
 188    7.3360323  5.75254e+25 
 189    7.4966705  3.92537e+25 


# y-band (filter: y_LSST.dat)
   0    0.1250000  1.80696e+26 
   1    0.1277371  1.88380e+26 
   2    0.1305342  1.96231e+26 
   3    0.1333926  2.04254e+26 
   4    0.1363135  2.20507e+26 
   5    0.1392983  2.35950e+26 
   6    0.1423486  2.55013e+26 
   7    0.1454656  2.96183e+26 
   8    0.1486509  3.32740e+26 
   9    0.1519059  3.79426e+26 
  10    0.1552322  4.31703e+26 
  11    0.1586314  4.78518e+26 
  12    0.1621049  5.30953e+26 
  13    0.1656546  5.78956e+26 
  14    0.1692819  6.48453e+26 
  15    0.1729887  7.19011e+26 
  16    0.1767767  7.90972e+26 
  17    0.1806476  8.62211e+26 
  18    0.1846033  8.98317e+26 
  19    0.1886456  9.44701e+26 
  20    0.1927764  1.00666e+27 
  21    0.1969976  1.06660e+27 
  22    0.2013113  1.11897e+27 
  23    0.2057194  1.19499e+27 
  24    0.2102241  1.26460e+27 
  25    0.2148274  1.33055e+27 
  26    0.2195315  1.44137e+27 
  27    0.2243386  1.58611e+27 
  28    0.2292510  2.12303e+27 
  29    0.2342710  2.43570e+27 
  30    0.2394008  2.81886e+27 
  31    0.2446430  3.17443e+27 
  32    0.2500000  3.58800e+27 
  33    0.2554743  4.14620e+27 
  34    0.2610684  4.98528e+27 
  35    0.2667851  5.13638e+27 
  36    0.2726269  5.37960e+27 
  37    0.2785967  5.71869e+27 
  38    0.2846972  6.04128e+27 
  39    0.2909312  6.35420e+27 
  40    0.2973018  6.56085e+27 
  41    0.3038118  6.93293e+27 
  42    0.3104645  7.36488e+27 
  43    0.3172627  7.72223e+27 
  44    0.3242099  8.18602e+27 
  45    0.3313092  8.29428e+27 
  46    0.3385639  8.76774e+27 
  47    0.3459775  9.39805e+27 
  48    0.3535534  1.00764e+28 
  49    0.3612952  1.07968e+28 
  50    0.3692065  1.15985e+28 
  51    0.3772911  1.23451e+28 
  52    0.3855527  1.31110e+28 
  53    0.3939952  1.38352e+28 
  54    0.4026226  1.45272e+28 
  55    0.4114389  1.51763e+28 
  56    0.4204482  1.55716e+28 
  57    0.4296548  1.57421e+28 
  58    0.4390630  1.55756e+28 
  59    0.4486773  1.53754e+28 
  60    0.4585020  1.48444e+28 
  61    0.4685419  1.43480e+28 
  62    0.4788016  1.36656e+28 
  63    0.4892860  1.31337e+28 
  64    0.5000000  1.25792e+28 
  65    0.5109486  1.18517e+28 
  66    0.5221369  1.13547e+28 
  67    0.5335702  1.08237e+28 
  68    0.5452539  1.04770e+28 
  69    0.5571934  1.01826e+28 
  70    0.5693943  1.01346e+28 
  71    0.5818624  1.02082e+28 
  72    0.5946036  1.03904e+28 
  73    0.6076237  1.05415e+28 
  74    0.6209289  1.07024e+28 
  75    0.6345255  1.09279e+28 
  76    0.6484198  1.11360e+28 
  77    0.6626183  1.13123e+28 
  78    0.6771278  1.14587e+28 
  79    0.6919549  1.16532e+28 
  80    0.7071068  1.18326e+28 
  81    0.7225904  1.20229e+28 
  82    0.7384131  1.21990e+28 
  83    0.7545822  1.23619e+28 
  84    0.7711054  1.25317e+28 
  85    0.7879904  1.27179e+28 
  86    0.8052452  1.28711e+28 
  87    0.8228777  1.30195e+28 
  88    0.8408964  1.31411e+28 
  89    0.8593096  1.32461e+28 
  90    0.8781261  1.33101e+28 
  91    0.8973545  1.33418e+28 
  92    0.9170040  1.33704e+28 
  93    0.9370838  1.33343e+28 
  94    0.9576033  1.32432e+28 
  95    0.9785721  1.31790e+28 
  96    1.0000000  1.30470e+28 
  97    1.0218971  1.28793e+28 
  98    1.0442738  1.26919e+28 
  99    1.0671404  1.24540e+28 
 100    1.0905077  1.22074e+28 
 101    1.1143867  1.19371e+28 
 102    1.1387886  1.16710e+28 
 103    1.1637249  1.13647e+28 
 104    1.1892071  1.10274e+28 
 105    1.2152474  1.07273e+28 
 106    1.2418578  1.04033e+28 
 107    1.2690510  1.00568e+28 
 108    1.2968396  9.71178e+27 
 109    1.3252366  9.35925e+27 
 110    1.3542555  9.00394e+27 
 111    1.3839099  8.65736e+27 
 112    1.4142136  8.30422e+27 
 113    1.4451808  7.96282e+27 
 114    1.4768261  7.62049e+27 
 115    1.5091644  7.29399e+27 
 116    1.5422108  6.98132e+27 
 117    1.5759808  6.67144e+27 
 118    1.6104903  6.36367e+27 
 119    1.6457555  6.05905e+27 
 120    1.6817928  5.75576e+27 
 121    1.7186193  5.45818e+27 
 122    1.7562522  5.16187e+27 
 123    1.7947091  4.86267e+27 
 124    1.8340081  4.56564e+27 
 125    1.8741676  4.27093e+27 
 126    1.9152066  3.98708e+27 
 127    1.9571441  3.70419e+27 
 128    2.0000000  3.42256e+27 
 129    2.0437943  3.16135e+27 
 130    2.0885476  2.91320e+27 
 131    2.1342808  2.67397e+27 
 132    2.1810155  2.46197e+27 
 133    2.2287735  2.25119e+27 
 134    2.2775773  2.05271e+27 
 135    2.3274497  1.85313e+27 
 136    2.3784142  1.66780e+27 
 137    2.4304947  1.49876e+27 
 138    2.4837156  1.34333e+27 
 139    2.5381019  1.19911e+27 
 140    2.5936791  1.05664e+27 
 141    2.6504733  9.32876e+26 
 142    2.7085111  8.21386e+26 
 143    2.7678198  7.10285e+26 
 144    2.8284271  6.24292e+26 
 145    2.8903616  5.52760e+26 
 146    2.9536523  4.98404e+26 
 147    3.0183289  4.60962e+26 
 148    3.0844217  4.38773e+26 
 149    3.1519617  4.22053e+26 
 150    3.2209807  4.17745e+26 
 151    3.2915110  4.21773e+26 
 152    3.3635857  4.32551e+26 
 153    3.4372386  4.50712e+26 
 154    3.5125043  4.72481e+26 
 155    3.5894182  4.93583e+26 
 156    3.6680162  5.16223e+26 
 157    3.7483353  5.37308e+26 
 158    3.8304131  5.57428e+26 
 159    3.9142882  5.75874e+26 
 160    4.0000000  5.92396e+26 
 161    4.0875886  6.04865e+26 
 162    4.1770951  6.15242e+26 
 163    4.2685616  6.21534e+26 
 164    4.3620309  6.22987e+26 
 165    4.4575470  6.20753e+26 
 166    4.5551545  6.12911e+26 
 167    4.6548994  6.01749e+26 
 168    4.7568285  5.88047e+26 
 169    4.8609894  5.69564e+26 
 170    4.9674312  5.48147e+26 
 171    5.0762038  5.25470e+26 
 172    5.1873582  5.00315e+26 
 173    5.3009466  4.77160e+26 
 174    5.4170222  4.54835e+26 
 175    5.5356395  4.31030e+26 
 176    5.6568542  4.11517e+26 
 177    5.7807232  3.92091e+26 
 178    5.9073046  3.73580e+26 
 179    6.0366577  3.54893e+26 
 180    6.1688433  3.34156e+26 
 181    6.3039234  3.15528e+26 
 182    6.4419613  2.93406e+26 
 183    6.5830219  2.70417e+26 
 184    6.7271713  2.46782e+26 
 185    6.8744772  2.22157e+26 
 186    7.0250086  1.96894e+26 
 187    7.1788363  1.67137e+26 
 188    7.3360323  1.35075e+26 
 189    7.4966705  1.01032e+26 


# J-band (filter: J_2MASS.dat)
   0    0.1250000  1.64707e+26 
   1    0.1277371  2.10905e+26 
   2    0.1305342  2.58114e+26 
   3    0.1333926  3.06357e+26 
   4    0.1363135  3.62213e+26 
   5    0.1392983  4.56799e+26 
   6    0.1423486  5.03989e+26 
   7    0.1454656  5.83356e+26 
   8    0.1486509  6.60462e+26 
   9    0.1519059  9.07537e+26 
  10    0.1552322  1.48916e+27 
  11    0.1586314  1.78780e+27 
  12    0.1621049  1.90421e+27 
  13    0.1656546  2.00821e+27 
  14    0.1692819  2.13942e+27 
  15    0.1729887  2.29164e+27 
  16    0.1767767  2.44631e+27 
  17    0.1806476  2.63081e+27 
  18    0.1846033  2.77693e+27 
  19    0.1886456  3.00504e+27 
  20    0.1927764  3.33020e+27 
  21    0.1969976  3.39166e+27 
  22    0.2013113  3.38059e+27 
  23    0.2057194  3.72546e+27 
  24    0.2102241  4.14814e+27 
  25    0.2148274  4.55086e+27 
  26    0.2195315  5.27857e+27 
  27    0.2243386  6.54864e+27 
  28    0.2292510  7.28229e+27 
  29    0.2342710  7.46829e+27 
  30    0.2394008  7.98266e+27 
  31    0.2446430  8.28711e+27 
  32    0.2500000  8.67098e+27 
  33    0.2554743  9.02407e+27 
  34    0.2610684  9.49440e+27 
  35    0.2667851  9.88960e+27 
  36    0.2726269  1.04174e+28 
  37    0.2785967  1.07559e+28 
  38    0.2846972  1.11623e+28 
  39    0.2909312  1.10543e+28 
  40    0.2973018  1.17246e+28 
  41    0.3038118  1.26953e+28 
  42    0.3104645  1.35864e+28 
  43    0.3172627  1.44333e+28 
  44    0.3242099  1.52364e+28 
  45    0.3313092  1.60950e+28 
  46    0.3385639  1.69837e+28 
  47    0.3459775  1.79651e+28 
  48    0.3535534  1.88547e+28 
  49    0.3612952  1.97641e+28 
  50    0.3692065  2.04718e+28 
  51    0.3772911  2.12602e+28 
  52    0.3855527  2.19607e+28 
  53    0.3939952  2.24817e+28 
  54    0.4026226  2.29413e+28 
  55    0.4114389  2.33887e+28 
  56    0.4204482  2.36196e+28 
  57    0.4296548  2.34795e+28 
  58    0.4390630  2.30030e+28 
  59    0.4486773  2.24665e+28 
  60    0.4585020  2.15483e+28 
  61    0.4685419  2.07853e+28 
  62    0.4788016  1.99222e+28 
  63    0.4892860  1.91951e+28 
  64    0.5000000  1.85015e+28 
  65    0.5109486  1.76476e+28 
  66    0.5221369  1.70045e+28 
  67    0.5335702  1.64118e+28 
  68    0.5452539  1.59752e+28 
  69    0.5571934  1.56531e+28 
  70    0.5693943  1.55247e+28 
  71    0.5818624  1.55466e+28 
  72    0.5946036  1.56352e+28 
  73    0.6076237  1.57272e+28 
  74    0.6209289  1.57563e+28 
  75    0.6345255  1.57395e+28 
  76    0.6484198  1.57234e+28 
  77    0.6626183  1.56547e+28 
  78    0.6771278  1.55486e+28 
  79    0.6919549  1.53932e+28 
  80    0.7071068  1.52821e+28 
  81    0.7225904  1.50862e+28 
  82    0.7384131  1.48680e+28 
  83    0.7545822  1.46341e+28 
  84    0.7711054  1.43519e+28 
  85    0.7879904  1.40757e+28 
  86    0.8052452  1.37634e+28 
  87    0.8228777  1.34500e+28 
  88    0.8408964  1.30709e+28 
  89    0.8593096  1.27563e+28 
  90    0.8781261  1.23974e+28 
  91    0.8973545  1.20315e+28 
  92    0.9170040  1.16449e+28 
  93    0.9370838  1.12520e+28 
  94    0.9576033  1.08516e+28 
  95    0.9785721  1.04558e+28 
  96    1.0000000  1.00684e+28 
  97    1.0218971  9.66959e+27 
  98    1.0442738  9.28419e+27 
  99    1.0671404  8.88860e+27 
 100    1.0905077  8.53100e+27 
 101    1.1143867  8.15620e+27 
 102    1.1387886  7.75663e+27 
 103    1.1637249  7.39898e+27 
 104    1.1892071  7.05577e+27 
 105    1.2152474  6.71303e+27 
 106    1.2418578  6.38469e+27 
 107    1.2690510  6.07755e+27 
 108    1.2968396  5.78133e+27 
 109    1.3252366  5.48371e+27 
 110    1.3542555  5.20657e+27 
 111    1.3839099  4.93765e+27 
 112    1.4142136  4.68158e+27 
 113    1.4451808  4.43750e+27 
 114    1.4768261  4.20954e+27 
 115    1.5091644  3.98653e+27 
 116    1.5422108  3.78504e+27 
 117    1.5759808  3.59646e+27 
 118    1.6104903  3.40403e+27 
 119    1.6457555  3.21357e+27 
 120    1.6817928  3.03091e+27 
 121    1.7186193  2.85312e+27 
 122    1.7562522  2.68284e+27 
 123    1.7947091  2.51613e+27 
 124    1.8340081  2.35855e+27 
 125    1.8741676  2.19986e+27 
 126    1.9152066  2.05752e+27 
 127    1.9571441  1.91717e+27 
 128    2.0000000  1.77509e+27 
 129    2.0437943  1.64907e+27 
 130    2.0885476  1.52792e+27 
 131    2.1342808  1.41747e+27 
 132    2.1810155  1.31775e+27 
 133    2.2287735  1.22143e+27 
 134    2.2775773  1.13009e+27 
 135    2.3274497  1.03830e+27 
 136    2.3784142  9.52897e+26 
 137    2.4304947  8.75250e+26 
 138    2.4837156  8.01356e+26 
 139    2.5381019  7.31329e+26 
 140    2.5936791  6.61869e+26 
 141    2.6504733  6.00985e+26 
 142    2.7085111  5.43928e+26 
 143    2.7678198  4.89674e+26 
 144    2.8284271  4.46051e+26 
 145    2.8903616  4.06847e+26 
 146    2.9536523  3.75471e+26 
 147    3.0183289  3.50484e+26 
 148    3.0844217  3.30531e+26 
 149    3.1519617  3.13847e+26 
 150    3.2209807  3.01926e+26 
 151    3.2915110  2.94634e+26 
 152    3.3635857  2.89763e+26 
 153    3.4372386  2.88753e+26 
 154    3.5125043  2.90248e+26 
 155    3.5894182  2.93333e+26 
 156    3.6680162  2.97176e+26 
 157    3.7483353  3.05285e+26 
 158    3.8304131  3.16649e+26 
 159    3.9142882  3.29979e+26 
 160    4.0000000  3.48951e+26 
 161    4.0875886  3.71004e+26 
 162    4.1770951  3.95026e+26 
 163    4.2685616  4.23952e+26 
 164    4.3620309  4.54099e+26 
 165    4.4575470  4.88044e+26 
 166    4.5551545  5.21786e+26 
 167    4.6548994  5.54477e+26 
 168    4.7568285  5.88641e+26 
 169    4.8609894  6.15749e+26 
 170    4.9674312  6.38967e+26 
 171    5.0762038  6.57098e+26 
 172    5.1873582  6.72157e+26 
 173    5.3009466  6.77644e+26 
 174    5.4170222  6.78351e+26 
 175    5.5356395  6.72290e+26 
 176    5.6568542  6.60467e+26 
 177    5.7807232  6.42948e+26 
 178    5.9073046  6.20168e+26 
 179    6.0366577  5.95526e+26 
 180    6.1688433  5.71359e+26 
 181    6.3039234  5.44926e+26 
 182    6.4419613  5.23472e+26 
 183    6.5830219  5.05148e+26 
 184    6.7271713  4.87501e+26 
 185    6.8744772  4.76685e+26 
 186    7.0250086  4.64236e+26 
 187    7.1788363  4.55439e+26 
 188    7.3360323  4.50530e+26 
 189    7.4966705  4.52673e+26 


# H-band (filter: H_2MASS.dat)
   0    0.1250000  4.50381e+26 
   1    0.1277371  6.73916e+26 
   2    0.1305342  9.02346e+26 
   3    0.1333926  1.13578e+27 
   4    0.1363135  1.52382e+27 
   5    0.1392983  1.84079e+27 
   6    0.1423486  2.35267e+27 
   7    0.1454656  2.86074e+27 
   8    0.1486509  3.52395e+27 
   9    0.1519059  4.23958e+27 
  10    0.1552322  5.07628e+27 
  11    0.1586314  6.02587e+27 
  12    0.1621049  7.05918e+27 
  13    0.1656546  8.25720e+27 
  14    0.1692819  9.46701e+27 
  15    0.1729887  1.08359e+28 
  16    0.1767767  1.21680e+28 
  17    0.1806476  1.35238e+28 
  18    0.1846033  1.50831e+28 
  19    0.1886456  1.67268e+28 
  20    0.1927764  1.81352e+28 
  21    0.1969976  1.96003e+28 
  22    0.2013113  2.11733e+28 
  23    0.2057194  2.28051e+28 
  24    0.2102241  2.45152e+28 
  25    0.2148274  2.59341e+28 
  26    0.2195315  2.73423e+28 
  27    0.2243386  2.88472e+28 
  28    0.2292510  3.04833e+28 
  29    0.2342710  3.22223e+28 
  30    0.2394008  3.34607e+28 
  31    0.2446430  3.48341e+28 
  32    0.2500000  3.59701e+28 
  33    0.2554743  3.73581e+28 
  34    0.2610684  3.84948e+28 
  35    0.2667851  3.95977e+28 
  36    0.2726269  4.04726e+28 
  37    0.2785967  4.14576e+28 
  38    0.2846972  4.21675e+28 
  39    0.2909312  4.26071e+28 
  40    0.2973018  4.30203e+28 
  41    0.3038118  4.31057e+28 
  42    0.3104645  4.33772e+28 
  43    0.3172627  4.33465e+28 
  44    0.3242099  4.33428e+28 
  45    0.3313092  4.28799e+28 
  46    0.3385639  4.24779e+28 
  47    0.3459775  4.18852e+28 
  48    0.3535534  4.12088e+28 
  49    0.3612952  4.04501e+28 
  50    0.3692065  3.96639e+28 
  51    0.3772911  3.88260e+28 
  52    0.3855527  3.78700e+28 
  53    0.3939952  3.67619e+28 
  54    0.4026226  3.55045e+28 
  55    0.4114389  3.40944e+28 
  56    0.4204482  3.27358e+28 
  57    0.4296548  3.13274e+28 
  58    0.4390630  2.97107e+28 
  59    0.4486773  2.80268e+28 
  60    0.4585020  2.63622e+28 
  61    0.4685419  2.48096e+28 
  62    0.4788016  2.31730e+28 
  63    0.4892860  2.16951e+28 
  64    0.5000000  2.02642e+28 
  65    0.5109486  1.89180e+28 
  66    0.5221369  1.77168e+28 
  67    0.5335702  1.66384e+28 
  68    0.5452539  1.56051e+28 
  69    0.5571934  1.46496e+28 
  70    0.5693943  1.38408e+28 
  71    0.5818624  1.31514e+28 
  72    0.5946036  1.25299e+28 
  73    0.6076237  1.18513e+28 
  74    0.6209289  1.12331e+28 
  75    0.6345255  1.06553e+28 
  76    0.6484198  1.01169e+28 
  77    0.6626183  9.55810e+27 
  78    0.6771278  9.00752e+27 
  79    0.6919549  8.45630e+27 
  80    0.7071068  7.99527e+27 
  81    0.7225904  7.53078e+27 
  82    0.7384131  7.06751e+27 
  83    0.7545822  6.65181e+27 
  84    0.7711054  6.24963e+27 
  85    0.7879904  5.89859e+27 
  86    0.8052452  5.54415e+27 
  87    0.8228777  5.19583e+27 
  88    0.8408964  4.85225e+27 
  89    0.8593096  4.54256e+27 
  90    0.8781261  4.27431e+27 
  91    0.8973545  4.02457e+27 
  92    0.9170040  3.78195e+27 
  93    0.9370838  3.53967e+27 
  94    0.9576033  3.33930e+27 
  95    0.9785721  3.13926e+27 
  96    1.0000000  2.93667e+27 
  97    1.0218971  2.75390e+27 
  98    1.0442738  2.58730e+27 
  99    1.0671404  2.43760e+27 
 100    1.0905077  2.29998e+27 
 101    1.1143867  2.17914e+27 
 102    1.1387886  2.05728e+27 
 103    1.1637249  1.94653e+27 
 104    1.1892071  1.83994e+27 
 105    1.2152474  1.74303e+27 
 106    1.2418578  1.64734e+27 
 107    1.2690510  1.54588e+27 
 108    1.2968396  1.46759e+27 
 109    1.3252366  1.38178e+27 
 110    1.3542555  1.29526e+27 
 111    1.3839099  1.22446e+27 
 112    1.4142136  1.15006e+27 
 113    1.4451808  1.08174e+27 
 114    1.4768261  1.02138e+27 
 115    1.5091644  9.58633e+26 
 116    1.5422108  9.03470e+26 
 117    1.5759808  8.50652e+26 
 118    1.6104903  8.05968e+26 
 119    1.6457555  7.67372e+26 
 120    1.6817928  7.21713e+26 
 121    1.7186193  6.84579e+26 
 122    1.7562522  6.46621e+26 
 123    1.7947091  6.09715e+26 
 124    1.8340081  5.77569e+26 
 125    1.8741676  5.44244e+26 
 126    1.9152066  5.12606e+26 
 127    1.9571441  4.85692e+26 
 128    2.0000000  4.54031e+26 
 129    2.0437943  4.26592e+26 
 130    2.0885476  4.00219e+26 
 131    2.1342808  3.75301e+26 
 132    2.1810155  3.53525e+26 
 133    2.2287735  3.35518e+26 
 134    2.2775773  3.16904e+26 
 135    2.3274497  2.98157e+26 
 136    2.3784142  2.80442e+26 
 137    2.4304947  2.63465e+26 
 138    2.4837156  2.48695e+26 
 139    2.5381019  2.34587e+26 
 140    2.5936791  2.20987e+26 
 141    2.6504733  2.11385e+26 
 142    2.7085111  2.00497e+26 
 143    2.7678198  1.89786e+26 
 144    2.8284271  1.81551e+26 
 145    2.8903616  1.72828e+26 
 146    2.9536523  1.66557e+26 
 147    3.0183289  1.62090e+26 
 148    3.0844217  1.58881e+26 
 149    3.1519617  1.56563e+26 
 150    3.2209807  1.54306e+26 
 151    3.2915110  1.53642e+26 
 152    3.3635857  1.54226e+26 
 153    3.4372386  1.53503e+26 
 154    3.5125043  1.53872e+26 
 155    3.5894182  1.54729e+26 
 156    3.6680162  1.56163e+26 
 157    3.7483353  1.57375e+26 
 158    3.8304131  1.59477e+26 
 159    3.9142882  1.61329e+26 
 160    4.0000000  1.63146e+26 
 161    4.0875886  1.65196e+26 
 162    4.1770951  1.67908e+26 
 163    4.2685616  1.69620e+26 
 164    4.3620309  1.70876e+26 
 165    4.4575470  1.72641e+26 
 166    4.5551545  1.74804e+26 
 167    4.6548994  1.76705e+26 
 168    4.7568285  1.78752e+26 
 169    4.8609894  1.81721e+26 
 170    4.9674312  1.84647e+26 
 171    5.0762038  1.86996e+26 
 172    5.1873582  1.90328e+26 
 173    5.3009466  1.93015e+26 
 174    5.4170222  1.94531e+26 
 175    5.5356395  1.96236e+26 
 176    5.6568542  1.97183e+26 
 177    5.7807232  1.97095e+26 
 178    5.9073046  1.96508e+26 
 179    6.0366577  1.94139e+26 
 180    6.1688433  1.90018e+26 
 181    6.3039234  1.85038e+26 
 182    6.4419613  1.79317e+26 
 183    6.5830219  1.73129e+26 
 184    6.7271713  1.65336e+26 
 185    6.8744772  1.57640e+26 
 186    7.0250086  1.49538e+26 
 187    7.1788363  1.40680e+26 
 188    7.3360323  1.31472e+26 
 189    7.4966705  1.22614e+26 


# K-band (filter: Ks_mosfire.dat)
   0    0.1250000  1.24294e+27 
   1    0.1277371  1.59026e+27 
   2    0.1305342  1.94518e+27 
   3    0.1333926  2.30788e+27 
   4    0.1363135  2.87547e+27 
   5    0.1392983  3.34358e+27 
   6    0.1423486  3.90446e+27 
   7    0.1454656  4.70368e+27 
   8    0.1486509  5.45510e+27 
   9    0.1519059  6.49911e+27 
  10    0.1552322  7.47201e+27 
  11    0.1586314  8.62786e+27 
  12    0.1621049  9.76977e+27 
  13    0.1656546  1.11067e+28 
  14    0.1692819  1.25217e+28 
  15    0.1729887  1.37705e+28 
  16    0.1767767  1.48942e+28 
  17    0.1806476  1.64442e+28 
  18    0.1846033  1.78809e+28 
  19    0.1886456  1.91117e+28 
  20    0.1927764  2.04963e+28 
  21    0.1969976  2.18186e+28 
  22    0.2013113  2.31738e+28 
  23    0.2057194  2.45417e+28 
  24    0.2102241  2.60362e+28 
  25    0.2148274  2.69915e+28 
  26    0.2195315  2.80963e+28 
  27    0.2243386  2.94033e+28 
  28    0.2292510  3.02825e+28 
  29    0.2342710  3.12508e+28 
  30    0.2394008  3.22255e+28 
  31    0.2446430  3.28811e+28 
  32    0.2500000  3.35657e+28 
  33    0.2554743  3.41001e+28 
  34    0.2610684  3.45849e+28 
  35    0.2667851  3.46317e+28 
  36    0.2726269  3.46179e+28 
  37    0.2785967  3.48328e+28 
  38    0.2846972  3.48245e+28 
  39    0.2909312  3.45124e+28 
  40    0.2973018  3.41551e+28 
  41    0.3038118  3.35499e+28 
  42    0.3104645  3.31011e+28 
  43    0.3172627  3.26009e+28 
  44    0.3242099  3.16579e+28 
  45    0.3313092  3.10141e+28 
  46    0.3385639  3.01982e+28 
  47    0.3459775  2.95644e+28 
  48    0.3535534  2.87999e+28 
  49    0.3612952  2.78786e+28 
  50    0.3692065  2.68775e+28 
  51    0.3772911  2.59208e+28 
  52    0.3855527  2.50617e+28 
  53    0.3939952  2.41437e+28 
  54    0.4026226  2.31351e+28 
  55    0.4114389  2.21492e+28 
  56    0.4204482  2.12013e+28 
  57    0.4296548  2.01196e+28 
  58    0.4390630  1.89048e+28 
  59    0.4486773  1.77090e+28 
  60    0.4585020  1.64927e+28 
  61    0.4685419  1.53419e+28 
  62    0.4788016  1.43095e+28 
  63    0.4892860  1.33893e+28 
  64    0.5000000  1.24674e+28 
  65    0.5109486  1.15374e+28 
  66    0.5221369  1.07120e+28 
  67    0.5335702  9.96958e+27 
  68    0.5452539  9.29033e+27 
  69    0.5571934  8.65807e+27 
  70    0.5693943  8.14602e+27 
  71    0.5818624  7.67978e+27 
  72    0.5946036  7.25255e+27 
  73    0.6076237  6.86335e+27 
  74    0.6209289  6.43851e+27 
  75    0.6345255  6.07250e+27 
  76    0.6484198  5.69860e+27 
  77    0.6626183  5.37258e+27 
  78    0.6771278  5.05049e+27 
  79    0.6919549  4.72066e+27 
  80    0.7071068  4.42167e+27 
  81    0.7225904  4.15041e+27 
  82    0.7384131  3.88771e+27 
  83    0.7545822  3.63736e+27 
  84    0.7711054  3.41453e+27 
  85    0.7879904  3.21414e+27 
  86    0.8052452  3.00546e+27 
  87    0.8228777  2.80597e+27 
  88    0.8408964  2.61649e+27 
  89    0.8593096  2.43268e+27 
  90    0.8781261  2.27623e+27 
  91    0.8973545  2.11345e+27 
  92    0.9170040  1.98528e+27 
  93    0.9370838  1.84205e+27 
  94    0.9576033  1.71249e+27 
  95    0.9785721  1.60603e+27 
  96    1.0000000  1.49816e+27 
  97    1.0218971  1.38386e+27 
  98    1.0442738  1.29684e+27 
  99    1.0671404  1.21406e+27 
 100    1.0905077  1.13427e+27 
 101    1.1143867  1.06052e+27 
 102    1.1387886  9.88587e+26 
 103    1.1637249  9.26572e+26 
 104    1.1892071  8.67097e+26 
 105    1.2152474  8.06458e+26 
 106    1.2418578  7.53588e+26 
 107    1.2690510  7.00723e+26 
 108    1.2968396  6.48207e+26 
 109    1.3252366  6.10896e+26 
 110    1.3542555  5.70376e+26 
 111    1.3839099  5.36145e+26 
 112    1.4142136  5.02478e+26 
 113    1.4451808  4.67977e+26 
 114    1.4768261  4.43364e+26 
 115    1.5091644  4.20292e+26 
 116    1.5422108  3.93451e+26 
 117    1.5759808  3.71899e+26 
 118    1.6104903  3.51270e+26 
 119    1.6457555  3.32101e+26 
 120    1.6817928  3.13641e+26 
 121    1.7186193  2.94196e+26 
 122    1.7562522  2.76821e+26 
 123    1.7947091  2.59619e+26 
 124    1.8340081  2.43225e+26 
 125    1.8741676  2.27821e+26 
 126    1.9152066  2.11921e+26 
 127    1.9571441  1.96575e+26 
 128    2.0000000  1.82515e+26 
 129    2.0437943  1.70038e+26 
 130    2.0885476  1.57125e+26 
 131    2.1342808  1.47937e+26 
 132    2.1810155  1.39000e+26 
 133    2.2287735  1.28761e+26 
 134    2.2775773  1.20030e+26 
 135    2.3274497  1.11451e+26 
 136    2.3784142  1.02880e+26 
 137    2.4304947  9.56324e+25 
 138    2.4837156  8.80627e+25 
 139    2.5381019  8.14293e+25 
 140    2.5936791  7.48998e+25 
 141    2.6504733  6.93622e+25 
 142    2.7085111  6.41020e+25 
 143    2.7678198  5.78046e+25 
 144    2.8284271  5.28470e+25 
 145    2.8903616  4.90042e+25 
 146    2.9536523  4.54389e+25 
 147    3.0183289  4.32090e+25 
 148    3.0844217  4.14070e+25 
 149    3.1519617  3.94001e+25 
 150    3.2209807  3.82565e+25 
 151    3.2915110  3.76938e+25 
 152    3.3635857  3.69229e+25 
 153    3.4372386  3.63815e+25 
 154    3.5125043  3.62968e+25 
 155    3.5894182  3.65200e+25 
 156    3.6680162  3.67764e+25 
 157    3.7483353  3.74334e+25 
 158    3.8304131  3.83219e+25 
 159    3.9142882  3.92627e+25 
 160    4.0000000  4.07307e+25 
 161    4.0875886  4.20749e+25 
 162    4.1770951  4.35307e+25 
 163    4.2685616  4.52181e+25 
 164    4.3620309  4.75015e+25 
 165    4.4575470  4.96564e+25 
 166    4.5551545  5.16148e+25 
 167    4.6548994  5.36481e+25 
 168    4.7568285  5.58869e+25 
 169    4.8609894  5.76959e+25 
 170    4.9674312  5.99731e+25 
 171    5.0762038  6.09470e+25 
 172    5.1873582  6.18287e+25 
 173    5.3009466  6.20933e+25 
 174    5.4170222  6.21108e+25 
 175    5.5356395  6.15053e+25 
 176    5.6568542  6.04436e+25 
 177    5.7807232  5.91238e+25 
 178    5.9073046  5.74132e+25 
 179    6.0366577  5.51082e+25 
 180    6.1688433  5.28152e+25 
 181    6.3039234  4.99528e+25 
 182    6.4419613  4.70195e+25 
 183    6.5830219  4.44575e+25 
 184    6.7271713  4.17948e+25 
 185    6.8744772  3.94669e+25 
 186    7.0250086  3.68657e+25 
 187    7.1788363  3.42699e+25 
 188    7.3360323  3.17375e+25 
 189    7.4966705  2.95537e+25 


# S-band (filter: Spitzer_IRAC2.dat)
   0    0.1250000  1.16035e+28 
   1    0.1277371  1.27844e+28 
   2    0.1305342  1.39913e+28 
   3    0.1333926  1.52245e+28 
   4    0.1363135  1.63345e+28 
   5    0.1392983  1.76635e+28 
   6    0.1423486  1.87183e+28 
   7    0.1454656  1.98471e+28 
   8    0.1486509  2.07867e+28 
   9    0.1519059  2.13344e+28 
  10    0.1552322  2.20910e+28 
  11    0.1586314  2.30298e+28 
  12    0.1621049  2.34585e+28 
  13    0.1656546  2.37849e+28 
  14    0.1692819  2.41651e+28 
  15    0.1729887  2.41358e+28 
  16    0.1767767  2.39748e+28 
  17    0.1806476  2.37867e+28 
  18    0.1846033  2.31478e+28 
  19    0.1886456  2.26465e+28 
  20    0.1927764  2.23828e+28 
  21    0.1969976  2.18323e+28 
  22    0.2013113  2.10239e+28 
  23    0.2057194  2.04399e+28 
  24    0.2102241  1.95972e+28 
  25    0.2148274  1.85828e+28 
  26    0.2195315  1.75903e+28 
  27    0.2243386  1.67991e+28 
  28    0.2292510  1.61925e+28 
  29    0.2342710  1.52982e+28 
  30    0.2394008  1.45722e+28 
  31    0.2446430  1.37973e+28 
  32    0.2500000  1.29640e+28 
  33    0.2554743  1.21909e+28 
  34    0.2610684  1.16447e+28 
  35    0.2667851  1.09313e+28 
  36    0.2726269  1.02998e+28 
  37    0.2785967  9.84458e+27 
  38    0.2846972  9.20854e+27 
  39    0.2909312  8.61036e+27 
  40    0.2973018  8.08173e+27 
  41    0.3038118  7.59581e+27 
  42    0.3104645  7.08629e+27 
  43    0.3172627  6.61860e+27 
  44    0.3242099  6.24041e+27 
  45    0.3313092  5.91850e+27 
  46    0.3385639  5.43788e+27 
  47    0.3459775  5.00417e+27 
  48    0.3535534  4.63252e+27 
  49    0.3612952  4.27579e+27 
  50    0.3692065  4.02379e+27 
  51    0.3772911  3.75185e+27 
  52    0.3855527  3.48131e+27 
  53    0.3939952  3.23991e+27 
  54    0.4026226  3.03094e+27 
  55    0.4114389  2.81077e+27 
  56    0.4204482  2.56193e+27 
  57    0.4296548  2.34945e+27 
  58    0.4390630  2.20964e+27 
  59    0.4486773  2.03827e+27 
  60    0.4585020  1.90533e+27 
  61    0.4685419  1.75759e+27 
  62    0.4788016  1.62297e+27 
  63    0.4892860  1.47765e+27 
  64    0.5000000  1.35014e+27 
  65    0.5109486  1.22376e+27 
  66    0.5221369  1.11480e+27 
  67    0.5335702  1.02425e+27 
  68    0.5452539  9.41801e+26 
  69    0.5571934  8.46605e+26 
  70    0.5693943  7.74188e+26 
  71    0.5818624  7.00200e+26 
  72    0.5946036  6.41446e+26 
  73    0.6076237  5.92267e+26 
  74    0.6209289  5.39944e+26 
  75    0.6345255  5.04645e+26 
  76    0.6484198  4.74378e+26 
  77    0.6626183  4.43623e+26 
  78    0.6771278  4.05981e+26 
  79    0.6919549  3.72425e+26 
  80    0.7071068  3.43198e+26 
  81    0.7225904  3.21870e+26 
  82    0.7384131  2.97173e+26 
  83    0.7545822  2.71231e+26 
  84    0.7711054  2.44548e+26 
  85    0.7879904  2.21191e+26 
  86    0.8052452  2.06934e+26 
  87    0.8228777  1.88158e+26 
  88    0.8408964  1.72215e+26 
  89    0.8593096  1.59216e+26 
  90    0.8781261  1.47679e+26 
  91    0.8973545  1.33902e+26 
  92    0.9170040  1.23578e+26 
  93    0.9370838  1.10656e+26 
  94    0.9576033  1.03360e+26 
  95    0.9785721  9.73874e+25 
  96    1.0000000  8.74791e+25 
  97    1.0218971  8.17342e+25 
  98    1.0442738  7.51756e+25 
  99    1.0671404  6.67592e+25 
 100    1.0905077  5.83963e+25 
 101    1.1143867  5.24132e+25 
 102    1.1387886  4.81585e+25 
 103    1.1637249  4.51417e+25 
 104    1.1892071  4.25889e+25 
 105    1.2152474  3.93437e+25 
 106    1.2418578  3.60913e+25 
 107    1.2690510  3.42673e+25 
 108    1.2968396  3.20865e+25 
 109    1.3252366  3.10738e+25 
 110    1.3542555  2.88672e+25 
 111    1.3839099  2.67650e+25 
 112    1.4142136  2.55331e+25 
 113    1.4451808  2.32929e+25 
 114    1.4768261  2.27449e+25 
 115    1.5091644  2.01904e+25 
 116    1.5422108  1.86782e+25 
 117    1.5759808  1.74801e+25 
 118    1.6104903  1.54153e+25 
 119    1.6457555  1.37173e+25 
 120    1.6817928  1.25777e+25 
 121    1.7186193  1.10902e+25 
 122    1.7562522  9.92462e+24 
 123    1.7947091  9.15013e+24 
 124    1.8340081  8.52848e+24 
 125    1.8741676  7.87049e+24 
 126    1.9152066  6.71368e+24 
 127    1.9571441  6.48684e+24 
 128    2.0000000  6.11209e+24 
 129    2.0437943  5.77751e+24 
 130    2.0885476  5.19171e+24 
 131    2.1342808  4.96863e+24 
 132    2.1810155  4.38538e+24 
 133    2.2287735  4.09660e+24 
 134    2.2775773  3.87742e+24 
 135    2.3274497  3.41691e+24 
 136    2.3784142  3.19871e+24 
 137    2.4304947  2.81292e+24 
 138    2.4837156  2.61375e+24 
 139    2.5381019  2.15770e+24 
 140    2.5936791  1.77956e+24 
 141    2.6504733  1.43417e+24 
 142    2.7085111  1.30277e+24 
 143    2.7678198  1.16307e+24 
 144    2.8284271  1.04360e+24 
 145    2.8903616  9.49122e+23 
 146    2.9536523  8.09387e+23 
 147    3.0183289  7.52130e+23 
 148    3.0844217  7.92348e+23 
 149    3.1519617  7.15319e+23 
 150    3.2209807  7.13575e+23 
 151    3.2915110  6.86403e+23 
 152    3.3635857  7.12852e+23 
 153    3.4372386  7.74453e+23 
 154    3.5125043  7.11601e+23 
 155    3.5894182  6.42300e+23 
 156    3.6680162  6.26920e+23 
 157    3.7483353  6.40917e+23 
 158    3.8304131  6.65731e+23 
 159    3.9142882  6.58748e+23 
 160    4.0000000  6.62625e+23 
 161    4.0875886  6.92351e+23 
 162    4.1770951  6.89428e+23 
 163    4.2685616  7.40050e+23 
 164    4.3620309  7.58592e+23 
 165    4.4575470  7.66391e+23 
 166    4.5551545  8.89502e+23 
 167    4.6548994  9.21867e+23 
 168    4.7568285  9.10161e+23 
 169    4.8609894  9.51700e+23 
 170    4.9674312  9.51645e+23 
 171    5.0762038  9.24875e+23 
 172    5.1873582  9.23576e+23 
 173    5.3009466  9.05180e+23 
 174    5.4170222  8.83198e+23 
 175    5.5356395  8.88922e+23 
 176    5.6568542  8.76858e+23 
 177    5.7807232  7.92014e+23 
 178    5.9073046  7.57763e+23 
 179    6.0366577  7.18469e+23 
 180    6.1688433  6.88348e+23 
 181    6.3039234  6.51295e+23 
 182    6.4419613  6.43569e+23 
 183    6.5830219  6.73237e+23 
 184    6.7271713  6.62691e+23 
 185    6.8744772  6.47790e+23 
 186    7.0250086  6.41525e+23 
 187    7.1788363  6.17882e+23 
 188    7.3360323  6.23231e+23 
 189    7.4966705  6.50587e+23 


