# 1:iteration 2:time bin[s] 3-k:equiv. isotropic luminosity in k-th angular bin [erg/s]
# bolometric luminosity going in angular bin
   0    0.1250000  8.52759e+40 
   1    0.1277371  8.60349e+40 
   2    0.1305342  8.68105e+40 
   3    0.1333926  8.76031e+40 
   4    0.1363135  8.82962e+40 
   5    0.1392983  8.89266e+40 
   6    0.1423486  8.94274e+40 
   7    0.1454656  8.98660e+40 
   8    0.1486509  9.02104e+40 
   9    0.1519059  9.04449e+40 
  10    0.1552322  9.05786e+40 
  11    0.1586314  9.06229e+40 
  12    0.1621049  9.04880e+40 
  13    0.1656546  9.02173e+40 
  14    0.1692819  8.98165e+40 
  15    0.1729887  8.93213e+40 
  16    0.1767767  8.86204e+40 
  17    0.1806476  8.77559e+40 
  18    0.1846033  8.67558e+40 
  19    0.1886456  8.55578e+40 
  20    0.1927764  8.41913e+40 
  21    0.1969976  8.26767e+40 
  22    0.2013113  8.10126e+40 
  23    0.2057194  7.92404e+40 
  24    0.2102241  7.73418e+40 
  25    0.2148274  7.53753e+40 
  26    0.2195315  7.33431e+40 
  27    0.2243386  7.12104e+40 
  28    0.2292510  6.90851e+40 
  29    0.2342710  6.69631e+40 
  30    0.2394008  6.48022e+40 
  31    0.2446430  6.27019e+40 
  32    0.2500000  6.06637e+40 
  33    0.2554743  5.86267e+40 
  34    0.2610684  5.67062e+40 
  35    0.2667851  5.48622e+40 
  36    0.2726269  5.30777e+40 
  37    0.2785967  5.13810e+40 
  38    0.2846972  4.98152e+40 
  39    0.2909312  4.83318e+40 
  40    0.2973018  4.69442e+40 
  41    0.3038118  4.57011e+40 
  42    0.3104645  4.45502e+40 
  43    0.3172627  4.34658e+40 
  44    0.3242099  4.24885e+40 
  45    0.3313092  4.15912e+40 
  46    0.3385639  4.08397e+40 
  47    0.3459775  4.02201e+40 
  48    0.3535534  3.96903e+40 
  49    0.3612952  3.92112e+40 
  50    0.3692065  3.88831e+40 
  51    0.3772911  3.87211e+40 
  52    0.3855527  3.85932e+40 
  53    0.3939952  3.86922e+40 
  54    0.4026226  3.89963e+40 
  55    0.4114389  3.94152e+40 
  56    0.4204482  4.01390e+40 
  57    0.4296548  4.11269e+40 
  58    0.4390630  4.23171e+40 
  59    0.4486773  4.37383e+40 
  60    0.4585020  4.55314e+40 
  61    0.4685419  4.75262e+40 
  62    0.4788016  4.97900e+40 
  63    0.4892860  5.23046e+40 
  64    0.5000000  5.47935e+40 
  65    0.5109486  5.73670e+40 
  66    0.5221369  5.95314e+40 
  67    0.5335702  6.06048e+40 
  68    0.5452539  6.19074e+40 
  69    0.5571934  6.25865e+40 
  70    0.5693943  6.32761e+40 
  71    0.5818624  6.36017e+40 
  72    0.5946036  6.40020e+40 
  73    0.6076237  6.44352e+40 
  74    0.6209289  6.43553e+40 
  75    0.6345255  6.46605e+40 
  76    0.6484198  6.49537e+40 
  77    0.6626183  6.54264e+40 
  78    0.6771278  6.61079e+40 
  79    0.6919549  6.74881e+40 
  80    0.7071068  6.91103e+40 
  81    0.7225904  7.09122e+40 
  82    0.7384131  7.28725e+40 
  83    0.7545822  7.49600e+40 
  84    0.7711054  7.71704e+40 
  85    0.7879904  7.94181e+40 
  86    0.8052452  8.17381e+40 
  87    0.8228777  8.41074e+40 
  88    0.8408964  8.64321e+40 
  89    0.8593096  8.86067e+40 
  90    0.8781261  9.07681e+40 
  91    0.8973545  9.27140e+40 
  92    0.9170040  9.35421e+40 
  93    0.9370838  9.43485e+40 
  94    0.9576033  9.44017e+40 
  95    0.9785721  9.44290e+40 
  96    1.0000000  9.41703e+40 
  97    1.0218971  9.39125e+40 
  98    1.0442738  9.35775e+40 
  99    1.0671404  9.28073e+40 
 100    1.0905077  9.22888e+40 
 101    1.1143867  9.16486e+40 
 102    1.1387886  9.06801e+40 
 103    1.1637249  9.00635e+40 
 104    1.1892071  8.95201e+40 
 105    1.2152474  8.90592e+40 
 106    1.2418578  8.86195e+40 
 107    1.2690510  8.80066e+40 
 108    1.2968396  8.73483e+40 
 109    1.3252366  8.65799e+40 
 110    1.3542555  8.57640e+40 
 111    1.3839099  8.48393e+40 
 112    1.4142136  8.37505e+40 
 113    1.4451808  8.25818e+40 
 114    1.4768261  8.13571e+40 
 115    1.5091644  8.01270e+40 
 116    1.5422108  7.89045e+40 
 117    1.5759808  7.76313e+40 
 118    1.6104903  7.63450e+40 
 119    1.6457555  7.50144e+40 
 120    1.6817928  7.36393e+40 
 121    1.7186193  7.21917e+40 
 122    1.7562522  7.05882e+40 
 123    1.7947091  6.88186e+40 
 124    1.8340081  6.68493e+40 
 125    1.8741676  6.47652e+40 
 126    1.9152066  6.23217e+40 
 127    1.9571441  5.96362e+40 
 128    2.0000000  5.67929e+40 
 129    2.0437943  5.37634e+40 
 130    2.0885476  5.06916e+40 
 131    2.1342808  4.74010e+40 
 132    2.1810155  4.42814e+40 
 133    2.2287735  4.12135e+40 
 134    2.2775773  3.80592e+40 
 135    2.3274497  3.52209e+40 
 136    2.3784142  3.25178e+40 
 137    2.4304947  2.99612e+40 
 138    2.4837156  2.76663e+40 
 139    2.5381019  2.55464e+40 
 140    2.5936791  2.36233e+40 
 141    2.6504733  2.18380e+40 
 142    2.7085111  2.01632e+40 
 143    2.7678198  1.85764e+40 
 144    2.8284271  1.70373e+40 
 145    2.8903616  1.55379e+40 
 146    2.9536523  1.40687e+40 
 147    3.0183289  1.26190e+40 
 148    3.0844217  1.12262e+40 
 149    3.1519617  9.89837e+39 
 150    3.2209807  8.58620e+39 
 151    3.2915110  7.41162e+39 
 152    3.3635857  6.32147e+39 
 153    3.4372386  5.27245e+39 
 154    3.5125043  4.38143e+39 
 155    3.5894182  3.58248e+39 
 156    3.6680162  2.86872e+39 
 157    3.7483353  2.28166e+39 
 158    3.8304131  1.78728e+39 
 159    3.9142882  1.38719e+39 
 160    4.0000000  1.07069e+39 
 161    4.0875886  8.17399e+38 
 162    4.1770951  6.18607e+38 
 163    4.2685616  4.65592e+38 
 164    4.3620309  3.46188e+38 
 165    4.4575470  2.56421e+38 
 166    4.5551545  1.88858e+38 
 167    4.6548994  1.37759e+38 
 168    4.7568285  1.01476e+38 
 169    4.8609894  7.45033e+37 
 170    4.9674312  5.47778e+37 
 171    5.0762038  4.06999e+37 
 172    5.1873582  3.13359e+37 
 173    5.3009466  2.42291e+37 
 174    5.4170222  1.90282e+37 
 175    5.5356395  1.54021e+37 
 176    5.6568542  1.25586e+37 
 177    5.7807232  1.03880e+37 
 178    5.9073046  8.79464e+36 
 179    6.0366577  7.52415e+36 
 180    6.1688433  6.54621e+36 
 181    6.3039234  5.77735e+36 
 182    6.4419613  5.16302e+36 
 183    6.5830219  4.65644e+36 
 184    6.7271713  4.25729e+36 
 185    6.8744772  3.91348e+36 
 186    7.0250086  3.59094e+36 
 187    7.1788363  3.29722e+36 
 188    7.3360323  3.02564e+36 
 189    7.4966705  2.78461e+36 


# g-band (filter: g_LSST.dat)
   0    0.1250000  1.59846e+26 
   1    0.1277371  1.60001e+26 
   2    0.1305342  1.60160e+26 
   3    0.1333926  1.60321e+26 
   4    0.1363135  1.60249e+26 
   5    0.1392983  1.60047e+26 
   6    0.1423486  1.59545e+26 
   7    0.1454656  1.58909e+26 
   8    0.1486509  1.58054e+26 
   9    0.1519059  1.56943e+26 
  10    0.1552322  1.55596e+26 
  11    0.1586314  1.54091e+26 
  12    0.1621049  1.52249e+26 
  13    0.1656546  1.50187e+26 
  14    0.1692819  1.47939e+26 
  15    0.1729887  1.45439e+26 
  16    0.1767767  1.42648e+26 
  17    0.1806476  1.39534e+26 
  18    0.1846033  1.36213e+26 
  19    0.1886456  1.32503e+26 
  20    0.1927764  1.28549e+26 
  21    0.1969976  1.24347e+26 
  22    0.2013113  1.19799e+26 
  23    0.2057194  1.15024e+26 
  24    0.2102241  1.09998e+26 
  25    0.2148274  1.04748e+26 
  26    0.2195315  9.93358e+25 
  27    0.2243386  9.37001e+25 
  28    0.2292510  8.80502e+25 
  29    0.2342710  8.23812e+25 
  30    0.2394008  7.65626e+25 
  31    0.2446430  7.09472e+25 
  32    0.2500000  6.54495e+25 
  33    0.2554743  5.99292e+25 
  34    0.2610684  5.47974e+25 
  35    0.2667851  4.98511e+25 
  36    0.2726269  4.51778e+25 
  37    0.2785967  4.06646e+25 
  38    0.2846972  3.65653e+25 
  39    0.2909312  3.27234e+25 
  40    0.2973018  2.91068e+25 
  41    0.3038118  2.58201e+25 
  42    0.3104645  2.27795e+25 
  43    0.3172627  1.99672e+25 
  44    0.3242099  1.74472e+25 
  45    0.3313092  1.51594e+25 
  46    0.3385639  1.30437e+25 
  47    0.3459775  1.12296e+25 
  48    0.3535534  9.59629e+24 
  49    0.3612952  8.11241e+24 
  50    0.3692065  6.88063e+24 
  51    0.3772911  5.81209e+24 
  52    0.3855527  4.87695e+24 
  53    0.3939952  4.12840e+24 
  54    0.4026226  3.51911e+24 
  55    0.4114389  3.00754e+24 
  56    0.4204482  2.61085e+24 
  57    0.4296548  2.29503e+24 
  58    0.4390630  2.06811e+24 
  59    0.4486773  1.89753e+24 
  60    0.4585020  1.80085e+24 
  61    0.4685419  1.76808e+24 
  62    0.4788016  1.79134e+24 
  63    0.4892860  1.92470e+24 
  64    0.5000000  2.16752e+24 
  65    0.5109486  2.48304e+24 
  66    0.5221369  3.08616e+24 
  67    0.5335702  4.09999e+24 
  68    0.5452539  5.35186e+24 
  69    0.5571934  7.56700e+24 
  70    0.5693943  1.03290e+25 
  71    0.5818624  1.33241e+25 
  72    0.5946036  1.70617e+25 
  73    0.6076237  2.12437e+25 
  74    0.6209289  2.58720e+25 
  75    0.6345255  3.08642e+25 
  76    0.6484198  3.62144e+25 
  77    0.6626183  4.20383e+25 
  78    0.6771278  4.78398e+25 
  79    0.6919549  5.38373e+25 
  80    0.7071068  5.99123e+25 
  81    0.7225904  6.60264e+25 
  82    0.7384131  7.22360e+25 
  83    0.7545822  7.85721e+25 
  84    0.7711054  8.48961e+25 
  85    0.7879904  9.12159e+25 
  86    0.8052452  9.75330e+25 
  87    0.8228777  1.03857e+26 
  88    0.8408964  1.10101e+26 
  89    0.8593096  1.16240e+26 
  90    0.8781261  1.22321e+26 
  91    0.8973545  1.27617e+26 
  92    0.9170040  1.32328e+26 
  93    0.9370838  1.36714e+26 
  94    0.9576033  1.39986e+26 
  95    0.9785721  1.42738e+26 
  96    1.0000000  1.45046e+26 
  97    1.0218971  1.46808e+26 
  98    1.0442738  1.48289e+26 
  99    1.0671404  1.49173e+26 
 100    1.0905077  1.49945e+26 
 101    1.1143867  1.50421e+26 
 102    1.1387886  1.50651e+26 
 103    1.1637249  1.50784e+26 
 104    1.1892071  1.50561e+26 
 105    1.2152474  1.50196e+26 
 106    1.2418578  1.49759e+26 
 107    1.2690510  1.48863e+26 
 108    1.2968396  1.47950e+26 
 109    1.3252366  1.46940e+26 
 110    1.3542555  1.45974e+26 
 111    1.3839099  1.44833e+26 
 112    1.4142136  1.43305e+26 
 113    1.4451808  1.41597e+26 
 114    1.4768261  1.39706e+26 
 115    1.5091644  1.37850e+26 
 116    1.5422108  1.36045e+26 
 117    1.5759808  1.34021e+26 
 118    1.6104903  1.32045e+26 
 119    1.6457555  1.29764e+26 
 120    1.6817928  1.27310e+26 
 121    1.7186193  1.24521e+26 
 122    1.7562522  1.20844e+26 
 123    1.7947091  1.16231e+26 
 124    1.8340081  1.10777e+26 
 125    1.8741676  1.04898e+26 
 126    1.9152066  9.78287e+25 
 127    1.9571441  9.01099e+25 
 128    2.0000000  8.17615e+25 
 129    2.0437943  7.33039e+25 
 130    2.0885476  6.49617e+25 
 131    2.1342808  5.59005e+25 
 132    2.1810155  4.78585e+25 
 133    2.2287735  4.01680e+25 
 134    2.2775773  3.26549e+25 
 135    2.3274497  2.64692e+25 
 136    2.3784142  2.10154e+25 
 137    2.4304947  1.63588e+25 
 138    2.4837156  1.26255e+25 
 139    2.5381019  9.59768e+24 
 140    2.5936791  7.29738e+24 
 141    2.6504733  5.51103e+24 
 142    2.7085111  4.14976e+24 
 143    2.7678198  3.12991e+24 
 144    2.8284271  2.35885e+24 
 145    2.8903616  1.76048e+24 
 146    2.9536523  1.29233e+24 
 147    3.0183289  9.47173e+23 
 148    3.0844217  6.77746e+23 
 149    3.1519617  4.76545e+23 
 150    3.2209807  3.40993e+23 
 151    3.2915110  2.39103e+23 
 152    3.3635857  1.68628e+23 
 153    3.4372386  1.22593e+23 
 154    3.5125043  8.76129e+22 
 155    3.5894182  6.30320e+22 
 156    3.6680162  4.62439e+22 
 157    3.7483353  3.33119e+22 
 158    3.8304131  2.42587e+22 
 159    3.9142882  1.85839e+22 
 160    4.0000000  1.45978e+22 
 161    4.0875886  1.15706e+22 
 162    4.1770951  9.69432e+21 
 163    4.2685616  8.26402e+21 
 164    4.3620309  7.31480e+21 
 165    4.4575470  6.55474e+21 
 166    4.5551545  5.97479e+21 
 167    4.6548994  5.52025e+21 
 168    4.7568285  5.12922e+21 
 169    4.8609894  4.79107e+21 
 170    4.9674312  4.47417e+21 
 171    5.0762038  4.20078e+21 
 172    5.1873582  3.93714e+21 
 173    5.3009466  3.70248e+21 
 174    5.4170222  3.48127e+21 
 175    5.5356395  3.27012e+21 
 176    5.6568542  3.06834e+21 
 177    5.7807232  2.88527e+21 
 178    5.9073046  2.70766e+21 
 179    6.0366577  2.54505e+21 
 180    6.1688433  2.39171e+21 
 181    6.3039234  2.24618e+21 
 182    6.4419613  2.11056e+21 
 183    6.5830219  1.98314e+21 
 184    6.7271713  1.86149e+21 
 185    6.8744772  1.75075e+21 
 186    7.0250086  1.64012e+21 
 187    7.1788363  1.53224e+21 
 188    7.3360323  1.42803e+21 
 189    7.4966705  1.33083e+21 


# r-band (filter: r_LSST.dat)
   0    0.1250000  1.86240e+26 
   1    0.1277371  1.88487e+26 
   2    0.1305342  1.90783e+26 
   3    0.1333926  1.93129e+26 
   4    0.1363135  1.95423e+26 
   5    0.1392983  1.97436e+26 
   6    0.1423486  1.99102e+26 
   7    0.1454656  2.00650e+26 
   8    0.1486509  2.02029e+26 
   9    0.1519059  2.03069e+26 
  10    0.1552322  2.03891e+26 
  11    0.1586314  2.04607e+26 
  12    0.1621049  2.04915e+26 
  13    0.1656546  2.05003e+26 
  14    0.1692819  2.04882e+26 
  15    0.1729887  2.04512e+26 
  16    0.1767767  2.03738e+26 
  17    0.1806476  2.02685e+26 
  18    0.1846033  2.01433e+26 
  19    0.1886456  1.99895e+26 
  20    0.1927764  1.98037e+26 
  21    0.1969976  1.95960e+26 
  22    0.2013113  1.93606e+26 
  23    0.2057194  1.91091e+26 
  24    0.2102241  1.88367e+26 
  25    0.2148274  1.85516e+26 
  26    0.2195315  1.82516e+26 
  27    0.2243386  1.79350e+26 
  28    0.2292510  1.76056e+26 
  29    0.2342710  1.72659e+26 
  30    0.2394008  1.69123e+26 
  31    0.2446430  1.65457e+26 
  32    0.2500000  1.61796e+26 
  33    0.2554743  1.58085e+26 
  34    0.2610684  1.54331e+26 
  35    0.2667851  1.50533e+26 
  36    0.2726269  1.46675e+26 
  37    0.2785967  1.42805e+26 
  38    0.2846972  1.39078e+26 
  39    0.2909312  1.35515e+26 
  40    0.2973018  1.32211e+26 
  41    0.3038118  1.29353e+26 
  42    0.3104645  1.26576e+26 
  43    0.3172627  1.23845e+26 
  44    0.3242099  1.21203e+26 
  45    0.3313092  1.18630e+26 
  46    0.3385639  1.16894e+26 
  47    0.3459775  1.15571e+26 
  48    0.3535534  1.14299e+26 
  49    0.3612952  1.13249e+26 
  50    0.3692065  1.12620e+26 
  51    0.3772911  1.12856e+26 
  52    0.3855527  1.12991e+26 
  53    0.3939952  1.14251e+26 
  54    0.4026226  1.16266e+26 
  55    0.4114389  1.19016e+26 
  56    0.4204482  1.23370e+26 
  57    0.4296548  1.29008e+26 
  58    0.4390630  1.35950e+26 
  59    0.4486773  1.44453e+26 
  60    0.4585020  1.56217e+26 
  61    0.4685419  1.69301e+26 
  62    0.4788016  1.84165e+26 
  63    0.4892860  2.01428e+26 
  64    0.5000000  2.18500e+26 
  65    0.5109486  2.36428e+26 
  66    0.5221369  2.52631e+26 
  67    0.5335702  2.59321e+26 
  68    0.5452539  2.68289e+26 
  69    0.5571934  2.71791e+26 
  70    0.5693943  2.75091e+26 
  71    0.5818624  2.75471e+26 
  72    0.5946036  2.75173e+26 
  73    0.6076237  2.74639e+26 
  74    0.6209289  2.69690e+26 
  75    0.6345255  2.66617e+26 
  76    0.6484198  2.62798e+26 
  77    0.6626183  2.59361e+26 
  78    0.6771278  2.56614e+26 
  79    0.6919549  2.58994e+26 
  80    0.7071068  2.62791e+26 
  81    0.7225904  2.67377e+26 
  82    0.7384131  2.72767e+26 
  83    0.7545822  2.78835e+26 
  84    0.7711054  2.85563e+26 
  85    0.7879904  2.92483e+26 
  86    0.8052452  2.99875e+26 
  87    0.8228777  3.07545e+26 
  88    0.8408964  3.14989e+26 
  89    0.8593096  3.21884e+26 
  90    0.8781261  3.28846e+26 
  91    0.8973545  3.36484e+26 
  92    0.9170040  3.34777e+26 
  93    0.9370838  3.33628e+26 
  94    0.9576033  3.27716e+26 
  95    0.9785721  3.22438e+26 
  96    1.0000000  3.15832e+26 
  97    1.0218971  3.10095e+26 
  98    1.0442738  3.04298e+26 
  99    1.0671404  2.95842e+26 
 100    1.0905077  2.89953e+26 
 101    1.1143867  2.83360e+26 
 102    1.1387886  2.74037e+26 
 103    1.1637249  2.68030e+26 
 104    1.1892071  2.63627e+26 
 105    1.2152474  2.60310e+26 
 106    1.2418578  2.57515e+26 
 107    1.2690510  2.54086e+26 
 108    1.2968396  2.50394e+26 
 109    1.3252366  2.46165e+26 
 110    1.3542555  2.41584e+26 
 111    1.3839099  2.36464e+26 
 112    1.4142136  2.30762e+26 
 113    1.4451808  2.24801e+26 
 114    1.4768261  2.18724e+26 
 115    1.5091644  2.12614e+26 
 116    1.5422108  2.06613e+26 
 117    1.5759808  2.00636e+26 
 118    1.6104903  1.94544e+26 
 119    1.6457555  1.88678e+26 
 120    1.6817928  1.82833e+26 
 121    1.7186193  1.77002e+26 
 122    1.7562522  1.71453e+26 
 123    1.7947091  1.66116e+26 
 124    1.8340081  1.60552e+26 
 125    1.8741676  1.54869e+26 
 126    1.9152066  1.48345e+26 
 127    1.9571441  1.41108e+26 
 128    2.0000000  1.33728e+26 
 129    2.0437943  1.25275e+26 
 130    2.0885476  1.16598e+26 
 131    2.1342808  1.07474e+26 
 132    2.1810155  9.85515e+25 
 133    2.2287735  8.97864e+25 
 134    2.2775773  8.02976e+25 
 135    2.3274497  7.16994e+25 
 136    2.3784142  6.33049e+25 
 137    2.4304947  5.51484e+25 
 138    2.4837156  4.79185e+25 
 139    2.5381019  4.12989e+25 
 140    2.5936791  3.54537e+25 
 141    2.6504733  3.03583e+25 
 142    2.7085111  2.58844e+25 
 143    2.7678198  2.18315e+25 
 144    2.8284271  1.83703e+25 
 145    2.8903616  1.52926e+25 
 146    2.9536523  1.25863e+25 
 147    3.0183289  1.01757e+25 
 148    3.0844217  8.18173e+24 
 149    3.1519617  6.47834e+24 
 150    3.2209807  5.05344e+24 
 151    3.2915110  3.90907e+24 
 152    3.3635857  2.96933e+24 
 153    3.4372386  2.24227e+24 
 154    3.5125043  1.67569e+24 
 155    3.5894182  1.24255e+24 
 156    3.6680162  9.25411e+23 
 157    3.7483353  6.84002e+23 
 158    3.8304131  5.00398e+23 
 159    3.9142882  3.72524e+23 
 160    4.0000000  2.74658e+23 
 161    4.0875886  2.03646e+23 
 162    4.1770951  1.54417e+23 
 163    4.2685616  1.17653e+23 
 164    4.3620309  9.11714e+22 
 165    4.4575470  7.24181e+22 
 166    4.5551545  5.83407e+22 
 167    4.6548994  4.80739e+22 
 168    4.7568285  4.09610e+22 
 169    4.8609894  3.57022e+22 
 170    4.9674312  3.17054e+22 
 171    5.0762038  2.84310e+22 
 172    5.1873582  2.60239e+22 
 173    5.3009466  2.41555e+22 
 174    5.4170222  2.25254e+22 
 175    5.5356395  2.11791e+22 
 176    5.6568542  1.99375e+22 
 177    5.7807232  1.88212e+22 
 178    5.9073046  1.77848e+22 
 179    6.0366577  1.68199e+22 
 180    6.1688433  1.59037e+22 
 181    6.3039234  1.50351e+22 
 182    6.4419613  1.42259e+22 
 183    6.5830219  1.34393e+22 
 184    6.7271713  1.26937e+22 
 185    6.8744772  1.19928e+22 
 186    7.0250086  1.12905e+22 
 187    7.1788363  1.05926e+22 
 188    7.3360323  9.90676e+21 
 189    7.4966705  9.25026e+21 


# i-band (filter: i_LSST.dat)
   0    0.1250000  1.37794e+26 
   1    0.1277371  1.41267e+26 
   2    0.1305342  1.44816e+26 
   3    0.1333926  1.48443e+26 
   4    0.1363135  1.51851e+26 
   5    0.1392983  1.55060e+26 
   6    0.1423486  1.58070e+26 
   7    0.1454656  1.60836e+26 
   8    0.1486509  1.63355e+26 
   9    0.1519059  1.65678e+26 
  10    0.1552322  1.67748e+26 
  11    0.1586314  1.69687e+26 
  12    0.1621049  1.71150e+26 
  13    0.1656546  1.72304e+26 
  14    0.1692819  1.73413e+26 
  15    0.1729887  1.74284e+26 
  16    0.1767767  1.74434e+26 
  17    0.1806476  1.73955e+26 
  18    0.1846033  1.73187e+26 
  19    0.1886456  1.71541e+26 
  20    0.1927764  1.69398e+26 
  21    0.1969976  1.66777e+26 
  22    0.2013113  1.63656e+26 
  23    0.2057194  1.60278e+26 
  24    0.2102241  1.56358e+26 
  25    0.2148274  1.52325e+26 
  26    0.2195315  1.47993e+26 
  27    0.2243386  1.43419e+26 
  28    0.2292510  1.39138e+26 
  29    0.2342710  1.35033e+26 
  30    0.2394008  1.30965e+26 
  31    0.2446430  1.27391e+26 
  32    0.2500000  1.24214e+26 
  33    0.2554743  1.21228e+26 
  34    0.2610684  1.18687e+26 
  35    0.2667851  1.16518e+26 
  36    0.2726269  1.14715e+26 
  37    0.2785967  1.13379e+26 
  38    0.2846972  1.12400e+26 
  39    0.2909312  1.11499e+26 
  40    0.2973018  1.10895e+26 
  41    0.3038118  1.10611e+26 
  42    0.3104645  1.10710e+26 
  43    0.3172627  1.10925e+26 
  44    0.3242099  1.11469e+26 
  45    0.3313092  1.12149e+26 
  46    0.3385639  1.13096e+26 
  47    0.3459775  1.14330e+26 
  48    0.3535534  1.15759e+26 
  49    0.3612952  1.17238e+26 
  50    0.3692065  1.19055e+26 
  51    0.3772911  1.21327e+26 
  52    0.3855527  1.23741e+26 
  53    0.3939952  1.26729e+26 
  54    0.4026226  1.30337e+26 
  55    0.4114389  1.34201e+26 
  56    0.4204482  1.39003e+26 
  57    0.4296548  1.44416e+26 
  58    0.4390630  1.50154e+26 
  59    0.4486773  1.56196e+26 
  60    0.4585020  1.62074e+26 
  61    0.4685419  1.67930e+26 
  62    0.4788016  1.74163e+26 
  63    0.4892860  1.79372e+26 
  64    0.5000000  1.83836e+26 
  65    0.5109486  1.87815e+26 
  66    0.5221369  1.90043e+26 
  67    0.5335702  1.90820e+26 
  68    0.5452539  1.90557e+26 
  69    0.5571934  1.88443e+26 
  70    0.5693943  1.85166e+26 
  71    0.5818624  1.80896e+26 
  72    0.5946036  1.75931e+26 
  73    0.6076237  1.70399e+26 
  74    0.6209289  1.63882e+26 
  75    0.6345255  1.57628e+26 
  76    0.6484198  1.51338e+26 
  77    0.6626183  1.44898e+26 
  78    0.6771278  1.38863e+26 
  79    0.6919549  1.33321e+26 
  80    0.7071068  1.28195e+26 
  81    0.7225904  1.23441e+26 
  82    0.7384131  1.19171e+26 
  83    0.7545822  1.15301e+26 
  84    0.7711054  1.11691e+26 
  85    0.7879904  1.08484e+26 
  86    0.8052452  1.05450e+26 
  87    0.8228777  1.02642e+26 
  88    0.8408964  9.99140e+25 
  89    0.8593096  9.64951e+25 
  90    0.8781261  9.29742e+25 
  91    0.8973545  8.82522e+25 
  92    0.9170040  8.35051e+25 
  93    0.9370838  7.87788e+25 
  94    0.9576033  7.43812e+25 
  95    0.9785721  7.04381e+25 
  96    1.0000000  6.59921e+25 
  97    1.0218971  6.25622e+25 
  98    1.0442738  5.92646e+25 
  99    1.0671404  5.58640e+25 
 100    1.0905077  5.30707e+25 
 101    1.1143867  5.07066e+25 
 102    1.1387886  4.90572e+25 
 103    1.1637249  4.81745e+25 
 104    1.1892071  4.74311e+25 
 105    1.2152474  4.68627e+25 
 106    1.2418578  4.63337e+25 
 107    1.2690510  4.57739e+25 
 108    1.2968396  4.52227e+25 
 109    1.3252366  4.46712e+25 
 110    1.3542555  4.41585e+25 
 111    1.3839099  4.36507e+25 
 112    1.4142136  4.30976e+25 
 113    1.4451808  4.26006e+25 
 114    1.4768261  4.21131e+25 
 115    1.5091644  4.16313e+25 
 116    1.5422108  4.11830e+25 
 117    1.5759808  4.07713e+25 
 118    1.6104903  4.03831e+25 
 119    1.6457555  4.00068e+25 
 120    1.6817928  3.96573e+25 
 121    1.7186193  3.93128e+25 
 122    1.7562522  3.90101e+25 
 123    1.7947091  3.87005e+25 
 124    1.8340081  3.84241e+25 
 125    1.8741676  3.81541e+25 
 126    1.9152066  3.78413e+25 
 127    1.9571441  3.75048e+25 
 128    2.0000000  3.71752e+25 
 129    2.0437943  3.67737e+25 
 130    2.0885476  3.63497e+25 
 131    2.1342808  3.59093e+25 
 132    2.1810155  3.54988e+25 
 133    2.2287735  3.51117e+25 
 134    2.2775773  3.46864e+25 
 135    2.3274497  3.43687e+25 
 136    2.3784142  3.40837e+25 
 137    2.4304947  3.38028e+25 
 138    2.4837156  3.36144e+25 
 139    2.5381019  3.33687e+25 
 140    2.5936791  3.31226e+25 
 141    2.6504733  3.26375e+25 
 142    2.7085111  3.19251e+25 
 143    2.7678198  3.11818e+25 
 144    2.8284271  2.98731e+25 
 145    2.8903616  2.83116e+25 
 146    2.9536523  2.65362e+25 
 147    3.0183289  2.45068e+25 
 148    3.0844217  2.23493e+25 
 149    3.1519617  2.01077e+25 
 150    3.2209807  1.75781e+25 
 151    3.2915110  1.52695e+25 
 152    3.3635857  1.30180e+25 
 153    3.4372386  1.07434e+25 
 154    3.5125043  8.81328e+24 
 155    3.5894182  7.07459e+24 
 156    3.6680162  5.56307e+24 
 157    3.7483353  4.34037e+24 
 158    3.8304131  3.34396e+24 
 159    3.9142882  2.54405e+24 
 160    4.0000000  1.91960e+24 
 161    4.0875886  1.42902e+24 
 162    4.1770951  1.05964e+24 
 163    4.2685616  7.80389e+23 
 164    4.3620309  5.69952e+23 
 165    4.4575470  4.19331e+23 
 166    4.5551545  3.06434e+23 
 167    4.6548994  2.23925e+23 
 168    4.7568285  1.66778e+23 
 169    4.8609894  1.25425e+23 
 170    4.9674312  9.54716e+22 
 171    5.0762038  7.42600e+22 
 172    5.1873582  6.00744e+22 
 173    5.3009466  4.92201e+22 
 174    5.4170222  4.14618e+22 
 175    5.5356395  3.60170e+22 
 176    5.6568542  3.15469e+22 
 177    5.7807232  2.82114e+22 
 178    5.9073046  2.57714e+22 
 179    6.0366577  2.36815e+22 
 180    6.1688433  2.20657e+22 
 181    6.3039234  2.07012e+22 
 182    6.4419613  1.94774e+22 
 183    6.5830219  1.83569e+22 
 184    6.7271713  1.73712e+22 
 185    6.8744772  1.64460e+22 
 186    7.0250086  1.55469e+22 
 187    7.1788363  1.46745e+22 
 188    7.3360323  1.38167e+22 
 189    7.4966705  1.30060e+22 


# z-band (filter: z_LSST.dat)
   0    0.1250000  1.08247e+26 
   1    0.1277371  1.10638e+26 
   2    0.1305342  1.13082e+26 
   3    0.1333926  1.15579e+26 
   4    0.1363135  1.18259e+26 
   5    0.1392983  1.20908e+26 
   6    0.1423486  1.23401e+26 
   7    0.1454656  1.26033e+26 
   8    0.1486509  1.28690e+26 
   9    0.1519059  1.31805e+26 
  10    0.1552322  1.34997e+26 
  11    0.1586314  1.37927e+26 
  12    0.1621049  1.40315e+26 
  13    0.1656546  1.42234e+26 
  14    0.1692819  1.42941e+26 
  15    0.1729887  1.43592e+26 
  16    0.1767767  1.42899e+26 
  17    0.1806476  1.41918e+26 
  18    0.1846033  1.40282e+26 
  19    0.1886456  1.38048e+26 
  20    0.1927764  1.35005e+26 
  21    0.1969976  1.30849e+26 
  22    0.2013113  1.26058e+26 
  23    0.2057194  1.20775e+26 
  24    0.2102241  1.15102e+26 
  25    0.2148274  1.09085e+26 
  26    0.2195315  1.03419e+26 
  27    0.2243386  9.75220e+25 
  28    0.2292510  9.19038e+25 
  29    0.2342710  8.64314e+25 
  30    0.2394008  8.08343e+25 
  31    0.2446430  7.58064e+25 
  32    0.2500000  7.11619e+25 
  33    0.2554743  6.66864e+25 
  34    0.2610684  6.27577e+25 
  35    0.2667851  5.92196e+25 
  36    0.2726269  5.60116e+25 
  37    0.2785967  5.31252e+25 
  38    0.2846972  5.05360e+25 
  39    0.2909312  4.81805e+25 
  40    0.2973018  4.60290e+25 
  41    0.3038118  4.40276e+25 
  42    0.3104645  4.22657e+25 
  43    0.3172627  4.04992e+25 
  44    0.3242099  3.89580e+25 
  45    0.3313092  3.75052e+25 
  46    0.3385639  3.61552e+25 
  47    0.3459775  3.50281e+25 
  48    0.3535534  3.41308e+25 
  49    0.3612952  3.33258e+25 
  50    0.3692065  3.28493e+25 
  51    0.3772911  3.26892e+25 
  52    0.3855527  3.26899e+25 
  53    0.3939952  3.31741e+25 
  54    0.4026226  3.40066e+25 
  55    0.4114389  3.51694e+25 
  56    0.4204482  3.67993e+25 
  57    0.4296548  3.88458e+25 
  58    0.4390630  4.11366e+25 
  59    0.4486773  4.36674e+25 
  60    0.4585020  4.62376e+25 
  61    0.4685419  4.87976e+25 
  62    0.4788016  5.15444e+25 
  63    0.4892860  5.38080e+25 
  64    0.5000000  5.57877e+25 
  65    0.5109486  5.76716e+25 
  66    0.5221369  5.89299e+25 
  67    0.5335702  5.96967e+25 
  68    0.5452539  6.01468e+25 
  69    0.5571934  6.01308e+25 
  70    0.5693943  5.99909e+25 
  71    0.5818624  5.95477e+25 
  72    0.5946036  5.92191e+25 
  73    0.6076237  5.90554e+25 
  74    0.6209289  5.87891e+25 
  75    0.6345255  5.89588e+25 
  76    0.6484198  5.93407e+25 
  77    0.6626183  5.98671e+25 
  78    0.6771278  6.06052e+25 
  79    0.6919549  6.16380e+25 
  80    0.7071068  6.28295e+25 
  81    0.7225904  6.42996e+25 
  82    0.7384131  6.56310e+25 
  83    0.7545822  6.70867e+25 
  84    0.7711054  6.85531e+25 
  85    0.7879904  6.99279e+25 
  86    0.8052452  7.11501e+25 
  87    0.8228777  7.23464e+25 
  88    0.8408964  7.33259e+25 
  89    0.8593096  7.39496e+25 
  90    0.8781261  7.43872e+25 
  91    0.8973545  7.43591e+25 
  92    0.9170040  7.42185e+25 
  93    0.9370838  7.39897e+25 
  94    0.9576033  7.36724e+25 
  95    0.9785721  7.31882e+25 
  96    1.0000000  7.24443e+25 
  97    1.0218971  7.17035e+25 
  98    1.0442738  7.08771e+25 
  99    1.0671404  6.98937e+25 
 100    1.0905077  6.89013e+25 
 101    1.1143867  6.79757e+25 
 102    1.1387886  6.71450e+25 
 103    1.1637249  6.62477e+25 
 104    1.1892071  6.53393e+25 
 105    1.2152474  6.43235e+25 
 106    1.2418578  6.32833e+25 
 107    1.2690510  6.21688e+25 
 108    1.2968396  6.10194e+25 
 109    1.3252366  5.98147e+25 
 110    1.3542555  5.85507e+25 
 111    1.3839099  5.72785e+25 
 112    1.4142136  5.59368e+25 
 113    1.4451808  5.46307e+25 
 114    1.4768261  5.33222e+25 
 115    1.5091644  5.20223e+25 
 116    1.5422108  5.07393e+25 
 117    1.5759808  4.94931e+25 
 118    1.6104903  4.82487e+25 
 119    1.6457555  4.70856e+25 
 120    1.6817928  4.59444e+25 
 121    1.7186193  4.48102e+25 
 122    1.7562522  4.36593e+25 
 123    1.7947091  4.25074e+25 
 124    1.8340081  4.12861e+25 
 125    1.8741676  4.00399e+25 
 126    1.9152066  3.86632e+25 
 127    1.9571441  3.72360e+25 
 128    2.0000000  3.57775e+25 
 129    2.0437943  3.43089e+25 
 130    2.0885476  3.28398e+25 
 131    2.1342808  3.13134e+25 
 132    2.1810155  2.99218e+25 
 133    2.2287735  2.85932e+25 
 134    2.2775773  2.72568e+25 
 135    2.3274497  2.60867e+25 
 136    2.3784142  2.50214e+25 
 137    2.4304947  2.40765e+25 
 138    2.4837156  2.32818e+25 
 139    2.5381019  2.26147e+25 
 140    2.5936791  2.20468e+25 
 141    2.6504733  2.16034e+25 
 142    2.7085111  2.12521e+25 
 143    2.7678198  2.09507e+25 
 144    2.8284271  2.06757e+25 
 145    2.8903616  2.03376e+25 
 146    2.9536523  1.98460e+25 
 147    3.0183289  1.93207e+25 
 148    3.0844217  1.84683e+25 
 149    3.1519617  1.75246e+25 
 150    3.2209807  1.65085e+25 
 151    3.2915110  1.53341e+25 
 152    3.3635857  1.41164e+25 
 153    3.4372386  1.27045e+25 
 154    3.5125043  1.13457e+25 
 155    3.5894182  9.95087e+24 
 156    3.6680162  8.46077e+24 
 157    3.7483353  7.13650e+24 
 158    3.8304131  5.91070e+24 
 159    3.9142882  4.80466e+24 
 160    4.0000000  3.89769e+24 
 161    4.0875886  3.11168e+24 
 162    4.1770951  2.42417e+24 
 163    4.2685616  1.88400e+24 
 164    4.3620309  1.43229e+24 
 165    4.4575470  1.07470e+24 
 166    4.5551545  8.00613e+23 
 167    4.6548994  5.89184e+23 
 168    4.7568285  4.34799e+23 
 169    4.8609894  3.17195e+23 
 170    4.9674312  2.29502e+23 
 171    5.0762038  1.65784e+23 
 172    5.1873582  1.22500e+23 
 173    5.3009466  8.98848e+22 
 174    5.4170222  6.60480e+22 
 175    5.5356395  5.00217e+22 
 176    5.6568542  3.80413e+22 
 177    5.7807232  2.94641e+22 
 178    5.9073046  2.39209e+22 
 179    6.0366577  1.98375e+22 
 180    6.1688433  1.69232e+22 
 181    6.3039234  1.48252e+22 
 182    6.4419613  1.32639e+22 
 183    6.5830219  1.20221e+22 
 184    6.7271713  1.11128e+22 
 185    6.8744772  1.03386e+22 
 186    7.0250086  9.63718e+21 
 187    7.1788363  9.02215e+21 
 188    7.3360323  8.43759e+21 
 189    7.4966705  7.90473e+21 


# y-band (filter: y_LSST.dat)
   0    0.1250000  9.16451e+25 
   1    0.1277371  9.47673e+25 
   2    0.1305342  9.79578e+25 
   3    0.1333926  1.01218e+26 
   4    0.1363135  1.04645e+26 
   5    0.1392983  1.08181e+26 
   6    0.1423486  1.11754e+26 
   7    0.1454656  1.15342e+26 
   8    0.1486509  1.19009e+26 
   9    0.1519059  1.21817e+26 
  10    0.1552322  1.24128e+26 
  11    0.1586314  1.26617e+26 
  12    0.1621049  1.28719e+26 
  13    0.1656546  1.30793e+26 
  14    0.1692819  1.32748e+26 
  15    0.1729887  1.34302e+26 
  16    0.1767767  1.35785e+26 
  17    0.1806476  1.37149e+26 
  18    0.1846033  1.38211e+26 
  19    0.1886456  1.39370e+26 
  20    0.1927764  1.40311e+26 
  21    0.1969976  1.41682e+26 
  22    0.2013113  1.43083e+26 
  23    0.2057194  1.44193e+26 
  24    0.2102241  1.45234e+26 
  25    0.2148274  1.45890e+26 
  26    0.2195315  1.46084e+26 
  27    0.2243386  1.46080e+26 
  28    0.2292510  1.45314e+26 
  29    0.2342710  1.43960e+26 
  30    0.2394008  1.42306e+26 
  31    0.2446430  1.39459e+26 
  32    0.2500000  1.36035e+26 
  33    0.2554743  1.32020e+26 
  34    0.2610684  1.27059e+26 
  35    0.2667851  1.21912e+26 
  36    0.2726269  1.16363e+26 
  37    0.2785967  1.10298e+26 
  38    0.2846972  1.04385e+26 
  39    0.2909312  9.85137e+25 
  40    0.2973018  9.24080e+25 
  41    0.3038118  8.69260e+25 
  42    0.3104645  8.17051e+25 
  43    0.3172627  7.66875e+25 
  44    0.3242099  7.21522e+25 
  45    0.3313092  6.80966e+25 
  46    0.3385639  6.44095e+25 
  47    0.3459775  6.10552e+25 
  48    0.3535534  5.80630e+25 
  49    0.3612952  5.53075e+25 
  50    0.3692065  5.28779e+25 
  51    0.3772911  5.06115e+25 
  52    0.3855527  4.85092e+25 
  53    0.3939952  4.65790e+25 
  54    0.4026226  4.48144e+25 
  55    0.4114389  4.31708e+25 
  56    0.4204482  4.17237e+25 
  57    0.4296548  4.04494e+25 
  58    0.4390630  3.93714e+25 
  59    0.4486773  3.84566e+25 
  60    0.4585020  3.78664e+25 
  61    0.4685419  3.74981e+25 
  62    0.4788016  3.72887e+25 
  63    0.4892860  3.74858e+25 
  64    0.5000000  3.80025e+25 
  65    0.5109486  3.87836e+25 
  66    0.5221369  4.01129e+25 
  67    0.5335702  4.18935e+25 
  68    0.5452539  4.39451e+25 
  69    0.5571934  4.66663e+25 
  70    0.5693943  4.99248e+25 
  71    0.5818624  5.35371e+25 
  72    0.5946036  5.78349e+25 
  73    0.6076237  6.24730e+25 
  74    0.6209289  6.76137e+25 
  75    0.6345255  7.32210e+25 
  76    0.6484198  7.90877e+25 
  77    0.6626183  8.53146e+25 
  78    0.6771278  9.14833e+25 
  79    0.6919549  9.76130e+25 
  80    0.7071068  1.03715e+26 
  81    0.7225904  1.09924e+26 
  82    0.7384131  1.15557e+26 
  83    0.7545822  1.20903e+26 
  84    0.7711054  1.26120e+26 
  85    0.7879904  1.30670e+26 
  86    0.8052452  1.34891e+26 
  87    0.8228777  1.38769e+26 
  88    0.8408964  1.42123e+26 
  89    0.8593096  1.45003e+26 
  90    0.8781261  1.47626e+26 
  91    0.8973545  1.49753e+26 
  92    0.9170040  1.51568e+26 
  93    0.9370838  1.53068e+26 
  94    0.9576033  1.54085e+26 
  95    0.9785721  1.54778e+26 
  96    1.0000000  1.55196e+26 
  97    1.0218971  1.55136e+26 
  98    1.0442738  1.54806e+26 
  99    1.0671404  1.54282e+26 
 100    1.0905077  1.53522e+26 
 101    1.1143867  1.52651e+26 
 102    1.1387886  1.51628e+26 
 103    1.1637249  1.50293e+26 
 104    1.1892071  1.48874e+26 
 105    1.2152474  1.47379e+26 
 106    1.2418578  1.45767e+26 
 107    1.2690510  1.43970e+26 
 108    1.2968396  1.42189e+26 
 109    1.3252366  1.40280e+26 
 110    1.3542555  1.38150e+26 
 111    1.3839099  1.35830e+26 
 112    1.4142136  1.33437e+26 
 113    1.4451808  1.30850e+26 
 114    1.4768261  1.28114e+26 
 115    1.5091644  1.25343e+26 
 116    1.5422108  1.22472e+26 
 117    1.5759808  1.19563e+26 
 118    1.6104903  1.16543e+26 
 119    1.6457555  1.13668e+26 
 120    1.6817928  1.10706e+26 
 121    1.7186193  1.07721e+26 
 122    1.7562522  1.04697e+26 
 123    1.7947091  1.01616e+26 
 124    1.8340081  9.83377e+25 
 125    1.8741676  9.50308e+25 
 126    1.9152066  9.12015e+25 
 127    1.9571441  8.69085e+25 
 128    2.0000000  8.24145e+25 
 129    2.0437943  7.72067e+25 
 130    2.0885476  7.17115e+25 
 131    2.1342808  6.58375e+25 
 132    2.1810155  5.98247e+25 
 133    2.2287735  5.39095e+25 
 134    2.2775773  4.76244e+25 
 135    2.3274497  4.19639e+25 
 136    2.3784142  3.65821e+25 
 137    2.4304947  3.11902e+25 
 138    2.4837156  2.67247e+25 
 139    2.5381019  2.27222e+25 
 140    2.5936791  1.92037e+25 
 141    2.6504733  1.64094e+25 
 142    2.7085111  1.40936e+25 
 143    2.7678198  1.22907e+25 
 144    2.8284271  1.08852e+25 
 145    2.8903616  9.78201e+24 
 146    2.9536523  8.91660e+24 
 147    3.0183289  8.27109e+24 
 148    3.0844217  7.70704e+24 
 149    3.1519617  7.22547e+24 
 150    3.2209807  6.82324e+24 
 151    3.2915110  6.41825e+24 
 152    3.3635857  6.02625e+24 
 153    3.4372386  5.63223e+24 
 154    3.5125043  5.22286e+24 
 155    3.5894182  4.79812e+24 
 156    3.6680162  4.35879e+24 
 157    3.7483353  3.91850e+24 
 158    3.8304131  3.47876e+24 
 159    3.9142882  3.02750e+24 
 160    4.0000000  2.61443e+24 
 161    4.0875886  2.22588e+24 
 162    4.1770951  1.84529e+24 
 163    4.2685616  1.52807e+24 
 164    4.3620309  1.24211e+24 
 165    4.4575470  9.82192e+23 
 166    4.5551545  7.74101e+23 
 167    4.6548994  5.97572e+23 
 168    4.7568285  4.53622e+23 
 169    4.8609894  3.42034e+23 
 170    4.9674312  2.55109e+23 
 171    5.0762038  1.89314e+23 
 172    5.1873582  1.42207e+23 
 173    5.3009466  1.06300e+23 
 174    5.4170222  7.87364e+22 
 175    5.5356395  5.90574e+22 
 176    5.6568542  4.34796e+22 
 177    5.7807232  3.15856e+22 
 178    5.9073046  2.33760e+22 
 179    6.0366577  1.74507e+22 
 180    6.1688433  1.31178e+22 
 181    6.3039234  1.01739e+22 
 182    6.4419613  8.01485e+21 
 183    6.5830219  6.60741e+21 
 184    6.7271713  5.67810e+21 
 185    6.8744772  4.97973e+21 
 186    7.0250086  4.38065e+21 
 187    7.1788363  3.89802e+21 
 188    7.3360323  3.51207e+21 
 189    7.4966705  3.20035e+21 


# J-band (filter: J_2MASS.dat)
   0    0.1250000  5.55125e+25 
   1    0.1277371  5.74357e+25 
   2    0.1305342  5.94011e+25 
   3    0.1333926  6.14095e+25 
   4    0.1363135  6.28772e+25 
   5    0.1392983  6.46616e+25 
   6    0.1423486  6.62869e+25 
   7    0.1454656  6.80985e+25 
   8    0.1486509  6.96958e+25 
   9    0.1519059  7.15823e+25 
  10    0.1552322  7.35153e+25 
  11    0.1586314  7.52901e+25 
  12    0.1621049  7.70969e+25 
  13    0.1656546  7.88576e+25 
  14    0.1692819  8.08430e+25 
  15    0.1729887  8.33183e+25 
  16    0.1767767  8.59423e+25 
  17    0.1806476  8.84895e+25 
  18    0.1846033  9.09622e+25 
  19    0.1886456  9.34782e+25 
  20    0.1927764  9.59926e+25 
  21    0.1969976  9.84999e+25 
  22    0.2013113  1.00972e+26 
  23    0.2057194  1.03358e+26 
  24    0.2102241  1.05814e+26 
  25    0.2148274  1.08297e+26 
  26    0.2195315  1.10661e+26 
  27    0.2243386  1.12741e+26 
  28    0.2292510  1.14644e+26 
  29    0.2342710  1.16488e+26 
  30    0.2394008  1.18463e+26 
  31    0.2446430  1.20265e+26 
  32    0.2500000  1.22026e+26 
  33    0.2554743  1.23722e+26 
  34    0.2610684  1.25571e+26 
  35    0.2667851  1.27436e+26 
  36    0.2726269  1.29244e+26 
  37    0.2785967  1.31219e+26 
  38    0.2846972  1.33301e+26 
  39    0.2909312  1.35251e+26 
  40    0.2973018  1.37434e+26 
  41    0.3038118  1.39686e+26 
  42    0.3104645  1.41849e+26 
  43    0.3172627  1.44073e+26 
  44    0.3242099  1.46142e+26 
  45    0.3313092  1.48030e+26 
  46    0.3385639  1.49881e+26 
  47    0.3459775  1.51145e+26 
  48    0.3535534  1.52243e+26 
  49    0.3612952  1.53010e+26 
  50    0.3692065  1.53205e+26 
  51    0.3772911  1.53403e+26 
  52    0.3855527  1.53191e+26 
  53    0.3939952  1.52508e+26 
  54    0.4026226  1.51622e+26 
  55    0.4114389  1.50414e+26 
  56    0.4204482  1.48944e+26 
  57    0.4296548  1.47451e+26 
  58    0.4390630  1.45646e+26 
  59    0.4486773  1.43775e+26 
  60    0.4585020  1.41835e+26 
  61    0.4685419  1.39816e+26 
  62    0.4788016  1.37740e+26 
  63    0.4892860  1.35573e+26 
  64    0.5000000  1.33451e+26 
  65    0.5109486  1.31406e+26 
  66    0.5221369  1.29444e+26 
  67    0.5335702  1.27651e+26 
  68    0.5452539  1.25788e+26 
  69    0.5571934  1.24059e+26 
  70    0.5693943  1.22565e+26 
  71    0.5818624  1.21170e+26 
  72    0.5946036  1.20105e+26 
  73    0.6076237  1.19308e+26 
  74    0.6209289  1.18671e+26 
  75    0.6345255  1.18603e+26 
  76    0.6484198  1.18798e+26 
  77    0.6626183  1.19250e+26 
  78    0.6771278  1.20175e+26 
  79    0.6919549  1.21337e+26 
  80    0.7071068  1.22936e+26 
  81    0.7225904  1.24884e+26 
  82    0.7384131  1.27171e+26 
  83    0.7545822  1.29569e+26 
  84    0.7711054  1.32296e+26 
  85    0.7879904  1.34974e+26 
  86    0.8052452  1.37638e+26 
  87    0.8228777  1.40481e+26 
  88    0.8408964  1.43152e+26 
  89    0.8593096  1.45579e+26 
  90    0.8781261  1.47930e+26 
  91    0.8973545  1.49896e+26 
  92    0.9170040  1.51701e+26 
  93    0.9370838  1.53313e+26 
  94    0.9576033  1.54775e+26 
  95    0.9785721  1.56152e+26 
  96    1.0000000  1.57262e+26 
  97    1.0218971  1.58258e+26 
  98    1.0442738  1.59194e+26 
  99    1.0671404  1.60023e+26 
 100    1.0905077  1.60761e+26 
 101    1.1143867  1.61511e+26 
 102    1.1387886  1.62291e+26 
 103    1.1637249  1.63089e+26 
 104    1.1892071  1.63679e+26 
 105    1.2152474  1.64232e+26 
 106    1.2418578  1.64684e+26 
 107    1.2690510  1.65077e+26 
 108    1.2968396  1.65491e+26 
 109    1.3252366  1.65861e+26 
 110    1.3542555  1.66288e+26 
 111    1.3839099  1.66730e+26 
 112    1.4142136  1.67087e+26 
 113    1.4451808  1.67474e+26 
 114    1.4768261  1.67783e+26 
 115    1.5091644  1.68116e+26 
 116    1.5422108  1.68323e+26 
 117    1.5759808  1.68356e+26 
 118    1.6104903  1.68453e+26 
 119    1.6457555  1.68223e+26 
 120    1.6817928  1.67883e+26 
 121    1.7186193  1.67415e+26 
 122    1.7562522  1.66765e+26 
 123    1.7947091  1.66018e+26 
 124    1.8340081  1.65221e+26 
 125    1.8741676  1.64276e+26 
 126    1.9152066  1.63541e+26 
 127    1.9571441  1.62830e+26 
 128    2.0000000  1.62165e+26 
 129    2.0437943  1.61862e+26 
 130    2.0885476  1.61604e+26 
 131    2.1342808  1.61499e+26 
 132    2.1810155  1.61284e+26 
 133    2.2287735  1.60743e+26 
 134    2.2775773  1.60255e+26 
 135    2.3274497  1.58537e+26 
 136    2.3784142  1.55802e+26 
 137    2.4304947  1.52641e+26 
 138    2.4837156  1.47191e+26 
 139    2.5381019  1.40391e+26 
 140    2.5936791  1.32650e+26 
 141    2.6504733  1.23000e+26 
 142    2.7085111  1.12609e+26 
 143    2.7678198  1.00981e+26 
 144    2.8284271  8.94000e+25 
 145    2.8903616  7.78666e+25 
 146    2.9536523  6.65109e+25 
 147    3.0183289  5.48396e+25 
 148    3.0844217  4.48861e+25 
 149    3.1519617  3.57943e+25 
 150    3.2209807  2.75879e+25 
 151    3.2915110  2.10007e+25 
 152    3.3635857  1.55061e+25 
 153    3.4372386  1.12370e+25 
 154    3.5125043  7.94158e+24 
 155    3.5894182  5.44048e+24 
 156    3.6680162  3.75134e+24 
 157    3.7483353  2.50271e+24 
 158    3.8304131  1.64252e+24 
 159    3.9142882  1.11595e+24 
 160    4.0000000  7.31243e+23 
 161    4.0875886  4.85327e+23 
 162    4.1770951  3.42328e+23 
 163    4.2685616  2.38914e+23 
 164    4.3620309  1.71777e+23 
 165    4.4575470  1.29671e+23 
 166    4.5551545  9.88154e+22 
 167    4.6548994  7.77279e+22 
 168    4.7568285  6.27514e+22 
 169    4.8609894  5.12685e+22 
 170    4.9674312  4.23559e+22 
 171    5.0762038  3.51962e+22 
 172    5.1873582  2.98825e+22 
 173    5.3009466  2.56023e+22 
 174    5.4170222  2.18474e+22 
 175    5.5356395  1.86542e+22 
 176    5.6568542  1.60875e+22 
 177    5.7807232  1.36585e+22 
 178    5.9073046  1.16237e+22 
 179    6.0366577  9.89157e+21 
 180    6.1688433  8.36298e+21 
 181    6.3039234  7.04212e+21 
 182    6.4419613  5.96388e+21 
 183    6.5830219  5.03623e+21 
 184    6.7271713  4.26101e+21 
 185    6.8744772  3.64014e+21 
 186    7.0250086  3.04671e+21 
 187    7.1788363  2.54009e+21 
 188    7.3360323  2.10501e+21 
 189    7.4966705  1.76145e+21 


# H-band (filter: H_2MASS.dat)
   0    0.1250000  3.78703e+25 
   1    0.1277371  3.92671e+25 
   2    0.1305342  4.06945e+25 
   3    0.1333926  4.21532e+25 
   4    0.1363135  4.34965e+25 
   5    0.1392983  4.49536e+25 
   6    0.1423486  4.62557e+25 
   7    0.1454656  4.75730e+25 
   8    0.1486509  4.88508e+25 
   9    0.1519059  5.00664e+25 
  10    0.1552322  5.12650e+25 
  11    0.1586314  5.23833e+25 
  12    0.1621049  5.35280e+25 
  13    0.1656546  5.43943e+25 
  14    0.1692819  5.53576e+25 
  15    0.1729887  5.62145e+25 
  16    0.1767767  5.71422e+25 
  17    0.1806476  5.79452e+25 
  18    0.1846033  5.87510e+25 
  19    0.1886456  5.92816e+25 
  20    0.1927764  5.98541e+25 
  21    0.1969976  6.01441e+25 
  22    0.2013113  6.01954e+25 
  23    0.2057194  6.02252e+25 
  24    0.2102241  6.02161e+25 
  25    0.2148274  6.00487e+25 
  26    0.2195315  5.96628e+25 
  27    0.2243386  5.90580e+25 
  28    0.2292510  5.82466e+25 
  29    0.2342710  5.73878e+25 
  30    0.2394008  5.64120e+25 
  31    0.2446430  5.54146e+25 
  32    0.2500000  5.42935e+25 
  33    0.2554743  5.31512e+25 
  34    0.2610684  5.20434e+25 
  35    0.2667851  5.08878e+25 
  36    0.2726269  4.96579e+25 
  37    0.2785967  4.84956e+25 
  38    0.2846972  4.75852e+25 
  39    0.2909312  4.68025e+25 
  40    0.2973018  4.60486e+25 
  41    0.3038118  4.55550e+25 
  42    0.3104645  4.52466e+25 
  43    0.3172627  4.50850e+25 
  44    0.3242099  4.52444e+25 
  45    0.3313092  4.56529e+25 
  46    0.3385639  4.63164e+25 
  47    0.3459775  4.73455e+25 
  48    0.3535534  4.86404e+25 
  49    0.3612952  5.01028e+25 
  50    0.3692065  5.18894e+25 
  51    0.3772911  5.39270e+25 
  52    0.3855527  5.61232e+25 
  53    0.3939952  5.86314e+25 
  54    0.4026226  6.12422e+25 
  55    0.4114389  6.39310e+25 
  56    0.4204482  6.65910e+25 
  57    0.4296548  6.92220e+25 
  58    0.4390630  7.18036e+25 
  59    0.4486773  7.44103e+25 
  60    0.4585020  7.68353e+25 
  61    0.4685419  7.89992e+25 
  62    0.4788016  8.11120e+25 
  63    0.4892860  8.29335e+25 
  64    0.5000000  8.44296e+25 
  65    0.5109486  8.56997e+25 
  66    0.5221369  8.64778e+25 
  67    0.5335702  8.69010e+25 
  68    0.5452539  8.71400e+25 
  69    0.5571934  8.69803e+25 
  70    0.5693943  8.65440e+25 
  71    0.5818624  8.59079e+25 
  72    0.5946036  8.50693e+25 
  73    0.6076237  8.42212e+25 
  74    0.6209289  8.30822e+25 
  75    0.6345255  8.20647e+25 
  76    0.6484198  8.12185e+25 
  77    0.6626183  8.03431e+25 
  78    0.6771278  7.97733e+25 
  79    0.6919549  7.95011e+25 
  80    0.7071068  7.93925e+25 
  81    0.7225904  7.95839e+25 
  82    0.7384131  8.02018e+25 
  83    0.7545822  8.10085e+25 
  84    0.7711054  8.20933e+25 
  85    0.7879904  8.34810e+25 
  86    0.8052452  8.51362e+25 
  87    0.8228777  8.70215e+25 
  88    0.8408964  8.91250e+25 
  89    0.8593096  9.13056e+25 
  90    0.8781261  9.37025e+25 
  91    0.8973545  9.60517e+25 
  92    0.9170040  9.85478e+25 
  93    0.9370838  1.01124e+26 
  94    0.9576033  1.03735e+26 
  95    0.9785721  1.06368e+26 
  96    1.0000000  1.09002e+26 
  97    1.0218971  1.11576e+26 
  98    1.0442738  1.14028e+26 
  99    1.0671404  1.16504e+26 
 100    1.0905077  1.18692e+26 
 101    1.1143867  1.20882e+26 
 102    1.1387886  1.22856e+26 
 103    1.1637249  1.24716e+26 
 104    1.1892071  1.26329e+26 
 105    1.2152474  1.27685e+26 
 106    1.2418578  1.28835e+26 
 107    1.2690510  1.29709e+26 
 108    1.2968396  1.30370e+26 
 109    1.3252366  1.30866e+26 
 110    1.3542555  1.31250e+26 
 111    1.3839099  1.31474e+26 
 112    1.4142136  1.31530e+26 
 113    1.4451808  1.31406e+26 
 114    1.4768261  1.31219e+26 
 115    1.5091644  1.30923e+26 
 116    1.5422108  1.30506e+26 
 117    1.5759808  1.29987e+26 
 118    1.6104903  1.29460e+26 
 119    1.6457555  1.28866e+26 
 120    1.6817928  1.28271e+26 
 121    1.7186193  1.27637e+26 
 122    1.7562522  1.27070e+26 
 123    1.7947091  1.26491e+26 
 124    1.8340081  1.25871e+26 
 125    1.8741676  1.25295e+26 
 126    1.9152066  1.24679e+26 
 127    1.9571441  1.24016e+26 
 128    2.0000000  1.23413e+26 
 129    2.0437943  1.22691e+26 
 130    2.0885476  1.21913e+26 
 131    2.1342808  1.21063e+26 
 132    2.1810155  1.20056e+26 
 133    2.2287735  1.18884e+26 
 134    2.2775773  1.17588e+26 
 135    2.3274497  1.16121e+26 
 136    2.3784142  1.14598e+26 
 137    2.4304947  1.12929e+26 
 138    2.4837156  1.11329e+26 
 139    2.5381019  1.09825e+26 
 140    2.5936791  1.08266e+26 
 141    2.6504733  1.07026e+26 
 142    2.7085111  1.05893e+26 
 143    2.7678198  1.04712e+26 
 144    2.8284271  1.03201e+26 
 145    2.8903616  1.00946e+26 
 146    2.9536523  9.77344e+25 
 147    3.0183289  9.42921e+25 
 148    3.0844217  8.90597e+25 
 149    3.1519617  8.33108e+25 
 150    3.2209807  7.69788e+25 
 151    3.2915110  7.01459e+25 
 152    3.3635857  6.31696e+25 
 153    3.4372386  5.50777e+25 
 154    3.5125043  4.77237e+25 
 155    3.5894182  4.04130e+25 
 156    3.6680162  3.29059e+25 
 157    3.7483353  2.65450e+25 
 158    3.8304131  2.08438e+25 
 159    3.9142882  1.60243e+25 
 160    4.0000000  1.22154e+25 
 161    4.0875886  9.12751e+24 
 162    4.1770951  6.69024e+24 
 163    4.2685616  4.83944e+24 
 164    4.3620309  3.42003e+24 
 165    4.4575470  2.39341e+24 
 166    4.5551545  1.63811e+24 
 167    4.6548994  1.09473e+24 
 168    4.7568285  7.44655e+23 
 169    4.8609894  4.93759e+23 
 170    4.9674312  3.27854e+23 
 171    5.0762038  2.19586e+23 
 172    5.1873582  1.57832e+23 
 173    5.3009466  1.12850e+23 
 174    5.4170222  8.09748e+22 
 175    5.5356395  6.04938e+22 
 176    5.6568542  4.45936e+22 
 177    5.7807232  3.37061e+22 
 178    5.9073046  2.61803e+22 
 179    6.0366577  2.01155e+22 
 180    6.1688433  1.56948e+22 
 181    6.3039234  1.25502e+22 
 182    6.4419613  1.01204e+22 
 183    6.5830219  8.10993e+21 
 184    6.7271713  6.66773e+21 
 185    6.8744772  5.56030e+21 
 186    7.0250086  4.54718e+21 
 187    7.1788363  3.61015e+21 
 188    7.3360323  2.81112e+21 
 189    7.4966705  2.16062e+21 


# K-band (filter: Ks_mosfire.dat)
   0    0.1250000  1.88875e+25 
   1    0.1277371  1.97224e+25 
   2    0.1305342  2.05757e+25 
   3    0.1333926  2.14477e+25 
   4    0.1363135  2.21888e+25 
   5    0.1392983  2.28926e+25 
   6    0.1423486  2.35513e+25 
   7    0.1454656  2.42692e+25 
   8    0.1486509  2.46608e+25 
   9    0.1519059  2.49277e+25 
  10    0.1552322  2.54275e+25 
  11    0.1586314  2.57311e+25 
  12    0.1621049  2.59907e+25 
  13    0.1656546  2.61367e+25 
  14    0.1692819  2.62280e+25 
  15    0.1729887  2.63400e+25 
  16    0.1767767  2.63651e+25 
  17    0.1806476  2.65290e+25 
  18    0.1846033  2.64586e+25 
  19    0.1886456  2.65175e+25 
  20    0.1927764  2.64144e+25 
  21    0.1969976  2.63642e+25 
  22    0.2013113  2.61066e+25 
  23    0.2057194  2.59538e+25 
  24    0.2102241  2.56781e+25 
  25    0.2148274  2.55123e+25 
  26    0.2195315  2.51840e+25 
  27    0.2243386  2.47729e+25 
  28    0.2292510  2.42715e+25 
  29    0.2342710  2.37099e+25 
  30    0.2394008  2.32497e+25 
  31    0.2446430  2.26219e+25 
  32    0.2500000  2.20763e+25 
  33    0.2554743  2.14250e+25 
  34    0.2610684  2.08527e+25 
  35    0.2667851  2.02259e+25 
  36    0.2726269  1.95952e+25 
  37    0.2785967  1.90090e+25 
  38    0.2846972  1.83968e+25 
  39    0.2909312  1.78253e+25 
  40    0.2973018  1.72897e+25 
  41    0.3038118  1.68895e+25 
  42    0.3104645  1.63642e+25 
  43    0.3172627  1.59202e+25 
  44    0.3242099  1.55993e+25 
  45    0.3313092  1.53561e+25 
  46    0.3385639  1.51282e+25 
  47    0.3459775  1.50241e+25 
  48    0.3535534  1.50345e+25 
  49    0.3612952  1.50322e+25 
  50    0.3692065  1.51514e+25 
  51    0.3772911  1.54111e+25 
  52    0.3855527  1.56726e+25 
  53    0.3939952  1.59959e+25 
  54    0.4026226  1.64438e+25 
  55    0.4114389  1.69405e+25 
  56    0.4204482  1.74212e+25 
  57    0.4296548  1.79575e+25 
  58    0.4390630  1.85628e+25 
  59    0.4486773  1.91825e+25 
  60    0.4585020  1.97363e+25 
  61    0.4685419  2.03120e+25 
  62    0.4788016  2.09106e+25 
  63    0.4892860  2.14194e+25 
  64    0.5000000  2.18212e+25 
  65    0.5109486  2.21717e+25 
  66    0.5221369  2.23684e+25 
  67    0.5335702  2.24355e+25 
  68    0.5452539  2.24013e+25 
  69    0.5571934  2.21547e+25 
  70    0.5693943  2.17352e+25 
  71    0.5818624  2.11803e+25 
  72    0.5946036  2.04694e+25 
  73    0.6076237  1.96648e+25 
  74    0.6209289  1.87021e+25 
  75    0.6345255  1.76676e+25 
  76    0.6484198  1.66076e+25 
  77    0.6626183  1.54694e+25 
  78    0.6771278  1.43432e+25 
  79    0.6919549  1.32611e+25 
  80    0.7071068  1.22151e+25 
  81    0.7225904  1.11648e+25 
  82    0.7384131  1.02151e+25 
  83    0.7545822  9.36423e+24 
  84    0.7711054  8.56474e+24 
  85    0.7879904  7.85483e+24 
  86    0.8052452  7.22066e+24 
  87    0.8228777  6.63641e+24 
  88    0.8408964  6.13446e+24 
  89    0.8593096  5.69900e+24 
  90    0.8781261  5.29915e+24 
  91    0.8973545  4.93323e+24 
  92    0.9170040  4.61102e+24 
  93    0.9370838  4.33260e+24 
  94    0.9576033  4.10540e+24 
  95    0.9785721  3.89010e+24 
  96    1.0000000  3.68018e+24 
  97    1.0218971  3.51148e+24 
  98    1.0442738  3.36127e+24 
  99    1.0671404  3.22459e+24 
 100    1.0905077  3.10151e+24 
 101    1.1143867  3.01972e+24 
 102    1.1387886  2.95675e+24 
 103    1.1637249  2.91071e+24 
 104    1.1892071  2.89340e+24 
 105    1.2152474  2.87654e+24 
 106    1.2418578  2.87973e+24 
 107    1.2690510  2.90186e+24 
 108    1.2968396  2.94352e+24 
 109    1.3252366  2.99224e+24 
 110    1.3542555  3.05024e+24 
 111    1.3839099  3.13151e+24 
 112    1.4142136  3.21932e+24 
 113    1.4451808  3.29920e+24 
 114    1.4768261  3.38151e+24 
 115    1.5091644  3.47094e+24 
 116    1.5422108  3.55663e+24 
 117    1.5759808  3.65199e+24 
 118    1.6104903  3.74438e+24 
 119    1.6457555  3.82347e+24 
 120    1.6817928  3.89766e+24 
 121    1.7186193  3.98602e+24 
 122    1.7562522  4.06811e+24 
 123    1.7947091  4.14795e+24 
 124    1.8340081  4.22389e+24 
 125    1.8741676  4.29634e+24 
 126    1.9152066  4.35750e+24 
 127    1.9571441  4.40275e+24 
 128    2.0000000  4.44574e+24 
 129    2.0437943  4.46599e+24 
 130    2.0885476  4.47403e+24 
 131    2.1342808  4.47245e+24 
 132    2.1810155  4.45737e+24 
 133    2.2287735  4.41604e+24 
 134    2.2775773  4.36755e+24 
 135    2.3274497  4.29864e+24 
 136    2.3784142  4.19812e+24 
 137    2.4304947  4.08821e+24 
 138    2.4837156  3.95797e+24 
 139    2.5381019  3.81055e+24 
 140    2.5936791  3.65325e+24 
 141    2.6504733  3.47379e+24 
 142    2.7085111  3.28867e+24 
 143    2.7678198  3.09254e+24 
 144    2.8284271  2.89104e+24 
 145    2.8903616  2.69134e+24 
 146    2.9536523  2.48044e+24 
 147    3.0183289  2.27453e+24 
 148    3.0844217  2.08587e+24 
 149    3.1519617  1.90604e+24 
 150    3.2209807  1.72793e+24 
 151    3.2915110  1.57405e+24 
 152    3.3635857  1.42870e+24 
 153    3.4372386  1.29556e+24 
 154    3.5125043  1.17850e+24 
 155    3.5894182  1.06584e+24 
 156    3.6680162  9.65281e+23 
 157    3.7483353  8.68846e+23 
 158    3.8304131  7.82025e+23 
 159    3.9142882  6.99515e+23 
 160    4.0000000  6.20788e+23 
 161    4.0875886  5.46296e+23 
 162    4.1770951  4.72496e+23 
 163    4.2685616  4.05054e+23 
 164    4.3620309  3.44405e+23 
 165    4.4575470  2.84715e+23 
 166    4.5551545  2.34228e+23 
 167    4.6548994  1.90752e+23 
 168    4.7568285  1.50535e+23 
 169    4.8609894  1.19867e+23 
 170    4.9674312  9.26085e+22 
 171    5.0762038  7.07543e+22 
 172    5.1873582  5.39105e+22 
 173    5.3009466  4.02719e+22 
 174    5.4170222  3.06977e+22 
 175    5.5356395  2.36882e+22 
 176    5.6568542  1.80059e+22 
 177    5.7807232  1.42026e+22 
 178    5.9073046  1.09327e+22 
 179    6.0366577  8.23812e+21 
 180    6.1688433  6.27805e+21 
 181    6.3039234  4.43786e+21 
 182    6.4419613  3.04577e+21 
 183    6.5830219  2.06057e+21 
 184    6.7271713  1.45921e+21 
 185    6.8744772  1.01898e+21 
 186    7.0250086  5.98696e+20 
 187    7.1788363  3.32664e+20 
 188    7.3360323  1.34785e+20 
 189    7.4966705  2.97633e+19 


# S-band (filter: Spitzer_IRAC2.dat)
   0    0.1250000  4.01258e+24 
   1    0.1277371  3.96808e+24 
   2    0.1305342  3.92260e+24 
   3    0.1333926  3.87613e+24 
   4    0.1363135  3.76912e+24 
   5    0.1392983  3.76436e+24 
   6    0.1423486  3.73669e+24 
   7    0.1454656  3.65979e+24 
   8    0.1486509  3.58349e+24 
   9    0.1519059  3.44110e+24 
  10    0.1552322  3.32605e+24 
  11    0.1586314  3.20757e+24 
  12    0.1621049  3.15127e+24 
  13    0.1656546  3.09804e+24 
  14    0.1692819  3.01956e+24 
  15    0.1729887  2.90956e+24 
  16    0.1767767  2.81936e+24 
  17    0.1806476  2.73648e+24 
  18    0.1846033  2.64282e+24 
  19    0.1886456  2.57537e+24 
  20    0.1927764  2.47074e+24 
  21    0.1969976  2.38628e+24 
  22    0.2013113  2.32896e+24 
  23    0.2057194  2.27405e+24 
  24    0.2102241  2.17709e+24 
  25    0.2148274  2.04223e+24 
  26    0.2195315  1.95597e+24 
  27    0.2243386  1.86275e+24 
  28    0.2292510  1.77616e+24 
  29    0.2342710  1.70538e+24 
  30    0.2394008  1.62744e+24 
  31    0.2446430  1.53728e+24 
  32    0.2500000  1.45479e+24 
  33    0.2554743  1.41373e+24 
  34    0.2610684  1.36372e+24 
  35    0.2667851  1.28681e+24 
  36    0.2726269  1.25326e+24 
  37    0.2785967  1.23889e+24 
  38    0.2846972  1.20841e+24 
  39    0.2909312  1.18693e+24 
  40    0.2973018  1.17846e+24 
  41    0.3038118  1.16327e+24 
  42    0.3104645  1.13949e+24 
  43    0.3172627  1.13195e+24 
  44    0.3242099  1.12977e+24 
  45    0.3313092  1.12985e+24 
  46    0.3385639  1.14400e+24 
  47    0.3459775  1.16624e+24 
  48    0.3535534  1.18966e+24 
  49    0.3612952  1.22049e+24 
  50    0.3692065  1.24475e+24 
  51    0.3772911  1.29784e+24 
  52    0.3855527  1.34732e+24 
  53    0.3939952  1.38300e+24 
  54    0.4026226  1.43828e+24 
  55    0.4114389  1.49322e+24 
  56    0.4204482  1.54858e+24 
  57    0.4296548  1.59363e+24 
  58    0.4390630  1.64709e+24 
  59    0.4486773  1.69839e+24 
  60    0.4585020  1.73304e+24 
  61    0.4685419  1.75542e+24 
  62    0.4788016  1.77511e+24 
  63    0.4892860  1.77544e+24 
  64    0.5000000  1.78224e+24 
  65    0.5109486  1.76953e+24 
  66    0.5221369  1.73688e+24 
  67    0.5335702  1.71374e+24 
  68    0.5452539  1.68590e+24 
  69    0.5571934  1.64180e+24 
  70    0.5693943  1.58087e+24 
  71    0.5818624  1.52227e+24 
  72    0.5946036  1.45844e+24 
  73    0.6076237  1.39644e+24 
  74    0.6209289  1.34638e+24 
  75    0.6345255  1.27519e+24 
  76    0.6484198  1.20229e+24 
  77    0.6626183  1.14963e+24 
  78    0.6771278  1.09049e+24 
  79    0.6919549  1.03755e+24 
  80    0.7071068  9.77774e+23 
  81    0.7225904  9.26335e+23 
  82    0.7384131  8.76047e+23 
  83    0.7545822  8.34177e+23 
  84    0.7711054  7.91787e+23 
  85    0.7879904  7.55475e+23 
  86    0.8052452  7.26437e+23 
  87    0.8228777  6.99065e+23 
  88    0.8408964  6.77066e+23 
  89    0.8593096  6.51277e+23 
  90    0.8781261  6.27371e+23 
  91    0.8973545  6.06129e+23 
  92    0.9170040  5.89810e+23 
  93    0.9370838  5.69193e+23 
  94    0.9576033  5.52872e+23 
  95    0.9785721  5.36190e+23 
  96    1.0000000  5.27899e+23 
  97    1.0218971  5.10688e+23 
  98    1.0442738  4.91562e+23 
  99    1.0671404  4.78097e+23 
 100    1.0905077  4.59460e+23 
 101    1.1143867  4.46194e+23 
 102    1.1387886  4.28073e+23 
 103    1.1637249  4.17454e+23 
 104    1.1892071  4.01940e+23 
 105    1.2152474  3.89981e+23 
 106    1.2418578  3.82285e+23 
 107    1.2690510  3.72749e+23 
 108    1.2968396  3.63270e+23 
 109    1.3252366  3.54514e+23 
 110    1.3542555  3.48992e+23 
 111    1.3839099  3.40567e+23 
 112    1.4142136  3.34778e+23 
 113    1.4451808  3.27237e+23 
 114    1.4768261  3.18900e+23 
 115    1.5091644  3.11850e+23 
 116    1.5422108  3.06095e+23 
 117    1.5759808  3.01721e+23 
 118    1.6104903  2.94631e+23 
 119    1.6457555  2.88781e+23 
 120    1.6817928  2.80392e+23 
 121    1.7186193  2.75623e+23 
 122    1.7562522  2.72606e+23 
 123    1.7947091  2.66920e+23 
 124    1.8340081  2.64071e+23 
 125    1.8741676  2.59871e+23 
 126    1.9152066  2.57469e+23 
 127    1.9571441  2.55091e+23 
 128    2.0000000  2.51509e+23 
 129    2.0437943  2.47237e+23 
 130    2.0885476  2.46384e+23 
 131    2.1342808  2.43599e+23 
 132    2.1810155  2.39322e+23 
 133    2.2287735  2.32785e+23 
 134    2.2775773  2.30276e+23 
 135    2.3274497  2.27787e+23 
 136    2.3784142  2.27059e+23 
 137    2.4304947  2.23407e+23 
 138    2.4837156  2.18533e+23 
 139    2.5381019  2.13251e+23 
 140    2.5936791  2.07018e+23 
 141    2.6504733  1.99367e+23 
 142    2.7085111  1.87730e+23 
 143    2.7678198  1.76471e+23 
 144    2.8284271  1.63565e+23 
 145    2.8903616  1.50414e+23 
 146    2.9536523  1.35326e+23 
 147    3.0183289  1.18508e+23 
 148    3.0844217  1.01048e+23 
 149    3.1519617  8.79661e+22 
 150    3.2209807  7.26219e+22 
 151    3.2915110  5.88843e+22 
 152    3.3635857  4.75072e+22 
 153    3.4372386  3.66485e+22 
 154    3.5125043  2.82029e+22 
 155    3.5894182  2.17042e+22 
 156    3.6680162  1.65935e+22 
 157    3.7483353  1.26265e+22 
 158    3.8304131  9.42078e+21 
 159    3.9142882  7.11949e+21 
 160    4.0000000  5.44105e+21 
 161    4.0875886  4.18123e+21 
 162    4.1770951  3.19160e+21 
 163    4.2685616  2.46443e+21 
 164    4.3620309  1.99097e+21 
 165    4.4575470  1.61742e+21 
 166    4.5551545  1.24287e+21 
 167    4.6548994  8.49439e+20 
 168    4.7568285  6.35380e+20 
 169    4.8609894  4.86356e+20 
 170    4.9674312  3.28621e+20 
 171    5.0762038  2.95395e+20 
 172    5.1873582  1.78382e+20 
 173    5.3009466  1.04509e+20 
 174    5.4170222  8.76078e+19 
 175    5.5356395  6.06797e+19 
 176    5.6568542  5.77153e+19 
 177    5.7807232  3.38313e+19 
 178    5.9073046  2.99597e+19 
 179    6.0366577  2.56155e+19 
 180    6.1688433  2.30734e+19 
 181    6.3039234  2.00082e+19 
 182    6.4419613  1.74993e+19 
 183    6.5830219  1.50782e+19 
 184    6.7271713  1.27767e+19 
 185    6.8744772  1.07669e+19 
 186    7.0250086  8.65287e+18 
 187    7.1788363  6.07013e+18 
 188    7.3360323  4.23188e+18 
 189    7.4966705  2.68379e+18 


