# 1:iteration 2:time bin[s] 3-k:equiv. isotropic luminosity in k-th angular bin [erg/s]
# bolometric luminosity going in angular bin
   0    0.1250000  2.13259e+41 
   1    0.1277371  2.20773e+41 
   2    0.1305342  2.28452e+41 
   3    0.1333926  2.36299e+41 
   4    0.1363135  2.44484e+41 
   5    0.1392983  2.52822e+41 
   6    0.1423486  2.61925e+41 
   7    0.1454656  2.71850e+41 
   8    0.1486509  2.81595e+41 
   9    0.1519059  2.91324e+41 
  10    0.1552322  3.01405e+41 
  11    0.1586314  3.11687e+41 
  12    0.1621049  3.22344e+41 
  13    0.1656546  3.33466e+41 
  14    0.1692819  3.45063e+41 
  15    0.1729887  3.56337e+41 
  16    0.1767767  3.66930e+41 
  17    0.1806476  3.76949e+41 
  18    0.1846033  3.87308e+41 
  19    0.1886456  3.96326e+41 
  20    0.1927764  4.04686e+41 
  21    0.1969976  4.13112e+41 
  22    0.2013113  4.20890e+41 
  23    0.2057194  4.28795e+41 
  24    0.2102241  4.36149e+41 
  25    0.2148274  4.43465e+41 
  26    0.2195315  4.49119e+41 
  27    0.2243386  4.54794e+41 
  28    0.2292510  4.58461e+41 
  29    0.2342710  4.61944e+41 
  30    0.2394008  4.65292e+41 
  31    0.2446430  4.67842e+41 
  32    0.2500000  4.70952e+41 
  33    0.2554743  4.73236e+41 
  34    0.2610684  4.76175e+41 
  35    0.2667851  4.78949e+41 
  36    0.2726269  4.81140e+41 
  37    0.2785967  4.83722e+41 
  38    0.2846972  4.87104e+41 
  39    0.2909312  4.91624e+41 
  40    0.2973018  4.96791e+41 
  41    0.3038118  5.03585e+41 
  42    0.3104645  5.10532e+41 
  43    0.3172627  5.18396e+41 
  44    0.3242099  5.27344e+41 
  45    0.3313092  5.37109e+41 
  46    0.3385639  5.47044e+41 
  47    0.3459775  5.58179e+41 
  48    0.3535534  5.70743e+41 
  49    0.3612952  5.83361e+41 
  50    0.3692065  5.96340e+41 
  51    0.3772911  6.09006e+41 
  52    0.3855527  6.22348e+41 
  53    0.3939952  6.34980e+41 
  54    0.4026226  6.48680e+41 
  55    0.4114389  6.61691e+41 
  56    0.4204482  6.73527e+41 
  57    0.4296548  6.85388e+41 
  58    0.4390630  6.98297e+41 
  59    0.4486773  7.10920e+41 
  60    0.4585020  7.23734e+41 
  61    0.4685419  7.36585e+41 
  62    0.4788016  7.50360e+41 
  63    0.4892860  7.65288e+41 
  64    0.5000000  7.80103e+41 
  65    0.5109486  7.96106e+41 
  66    0.5221369  8.15265e+41 
  67    0.5335702  8.35625e+41 
  68    0.5452539  8.56612e+41 
  69    0.5571934  8.78630e+41 
  70    0.5693943  9.02650e+41 
  71    0.5818624  9.29214e+41 
  72    0.5946036  9.60211e+41 
  73    0.6076237  9.90538e+41 
  74    0.6209289  1.02208e+42 
  75    0.6345255  1.05520e+42 
  76    0.6484198  1.09197e+42 
  77    0.6626183  1.12916e+42 
  78    0.6771278  1.17062e+42 
  79    0.6919549  1.21705e+42 
  80    0.7071068  1.26780e+42 
  81    0.7225904  1.31909e+42 
  82    0.7384131  1.37110e+42 
  83    0.7545822  1.42339e+42 
  84    0.7711054  1.48135e+42 
  85    0.7879904  1.53943e+42 
  86    0.8052452  1.59981e+42 
  87    0.8228777  1.66176e+42 
  88    0.8408964  1.72601e+42 
  89    0.8593096  1.80035e+42 
  90    0.8781261  1.87087e+42 
  91    0.8973545  1.93980e+42 
  92    0.9170040  2.00525e+42 
  93    0.9370838  2.07337e+42 
  94    0.9576033  2.14098e+42 
  95    0.9785721  2.21124e+42 
  96    1.0000000  2.27924e+42 
  97    1.0218971  2.34122e+42 
  98    1.0442738  2.40776e+42 
  99    1.0671404  2.47637e+42 
 100    1.0905077  2.56085e+42 
 101    1.1143867  2.63547e+42 
 102    1.1387886  2.71339e+42 
 103    1.1637249  2.80210e+42 
 104    1.1892071  2.90652e+42 
 105    1.2152474  3.01411e+42 
 106    1.2418578  3.12268e+42 
 107    1.2690510  3.22964e+42 
 108    1.2968396  3.34031e+42 
 109    1.3252366  3.45876e+42 
 110    1.3542555  3.57142e+42 
 111    1.3839099  3.67908e+42 
 112    1.4142136  3.78750e+42 
 113    1.4451808  3.89040e+42 
 114    1.4768261  3.99141e+42 
 115    1.5091644  4.08317e+42 
 116    1.5422108  4.16716e+42 
 117    1.5759808  4.23827e+42 
 118    1.6104903  4.30815e+42 
 119    1.6457555  4.35561e+42 
 120    1.6817928  4.39255e+42 
 121    1.7186193  4.42677e+42 
 122    1.7562522  4.44986e+42 
 123    1.7947091  4.46963e+42 
 124    1.8340081  4.47986e+42 
 125    1.8741676  4.47693e+42 
 126    1.9152066  4.48411e+42 
 127    1.9571441  4.51844e+42 
 128    2.0000000  4.54454e+42 
 129    2.0437943  4.51209e+42 
 130    2.0885476  4.39161e+42 
 131    2.1342808  4.28493e+42 
 132    2.1810155  4.11780e+42 
 133    2.2287735  3.95011e+42 
 134    2.2775773  3.75427e+42 
 135    2.3274497  3.56034e+42 
 136    2.3784142  3.38688e+42 
 137    2.4304947  3.17096e+42 
 138    2.4837156  3.00569e+42 
 139    2.5381019  2.81083e+42 
 140    2.5936791  2.61882e+42 
 141    2.6504733  2.46599e+42 
 142    2.7085111  2.36022e+42 
 143    2.7678198  2.28440e+42 
 144    2.8284271  2.21288e+42 
 145    2.8903616  2.14951e+42 
 146    2.9536523  2.10239e+42 
 147    3.0183289  2.05491e+42 
 148    3.0844217  2.00008e+42 
 149    3.1519617  1.93870e+42 
 150    3.2209807  1.87239e+42 
 151    3.2915110  1.80034e+42 
 152    3.3635857  1.72599e+42 
 153    3.4372386  1.64762e+42 
 154    3.5125043  1.56858e+42 
 155    3.5894182  1.48673e+42 
 156    3.6680162  1.40065e+42 
 157    3.7483353  1.31273e+42 
 158    3.8304131  1.22240e+42 
 159    3.9142882  1.13150e+42 
 160    4.0000000  1.04011e+42 
 161    4.0875886  9.49901e+41 
 162    4.1770951  8.59482e+41 
 163    4.2685616  7.72305e+41 
 164    4.3620309  6.87863e+41 
 165    4.4575470  6.02673e+41 
 166    4.5551545  5.26398e+41 
 167    4.6548994  4.55717e+41 
 168    4.7568285  3.87596e+41 
 169    4.8609894  3.31209e+41 
 170    4.9674312  2.81112e+41 
 171    5.0762038  2.37016e+41 
 172    5.1873582  1.99291e+41 
 173    5.3009466  1.68445e+41 
 174    5.4170222  1.42906e+41 
 175    5.5356395  1.23032e+41 
 176    5.6568542  1.06795e+41 
 177    5.7807232  9.37296e+40 
 178    5.9073046  8.34960e+40 
 179    6.0366577  7.47777e+40 
 180    6.1688433  6.73627e+40 
 181    6.3039234  6.09864e+40 
 182    6.4419613  5.52374e+40 
 183    6.5830219  5.00337e+40 
 184    6.7271713  4.51810e+40 
 185    6.8744772  4.07373e+40 
 186    7.0250086  3.63463e+40 
 187    7.1788363  3.20208e+40 
 188    7.3360323  2.78166e+40 
 189    7.4966705  2.38424e+40 


# g-band (filter: g_LSST.dat)
   0    0.1250000  3.72311e+26 
   1    0.1277371  3.73762e+26 
   2    0.1305342  3.75245e+26 
   3    0.1333926  3.76761e+26 
   4    0.1363135  3.77635e+26 
   5    0.1392983  3.78189e+26 
   6    0.1423486  3.78265e+26 
   7    0.1454656  3.77865e+26 
   8    0.1486509  3.77118e+26 
   9    0.1519059  3.75859e+26 
  10    0.1552322  3.73993e+26 
  11    0.1586314  3.71670e+26 
  12    0.1621049  3.68703e+26 
  13    0.1656546  3.65437e+26 
  14    0.1692819  3.61898e+26 
  15    0.1729887  3.58059e+26 
  16    0.1767767  3.53872e+26 
  17    0.1806476  3.49474e+26 
  18    0.1846033  3.44434e+26 
  19    0.1886456  3.38867e+26 
  20    0.1927764  3.33120e+26 
  21    0.1969976  3.26983e+26 
  22    0.2013113  3.20622e+26 
  23    0.2057194  3.14008e+26 
  24    0.2102241  3.07004e+26 
  25    0.2148274  2.99494e+26 
  26    0.2195315  2.91474e+26 
  27    0.2243386  2.83281e+26 
  28    0.2292510  2.74662e+26 
  29    0.2342710  2.65398e+26 
  30    0.2394008  2.56424e+26 
  31    0.2446430  2.47679e+26 
  32    0.2500000  2.38468e+26 
  33    0.2554743  2.29203e+26 
  34    0.2610684  2.20465e+26 
  35    0.2667851  2.12446e+26 
  36    0.2726269  2.04949e+26 
  37    0.2785967  1.97899e+26 
  38    0.2846972  1.91833e+26 
  39    0.2909312  1.86506e+26 
  40    0.2973018  1.81982e+26 
  41    0.3038118  1.79062e+26 
  42    0.3104645  1.76884e+26 
  43    0.3172627  1.76077e+26 
  44    0.3242099  1.76742e+26 
  45    0.3313092  1.79124e+26 
  46    0.3385639  1.82369e+26 
  47    0.3459775  1.86969e+26 
  48    0.3535534  1.92213e+26 
  49    0.3612952  1.98365e+26 
  50    0.3692065  2.06675e+26 
  51    0.3772911  2.15136e+26 
  52    0.3855527  2.24666e+26 
  53    0.3939952  2.34530e+26 
  54    0.4026226  2.45173e+26 
  55    0.4114389  2.55711e+26 
  56    0.4204482  2.67099e+26 
  57    0.4296548  2.78684e+26 
  58    0.4390630  2.91283e+26 
  59    0.4486773  3.04191e+26 
  60    0.4585020  3.18574e+26 
  61    0.4685419  3.34045e+26 
  62    0.4788016  3.48906e+26 
  63    0.4892860  3.65944e+26 
  64    0.5000000  3.82636e+26 
  65    0.5109486  4.00621e+26 
  66    0.5221369  4.17597e+26 
  67    0.5335702  4.35623e+26 
  68    0.5452539  4.54973e+26 
  69    0.5571934  4.78938e+26 
  70    0.5693943  5.04629e+26 
  71    0.5818624  5.28247e+26 
  72    0.5946036  5.51507e+26 
  73    0.6076237  5.75086e+26 
  74    0.6209289  5.99872e+26 
  75    0.6345255  6.23227e+26 
  76    0.6484198  6.46178e+26 
  77    0.6626183  6.70661e+26 
  78    0.6771278  6.89765e+26 
  79    0.6919549  7.14504e+26 
  80    0.7071068  7.56344e+26 
  81    0.7225904  7.90476e+26 
  82    0.7384131  8.31778e+26 
  83    0.7545822  8.89033e+26 
  84    0.7711054  9.52369e+26 
  85    0.7879904  1.02968e+27 
  86    0.8052452  1.12352e+27 
  87    0.8228777  1.22363e+27 
  88    0.8408964  1.35434e+27 
  89    0.8593096  1.52689e+27 
  90    0.8781261  1.70597e+27 
  91    0.8973545  1.91725e+27 
  92    0.9170040  2.12936e+27 
  93    0.9370838  2.35653e+27 
  94    0.9576033  2.58669e+27 
  95    0.9785721  2.81630e+27 
  96    1.0000000  3.06577e+27 
  97    1.0218971  3.31675e+27 
  98    1.0442738  3.57655e+27 
  99    1.0671404  3.83170e+27 
 100    1.0905077  4.07418e+27 
 101    1.1143867  4.29221e+27 
 102    1.1387886  4.51471e+27 
 103    1.1637249  4.72679e+27 
 104    1.1892071  4.92791e+27 
 105    1.2152474  5.12431e+27 
 106    1.2418578  5.31037e+27 
 107    1.2690510  5.48756e+27 
 108    1.2968396  5.64730e+27 
 109    1.3252366  5.79906e+27 
 110    1.3542555  5.92755e+27 
 111    1.3839099  6.05095e+27 
 112    1.4142136  6.16593e+27 
 113    1.4451808  6.26855e+27 
 114    1.4768261  6.35311e+27 
 115    1.5091644  6.43444e+27 
 116    1.5422108  6.51793e+27 
 117    1.5759808  6.59178e+27 
 118    1.6104903  6.66470e+27 
 119    1.6457555  6.72228e+27 
 120    1.6817928  6.76629e+27 
 121    1.7186193  6.80388e+27 
 122    1.7562522  6.81253e+27 
 123    1.7947091  6.79750e+27 
 124    1.8340081  6.76806e+27 
 125    1.8741676  6.72919e+27 
 126    1.9152066  6.70182e+27 
 127    1.9571441  6.76004e+27 
 128    2.0000000  6.86492e+27 
 129    2.0437943  6.89525e+27 
 130    2.0885476  6.66080e+27 
 131    2.1342808  6.48055e+27 
 132    2.1810155  6.19048e+27 
 133    2.2287735  5.93399e+27 
 134    2.2775773  5.64103e+27 
 135    2.3274497  5.34816e+27 
 136    2.3784142  5.10605e+27 
 137    2.4304947  4.78742e+27 
 138    2.4837156  4.57736e+27 
 139    2.5381019  4.30859e+27 
 140    2.5936791  3.97981e+27 
 141    2.6504733  3.74065e+27 
 142    2.7085111  3.65043e+27 
 143    2.7678198  3.60618e+27 
 144    2.8284271  3.58182e+27 
 145    2.8903616  3.56440e+27 
 146    2.9536523  3.59841e+27 
 147    3.0183289  3.64242e+27 
 148    3.0844217  3.68699e+27 
 149    3.1519617  3.72808e+27 
 150    3.2209807  3.76784e+27 
 151    3.2915110  3.79339e+27 
 152    3.3635857  3.80156e+27 
 153    3.4372386  3.80429e+27 
 154    3.5125043  3.76701e+27 
 155    3.5894182  3.70012e+27 
 156    3.6680162  3.61681e+27 
 157    3.7483353  3.47966e+27 
 158    3.8304131  3.31562e+27 
 159    3.9142882  3.12471e+27 
 160    4.0000000  2.90413e+27 
 161    4.0875886  2.66697e+27 
 162    4.1770951  2.40144e+27 
 163    4.2685616  2.14055e+27 
 164    4.3620309  1.88102e+27 
 165    4.4575470  1.61045e+27 
 166    4.5551545  1.37292e+27 
 167    4.6548994  1.15265e+27 
 168    4.7568285  9.42741e+26 
 169    4.8609894  7.72476e+26 
 170    4.9674312  6.23440e+26 
 171    5.0762038  4.94897e+26 
 172    5.1873582  3.89419e+26 
 173    5.3009466  3.03634e+26 
 174    5.4170222  2.34555e+26 
 175    5.5356395  1.82546e+26 
 176    5.6568542  1.40872e+26 
 177    5.7807232  1.08443e+26 
 178    5.9073046  8.36933e+25 
 179    6.0366577  6.43821e+25 
 180    6.1688433  4.91838e+25 
 181    6.3039234  3.68733e+25 
 182    6.4419613  2.74228e+25 
 183    6.5830219  1.98129e+25 
 184    6.7271713  1.40878e+25 
 185    6.8744772  9.76599e+24 
 186    7.0250086  6.24084e+24 
 187    7.1788363  3.83571e+24 
 188    7.3360323  2.08283e+24 
 189    7.4966705  9.97499e+23 


# r-band (filter: r_LSST.dat)
   0    0.1250000  3.79102e+26 
   1    0.1277371  3.84747e+26 
   2    0.1305342  3.90515e+26 
   3    0.1333926  3.96410e+26 
   4    0.1363135  4.02218e+26 
   5    0.1392983  4.07459e+26 
   6    0.1423486  4.11954e+26 
   7    0.1454656  4.16689e+26 
   8    0.1486509  4.20780e+26 
   9    0.1519059  4.24101e+26 
  10    0.1552322  4.27025e+26 
  11    0.1586314  4.29762e+26 
  12    0.1621049  4.32318e+26 
  13    0.1656546  4.34246e+26 
  14    0.1692819  4.36081e+26 
  15    0.1729887  4.37523e+26 
  16    0.1767767  4.38685e+26 
  17    0.1806476  4.39776e+26 
  18    0.1846033  4.40251e+26 
  19    0.1886456  4.40359e+26 
  20    0.1927764  4.40159e+26 
  21    0.1969976  4.39907e+26 
  22    0.2013113  4.39332e+26 
  23    0.2057194  4.38058e+26 
  24    0.2102241  4.36838e+26 
  25    0.2148274  4.35325e+26 
  26    0.2195315  4.33291e+26 
  27    0.2243386  4.31063e+26 
  28    0.2292510  4.28640e+26 
  29    0.2342710  4.26283e+26 
  30    0.2394008  4.23704e+26 
  31    0.2446430  4.20401e+26 
  32    0.2500000  4.17303e+26 
  33    0.2554743  4.14381e+26 
  34    0.2610684  4.12235e+26 
  35    0.2667851  4.09947e+26 
  36    0.2726269  4.07847e+26 
  37    0.2785967  4.06260e+26 
  38    0.2846972  4.05342e+26 
  39    0.2909312  4.04952e+26 
  40    0.2973018  4.05312e+26 
  41    0.3038118  4.06456e+26 
  42    0.3104645  4.08138e+26 
  43    0.3172627  4.11546e+26 
  44    0.3242099  4.17965e+26 
  45    0.3313092  4.24104e+26 
  46    0.3385639  4.30575e+26 
  47    0.3459775  4.39998e+26 
  48    0.3535534  4.51220e+26 
  49    0.3612952  4.62951e+26 
  50    0.3692065  4.79166e+26 
  51    0.3772911  4.98723e+26 
  52    0.3855527  5.18749e+26 
  53    0.3939952  5.44035e+26 
  54    0.4026226  5.74505e+26 
  55    0.4114389  6.01489e+26 
  56    0.4204482  6.25569e+26 
  57    0.4296548  6.51647e+26 
  58    0.4390630  6.81048e+26 
  59    0.4486773  7.12768e+26 
  60    0.4585020  7.45184e+26 
  61    0.4685419  7.80231e+26 
  62    0.4788016  8.17801e+26 
  63    0.4892860  8.66377e+26 
  64    0.5000000  9.18500e+26 
  65    0.5109486  9.81268e+26 
  66    0.5221369  1.08050e+27 
  67    0.5335702  1.18369e+27 
  68    0.5452539  1.28856e+27 
  69    0.5571934  1.39348e+27 
  70    0.5693943  1.51106e+27 
  71    0.5818624  1.66709e+27 
  72    0.5946036  1.85753e+27 
  73    0.6076237  2.03716e+27 
  74    0.6209289  2.23138e+27 
  75    0.6345255  2.43648e+27 
  76    0.6484198  2.67315e+27 
  77    0.6626183  2.90755e+27 
  78    0.6771278  3.22597e+27 
  79    0.6919549  3.57373e+27 
  80    0.7071068  3.92588e+27 
  81    0.7225904  4.29590e+27 
  82    0.7384131  4.64739e+27 
  83    0.7545822  4.97120e+27 
  84    0.7711054  5.34176e+27 
  85    0.7879904  5.65519e+27 
  86    0.8052452  5.96175e+27 
  87    0.8228777  6.26834e+27 
  88    0.8408964  6.53948e+27 
  89    0.8593096  6.83340e+27 
  90    0.8781261  7.04771e+27 
  91    0.8973545  7.18523e+27 
  92    0.9170040  7.28296e+27 
  93    0.9370838  7.37450e+27 
  94    0.9576033  7.43730e+27 
  95    0.9785721  7.49320e+27 
  96    1.0000000  7.49426e+27 
  97    1.0218971  7.39206e+27 
  98    1.0442738  7.32277e+27 
  99    1.0671404  7.26329e+27 
 100    1.0905077  7.36102e+27 
 101    1.1143867  7.38826e+27 
 102    1.1387886  7.42671e+27 
 103    1.1637249  7.55231e+27 
 104    1.1892071  7.82684e+27 
 105    1.2152474  8.12735e+27 
 106    1.2418578  8.45548e+27 
 107    1.2690510  8.76176e+27 
 108    1.2968396  9.11023e+27 
 109    1.3252366  9.53970e+27 
 110    1.3542555  9.89964e+27 
 111    1.3839099  1.01781e+28 
 112    1.4142136  1.04434e+28 
 113    1.4451808  1.06306e+28 
 114    1.4768261  1.08213e+28 
 115    1.5091644  1.09064e+28 
 116    1.5422108  1.09066e+28 
 117    1.5759808  1.08163e+28 
 118    1.6104903  1.06794e+28 
 119    1.6457555  1.04360e+28 
 120    1.6817928  1.01318e+28 
 121    1.7186193  9.78856e+27 
 122    1.7562522  9.36315e+27 
 123    1.7947091  8.90907e+27 
 124    1.8340081  8.44570e+27 
 125    1.8741676  7.92616e+27 
 126    1.9152066  7.45283e+27 
 127    1.9571441  7.02942e+27 
 128    2.0000000  6.50884e+27 
 129    2.0437943  5.94610e+27 
 130    2.0885476  5.39635e+27 
 131    2.1342808  4.88897e+27 
 132    2.1810155  4.41155e+27 
 133    2.2287735  3.97025e+27 
 134    2.2775773  3.54745e+27 
 135    2.3274497  3.19766e+27 
 136    2.3784142  2.89986e+27 
 137    2.4304947  2.59058e+27 
 138    2.4837156  2.35194e+27 
 139    2.5381019  2.08060e+27 
 140    2.5936791  1.91948e+27 
 141    2.6504733  1.80998e+27 
 142    2.7085111  1.73507e+27 
 143    2.7678198  1.69074e+27 
 144    2.8284271  1.65907e+27 
 145    2.8903616  1.65063e+27 
 146    2.9536523  1.65744e+27 
 147    3.0183289  1.67059e+27 
 148    3.0844217  1.69086e+27 
 149    3.1519617  1.71678e+27 
 150    3.2209807  1.74681e+27 
 151    3.2915110  1.78398e+27 
 152    3.3635857  1.82421e+27 
 153    3.4372386  1.86800e+27 
 154    3.5125043  1.91041e+27 
 155    3.5894182  1.94685e+27 
 156    3.6680162  1.98356e+27 
 157    3.7483353  1.99927e+27 
 158    3.8304131  2.00072e+27 
 159    3.9142882  1.99682e+27 
 160    4.0000000  1.96089e+27 
 161    4.0875886  1.90365e+27 
 162    4.1770951  1.83046e+27 
 163    4.2685616  1.72610e+27 
 164    4.3620309  1.60592e+27 
 165    4.4575470  1.46747e+27 
 166    4.5551545  1.32299e+27 
 167    4.6548994  1.17839e+27 
 168    4.7568285  1.02215e+27 
 169    4.8609894  8.87137e+26 
 170    4.9674312  7.60730e+26 
 171    5.0762038  6.42770e+26 
 172    5.1873582  5.33745e+26 
 173    5.3009466  4.45430e+26 
 174    5.4170222  3.70548e+26 
 175    5.5356395  3.12881e+26 
 176    5.6568542  2.66058e+26 
 177    5.7807232  2.29111e+26 
 178    5.9073046  2.02075e+26 
 179    6.0366577  1.77858e+26 
 180    6.1688433  1.57451e+26 
 181    6.3039234  1.39950e+26 
 182    6.4419613  1.23753e+26 
 183    6.5830219  1.08935e+26 
 184    6.7271713  9.39291e+25 
 185    6.8744772  8.07039e+25 
 186    7.0250086  6.67172e+25 
 187    7.1788363  5.23769e+25 
 188    7.3360323  3.87778e+25 
 189    7.4966705  2.70808e+25 


# i-band (filter: i_LSST.dat)
   0    0.1250000  2.45230e+26 
   1    0.1277371  2.50245e+26 
   2    0.1305342  2.55369e+26 
   3    0.1333926  2.60606e+26 
   4    0.1363135  2.65608e+26 
   5    0.1392983  2.70396e+26 
   6    0.1423486  2.75341e+26 
   7    0.1454656  2.80394e+26 
   8    0.1486509  2.84899e+26 
   9    0.1519059  2.89680e+26 
  10    0.1552322  2.93980e+26 
  11    0.1586314  2.98404e+26 
  12    0.1621049  3.03298e+26 
  13    0.1656546  3.07254e+26 
  14    0.1692819  3.11389e+26 
  15    0.1729887  3.15492e+26 
  16    0.1767767  3.19424e+26 
  17    0.1806476  3.22837e+26 
  18    0.1846033  3.26238e+26 
  19    0.1886456  3.28552e+26 
  20    0.1927764  3.31017e+26 
  21    0.1969976  3.32506e+26 
  22    0.2013113  3.33425e+26 
  23    0.2057194  3.32912e+26 
  24    0.2102241  3.31767e+26 
  25    0.2148274  3.30061e+26 
  26    0.2195315  3.27317e+26 
  27    0.2243386  3.23802e+26 
  28    0.2292510  3.20096e+26 
  29    0.2342710  3.16635e+26 
  30    0.2394008  3.12270e+26 
  31    0.2446430  3.07620e+26 
  32    0.2500000  3.02907e+26 
  33    0.2554743  2.97709e+26 
  34    0.2610684  2.94398e+26 
  35    0.2667851  2.93192e+26 
  36    0.2726269  2.91699e+26 
  37    0.2785967  2.93487e+26 
  38    0.2846972  3.02278e+26 
  39    0.2909312  3.12910e+26 
  40    0.2973018  3.24600e+26 
  41    0.3038118  3.45860e+26 
  42    0.3104645  3.68799e+26 
  43    0.3172627  3.96806e+26 
  44    0.3242099  4.32059e+26 
  45    0.3313092  4.65059e+26 
  46    0.3385639  5.03710e+26 
  47    0.3459775  5.47987e+26 
  48    0.3535534  6.11255e+26 
  49    0.3612952  6.65644e+26 
  50    0.3692065  7.19618e+26 
  51    0.3772911  7.71737e+26 
  52    0.3855527  8.26481e+26 
  53    0.3939952  8.74502e+26 
  54    0.4026226  9.27873e+26 
  55    0.4114389  9.78129e+26 
  56    0.4204482  1.02160e+27 
  57    0.4296548  1.07018e+27 
  58    0.4390630  1.12372e+27 
  59    0.4486773  1.16836e+27 
  60    0.4585020  1.21463e+27 
  61    0.4685419  1.26341e+27 
  62    0.4788016  1.32305e+27 
  63    0.4892860  1.38194e+27 
  64    0.5000000  1.43547e+27 
  65    0.5109486  1.49481e+27 
  66    0.5221369  1.55721e+27 
  67    0.5335702  1.62698e+27 
  68    0.5452539  1.70230e+27 
  69    0.5571934  1.78474e+27 
  70    0.5693943  1.87110e+27 
  71    0.5818624  1.95985e+27 
  72    0.5946036  2.06038e+27 
  73    0.6076237  2.16551e+27 
  74    0.6209289  2.27092e+27 
  75    0.6345255  2.38579e+27 
  76    0.6484198  2.51021e+27 
  77    0.6626183  2.64047e+27 
  78    0.6771278  2.76906e+27 
  79    0.6919549  2.89750e+27 
  80    0.7071068  3.02705e+27 
  81    0.7225904  3.16066e+27 
  82    0.7384131  3.29664e+27 
  83    0.7545822  3.42934e+27 
  84    0.7711054  3.56536e+27 
  85    0.7879904  3.69868e+27 
  86    0.8052452  3.82832e+27 
  87    0.8228777  3.95548e+27 
  88    0.8408964  4.07410e+27 
  89    0.8593096  4.18550e+27 
  90    0.8781261  4.29780e+27 
  91    0.8973545  4.39779e+27 
  92    0.9170040  4.48853e+27 
  93    0.9370838  4.57332e+27 
  94    0.9576033  4.64541e+27 
  95    0.9785721  4.70519e+27 
  96    1.0000000  4.75303e+27 
  97    1.0218971  4.78545e+27 
  98    1.0442738  4.80602e+27 
  99    1.0671404  4.81857e+27 
 100    1.0905077  4.81579e+27 
 101    1.1143867  4.79939e+27 
 102    1.1387886  4.77274e+27 
 103    1.1637249  4.73802e+27 
 104    1.1892071  4.68799e+27 
 105    1.2152474  4.62919e+27 
 106    1.2418578  4.56198e+27 
 107    1.2690510  4.48702e+27 
 108    1.2968396  4.40544e+27 
 109    1.3252366  4.31646e+27 
 110    1.3542555  4.22027e+27 
 111    1.3839099  4.11969e+27 
 112    1.4142136  4.01470e+27 
 113    1.4451808  3.90721e+27 
 114    1.4768261  3.79709e+27 
 115    1.5091644  3.68473e+27 
 116    1.5422108  3.57027e+27 
 117    1.5759808  3.44741e+27 
 118    1.6104903  3.32132e+27 
 119    1.6457555  3.18573e+27 
 120    1.6817928  3.04707e+27 
 121    1.7186193  2.90646e+27 
 122    1.7562522  2.76371e+27 
 123    1.7947091  2.62074e+27 
 124    1.8340081  2.48067e+27 
 125    1.8741676  2.33366e+27 
 126    1.9152066  2.19347e+27 
 127    1.9571441  2.03883e+27 
 128    2.0000000  1.88121e+27 
 129    2.0437943  1.71416e+27 
 130    2.0885476  1.55432e+27 
 131    2.1342808  1.40107e+27 
 132    2.1810155  1.26442e+27 
 133    2.2287735  1.13725e+27 
 134    2.2775773  1.00900e+27 
 135    2.3274497  9.08117e+26 
 136    2.3784142  8.16557e+26 
 137    2.4304947  7.30420e+26 
 138    2.4837156  6.61340e+26 
 139    2.5381019  6.07019e+26 
 140    2.5936791  5.74097e+26 
 141    2.6504733  5.51506e+26 
 142    2.7085111  5.37193e+26 
 143    2.7678198  5.29338e+26 
 144    2.8284271  5.23401e+26 
 145    2.8903616  5.21955e+26 
 146    2.9536523  5.21419e+26 
 147    3.0183289  5.21068e+26 
 148    3.0844217  5.20660e+26 
 149    3.1519617  5.20992e+26 
 150    3.2209807  5.21381e+26 
 151    3.2915110  5.22976e+26 
 152    3.3635857  5.25462e+26 
 153    3.4372386  5.28100e+26 
 154    3.5125043  5.31547e+26 
 155    3.5894182  5.33913e+26 
 156    3.6680162  5.36446e+26 
 157    3.7483353  5.35471e+26 
 158    3.8304131  5.32351e+26 
 159    3.9142882  5.28421e+26 
 160    4.0000000  5.17229e+26 
 161    4.0875886  5.01247e+26 
 162    4.1770951  4.82793e+26 
 163    4.2685616  4.56807e+26 
 164    4.3620309  4.26965e+26 
 165    4.4575470  3.93029e+26 
 166    4.5551545  3.57247e+26 
 167    4.6548994  3.20832e+26 
 168    4.7568285  2.81369e+26 
 169    4.8609894  2.46462e+26 
 170    4.9674312  2.13349e+26 
 171    5.0762038  1.83018e+26 
 172    5.1873582  1.54812e+26 
 173    5.3009466  1.33538e+26 
 174    5.4170222  1.16342e+26 
 175    5.5356395  1.03552e+26 
 176    5.6568542  9.57654e+25 
 177    5.7807232  9.12092e+25 
 178    5.9073046  9.01458e+25 
 179    6.0366577  9.04318e+25 
 180    6.1688433  9.12744e+25 
 181    6.3039234  9.37223e+25 
 182    6.4419613  9.39656e+25 
 183    6.5830219  9.36581e+25 
 184    6.7271713  9.31345e+25 
 185    6.8744772  9.04262e+25 
 186    7.0250086  8.75923e+25 
 187    7.1788363  8.31969e+25 
 188    7.3360323  7.71174e+25 
 189    7.4966705  6.85282e+25 


# z-band (filter: z_LSST.dat)
   0    0.1250000  2.00952e+26 
   1    0.1277371  2.05547e+26 
   2    0.1305342  2.10243e+26 
   3    0.1333926  2.15041e+26 
   4    0.1363135  2.19932e+26 
   5    0.1392983  2.24472e+26 
   6    0.1423486  2.29233e+26 
   7    0.1454656  2.34467e+26 
   8    0.1486509  2.39018e+26 
   9    0.1519059  2.42899e+26 
  10    0.1552322  2.46834e+26 
  11    0.1586314  2.50979e+26 
  12    0.1621049  2.54814e+26 
  13    0.1656546  2.59288e+26 
  14    0.1692819  2.63724e+26 
  15    0.1729887  2.67667e+26 
  16    0.1767767  2.71595e+26 
  17    0.1806476  2.74448e+26 
  18    0.1846033  2.77419e+26 
  19    0.1886456  2.79784e+26 
  20    0.1927764  2.81737e+26 
  21    0.1969976  2.82999e+26 
  22    0.2013113  2.82000e+26 
  23    0.2057194  2.80928e+26 
  24    0.2102241  2.79595e+26 
  25    0.2148274  2.76813e+26 
  26    0.2195315  2.72470e+26 
  27    0.2243386  2.66597e+26 
  28    0.2292510  2.59750e+26 
  29    0.2342710  2.54885e+26 
  30    0.2394008  2.48715e+26 
  31    0.2446430  2.42019e+26 
  32    0.2500000  2.35646e+26 
  33    0.2554743  2.28847e+26 
  34    0.2610684  2.23527e+26 
  35    0.2667851  2.16494e+26 
  36    0.2726269  2.10691e+26 
  37    0.2785967  2.05706e+26 
  38    0.2846972  2.01790e+26 
  39    0.2909312  1.98562e+26 
  40    0.2973018  1.95715e+26 
  41    0.3038118  1.93976e+26 
  42    0.3104645  1.94853e+26 
  43    0.3172627  1.97406e+26 
  44    0.3242099  2.02298e+26 
  45    0.3313092  2.10749e+26 
  46    0.3385639  2.20015e+26 
  47    0.3459775  2.31623e+26 
  48    0.3535534  2.44922e+26 
  49    0.3612952  2.59981e+26 
  50    0.3692065  2.74942e+26 
  51    0.3772911  2.89906e+26 
  52    0.3855527  3.05881e+26 
  53    0.3939952  3.18621e+26 
  54    0.4026226  3.32356e+26 
  55    0.4114389  3.46286e+26 
  56    0.4204482  3.61049e+26 
  57    0.4296548  3.75624e+26 
  58    0.4390630  3.92622e+26 
  59    0.4486773  4.08947e+26 
  60    0.4585020  4.29596e+26 
  61    0.4685419  4.52264e+26 
  62    0.4788016  4.78385e+26 
  63    0.4892860  5.09923e+26 
  64    0.5000000  5.45928e+26 
  65    0.5109486  5.84692e+26 
  66    0.5221369  6.28148e+26 
  67    0.5335702  6.77657e+26 
  68    0.5452539  7.29273e+26 
  69    0.5571934  7.88234e+26 
  70    0.5693943  8.54053e+26 
  71    0.5818624  9.20929e+26 
  72    0.5946036  9.97226e+26 
  73    0.6076237  1.07160e+27 
  74    0.6209289  1.15121e+27 
  75    0.6345255  1.23842e+27 
  76    0.6484198  1.32526e+27 
  77    0.6626183  1.41719e+27 
  78    0.6771278  1.51546e+27 
  79    0.6919549  1.61605e+27 
  80    0.7071068  1.72277e+27 
  81    0.7225904  1.83083e+27 
  82    0.7384131  1.93971e+27 
  83    0.7545822  2.05703e+27 
  84    0.7711054  2.17728e+27 
  85    0.7879904  2.30384e+27 
  86    0.8052452  2.42784e+27 
  87    0.8228777  2.55474e+27 
  88    0.8408964  2.68151e+27 
  89    0.8593096  2.80569e+27 
  90    0.8781261  2.93000e+27 
  91    0.8973545  3.03494e+27 
  92    0.9170040  3.13336e+27 
  93    0.9370838  3.22818e+27 
  94    0.9576033  3.30705e+27 
  95    0.9785721  3.37189e+27 
  96    1.0000000  3.42292e+27 
  97    1.0218971  3.45983e+27 
  98    1.0442738  3.48317e+27 
  99    1.0671404  3.49400e+27 
 100    1.0905077  3.48510e+27 
 101    1.1143867  3.46399e+27 
 102    1.1387886  3.43243e+27 
 103    1.1637249  3.39127e+27 
 104    1.1892071  3.33771e+27 
 105    1.2152474  3.27882e+27 
 106    1.2418578  3.20811e+27 
 107    1.2690510  3.13132e+27 
 108    1.2968396  3.05322e+27 
 109    1.3252366  2.96511e+27 
 110    1.3542555  2.87600e+27 
 111    1.3839099  2.78583e+27 
 112    1.4142136  2.69358e+27 
 113    1.4451808  2.60294e+27 
 114    1.4768261  2.51125e+27 
 115    1.5091644  2.41948e+27 
 116    1.5422108  2.32769e+27 
 117    1.5759808  2.23239e+27 
 118    1.6104903  2.13878e+27 
 119    1.6457555  2.04241e+27 
 120    1.6817928  1.94383e+27 
 121    1.7186193  1.84466e+27 
 122    1.7562522  1.74536e+27 
 123    1.7947091  1.64904e+27 
 124    1.8340081  1.55451e+27 
 125    1.8741676  1.45846e+27 
 126    1.9152066  1.36537e+27 
 127    1.9571441  1.26821e+27 
 128    2.0000000  1.16959e+27 
 129    2.0437943  1.06782e+27 
 130    2.0885476  9.72225e+26 
 131    2.1342808  8.80772e+26 
 132    2.1810155  8.00925e+26 
 133    2.2287735  7.28361e+26 
 134    2.2775773  6.55788e+26 
 135    2.3274497  5.97288e+26 
 136    2.3784142  5.43427e+26 
 137    2.4304947  4.93170e+26 
 138    2.4837156  4.53352e+26 
 139    2.5381019  4.19685e+26 
 140    2.5936791  3.98243e+26 
 141    2.6504733  3.82329e+26 
 142    2.7085111  3.70150e+26 
 143    2.7678198  3.61102e+26 
 144    2.8284271  3.52716e+26 
 145    2.8903616  3.46250e+26 
 146    2.9536523  3.40048e+26 
 147    3.0183289  3.34307e+26 
 148    3.0844217  3.28247e+26 
 149    3.1519617  3.21896e+26 
 150    3.2209807  3.14915e+26 
 151    3.2915110  3.08294e+26 
 152    3.3635857  3.01609e+26 
 153    3.4372386  2.94566e+26 
 154    3.5125043  2.88548e+26 
 155    3.5894182  2.82095e+26 
 156    3.6680162  2.75559e+26 
 157    3.7483353  2.68084e+26 
 158    3.8304131  2.59661e+26 
 159    3.9142882  2.50655e+26 
 160    4.0000000  2.39326e+26 
 161    4.0875886  2.26703e+26 
 162    4.1770951  2.13610e+26 
 163    4.2685616  1.98240e+26 
 164    4.3620309  1.82262e+26 
 165    4.4575470  1.64847e+26 
 166    4.5551545  1.47486e+26 
 167    4.6548994  1.30200e+26 
 168    4.7568285  1.11740e+26 
 169    4.8609894  9.56022e+25 
 170    4.9674312  8.04301e+25 
 171    5.0762038  6.65548e+25 
 172    5.1873582  5.38491e+25 
 173    5.3009466  4.34326e+25 
 174    5.4170222  3.46594e+25 
 175    5.5356395  2.75897e+25 
 176    5.6568542  2.23011e+25 
 177    5.7807232  1.85542e+25 
 178    5.9073046  1.61834e+25 
 179    6.0366577  1.54945e+25 
 180    6.1688433  1.63251e+25 
 181    6.3039234  1.81629e+25 
 182    6.4419613  2.14119e+25 
 183    6.5830219  2.50755e+25 
 184    6.7271713  2.93644e+25 
 185    6.8744772  3.33096e+25 
 186    7.0250086  3.76461e+25 
 187    7.1788363  4.31721e+25 
 188    7.3360323  4.89268e+25 
 189    7.4966705  5.44849e+25 


# y-band (filter: y_LSST.dat)
   0    0.1250000  1.72243e+26 
   1    0.1277371  1.81498e+26 
   2    0.1305342  1.90955e+26 
   3    0.1333926  2.00620e+26 
   4    0.1363135  2.08330e+26 
   5    0.1392983  2.17056e+26 
   6    0.1423486  2.35523e+26 
   7    0.1454656  2.53933e+26 
   8    0.1486509  2.71366e+26 
   9    0.1519059  2.95681e+26 
  10    0.1552322  3.16651e+26 
  11    0.1586314  3.36093e+26 
  12    0.1621049  3.52677e+26 
  13    0.1656546  3.77099e+26 
  14    0.1692819  4.01358e+26 
  15    0.1729887  4.26088e+26 
  16    0.1767767  4.48243e+26 
  17    0.1806476  4.67283e+26 
  18    0.1846033  4.81809e+26 
  19    0.1886456  4.94355e+26 
  20    0.1927764  5.08254e+26 
  21    0.1969976  5.15857e+26 
  22    0.2013113  5.23656e+26 
  23    0.2057194  5.34984e+26 
  24    0.2102241  5.40743e+26 
  25    0.2148274  5.44872e+26 
  26    0.2195315  5.49549e+26 
  27    0.2243386  5.54536e+26 
  28    0.2292510  5.71222e+26 
  29    0.2342710  5.85447e+26 
  30    0.2394008  5.97788e+26 
  31    0.2446430  6.09193e+26 
  32    0.2500000  6.17093e+26 
  33    0.2554743  6.28254e+26 
  34    0.2610684  6.39675e+26 
  35    0.2667851  6.44589e+26 
  36    0.2726269  6.52431e+26 
  37    0.2785967  6.58379e+26 
  38    0.2846972  6.68536e+26 
  39    0.2909312  6.79395e+26 
  40    0.2973018  6.85317e+26 
  41    0.3038118  6.99381e+26 
  42    0.3104645  7.16749e+26 
  43    0.3172627  7.36041e+26 
  44    0.3242099  7.63603e+26 
  45    0.3313092  7.96460e+26 
  46    0.3385639  8.32879e+26 
  47    0.3459775  8.80812e+26 
  48    0.3535534  9.29300e+26 
  49    0.3612952  9.81789e+26 
  50    0.3692065  1.03960e+27 
  51    0.3772911  1.09682e+27 
  52    0.3855527  1.15680e+27 
  53    0.3939952  1.21816e+27 
  54    0.4026226  1.28433e+27 
  55    0.4114389  1.35547e+27 
  56    0.4204482  1.42417e+27 
  57    0.4296548  1.49619e+27 
  58    0.4390630  1.56962e+27 
  59    0.4486773  1.64530e+27 
  60    0.4585020  1.72600e+27 
  61    0.4685419  1.80876e+27 
  62    0.4788016  1.89260e+27 
  63    0.4892860  1.97429e+27 
  64    0.5000000  2.06037e+27 
  65    0.5109486  2.14236e+27 
  66    0.5221369  2.22190e+27 
  67    0.5335702  2.30030e+27 
  68    0.5452539  2.38423e+27 
  69    0.5571934  2.46009e+27 
  70    0.5693943  2.54016e+27 
  71    0.5818624  2.60979e+27 
  72    0.5946036  2.67932e+27 
  73    0.6076237  2.74772e+27 
  74    0.6209289  2.81066e+27 
  75    0.6345255  2.87178e+27 
  76    0.6484198  2.93088e+27 
  77    0.6626183  2.98978e+27 
  78    0.6771278  3.04471e+27 
  79    0.6919549  3.10107e+27 
  80    0.7071068  3.15477e+27 
  81    0.7225904  3.20615e+27 
  82    0.7384131  3.25450e+27 
  83    0.7545822  3.30174e+27 
  84    0.7711054  3.34728e+27 
  85    0.7879904  3.38342e+27 
  86    0.8052452  3.42067e+27 
  87    0.8228777  3.45597e+27 
  88    0.8408964  3.47565e+27 
  89    0.8593096  3.48959e+27 
  90    0.8781261  3.49875e+27 
  91    0.8973545  3.49115e+27 
  92    0.9170040  3.47321e+27 
  93    0.9370838  3.44937e+27 
  94    0.9576033  3.41294e+27 
  95    0.9785721  3.36932e+27 
  96    1.0000000  3.31779e+27 
  97    1.0218971  3.25893e+27 
  98    1.0442738  3.19089e+27 
  99    1.0671404  3.11754e+27 
 100    1.0905077  3.03742e+27 
 101    1.1143867  2.95265e+27 
 102    1.1387886  2.86743e+27 
 103    1.1637249  2.77900e+27 
 104    1.1892071  2.69201e+27 
 105    1.2152474  2.60168e+27 
 106    1.2418578  2.51055e+27 
 107    1.2690510  2.42420e+27 
 108    1.2968396  2.33661e+27 
 109    1.3252366  2.24829e+27 
 110    1.3542555  2.16276e+27 
 111    1.3839099  2.07894e+27 
 112    1.4142136  1.99864e+27 
 113    1.4451808  1.92214e+27 
 114    1.4768261  1.84613e+27 
 115    1.5091644  1.77213e+27 
 116    1.5422108  1.70024e+27 
 117    1.5759808  1.62859e+27 
 118    1.6104903  1.55764e+27 
 119    1.6457555  1.48714e+27 
 120    1.6817928  1.41670e+27 
 121    1.7186193  1.34815e+27 
 122    1.7562522  1.28297e+27 
 123    1.7947091  1.21761e+27 
 124    1.8340081  1.15582e+27 
 125    1.8741676  1.09328e+27 
 126    1.9152066  1.03527e+27 
 127    1.9571441  9.75004e+26 
 128    2.0000000  9.14933e+26 
 129    2.0437943  8.56156e+26 
 130    2.0885476  8.00911e+26 
 131    2.1342808  7.49917e+26 
 132    2.1810155  7.07154e+26 
 133    2.2287735  6.68267e+26 
 134    2.2775773  6.31147e+26 
 135    2.3274497  6.03662e+26 
 136    2.3784142  5.78602e+26 
 137    2.4304947  5.57172e+26 
 138    2.4837156  5.41643e+26 
 139    2.5381019  5.31204e+26 
 140    2.5936791  5.27098e+26 
 141    2.6504733  5.25741e+26 
 142    2.7085111  5.26372e+26 
 143    2.7678198  5.28587e+26 
 144    2.8284271  5.30742e+26 
 145    2.8903616  5.33611e+26 
 146    2.9536523  5.35378e+26 
 147    3.0183289  5.36442e+26 
 148    3.0844217  5.36088e+26 
 149    3.1519617  5.33925e+26 
 150    3.2209807  5.30597e+26 
 151    3.2915110  5.24566e+26 
 152    3.3635857  5.17605e+26 
 153    3.4372386  5.09346e+26 
 154    3.5125043  5.00238e+26 
 155    3.5894182  4.90790e+26 
 156    3.6680162  4.80358e+26 
 157    3.7483353  4.71153e+26 
 158    3.8304131  4.62443e+26 
 159    3.9142882  4.53340e+26 
 160    4.0000000  4.43638e+26 
 161    4.0875886  4.32150e+26 
 162    4.1770951  4.20945e+26 
 163    4.2685616  4.05921e+26 
 164    4.3620309  3.88995e+26 
 165    4.4575470  3.71485e+26 
 166    4.5551545  3.49228e+26 
 167    4.6548994  3.24907e+26 
 168    4.7568285  2.97828e+26 
 169    4.8609894  2.69029e+26 
 170    4.9674312  2.39516e+26 
 171    5.0762038  2.10197e+26 
 172    5.1873582  1.79240e+26 
 173    5.3009466  1.51998e+26 
 174    5.4170222  1.26574e+26 
 175    5.5356395  1.01984e+26 
 176    5.6568542  8.16141e+25 
 177    5.7807232  6.37083e+25 
 178    5.9073046  4.87867e+25 
 179    6.0366577  3.70119e+25 
 180    6.1688433  2.76127e+25 
 181    6.3039234  2.06406e+25 
 182    6.4419613  1.55243e+25 
 183    6.5830219  1.20349e+25 
 184    6.7271713  9.87548e+24 
 185    6.8744772  9.20347e+24 
 186    7.0250086  8.96688e+24 
 187    7.1788363  9.16258e+24 
 188    7.3360323  9.92601e+24 
 189    7.4966705  1.15717e+25 


# J-band (filter: J_2MASS.dat)
   0    0.1250000  1.40471e+26 
   1    0.1277371  1.62545e+26 
   2    0.1305342  1.85102e+26 
   3    0.1333926  2.08154e+26 
   4    0.1363135  2.30419e+26 
   5    0.1392983  2.55340e+26 
   6    0.1423486  2.79060e+26 
   7    0.1454656  3.08073e+26 
   8    0.1486509  3.35193e+26 
   9    0.1519059  3.62167e+26 
  10    0.1552322  3.99142e+26 
  11    0.1586314  4.31213e+26 
  12    0.1621049  4.67968e+26 
  13    0.1656546  5.06793e+26 
  14    0.1692819  5.42426e+26 
  15    0.1729887  5.79428e+26 
  16    0.1767767  6.07760e+26 
  17    0.1806476  6.34869e+26 
  18    0.1846033  6.67869e+26 
  19    0.1886456  7.05925e+26 
  20    0.1927764  7.36523e+26 
  21    0.1969976  7.65959e+26 
  22    0.2013113  7.96693e+26 
  23    0.2057194  8.41874e+26 
  24    0.2102241  8.86882e+26 
  25    0.2148274  9.42950e+26 
  26    0.2195315  9.93147e+26 
  27    0.2243386  1.04997e+27 
  28    0.2292510  1.07659e+27 
  29    0.2342710  1.10254e+27 
  30    0.2394008  1.13617e+27 
  31    0.2446430  1.16376e+27 
  32    0.2500000  1.20759e+27 
  33    0.2554743  1.24535e+27 
  34    0.2610684  1.29211e+27 
  35    0.2667851  1.33503e+27 
  36    0.2726269  1.37527e+27 
  37    0.2785967  1.41623e+27 
  38    0.2846972  1.46423e+27 
  39    0.2909312  1.52427e+27 
  40    0.2973018  1.60502e+27 
  41    0.3038118  1.69138e+27 
  42    0.3104645  1.77582e+27 
  43    0.3172627  1.86465e+27 
  44    0.3242099  1.94984e+27 
  45    0.3313092  2.04327e+27 
  46    0.3385639  2.13416e+27 
  47    0.3459775  2.22555e+27 
  48    0.3535534  2.31356e+27 
  49    0.3612952  2.40865e+27 
  50    0.3692065  2.49670e+27 
  51    0.3772911  2.57820e+27 
  52    0.3855527  2.66203e+27 
  53    0.3939952  2.74799e+27 
  54    0.4026226  2.82856e+27 
  55    0.4114389  2.90434e+27 
  56    0.4204482  2.97661e+27 
  57    0.4296548  3.03951e+27 
  58    0.4390630  3.10646e+27 
  59    0.4486773  3.17013e+27 
  60    0.4585020  3.22458e+27 
  61    0.4685419  3.27060e+27 
  62    0.4788016  3.31580e+27 
  63    0.4892860  3.35545e+27 
  64    0.5000000  3.38814e+27 
  65    0.5109486  3.41478e+27 
  66    0.5221369  3.43225e+27 
  67    0.5335702  3.45142e+27 
  68    0.5452539  3.46333e+27 
  69    0.5571934  3.46650e+27 
  70    0.5693943  3.46509e+27 
  71    0.5818624  3.45746e+27 
  72    0.5946036  3.44561e+27 
  73    0.6076237  3.42999e+27 
  74    0.6209289  3.41209e+27 
  75    0.6345255  3.38337e+27 
  76    0.6484198  3.35279e+27 
  77    0.6626183  3.31667e+27 
  78    0.6771278  3.27843e+27 
  79    0.6919549  3.23134e+27 
  80    0.7071068  3.18386e+27 
  81    0.7225904  3.13349e+27 
  82    0.7384131  3.08129e+27 
  83    0.7545822  3.02702e+27 
  84    0.7711054  2.96704e+27 
  85    0.7879904  2.90702e+27 
  86    0.8052452  2.84365e+27 
  87    0.8228777  2.77944e+27 
  88    0.8408964  2.71523e+27 
  89    0.8593096  2.64807e+27 
  90    0.8781261  2.57974e+27 
  91    0.8973545  2.51472e+27 
  92    0.9170040  2.44967e+27 
  93    0.9370838  2.38151e+27 
  94    0.9576033  2.31077e+27 
  95    0.9785721  2.24043e+27 
  96    1.0000000  2.17383e+27 
  97    1.0218971  2.10668e+27 
  98    1.0442738  2.03916e+27 
  99    1.0671404  1.97067e+27 
 100    1.0905077  1.90567e+27 
 101    1.1143867  1.84287e+27 
 102    1.1387886  1.78039e+27 
 103    1.1637249  1.71821e+27 
 104    1.1892071  1.65747e+27 
 105    1.2152474  1.59716e+27 
 106    1.2418578  1.54047e+27 
 107    1.2690510  1.48503e+27 
 108    1.2968396  1.42992e+27 
 109    1.3252366  1.37703e+27 
 110    1.3542555  1.32508e+27 
 111    1.3839099  1.27553e+27 
 112    1.4142136  1.22623e+27 
 113    1.4451808  1.17905e+27 
 114    1.4768261  1.13377e+27 
 115    1.5091644  1.08850e+27 
 116    1.5422108  1.04513e+27 
 117    1.5759808  1.00295e+27 
 118    1.6104903  9.61502e+26 
 119    1.6457555  9.20826e+26 
 120    1.6817928  8.81222e+26 
 121    1.7186193  8.42314e+26 
 122    1.7562522  8.06642e+26 
 123    1.7947091  7.71349e+26 
 124    1.8340081  7.37143e+26 
 125    1.8741676  7.04233e+26 
 126    1.9152066  6.73094e+26 
 127    1.9571441  6.41572e+26 
 128    2.0000000  6.10350e+26 
 129    2.0437943  5.79105e+26 
 130    2.0885476  5.49714e+26 
 131    2.1342808  5.22176e+26 
 132    2.1810155  4.98104e+26 
 133    2.2287735  4.76171e+26 
 134    2.2775773  4.54291e+26 
 135    2.3274497  4.36442e+26 
 136    2.3784142  4.21210e+26 
 137    2.4304947  4.07034e+26 
 138    2.4837156  3.96132e+26 
 139    2.5381019  3.88316e+26 
 140    2.5936791  3.84223e+26 
 141    2.6504733  3.83088e+26 
 142    2.7085111  3.84339e+26 
 143    2.7678198  3.87336e+26 
 144    2.8284271  3.92320e+26 
 145    2.8903616  3.99082e+26 
 146    2.9536523  4.07959e+26 
 147    3.0183289  4.18640e+26 
 148    3.0844217  4.30932e+26 
 149    3.1519617  4.45265e+26 
 150    3.2209807  4.61317e+26 
 151    3.2915110  4.79583e+26 
 152    3.3635857  4.98207e+26 
 153    3.4372386  5.18121e+26 
 154    3.5125043  5.36755e+26 
 155    3.5894182  5.53393e+26 
 156    3.6680162  5.70752e+26 
 157    3.7483353  5.82570e+26 
 158    3.8304131  5.90690e+26 
 159    3.9142882  5.97200e+26 
 160    4.0000000  5.97335e+26 
 161    4.0875886  5.94625e+26 
 162    4.1770951  5.88478e+26 
 163    4.2685616  5.79931e+26 
 164    4.3620309  5.71175e+26 
 165    4.4575470  5.59391e+26 
 166    4.5551545  5.51852e+26 
 167    4.6548994  5.46616e+26 
 168    4.7568285  5.40711e+26 
 169    4.8609894  5.39700e+26 
 170    4.9674312  5.39434e+26 
 171    5.0762038  5.38043e+26 
 172    5.1873582  5.39168e+26 
 173    5.3009466  5.33522e+26 
 174    5.4170222  5.23762e+26 
 175    5.5356395  5.13661e+26 
 176    5.6568542  4.93441e+26 
 177    5.7807232  4.69020e+26 
 178    5.9073046  4.39508e+26 
 179    6.0366577  4.05371e+26 
 180    6.1688433  3.68431e+26 
 181    6.3039234  3.25351e+26 
 182    6.4419613  2.84390e+26 
 183    6.5830219  2.43826e+26 
 184    6.7271713  2.01871e+26 
 185    6.8744772  1.66240e+26 
 186    7.0250086  1.29659e+26 
 187    7.1788363  9.43466e+25 
 188    7.3360323  6.22545e+25 
 189    7.4966705  3.57802e+25 


# H-band (filter: H_2MASS.dat)
   0    0.1250000  1.95950e+26 
   1    0.1277371  2.28356e+26 
   2    0.1305342  2.61472e+26 
   3    0.1333926  2.95312e+26 
   4    0.1363135  3.33977e+26 
   5    0.1392983  3.72399e+26 
   6    0.1423486  4.21053e+26 
   7    0.1454656  4.72819e+26 
   8    0.1486509  5.23819e+26 
   9    0.1519059  5.75739e+26 
  10    0.1552322  6.28613e+26 
  11    0.1586314  6.87021e+26 
  12    0.1621049  7.52596e+26 
  13    0.1656546  8.17204e+26 
  14    0.1692819  8.94148e+26 
  15    0.1729887  9.66013e+26 
  16    0.1767767  1.03718e+27 
  17    0.1806476  1.10830e+27 
  18    0.1846033  1.18898e+27 
  19    0.1886456  1.26015e+27 
  20    0.1927764  1.33060e+27 
  21    0.1969976  1.40556e+27 
  22    0.2013113  1.48121e+27 
  23    0.2057194  1.54951e+27 
  24    0.2102241  1.62037e+27 
  25    0.2148274  1.69598e+27 
  26    0.2195315  1.75491e+27 
  27    0.2243386  1.81531e+27 
  28    0.2292510  1.87224e+27 
  29    0.2342710  1.92805e+27 
  30    0.2394008  1.98005e+27 
  31    0.2446430  2.02722e+27 
  32    0.2500000  2.07833e+27 
  33    0.2554743  2.12149e+27 
  34    0.2610684  2.16318e+27 
  35    0.2667851  2.20260e+27 
  36    0.2726269  2.22727e+27 
  37    0.2785967  2.25840e+27 
  38    0.2846972  2.28161e+27 
  39    0.2909312  2.30538e+27 
  40    0.2973018  2.31950e+27 
  41    0.3038118  2.33275e+27 
  42    0.3104645  2.33586e+27 
  43    0.3172627  2.34034e+27 
  44    0.3242099  2.33983e+27 
  45    0.3313092  2.33552e+27 
  46    0.3385639  2.32546e+27 
  47    0.3459775  2.31319e+27 
  48    0.3535534  2.30210e+27 
  49    0.3612952  2.28247e+27 
  50    0.3692065  2.25654e+27 
  51    0.3772911  2.22456e+27 
  52    0.3855527  2.19480e+27 
  53    0.3939952  2.16113e+27 
  54    0.4026226  2.12835e+27 
  55    0.4114389  2.08760e+27 
  56    0.4204482  2.05064e+27 
  57    0.4296548  2.00911e+27 
  58    0.4390630  1.96678e+27 
  59    0.4486773  1.92408e+27 
  60    0.4585020  1.87764e+27 
  61    0.4685419  1.82825e+27 
  62    0.4788016  1.78551e+27 
  63    0.4892860  1.74366e+27 
  64    0.5000000  1.69865e+27 
  65    0.5109486  1.65392e+27 
  66    0.5221369  1.60873e+27 
  67    0.5335702  1.56293e+27 
  68    0.5452539  1.51768e+27 
  69    0.5571934  1.47264e+27 
  70    0.5693943  1.42863e+27 
  71    0.5818624  1.38439e+27 
  72    0.5946036  1.33684e+27 
  73    0.6076237  1.29862e+27 
  74    0.6209289  1.25543e+27 
  75    0.6345255  1.21523e+27 
  76    0.6484198  1.17810e+27 
  77    0.6626183  1.13828e+27 
  78    0.6771278  1.10091e+27 
  79    0.6919549  1.06593e+27 
  80    0.7071068  1.03170e+27 
  81    0.7225904  9.99004e+26 
  82    0.7384131  9.67162e+26 
  83    0.7545822  9.36935e+26 
  84    0.7711054  9.08947e+26 
  85    0.7879904  8.79631e+26 
  86    0.8052452  8.55713e+26 
  87    0.8228777  8.30152e+26 
  88    0.8408964  8.05331e+26 
  89    0.8593096  7.81648e+26 
  90    0.8781261  7.60471e+26 
  91    0.8973545  7.40316e+26 
  92    0.9170040  7.20921e+26 
  93    0.9370838  7.01499e+26 
  94    0.9576033  6.82643e+26 
  95    0.9785721  6.64927e+26 
  96    1.0000000  6.46487e+26 
  97    1.0218971  6.30778e+26 
  98    1.0442738  6.14678e+26 
  99    1.0671404  5.99866e+26 
 100    1.0905077  5.86103e+26 
 101    1.1143867  5.72978e+26 
 102    1.1387886  5.60166e+26 
 103    1.1637249  5.46963e+26 
 104    1.1892071  5.34019e+26 
 105    1.2152474  5.22659e+26 
 106    1.2418578  5.11501e+26 
 107    1.2690510  5.00792e+26 
 108    1.2968396  4.90804e+26 
 109    1.3252366  4.80199e+26 
 110    1.3542555  4.69550e+26 
 111    1.3839099  4.58206e+26 
 112    1.4142136  4.47588e+26 
 113    1.4451808  4.37350e+26 
 114    1.4768261  4.27124e+26 
 115    1.5091644  4.16458e+26 
 116    1.5422108  4.06346e+26 
 117    1.5759808  3.95656e+26 
 118    1.6104903  3.85550e+26 
 119    1.6457555  3.75482e+26 
 120    1.6817928  3.64138e+26 
 121    1.7186193  3.53075e+26 
 122    1.7562522  3.41569e+26 
 123    1.7947091  3.30379e+26 
 124    1.8340081  3.18959e+26 
 125    1.8741676  3.07145e+26 
 126    1.9152066  2.95582e+26 
 127    1.9571441  2.84049e+26 
 128    2.0000000  2.71679e+26 
 129    2.0437943  2.60293e+26 
 130    2.0885476  2.48169e+26 
 131    2.1342808  2.36516e+26 
 132    2.1810155  2.26625e+26 
 133    2.2287735  2.17410e+26 
 134    2.2775773  2.08667e+26 
 135    2.3274497  2.01111e+26 
 136    2.3784142  1.93835e+26 
 137    2.4304947  1.87716e+26 
 138    2.4837156  1.82521e+26 
 139    2.5381019  1.78093e+26 
 140    2.5936791  1.74689e+26 
 141    2.6504733  1.71868e+26 
 142    2.7085111  1.69948e+26 
 143    2.7678198  1.68156e+26 
 144    2.8284271  1.67153e+26 
 145    2.8903616  1.66552e+26 
 146    2.9536523  1.65604e+26 
 147    3.0183289  1.65575e+26 
 148    3.0844217  1.65925e+26 
 149    3.1519617  1.66110e+26 
 150    3.2209807  1.66607e+26 
 151    3.2915110  1.67445e+26 
 152    3.3635857  1.68572e+26 
 153    3.4372386  1.69972e+26 
 154    3.5125043  1.71531e+26 
 155    3.5894182  1.73246e+26 
 156    3.6680162  1.74773e+26 
 157    3.7483353  1.75986e+26 
 158    3.8304131  1.76609e+26 
 159    3.9142882  1.76978e+26 
 160    4.0000000  1.76442e+26 
 161    4.0875886  1.75146e+26 
 162    4.1770951  1.73518e+26 
 163    4.2685616  1.70715e+26 
 164    4.3620309  1.67252e+26 
 165    4.4575470  1.63043e+26 
 166    4.5551545  1.58124e+26 
 167    4.6548994  1.52680e+26 
 168    4.7568285  1.46623e+26 
 169    4.8609894  1.40583e+26 
 170    4.9674312  1.34600e+26 
 171    5.0762038  1.28563e+26 
 172    5.1873582  1.22580e+26 
 173    5.3009466  1.17537e+26 
 174    5.4170222  1.13405e+26 
 175    5.5356395  1.10077e+26 
 176    5.6568542  1.09459e+26 
 177    5.7807232  1.11519e+26 
 178    5.9073046  1.14699e+26 
 179    6.0366577  1.22525e+26 
 180    6.1688433  1.32116e+26 
 181    6.3039234  1.43337e+26 
 182    6.4419613  1.55433e+26 
 183    6.5830219  1.66545e+26 
 184    6.7271713  1.79348e+26 
 185    6.8744772  1.86651e+26 
 186    7.0250086  1.95641e+26 
 187    7.1788363  2.06771e+26 
 188    7.3360323  2.16065e+26 
 189    7.4966705  2.20285e+26 


# K-band (filter: Ks_mosfire.dat)
   0    0.1250000  1.79239e+26 
   1    0.1277371  2.05876e+26 
   2    0.1305342  2.33097e+26 
   3    0.1333926  2.60913e+26 
   4    0.1363135  2.92646e+26 
   5    0.1392983  3.29606e+26 
   6    0.1423486  3.67829e+26 
   7    0.1454656  4.11875e+26 
   8    0.1486509  4.54442e+26 
   9    0.1519059  4.98048e+26 
  10    0.1552322  5.46164e+26 
  11    0.1586314  5.96673e+26 
  12    0.1621049  6.50120e+26 
  13    0.1656546  7.03064e+26 
  14    0.1692819  7.57582e+26 
  15    0.1729887  8.12721e+26 
  16    0.1767767  8.74694e+26 
  17    0.1806476  9.31217e+26 
  18    0.1846033  9.89264e+26 
  19    0.1886456  1.04190e+27 
  20    0.1927764  1.09121e+27 
  21    0.1969976  1.14542e+27 
  22    0.2013113  1.19562e+27 
  23    0.2057194  1.24260e+27 
  24    0.2102241  1.29142e+27 
  25    0.2148274  1.34451e+27 
  26    0.2195315  1.38503e+27 
  27    0.2243386  1.42165e+27 
  28    0.2292510  1.45693e+27 
  29    0.2342710  1.47997e+27 
  30    0.2394008  1.50652e+27 
  31    0.2446430  1.52572e+27 
  32    0.2500000  1.54738e+27 
  33    0.2554743  1.55817e+27 
  34    0.2610684  1.57057e+27 
  35    0.2667851  1.58409e+27 
  36    0.2726269  1.58930e+27 
  37    0.2785967  1.58794e+27 
  38    0.2846972  1.58436e+27 
  39    0.2909312  1.57787e+27 
  40    0.2973018  1.56568e+27 
  41    0.3038118  1.55835e+27 
  42    0.3104645  1.54612e+27 
  43    0.3172627  1.53305e+27 
  44    0.3242099  1.51817e+27 
  45    0.3313092  1.50621e+27 
  46    0.3385639  1.48713e+27 
  47    0.3459775  1.46234e+27 
  48    0.3535534  1.43787e+27 
  49    0.3612952  1.41322e+27 
  50    0.3692065  1.38524e+27 
  51    0.3772911  1.35791e+27 
  52    0.3855527  1.32942e+27 
  53    0.3939952  1.29567e+27 
  54    0.4026226  1.26308e+27 
  55    0.4114389  1.22862e+27 
  56    0.4204482  1.19367e+27 
  57    0.4296548  1.15821e+27 
  58    0.4390630  1.12047e+27 
  59    0.4486773  1.08227e+27 
  60    0.4585020  1.04303e+27 
  61    0.4685419  1.00776e+27 
  62    0.4788016  9.71674e+26 
  63    0.4892860  9.37580e+26 
  64    0.5000000  9.06317e+26 
  65    0.5109486  8.71145e+26 
  66    0.5221369  8.39340e+26 
  67    0.5335702  8.06098e+26 
  68    0.5452539  7.75587e+26 
  69    0.5571934  7.48324e+26 
  70    0.5693943  7.19307e+26 
  71    0.5818624  6.92320e+26 
  72    0.5946036  6.68041e+26 
  73    0.6076237  6.41475e+26 
  74    0.6209289  6.15306e+26 
  75    0.6345255  5.91551e+26 
  76    0.6484198  5.65980e+26 
  77    0.6626183  5.44749e+26 
  78    0.6771278  5.23382e+26 
  79    0.6919549  5.02905e+26 
  80    0.7071068  4.81282e+26 
  81    0.7225904  4.60873e+26 
  82    0.7384131  4.42346e+26 
  83    0.7545822  4.22885e+26 
  84    0.7711054  4.05168e+26 
  85    0.7879904  3.88398e+26 
  86    0.8052452  3.72801e+26 
  87    0.8228777  3.55933e+26 
  88    0.8408964  3.42287e+26 
  89    0.8593096  3.27660e+26 
  90    0.8781261  3.13569e+26 
  91    0.8973545  3.00228e+26 
  92    0.9170040  2.88844e+26 
  93    0.9370838  2.76692e+26 
  94    0.9576033  2.65889e+26 
  95    0.9785721  2.56200e+26 
  96    1.0000000  2.47161e+26 
  97    1.0218971  2.38360e+26 
  98    1.0442738  2.29467e+26 
  99    1.0671404  2.21068e+26 
 100    1.0905077  2.13196e+26 
 101    1.1143867  2.06000e+26 
 102    1.1387886  1.98533e+26 
 103    1.1637249  1.92139e+26 
 104    1.1892071  1.85580e+26 
 105    1.2152474  1.79031e+26 
 106    1.2418578  1.72899e+26 
 107    1.2690510  1.67285e+26 
 108    1.2968396  1.61472e+26 
 109    1.3252366  1.56597e+26 
 110    1.3542555  1.52370e+26 
 111    1.3839099  1.48244e+26 
 112    1.4142136  1.44151e+26 
 113    1.4451808  1.40159e+26 
 114    1.4768261  1.36183e+26 
 115    1.5091644  1.32465e+26 
 116    1.5422108  1.29508e+26 
 117    1.5759808  1.25947e+26 
 118    1.6104903  1.22381e+26 
 119    1.6457555  1.19254e+26 
 120    1.6817928  1.16027e+26 
 121    1.7186193  1.12566e+26 
 122    1.7562522  1.09091e+26 
 123    1.7947091  1.06027e+26 
 124    1.8340081  1.03046e+26 
 125    1.8741676  1.00310e+26 
 126    1.9152066  9.78940e+25 
 127    1.9571441  9.48272e+25 
 128    2.0000000  9.18879e+25 
 129    2.0437943  8.92509e+25 
 130    2.0885476  8.61717e+25 
 131    2.1342808  8.34779e+25 
 132    2.1810155  8.08723e+25 
 133    2.2287735  7.84967e+25 
 134    2.2775773  7.58675e+25 
 135    2.3274497  7.34482e+25 
 136    2.3784142  7.08712e+25 
 137    2.4304947  6.82620e+25 
 138    2.4837156  6.57835e+25 
 139    2.5381019  6.39228e+25 
 140    2.5936791  6.21495e+25 
 141    2.6504733  6.05318e+25 
 142    2.7085111  5.91231e+25 
 143    2.7678198  5.75958e+25 
 144    2.8284271  5.63843e+25 
 145    2.8903616  5.57147e+25 
 146    2.9536523  5.50050e+25 
 147    3.0183289  5.45736e+25 
 148    3.0844217  5.44874e+25 
 149    3.1519617  5.44420e+25 
 150    3.2209807  5.47068e+25 
 151    3.2915110  5.49019e+25 
 152    3.3635857  5.52843e+25 
 153    3.4372386  5.59234e+25 
 154    3.5125043  5.66066e+25 
 155    3.5894182  5.73172e+25 
 156    3.6680162  5.79428e+25 
 157    3.7483353  5.80706e+25 
 158    3.8304131  5.79664e+25 
 159    3.9142882  5.78229e+25 
 160    4.0000000  5.70916e+25 
 161    4.0875886  5.60938e+25 
 162    4.1770951  5.48810e+25 
 163    4.2685616  5.34034e+25 
 164    4.3620309  5.15744e+25 
 165    4.4575470  4.93695e+25 
 166    4.5551545  4.71194e+25 
 167    4.6548994  4.48617e+25 
 168    4.7568285  4.23858e+25 
 169    4.8609894  4.00900e+25 
 170    4.9674312  3.78975e+25 
 171    5.0762038  3.56942e+25 
 172    5.1873582  3.35966e+25 
 173    5.3009466  3.17162e+25 
 174    5.4170222  2.97892e+25 
 175    5.5356395  2.80565e+25 
 176    5.6568542  2.62545e+25 
 177    5.7807232  2.45605e+25 
 178    5.9073046  2.28953e+25 
 179    6.0366577  2.11947e+25 
 180    6.1688433  1.96425e+25 
 181    6.3039234  1.79682e+25 
 182    6.4419613  1.64648e+25 
 183    6.5830219  1.50013e+25 
 184    6.7271713  1.35002e+25 
 185    6.8744772  1.21285e+25 
 186    7.0250086  1.07547e+25 
 187    7.1788363  9.40435e+24 
 188    7.3360323  8.12725e+24 
 189    7.4966705  6.97925e+24 


# S-band (filter: Spitzer_IRAC2.dat)
   0    0.1250000  2.46453e+26 
   1    0.1277371  2.59791e+26 
   2    0.1305342  2.73420e+26 
   3    0.1333926  2.87348e+26 
   4    0.1363135  3.00925e+26 
   5    0.1392983  3.14915e+26 
   6    0.1423486  3.27409e+26 
   7    0.1454656  3.48196e+26 
   8    0.1486509  3.62942e+26 
   9    0.1519059  3.75208e+26 
  10    0.1552322  3.86543e+26 
  11    0.1586314  4.02043e+26 
  12    0.1621049  4.08025e+26 
  13    0.1656546  4.12734e+26 
  14    0.1692819  4.19240e+26 
  15    0.1729887  4.22692e+26 
  16    0.1767767  4.23071e+26 
  17    0.1806476  4.21099e+26 
  18    0.1846033  4.18079e+26 
  19    0.1886456  4.10325e+26 
  20    0.1927764  4.06896e+26 
  21    0.1969976  4.03493e+26 
  22    0.2013113  3.99374e+26 
  23    0.2057194  3.89907e+26 
  24    0.2102241  3.87010e+26 
  25    0.2148274  3.83537e+26 
  26    0.2195315  3.72497e+26 
  27    0.2243386  3.63048e+26 
  28    0.2292510  3.53145e+26 
  29    0.2342710  3.46156e+26 
  30    0.2394008  3.36466e+26 
  31    0.2446430  3.27255e+26 
  32    0.2500000  3.16825e+26 
  33    0.2554743  3.06799e+26 
  34    0.2610684  2.93913e+26 
  35    0.2667851  2.81710e+26 
  36    0.2726269  2.68085e+26 
  37    0.2785967  2.55178e+26 
  38    0.2846972  2.47625e+26 
  39    0.2909312  2.40162e+26 
  40    0.2973018  2.31462e+26 
  41    0.3038118  2.20908e+26 
  42    0.3104645  2.10544e+26 
  43    0.3172627  2.01157e+26 
  44    0.3242099  1.91929e+26 
  45    0.3313092  1.81112e+26 
  46    0.3385639  1.74096e+26 
  47    0.3459775  1.66849e+26 
  48    0.3535534  1.60015e+26 
  49    0.3612952  1.51218e+26 
  50    0.3692065  1.42160e+26 
  51    0.3772911  1.34507e+26 
  52    0.3855527  1.26328e+26 
  53    0.3939952  1.19586e+26 
  54    0.4026226  1.13913e+26 
  55    0.4114389  1.08099e+26 
  56    0.4204482  1.03185e+26 
  57    0.4296548  9.71911e+25 
  58    0.4390630  9.06914e+25 
  59    0.4486773  8.59835e+25 
  60    0.4585020  8.09229e+25 
  61    0.4685419  7.70746e+25 
  62    0.4788016  7.27961e+25 
  63    0.4892860  6.84281e+25 
  64    0.5000000  6.60061e+25 
  65    0.5109486  6.22696e+25 
  66    0.5221369  5.87834e+25 
  67    0.5335702  5.52943e+25 
  68    0.5452539  5.22354e+25 
  69    0.5571934  4.97718e+25 
  70    0.5693943  4.74128e+25 
  71    0.5818624  4.43144e+25 
  72    0.5946036  4.23496e+25 
  73    0.6076237  3.99161e+25 
  74    0.6209289  3.74452e+25 
  75    0.6345255  3.51637e+25 
  76    0.6484198  3.25589e+25 
  77    0.6626183  3.06916e+25 
  78    0.6771278  2.87083e+25 
  79    0.6919549  2.69825e+25 
  80    0.7071068  2.53733e+25 
  81    0.7225904  2.37150e+25 
  82    0.7384131  2.21417e+25 
  83    0.7545822  2.07427e+25 
  84    0.7711054  1.94075e+25 
  85    0.7879904  1.85011e+25 
  86    0.8052452  1.73931e+25 
  87    0.8228777  1.65564e+25 
  88    0.8408964  1.58608e+25 
  89    0.8593096  1.49870e+25 
  90    0.8781261  1.45007e+25 
  91    0.8973545  1.38968e+25 
  92    0.9170040  1.29121e+25 
  93    0.9370838  1.24490e+25 
  94    0.9576033  1.18578e+25 
  95    0.9785721  1.14197e+25 
  96    1.0000000  1.08409e+25 
  97    1.0218971  1.00834e+25 
  98    1.0442738  9.55720e+24 
  99    1.0671404  9.05932e+24 
 100    1.0905077  8.32525e+24 
 101    1.1143867  7.85908e+24 
 102    1.1387886  7.28253e+24 
 103    1.1637249  6.74122e+24 
 104    1.1892071  6.42631e+24 
 105    1.2152474  6.02818e+24 
 106    1.2418578  5.72831e+24 
 107    1.2690510  5.38814e+24 
 108    1.2968396  5.11832e+24 
 109    1.3252366  4.83651e+24 
 110    1.3542555  4.56665e+24 
 111    1.3839099  4.26841e+24 
 112    1.4142136  3.96256e+24 
 113    1.4451808  3.73596e+24 
 114    1.4768261  3.51276e+24 
 115    1.5091644  3.37928e+24 
 116    1.5422108  3.18346e+24 
 117    1.5759808  2.95443e+24 
 118    1.6104903  2.75728e+24 
 119    1.6457555  2.63688e+24 
 120    1.6817928  2.46685e+24 
 121    1.7186193  2.32032e+24 
 122    1.7562522  2.28732e+24 
 123    1.7947091  2.18921e+24 
 124    1.8340081  2.11409e+24 
 125    1.8741676  1.96977e+24 
 126    1.9152066  1.80947e+24 
 127    1.9571441  1.72552e+24 
 128    2.0000000  1.59550e+24 
 129    2.0437943  1.48715e+24 
 130    2.0885476  1.34275e+24 
 131    2.1342808  1.20358e+24 
 132    2.1810155  1.15024e+24 
 133    2.2287735  1.06157e+24 
 134    2.2775773  9.53385e+23 
 135    2.3274497  8.53231e+23 
 136    2.3784142  7.76311e+23 
 137    2.4304947  7.34536e+23 
 138    2.4837156  6.98063e+23 
 139    2.5381019  6.52610e+23 
 140    2.5936791  6.61455e+23 
 141    2.6504733  6.50666e+23 
 142    2.7085111  6.45301e+23 
 143    2.7678198  6.43223e+23 
 144    2.8284271  6.53907e+23 
 145    2.8903616  6.23172e+23 
 146    2.9536523  6.47374e+23 
 147    3.0183289  6.64028e+23 
 148    3.0844217  6.88541e+23 
 149    3.1519617  7.11178e+23 
 150    3.2209807  7.24640e+23 
 151    3.2915110  7.55859e+23 
 152    3.3635857  7.48041e+23 
 153    3.4372386  7.71759e+23 
 154    3.5125043  7.93100e+23 
 155    3.5894182  7.82309e+23 
 156    3.6680162  7.96916e+23 
 157    3.7483353  8.17471e+23 
 158    3.8304131  7.94232e+23 
 159    3.9142882  7.94441e+23 
 160    4.0000000  8.03067e+23 
 161    4.0875886  8.01977e+23 
 162    4.1770951  7.89534e+23 
 163    4.2685616  7.82701e+23 
 164    4.3620309  7.77968e+23 
 165    4.4575470  7.78010e+23 
 166    4.5551545  7.79737e+23 
 167    4.6548994  7.74918e+23 
 168    4.7568285  7.82888e+23 
 169    4.8609894  7.91666e+23 
 170    4.9674312  8.25772e+23 
 171    5.0762038  8.44720e+23 
 172    5.1873582  8.59791e+23 
 173    5.3009466  8.77433e+23 
 174    5.4170222  8.94070e+23 
 175    5.5356395  9.26559e+23 
 176    5.6568542  9.51653e+23 
 177    5.7807232  9.67670e+23 
 178    5.9073046  9.77276e+23 
 179    6.0366577  9.85367e+23 
 180    6.1688433  1.00374e+24 
 181    6.3039234  1.00651e+24 
 182    6.4419613  1.00571e+24 
 183    6.5830219  1.00928e+24 
 184    6.7271713  9.98276e+23 
 185    6.8744772  9.88837e+23 
 186    7.0250086  9.66815e+23 
 187    7.1788363  9.41717e+23 
 188    7.3360323  9.21733e+23 
 189    7.4966705  8.97926e+23 


