# 1:iteration 2:time bin[s] 3-k:AB magnitude for k-th angular bin
# g-band (filter: g_LSST.dat)
   0    0.1250000 -1.49125e+01 
   1    0.1277371 -1.49236e+01 
   2    0.1305342 -1.49350e+01 
   3    0.1333926 -1.49466e+01 
   4    0.1363135 -1.49518e+01 
   5    0.1392983 -1.49573e+01 
   6    0.1423486 -1.49589e+01 
   7    0.1454656 -1.49582e+01 
   8    0.1486509 -1.49616e+01 
   9    0.1519059 -1.49536e+01 
  10    0.1552322 -1.49588e+01 
  11    0.1586314 -1.49549e+01 
  12    0.1621049 -1.49666e+01 
  13    0.1656546 -1.49804e+01 
  14    0.1692819 -1.49722e+01 
  15    0.1729887 -1.49693e+01 
  16    0.1767767 -1.49722e+01 
  17    0.1806476 -1.49618e+01 
  18    0.1846033 -1.49569e+01 
  19    0.1886456 -1.49614e+01 
  20    0.1927764 -1.49617e+01 
  21    0.1969976 -1.49542e+01 
  22    0.2013113 -1.49401e+01 
  23    0.2057194 -1.49419e+01 
  24    0.2102241 -1.49249e+01 
  25    0.2148274 -1.49041e+01 
  26    0.2195315 -1.49127e+01 
  27    0.2243386 -1.49064e+01 
  28    0.2292510 -1.48948e+01 
  29    0.2342710 -1.48977e+01 
  30    0.2394008 -1.48940e+01 
  31    0.2446430 -1.48899e+01 
  32    0.2500000 -1.48802e+01 
  33    0.2554743 -1.48725e+01 
  34    0.2610684 -1.48766e+01 
  35    0.2667851 -1.48575e+01 
  36    0.2726269 -1.48675e+01 
  37    0.2785967 -1.48750e+01 
  38    0.2846972 -1.48676e+01 
  39    0.2909312 -1.48807e+01 
  40    0.2973018 -1.48865e+01 
  41    0.3038118 -1.48939e+01 
  42    0.3104645 -1.49084e+01 
  43    0.3172627 -1.49396e+01 
  44    0.3242099 -1.49534e+01 
  45    0.3313092 -1.49968e+01 
  46    0.3385639 -1.50136e+01 
  47    0.3459775 -1.50469e+01 
  48    0.3535534 -1.50780e+01 
  49    0.3612952 -1.51089e+01 
  50    0.3692065 -1.51482e+01 
  51    0.3772911 -1.51881e+01 
  52    0.3855527 -1.52226e+01 
  53    0.3939952 -1.52497e+01 
  54    0.4026226 -1.52829e+01 
  55    0.4114389 -1.53112e+01 
  56    0.4204482 -1.53566e+01 
  57    0.4296548 -1.53744e+01 
  58    0.4390630 -1.53744e+01 
  59    0.4486773 -1.53785e+01 
  60    0.4585020 -1.53690e+01 
  61    0.4685419 -1.53463e+01 
  62    0.4788016 -1.53062e+01 
  63    0.4892860 -1.52857e+01 
  64    0.5000000 -1.52582e+01 
  65    0.5109486 -1.52171e+01 
  66    0.5221369 -1.51692e+01 
  67    0.5335702 -1.51207e+01 
  68    0.5452539 -1.50833e+01 
  69    0.5571934 -1.50436e+01 
  70    0.5693943 -1.50206e+01 
  71    0.5818624 -1.50006e+01 
  72    0.5946036 -1.49876e+01 
  73    0.6076237 -1.49812e+01 
  74    0.6209289 -1.49786e+01 
  75    0.6345255 -1.49651e+01 
  76    0.6484198 -1.49689e+01 
  77    0.6626183 -1.49768e+01 
  78    0.6771278 -1.49829e+01 
  79    0.6919549 -1.50247e+01 
  80    0.7071068 -1.50621e+01 
  81    0.7225904 -1.51027e+01 
  82    0.7384131 -1.51566e+01 
  83    0.7545822 -1.52282e+01 
  84    0.7711054 -1.53020e+01 
  85    0.7879904 -1.53767e+01 
  86    0.8052452 -1.54677e+01 
  87    0.8228777 -1.55723e+01 
  88    0.8408964 -1.56916e+01 
  89    0.8593096 -1.58230e+01 
  90    0.8781261 -1.59565e+01 
  91    0.8973545 -1.60813e+01 
  92    0.9170040 -1.62081e+01 
  93    0.9370838 -1.63417e+01 
  94    0.9576033 -1.64662e+01 
  95    0.9785721 -1.65819e+01 
  96    1.0000000 -1.67034e+01 
  97    1.0218971 -1.68225e+01 
  98    1.0442738 -1.69404e+01 
  99    1.0671404 -1.70450e+01 
 100    1.0905077 -1.71398e+01 
 101    1.1143867 -1.72300e+01 
 102    1.1387886 -1.73163e+01 
 103    1.1637249 -1.74005e+01 
 104    1.1892071 -1.74814e+01 
 105    1.2152474 -1.75592e+01 
 106    1.2418578 -1.76370e+01 
 107    1.2690510 -1.77115e+01 
 108    1.2968396 -1.77813e+01 
 109    1.3252366 -1.78501e+01 
 110    1.3542555 -1.79159e+01 
 111    1.3839099 -1.79800e+01 
 112    1.4142136 -1.80427e+01 
 113    1.4451808 -1.81022e+01 
 114    1.4768261 -1.81603e+01 
 115    1.5091644 -1.82196e+01 
 116    1.5422108 -1.82791e+01 
 117    1.5759808 -1.83383e+01 
 118    1.6104903 -1.83972e+01 
 119    1.6457555 -1.84580e+01 
 120    1.6817928 -1.85225e+01 
 121    1.7186193 -1.86063e+01 
 122    1.7562522 -1.87477e+01 
 123    1.7947091 -1.88759e+01 
 124    1.8340081 -1.89587e+01 
 125    1.8741676 -1.90410e+01 
 126    1.9152066 -1.90748e+01 
 127    1.9571441 -1.91040e+01 
 128    2.0000000 -1.91377e+01 
 129    2.0437943 -1.91431e+01 
 130    2.0885476 -1.91448e+01 
 131    2.1342808 -1.91208e+01 
 132    2.1810155 -1.91104e+01 
 133    2.2287735 -1.90895e+01 
 134    2.2775773 -1.90509e+01 
 135    2.3274497 -1.90270e+01 
 136    2.3784142 -1.89583e+01 
 137    2.4304947 -1.89164e+01 
 138    2.4837156 -1.88466e+01 
 139    2.5381019 -1.87985e+01 
 140    2.5936791 -1.87337e+01 
 141    2.6504733 -1.86186e+01 
 142    2.7085111 -1.84910e+01 
 143    2.7678198 -1.83480e+01 
 144    2.8284271 -1.82007e+01 
 145    2.8903616 -1.80531e+01 
 146    2.9536523 -1.78857e+01 
 147    3.0183289 -1.77276e+01 
 148    3.0844217 -1.76158e+01 
 149    3.1519617 -1.75185e+01 
 150    3.2209807 -1.74163e+01 
 151    3.2915110 -1.73229e+01 
 152    3.3635857 -1.72601e+01 
 153    3.4372386 -1.72293e+01 
 154    3.5125043 -1.72132e+01 
 155    3.5894182 -1.72169e+01 
 156    3.6680162 -1.72283e+01 
 157    3.7483353 -1.72464e+01 
 158    3.8304131 -1.72699e+01 
 159    3.9142882 -1.72970e+01 
 160    4.0000000 -1.73299e+01 
 161    4.0875886 -1.73665e+01 
 162    4.1770951 -1.74061e+01 
 163    4.2685616 -1.74480e+01 
 164    4.3620309 -1.74891e+01 
 165    4.4575470 -1.75327e+01 
 166    4.5551545 -1.75710e+01 
 167    4.6548994 -1.76045e+01 
 168    4.7568285 -1.76369e+01 
 169    4.8609894 -1.76548e+01 
 170    4.9674312 -1.76632e+01 
 171    5.0762038 -1.76612e+01 
 172    5.1873582 -1.76508e+01 
 173    5.3009466 -1.76222e+01 
 174    5.4170222 -1.75789e+01 
 175    5.5356395 -1.75228e+01 
 176    5.6568542 -1.74437e+01 
 177    5.7807232 -1.73439e+01 
 178    5.9073046 -1.72288e+01 
 179    6.0366577 -1.70824e+01 
 180    6.1688433 -1.69151e+01 
 181    6.3039234 -1.67321e+01 
 182    6.4419613 -1.65248e+01 
 183    6.5830219 -1.63035e+01 
 184    6.7271713 -1.60653e+01 
 185    6.8744772 -1.58208e+01 
 186    7.0250086 -1.55669e+01 
 187    7.1788363 -1.52925e+01 
 188    7.3360323 -1.50092e+01 
 189    7.4966705 -1.47217e+01 


# r-band (filter: r_LSST.dat)
   0    0.1250000 -1.49501e+01 
   1    0.1277371 -1.49705e+01 
   2    0.1305342 -1.49912e+01 
   3    0.1333926 -1.50125e+01 
   4    0.1363135 -1.50279e+01 
   5    0.1392983 -1.50402e+01 
   6    0.1423486 -1.50583e+01 
   7    0.1454656 -1.50819e+01 
   8    0.1486509 -1.50886e+01 
   9    0.1519059 -1.51041e+01 
  10    0.1552322 -1.51168e+01 
  11    0.1586314 -1.51346e+01 
  12    0.1621049 -1.51510e+01 
  13    0.1656546 -1.51396e+01 
  14    0.1692819 -1.51517e+01 
  15    0.1729887 -1.51523e+01 
  16    0.1767767 -1.51597e+01 
  17    0.1806476 -1.51705e+01 
  18    0.1846033 -1.51671e+01 
  19    0.1886456 -1.51674e+01 
  20    0.1927764 -1.51958e+01 
  21    0.1969976 -1.52006e+01 
  22    0.2013113 -1.52186e+01 
  23    0.2057194 -1.52311e+01 
  24    0.2102241 -1.52420e+01 
  25    0.2148274 -1.52546e+01 
  26    0.2195315 -1.52617e+01 
  27    0.2243386 -1.52735e+01 
  28    0.2292510 -1.52762e+01 
  29    0.2342710 -1.52897e+01 
  30    0.2394008 -1.53019e+01 
  31    0.2446430 -1.53035e+01 
  32    0.2500000 -1.52970e+01 
  33    0.2554743 -1.52983e+01 
  34    0.2610684 -1.52957e+01 
  35    0.2667851 -1.52971e+01 
  36    0.2726269 -1.53013e+01 
  37    0.2785967 -1.53075e+01 
  38    0.2846972 -1.53284e+01 
  39    0.2909312 -1.53415e+01 
  40    0.2973018 -1.53585e+01 
  41    0.3038118 -1.53926e+01 
  42    0.3104645 -1.54113e+01 
  43    0.3172627 -1.54514e+01 
  44    0.3242099 -1.54958e+01 
  45    0.3313092 -1.55433e+01 
  46    0.3385639 -1.55927e+01 
  47    0.3459775 -1.56583e+01 
  48    0.3535534 -1.57189e+01 
  49    0.3612952 -1.57829e+01 
  50    0.3692065 -1.59044e+01 
  51    0.3772911 -1.60309e+01 
  52    0.3855527 -1.61567e+01 
  53    0.3939952 -1.62828e+01 
  54    0.4026226 -1.64028e+01 
  55    0.4114389 -1.65208e+01 
  56    0.4204482 -1.65921e+01 
  57    0.4296548 -1.66444e+01 
  58    0.4390630 -1.66867e+01 
  59    0.4486773 -1.67291e+01 
  60    0.4585020 -1.67198e+01 
  61    0.4685419 -1.66647e+01 
  62    0.4788016 -1.65774e+01 
  63    0.4892860 -1.65114e+01 
  64    0.5000000 -1.64798e+01 
  65    0.5109486 -1.64355e+01 
  66    0.5221369 -1.64352e+01 
  67    0.5335702 -1.64396e+01 
  68    0.5452539 -1.64563e+01 
  69    0.5571934 -1.64938e+01 
  70    0.5693943 -1.65469e+01 
  71    0.5818624 -1.66465e+01 
  72    0.5946036 -1.67545e+01 
  73    0.6076237 -1.68963e+01 
  74    0.6209289 -1.70450e+01 
  75    0.6345255 -1.71842e+01 
  76    0.6484198 -1.73277e+01 
  77    0.6626183 -1.74663e+01 
  78    0.6771278 -1.75790e+01 
  79    0.6919549 -1.76869e+01 
  80    0.7071068 -1.77862e+01 
  81    0.7225904 -1.78890e+01 
  82    0.7384131 -1.79792e+01 
  83    0.7545822 -1.80681e+01 
  84    0.7711054 -1.81433e+01 
  85    0.7879904 -1.82101e+01 
  86    0.8052452 -1.82777e+01 
  87    0.8228777 -1.83379e+01 
  88    0.8408964 -1.83898e+01 
  89    0.8593096 -1.84516e+01 
  90    0.8781261 -1.85140e+01 
  91    0.8973545 -1.85686e+01 
  92    0.9170040 -1.86274e+01 
  93    0.9370838 -1.86864e+01 
  94    0.9576033 -1.87583e+01 
  95    0.9785721 -1.88079e+01 
  96    1.0000000 -1.88571e+01 
  97    1.0218971 -1.88940e+01 
  98    1.0442738 -1.89465e+01 
  99    1.0671404 -1.90013e+01 
 100    1.0905077 -1.90698e+01 
 101    1.1143867 -1.91245e+01 
 102    1.1387886 -1.91853e+01 
 103    1.1637249 -1.92465e+01 
 104    1.1892071 -1.93075e+01 
 105    1.2152474 -1.93601e+01 
 106    1.2418578 -1.94184e+01 
 107    1.2690510 -1.94712e+01 
 108    1.2968396 -1.95373e+01 
 109    1.3252366 -1.95961e+01 
 110    1.3542555 -1.96491e+01 
 111    1.3839099 -1.96841e+01 
 112    1.4142136 -1.97177e+01 
 113    1.4451808 -1.97460e+01 
 114    1.4768261 -1.97727e+01 
 115    1.5091644 -1.97986e+01 
 116    1.5422108 -1.98227e+01 
 117    1.5759808 -1.98428e+01 
 118    1.6104903 -1.98604e+01 
 119    1.6457555 -1.98744e+01 
 120    1.6817928 -1.98862e+01 
 121    1.7186193 -1.98802e+01 
 122    1.7562522 -1.97795e+01 
 123    1.7947091 -1.96729e+01 
 124    1.8340081 -1.95931e+01 
 125    1.8741676 -1.95026e+01 
 126    1.9152066 -1.94373e+01 
 127    1.9571441 -1.93780e+01 
 128    2.0000000 -1.92913e+01 
 129    2.0437943 -1.92324e+01 
 130    2.0885476 -1.91618e+01 
 131    2.1342808 -1.90962e+01 
 132    2.1810155 -1.90206e+01 
 133    2.2287735 -1.89546e+01 
 134    2.2775773 -1.89145e+01 
 135    2.3274497 -1.88361e+01 
 136    2.3784142 -1.87499e+01 
 137    2.4304947 -1.86473e+01 
 138    2.4837156 -1.85298e+01 
 139    2.5381019 -1.83939e+01 
 140    2.5936791 -1.82337e+01 
 141    2.6504733 -1.80498e+01 
 142    2.7085111 -1.78410e+01 
 143    2.7678198 -1.76225e+01 
 144    2.8284271 -1.74100e+01 
 145    2.8903616 -1.72152e+01 
 146    2.9536523 -1.70586e+01 
 147    3.0183289 -1.68911e+01 
 148    3.0844217 -1.67598e+01 
 149    3.1519617 -1.66355e+01 
 150    3.2209807 -1.65218e+01 
 151    3.2915110 -1.64291e+01 
 152    3.3635857 -1.63539e+01 
 153    3.4372386 -1.63126e+01 
 154    3.5125043 -1.62828e+01 
 155    3.5894182 -1.62677e+01 
 156    3.6680162 -1.62573e+01 
 157    3.7483353 -1.62489e+01 
 158    3.8304131 -1.62441e+01 
 159    3.9142882 -1.62410e+01 
 160    4.0000000 -1.62439e+01 
 161    4.0875886 -1.62524e+01 
 162    4.1770951 -1.62629e+01 
 163    4.2685616 -1.62816e+01 
 164    4.3620309 -1.63057e+01 
 165    4.4575470 -1.63335e+01 
 166    4.5551545 -1.63723e+01 
 167    4.6548994 -1.64166e+01 
 168    4.7568285 -1.64662e+01 
 169    4.8609894 -1.65212e+01 
 170    4.9674312 -1.65763e+01 
 171    5.0762038 -1.66305e+01 
 172    5.1873582 -1.66871e+01 
 173    5.3009466 -1.67321e+01 
 174    5.4170222 -1.67695e+01 
 175    5.5356395 -1.68042e+01 
 176    5.6568542 -1.68170e+01 
 177    5.7807232 -1.68106e+01 
 178    5.9073046 -1.67915e+01 
 179    6.0366577 -1.67347e+01 
 180    6.1688433 -1.66501e+01 
 181    6.3039234 -1.65472e+01 
 182    6.4419613 -1.64033e+01 
 183    6.5830219 -1.62366e+01 
 184    6.7271713 -1.60485e+01 
 185    6.8744772 -1.58426e+01 
 186    7.0250086 -1.56267e+01 
 187    7.1788363 -1.53819e+01 
 188    7.3360323 -1.51202e+01 
 189    7.4966705 -1.48415e+01 


# i-band (filter: i_LSST.dat)
   0    0.1250000 -1.44801e+01 
   1    0.1277371 -1.45166e+01 
   2    0.1305342 -1.45538e+01 
   3    0.1333926 -1.45919e+01 
   4    0.1363135 -1.46173e+01 
   5    0.1392983 -1.46483e+01 
   6    0.1423486 -1.46640e+01 
   7    0.1454656 -1.46822e+01 
   8    0.1486509 -1.47030e+01 
   9    0.1519059 -1.47224e+01 
  10    0.1552322 -1.47354e+01 
  11    0.1586314 -1.47483e+01 
  12    0.1621049 -1.47477e+01 
  13    0.1656546 -1.47629e+01 
  14    0.1692819 -1.48080e+01 
  15    0.1729887 -1.48226e+01 
  16    0.1767767 -1.48666e+01 
  17    0.1806476 -1.48939e+01 
  18    0.1846033 -1.49293e+01 
  19    0.1886456 -1.49690e+01 
  20    0.1927764 -1.50220e+01 
  21    0.1969976 -1.50677e+01 
  22    0.2013113 -1.51114e+01 
  23    0.2057194 -1.51428e+01 
  24    0.2102241 -1.51723e+01 
  25    0.2148274 -1.52186e+01 
  26    0.2195315 -1.52660e+01 
  27    0.2243386 -1.53210e+01 
  28    0.2292510 -1.53489e+01 
  29    0.2342710 -1.53785e+01 
  30    0.2394008 -1.54115e+01 
  31    0.2446430 -1.54521e+01 
  32    0.2500000 -1.55180e+01 
  33    0.2554743 -1.55860e+01 
  34    0.2610684 -1.56640e+01 
  35    0.2667851 -1.57807e+01 
  36    0.2726269 -1.58783e+01 
  37    0.2785967 -1.59837e+01 
  38    0.2846972 -1.61132e+01 
  39    0.2909312 -1.63270e+01 
  40    0.2973018 -1.65471e+01 
  41    0.3038118 -1.67974e+01 
  42    0.3104645 -1.70710e+01 
  43    0.3172627 -1.73345e+01 
  44    0.3242099 -1.74995e+01 
  45    0.3313092 -1.76661e+01 
  46    0.3385639 -1.78808e+01 
  47    0.3459775 -1.80630e+01 
  48    0.3535534 -1.82032e+01 
  49    0.3612952 -1.83281e+01 
  50    0.3692065 -1.84019e+01 
  51    0.3772911 -1.83904e+01 
  52    0.3855527 -1.83570e+01 
  53    0.3939952 -1.82991e+01 
  54    0.4026226 -1.82096e+01 
  55    0.4114389 -1.81164e+01 
  56    0.4204482 -1.80147e+01 
  57    0.4296548 -1.78820e+01 
  58    0.4390630 -1.76639e+01 
  59    0.4486773 -1.74461e+01 
  60    0.4585020 -1.72062e+01 
  61    0.4685419 -1.69805e+01 
  62    0.4788016 -1.67647e+01 
  63    0.4892860 -1.66026e+01 
  64    0.5000000 -1.64490e+01 
  65    0.5109486 -1.62903e+01 
  66    0.5221369 -1.61832e+01 
  67    0.5335702 -1.60871e+01 
  68    0.5452539 -1.60279e+01 
  69    0.5571934 -1.60017e+01 
  70    0.5693943 -1.60215e+01 
  71    0.5818624 -1.60781e+01 
  72    0.5946036 -1.61439e+01 
  73    0.6076237 -1.62273e+01 
  74    0.6209289 -1.63175e+01 
  75    0.6345255 -1.64139e+01 
  76    0.6484198 -1.65203e+01 
  77    0.6626183 -1.66208e+01 
  78    0.6771278 -1.67251e+01 
  79    0.6919549 -1.68308e+01 
  80    0.7071068 -1.69372e+01 
  81    0.7225904 -1.70403e+01 
  82    0.7384131 -1.71421e+01 
  83    0.7545822 -1.72452e+01 
  84    0.7711054 -1.73492e+01 
  85    0.7879904 -1.74460e+01 
  86    0.8052452 -1.75417e+01 
  87    0.8228777 -1.76327e+01 
  88    0.8408964 -1.77195e+01 
  89    0.8593096 -1.78026e+01 
  90    0.8781261 -1.78823e+01 
  91    0.8973545 -1.79604e+01 
  92    0.9170040 -1.80323e+01 
  93    0.9370838 -1.81013e+01 
  94    0.9576033 -1.81619e+01 
  95    0.9785721 -1.82232e+01 
  96    1.0000000 -1.82807e+01 
  97    1.0218971 -1.83321e+01 
  98    1.0442738 -1.83798e+01 
  99    1.0671404 -1.84258e+01 
 100    1.0905077 -1.84656e+01 
 101    1.1143867 -1.85016e+01 
 102    1.1387886 -1.85337e+01 
 103    1.1637249 -1.85615e+01 
 104    1.1892071 -1.85860e+01 
 105    1.2152474 -1.86081e+01 
 106    1.2418578 -1.86267e+01 
 107    1.2690510 -1.86388e+01 
 108    1.2968396 -1.86497e+01 
 109    1.3252366 -1.86552e+01 
 110    1.3542555 -1.86591e+01 
 111    1.3839099 -1.86585e+01 
 112    1.4142136 -1.86553e+01 
 113    1.4451808 -1.86496e+01 
 114    1.4768261 -1.86419e+01 
 115    1.5091644 -1.86330e+01 
 116    1.5422108 -1.86216e+01 
 117    1.5759808 -1.86093e+01 
 118    1.6104903 -1.85958e+01 
 119    1.6457555 -1.85790e+01 
 120    1.6817928 -1.85564e+01 
 121    1.7186193 -1.85349e+01 
 122    1.7562522 -1.85045e+01 
 123    1.7947091 -1.84681e+01 
 124    1.8340081 -1.84257e+01 
 125    1.8741676 -1.83799e+01 
 126    1.9152066 -1.83243e+01 
 127    1.9571441 -1.82645e+01 
 128    2.0000000 -1.81977e+01 
 129    2.0437943 -1.81255e+01 
 130    2.0885476 -1.80484e+01 
 131    2.1342808 -1.79674e+01 
 132    2.1810155 -1.78867e+01 
 133    2.2287735 -1.77983e+01 
 134    2.2775773 -1.77022e+01 
 135    2.3274497 -1.75810e+01 
 136    2.3784142 -1.74448e+01 
 137    2.4304947 -1.73073e+01 
 138    2.4837156 -1.71548e+01 
 139    2.5381019 -1.69797e+01 
 140    2.5936791 -1.67869e+01 
 141    2.6504733 -1.65611e+01 
 142    2.7085111 -1.63341e+01 
 143    2.7678198 -1.60973e+01 
 144    2.8284271 -1.58963e+01 
 145    2.8903616 -1.57156e+01 
 146    2.9536523 -1.55557e+01 
 147    3.0183289 -1.53974e+01 
 148    3.0844217 -1.52841e+01 
 149    3.1519617 -1.51811e+01 
 150    3.2209807 -1.51044e+01 
 151    3.2915110 -1.50458e+01 
 152    3.3635857 -1.50128e+01 
 153    3.4372386 -1.50128e+01 
 154    3.5125043 -1.50173e+01 
 155    3.5894182 -1.50249e+01 
 156    3.6680162 -1.50286e+01 
 157    3.7483353 -1.50258e+01 
 158    3.8304131 -1.50216e+01 
 159    3.9142882 -1.50158e+01 
 160    4.0000000 -1.50064e+01 
 161    4.0875886 -1.49960e+01 
 162    4.1770951 -1.49824e+01 
 163    4.2685616 -1.49727e+01 
 164    4.3620309 -1.49621e+01 
 165    4.4575470 -1.49525e+01 
 166    4.5551545 -1.49485e+01 
 167    4.6548994 -1.49464e+01 
 168    4.7568285 -1.49498e+01 
 169    4.8609894 -1.49608e+01 
 170    4.9674312 -1.49748e+01 
 171    5.0762038 -1.49944e+01 
 172    5.1873582 -1.50205e+01 
 173    5.3009466 -1.50508e+01 
 174    5.4170222 -1.50870e+01 
 175    5.5356395 -1.51263e+01 
 176    5.6568542 -1.51674e+01 
 177    5.7807232 -1.52005e+01 
 178    5.9073046 -1.52318e+01 
 179    6.0366577 -1.52380e+01 
 180    6.1688433 -1.52163e+01 
 181    6.3039234 -1.51881e+01 
 182    6.4419613 -1.51080e+01 
 183    6.5830219 -1.49977e+01 
 184    6.7271713 -1.48675e+01 
 185    6.8744772 -1.46897e+01 
 186    7.0250086 -1.45085e+01 
 187    7.1788363 -1.42930e+01 
 188    7.3360323 -1.40468e+01 
 189    7.4966705 -1.37593e+01 


# z-band (filter: z_LSST.dat)
   0    0.1250000 -1.41105e+01 
   1    0.1277371 -1.41327e+01 
   2    0.1305342 -1.41553e+01 
   3    0.1333926 -1.41785e+01 
   4    0.1363135 -1.41940e+01 
   5    0.1392983 -1.42106e+01 
   6    0.1423486 -1.42561e+01 
   7    0.1454656 -1.42779e+01 
   8    0.1486509 -1.42931e+01 
   9    0.1519059 -1.43443e+01 
  10    0.1552322 -1.43722e+01 
  11    0.1586314 -1.44012e+01 
  12    0.1621049 -1.44166e+01 
  13    0.1656546 -1.44488e+01 
  14    0.1692819 -1.45327e+01 
  15    0.1729887 -1.45911e+01 
  16    0.1767767 -1.46480e+01 
  17    0.1806476 -1.46932e+01 
  18    0.1846033 -1.47339e+01 
  19    0.1886456 -1.48063e+01 
  20    0.1927764 -1.48565e+01 
  21    0.1969976 -1.49192e+01 
  22    0.2013113 -1.49955e+01 
  23    0.2057194 -1.50724e+01 
  24    0.2102241 -1.51463e+01 
  25    0.2148274 -1.52480e+01 
  26    0.2195315 -1.53486e+01 
  27    0.2243386 -1.54611e+01 
  28    0.2292510 -1.56169e+01 
  29    0.2342710 -1.58256e+01 
  30    0.2394008 -1.60418e+01 
  31    0.2446430 -1.62426e+01 
  32    0.2500000 -1.64402e+01 
  33    0.2554743 -1.67044e+01 
  34    0.2610684 -1.69713e+01 
  35    0.2667851 -1.71975e+01 
  36    0.2726269 -1.74168e+01 
  37    0.2785967 -1.76677e+01 
  38    0.2846972 -1.79424e+01 
  39    0.2909312 -1.80646e+01 
  40    0.2973018 -1.81325e+01 
  41    0.3038118 -1.80891e+01 
  42    0.3104645 -1.80556e+01 
  43    0.3172627 -1.80201e+01 
  44    0.3242099 -1.79960e+01 
  45    0.3313092 -1.79220e+01 
  46    0.3385639 -1.78194e+01 
  47    0.3459775 -1.77701e+01 
  48    0.3535534 -1.77153e+01 
  49    0.3612952 -1.76119e+01 
  50    0.3692065 -1.74909e+01 
  51    0.3772911 -1.74517e+01 
  52    0.3855527 -1.74633e+01 
  53    0.3939952 -1.74853e+01 
  54    0.4026226 -1.74949e+01 
  55    0.4114389 -1.74941e+01 
  56    0.4204482 -1.74800e+01 
  57    0.4296548 -1.74224e+01 
  58    0.4390630 -1.73307e+01 
  59    0.4486773 -1.72178e+01 
  60    0.4585020 -1.70227e+01 
  61    0.4685419 -1.68131e+01 
  62    0.4788016 -1.65998e+01 
  63    0.4892860 -1.64034e+01 
  64    0.5000000 -1.62613e+01 
  65    0.5109486 -1.60782e+01 
  66    0.5221369 -1.59899e+01 
  67    0.5335702 -1.59123e+01 
  68    0.5452539 -1.58502e+01 
  69    0.5571934 -1.58298e+01 
  70    0.5693943 -1.58315e+01 
  71    0.5818624 -1.59086e+01 
  72    0.5946036 -1.60075e+01 
  73    0.6076237 -1.61502e+01 
  74    0.6209289 -1.63001e+01 
  75    0.6345255 -1.64686e+01 
  76    0.6484198 -1.66218e+01 
  77    0.6626183 -1.67682e+01 
  78    0.6771278 -1.68968e+01 
  79    0.6919549 -1.70256e+01 
  80    0.7071068 -1.71520e+01 
  81    0.7225904 -1.72877e+01 
  82    0.7384131 -1.74105e+01 
  83    0.7545822 -1.75300e+01 
  84    0.7711054 -1.76375e+01 
  85    0.7879904 -1.77342e+01 
  86    0.8052452 -1.78214e+01 
  87    0.8228777 -1.79045e+01 
  88    0.8408964 -1.79733e+01 
  89    0.8593096 -1.80473e+01 
  90    0.8781261 -1.81116e+01 
  91    0.8973545 -1.81693e+01 
  92    0.9170040 -1.82234e+01 
  93    0.9370838 -1.82705e+01 
  94    0.9576033 -1.83122e+01 
  95    0.9785721 -1.83510e+01 
  96    1.0000000 -1.83860e+01 
  97    1.0218971 -1.84132e+01 
  98    1.0442738 -1.84397e+01 
  99    1.0671404 -1.84637e+01 
 100    1.0905077 -1.84852e+01 
 101    1.1143867 -1.84988e+01 
 102    1.1387886 -1.85094e+01 
 103    1.1637249 -1.85158e+01 
 104    1.1892071 -1.85192e+01 
 105    1.2152474 -1.85201e+01 
 106    1.2418578 -1.85186e+01 
 107    1.2690510 -1.85124e+01 
 108    1.2968396 -1.85027e+01 
 109    1.3252366 -1.84913e+01 
 110    1.3542555 -1.84747e+01 
 111    1.3839099 -1.84546e+01 
 112    1.4142136 -1.84312e+01 
 113    1.4451808 -1.84062e+01 
 114    1.4768261 -1.83798e+01 
 115    1.5091644 -1.83523e+01 
 116    1.5422108 -1.83196e+01 
 117    1.5759808 -1.82870e+01 
 118    1.6104903 -1.82507e+01 
 119    1.6457555 -1.82095e+01 
 120    1.6817928 -1.81638e+01 
 121    1.7186193 -1.81170e+01 
 122    1.7562522 -1.80637e+01 
 123    1.7947091 -1.80040e+01 
 124    1.8340081 -1.79393e+01 
 125    1.8741676 -1.78694e+01 
 126    1.9152066 -1.77949e+01 
 127    1.9571441 -1.77146e+01 
 128    2.0000000 -1.76296e+01 
 129    2.0437943 -1.75408e+01 
 130    2.0885476 -1.74470e+01 
 131    2.1342808 -1.73520e+01 
 132    2.1810155 -1.72565e+01 
 133    2.2287735 -1.71517e+01 
 134    2.2775773 -1.70387e+01 
 135    2.3274497 -1.68967e+01 
 136    2.3784142 -1.67358e+01 
 137    2.4304947 -1.65729e+01 
 138    2.4837156 -1.63884e+01 
 139    2.5381019 -1.61702e+01 
 140    2.5936791 -1.59206e+01 
 141    2.6504733 -1.55873e+01 
 142    2.7085111 -1.52203e+01 
 143    2.7678198 -1.48300e+01 
 144    2.8284271 -1.44624e+01 
 145    2.8903616 -1.41071e+01 
 146    2.9536523 -1.37887e+01 
 147    3.0183289 -1.34394e+01 
 148    3.0844217 -1.31615e+01 
 149    3.1519617 -1.29027e+01 
 150    3.2209807 -1.26548e+01 
 151    3.2915110 -1.24521e+01 
 152    3.3635857 -1.23030e+01 
 153    3.4372386 -1.22056e+01 
 154    3.5125043 -1.21423e+01 
 155    3.5894182 -1.21110e+01 
 156    3.6680162 -1.20886e+01 
 157    3.7483353 -1.20803e+01 
 158    3.8304131 -1.20887e+01 
 159    3.9142882 -1.21059e+01 
 160    4.0000000 -1.21545e+01 
 161    4.0875886 -1.22084e+01 
 162    4.1770951 -1.22686e+01 
 163    4.2685616 -1.23429e+01 
 164    4.3620309 -1.24080e+01 
 165    4.4575470 -1.24946e+01 
 166    4.5551545 -1.25731e+01 
 167    4.6548994 -1.26517e+01 
 168    4.7568285 -1.27392e+01 
 169    4.8609894 -1.28275e+01 
 170    4.9674312 -1.29227e+01 
 171    5.0762038 -1.30281e+01 
 172    5.1873582 -1.31152e+01 
 173    5.3009466 -1.32037e+01 
 174    5.4170222 -1.32933e+01 
 175    5.5356395 -1.33806e+01 
 176    5.6568542 -1.34563e+01 
 177    5.7807232 -1.35122e+01 
 178    5.9073046 -1.35716e+01 
 179    6.0366577 -1.35919e+01 
 180    6.1688433 -1.35780e+01 
 181    6.3039234 -1.35565e+01 
 182    6.4419613 -1.34761e+01 
 183    6.5830219 -1.33632e+01 
 184    6.7271713 -1.32241e+01 
 185    6.8744772 -1.30452e+01 
 186    7.0250086 -1.28495e+01 
 187    7.1788363 -1.26264e+01 
 188    7.3360323 -1.23773e+01 
 189    7.4966705 -1.20919e+01 


# y-band (filter: y_LSST.dat)
   0    0.1250000 -1.38386e+01 
   1    0.1277371 -1.38822e+01 
   2    0.1305342 -1.39268e+01 
   3    0.1333926 -1.39724e+01 
   4    0.1363135 -1.40459e+01 
   5    0.1392983 -1.41093e+01 
   6    0.1423486 -1.41732e+01 
   7    0.1454656 -1.43072e+01 
   8    0.1486509 -1.44058e+01 
   9    0.1519059 -1.45946e+01 
  10    0.1552322 -1.46958e+01 
  11    0.1586314 -1.48160e+01 
  12    0.1621049 -1.49273e+01 
  13    0.1656546 -1.50484e+01 
  14    0.1692819 -1.52282e+01 
  15    0.1729887 -1.53902e+01 
  16    0.1767767 -1.55319e+01 
  17    0.1806476 -1.57067e+01 
  18    0.1846033 -1.58028e+01 
  19    0.1886456 -1.58964e+01 
  20    0.1927764 -1.59600e+01 
  21    0.1969976 -1.60100e+01 
  22    0.2013113 -1.60797e+01 
  23    0.2057194 -1.61402e+01 
  24    0.2102241 -1.61965e+01 
  25    0.2148274 -1.62671e+01 
  26    0.2195315 -1.63481e+01 
  27    0.2243386 -1.64291e+01 
  28    0.2292510 -1.66327e+01 
  29    0.2342710 -1.67778e+01 
  30    0.2394008 -1.69512e+01 
  31    0.2446430 -1.71121e+01 
  32    0.2500000 -1.72752e+01 
  33    0.2554743 -1.74943e+01 
  34    0.2610684 -1.77047e+01 
  35    0.2667851 -1.78093e+01 
  36    0.2726269 -1.79055e+01 
  37    0.2785967 -1.80095e+01 
  38    0.2846972 -1.80963e+01 
  39    0.2909312 -1.81420e+01 
  40    0.2973018 -1.81486e+01 
  41    0.3038118 -1.81873e+01 
  42    0.3104645 -1.82380e+01 
  43    0.3172627 -1.82574e+01 
  44    0.3242099 -1.83030e+01 
  45    0.3313092 -1.82964e+01 
  46    0.3385639 -1.83406e+01 
  47    0.3459775 -1.84130e+01 
  48    0.3535534 -1.84977e+01 
  49    0.3612952 -1.85771e+01 
  50    0.3692065 -1.86507e+01 
  51    0.3772911 -1.87273e+01 
  52    0.3855527 -1.87966e+01 
  53    0.3939952 -1.88608e+01 
  54    0.4026226 -1.89198e+01 
  55    0.4114389 -1.89715e+01 
  56    0.4204482 -1.90109e+01 
  57    0.4296548 -1.90355e+01 
  58    0.4390630 -1.90443e+01 
  59    0.4486773 -1.90412e+01 
  60    0.4585020 -1.89932e+01 
  61    0.4685419 -1.89476e+01 
  62    0.4788016 -1.88991e+01 
  63    0.4892860 -1.88523e+01 
  64    0.5000000 -1.88176e+01 
  65    0.5109486 -1.87666e+01 
  66    0.5221369 -1.87291e+01 
  67    0.5335702 -1.87060e+01 
  68    0.5452539 -1.86830e+01 
  69    0.5571934 -1.86670e+01 
  70    0.5693943 -1.86595e+01 
  71    0.5818624 -1.86755e+01 
  72    0.5946036 -1.87001e+01 
  73    0.6076237 -1.87282e+01 
  74    0.6209289 -1.87566e+01 
  75    0.6345255 -1.87874e+01 
  76    0.6484198 -1.88151e+01 
  77    0.6626183 -1.88393e+01 
  78    0.6771278 -1.88579e+01 
  79    0.6919549 -1.88708e+01 
  80    0.7071068 -1.88838e+01 
  81    0.7225904 -1.88979e+01 
  82    0.7384131 -1.89044e+01 
  83    0.7545822 -1.89085e+01 
  84    0.7711054 -1.89088e+01 
  85    0.7879904 -1.89101e+01 
  86    0.8052452 -1.89080e+01 
  87    0.8228777 -1.89009e+01 
  88    0.8408964 -1.88918e+01 
  89    0.8593096 -1.88848e+01 
  90    0.8781261 -1.88752e+01 
  91    0.8973545 -1.88636e+01 
  92    0.9170040 -1.88500e+01 
  93    0.9370838 -1.88367e+01 
  94    0.9576033 -1.88192e+01 
  95    0.9785721 -1.88008e+01 
  96    1.0000000 -1.87831e+01 
  97    1.0218971 -1.87578e+01 
  98    1.0442738 -1.87348e+01 
  99    1.0671404 -1.87084e+01 
 100    1.0905077 -1.86799e+01 
 101    1.1143867 -1.86489e+01 
 102    1.1387886 -1.86154e+01 
 103    1.1637249 -1.85796e+01 
 104    1.1892071 -1.85423e+01 
 105    1.2152474 -1.85018e+01 
 106    1.2418578 -1.84598e+01 
 107    1.2690510 -1.84145e+01 
 108    1.2968396 -1.83694e+01 
 109    1.3252366 -1.83195e+01 
 110    1.3542555 -1.82707e+01 
 111    1.3839099 -1.82204e+01 
 112    1.4142136 -1.81689e+01 
 113    1.4451808 -1.81182e+01 
 114    1.4768261 -1.80658e+01 
 115    1.5091644 -1.80108e+01 
 116    1.5422108 -1.79548e+01 
 117    1.5759808 -1.78984e+01 
 118    1.6104903 -1.78420e+01 
 119    1.6457555 -1.77783e+01 
 120    1.6817928 -1.77122e+01 
 121    1.7186193 -1.76458e+01 
 122    1.7562522 -1.75710e+01 
 123    1.7947091 -1.74915e+01 
 124    1.8340081 -1.74061e+01 
 125    1.8741676 -1.73161e+01 
 126    1.9152066 -1.72216e+01 
 127    1.9571441 -1.71270e+01 
 128    2.0000000 -1.70256e+01 
 129    2.0437943 -1.69227e+01 
 130    2.0885476 -1.68197e+01 
 131    2.1342808 -1.67170e+01 
 132    2.1810155 -1.66111e+01 
 133    2.2287735 -1.64982e+01 
 134    2.2775773 -1.63807e+01 
 135    2.3274497 -1.62335e+01 
 136    2.3784142 -1.60726e+01 
 137    2.4304947 -1.59045e+01 
 138    2.4837156 -1.57167e+01 
 139    2.5381019 -1.54899e+01 
 140    2.5936791 -1.52427e+01 
 141    2.6504733 -1.49239e+01 
 142    2.7085111 -1.45607e+01 
 143    2.7678198 -1.41839e+01 
 144    2.8284271 -1.38281e+01 
 145    2.8903616 -1.34871e+01 
 146    2.9536523 -1.31794e+01 
 147    3.0183289 -1.28685e+01 
 148    3.0844217 -1.25969e+01 
 149    3.1519617 -1.23520e+01 
 150    3.2209807 -1.21491e+01 
 151    3.2915110 -1.19714e+01 
 152    3.3635857 -1.18381e+01 
 153    3.4372386 -1.17638e+01 
 154    3.5125043 -1.17147e+01 
 155    3.5894182 -1.16859e+01 
 156    3.6680162 -1.16583e+01 
 157    3.7483353 -1.16333e+01 
 158    3.8304131 -1.16152e+01 
 159    3.9142882 -1.15847e+01 
 160    4.0000000 -1.15914e+01 
 161    4.0875886 -1.15725e+01 
 162    4.1770951 -1.15289e+01 
 163    4.2685616 -1.15106e+01 
 164    4.3620309 -1.14908e+01 
 165    4.4575470 -1.14686e+01 
 166    4.5551545 -1.14444e+01 
 167    4.6548994 -1.14484e+01 
 168    4.7568285 -1.14518e+01 
 169    4.8609894 -1.14764e+01 
 170    4.9674312 -1.15175e+01 
 171    5.0762038 -1.16110e+01 
 172    5.1873582 -1.16993e+01 
 173    5.3009466 -1.18609e+01 
 174    5.4170222 -1.20528e+01 
 175    5.5356395 -1.22590e+01 
 176    5.6568542 -1.24793e+01 
 177    5.7807232 -1.27015e+01 
 178    5.9073046 -1.29537e+01 
 179    6.0366577 -1.31546e+01 
 180    6.1688433 -1.33443e+01 
 181    6.3039234 -1.35372e+01 
 182    6.4419613 -1.36640e+01 
 183    6.5830219 -1.37403e+01 
 184    6.7271713 -1.37786e+01 
 185    6.8744772 -1.37437e+01 
 186    7.0250086 -1.36954e+01 
 187    7.1788363 -1.36100e+01 
 188    7.3360323 -1.34882e+01 
 189    7.4966705 -1.33107e+01 


# J-band (filter: J_2MASS.dat)
   0    0.1250000 -1.37267e+01 
   1    0.1277371 -1.39296e+01 
   2    0.1305342 -1.41370e+01 
   3    0.1333926 -1.43489e+01 
   4    0.1363135 -1.44662e+01 
   5    0.1392983 -1.47121e+01 
   6    0.1423486 -1.49349e+01 
   7    0.1454656 -1.51525e+01 
   8    0.1486509 -1.53098e+01 
   9    0.1519059 -1.55932e+01 
  10    0.1552322 -1.59385e+01 
  11    0.1586314 -1.61779e+01 
  12    0.1621049 -1.63531e+01 
  13    0.1656546 -1.64648e+01 
  14    0.1692819 -1.65925e+01 
  15    0.1729887 -1.67203e+01 
  16    0.1767767 -1.68351e+01 
  17    0.1806476 -1.69354e+01 
  18    0.1846033 -1.70453e+01 
  19    0.1886456 -1.71502e+01 
  20    0.1927764 -1.72446e+01 
  21    0.1969976 -1.72683e+01 
  22    0.2013113 -1.72655e+01 
  23    0.2057194 -1.73569e+01 
  24    0.2102241 -1.74717e+01 
  25    0.2148274 -1.75711e+01 
  26    0.2195315 -1.76992e+01 
  27    0.2243386 -1.78787e+01 
  28    0.2292510 -1.79920e+01 
  29    0.2342710 -1.80593e+01 
  30    0.2394008 -1.81446e+01 
  31    0.2446430 -1.81974e+01 
  32    0.2500000 -1.82670e+01 
  33    0.2554743 -1.83233e+01 
  34    0.2610684 -1.83874e+01 
  35    0.2667851 -1.84479e+01 
  36    0.2726269 -1.85062e+01 
  37    0.2785967 -1.85436e+01 
  38    0.2846972 -1.85788e+01 
  39    0.2909312 -1.85606e+01 
  40    0.2973018 -1.86257e+01 
  41    0.3038118 -1.86989e+01 
  42    0.3104645 -1.87661e+01 
  43    0.3172627 -1.88328e+01 
  44    0.3242099 -1.88996e+01 
  45    0.3313092 -1.89545e+01 
  46    0.3385639 -1.90186e+01 
  47    0.3459775 -1.90644e+01 
  48    0.3535534 -1.91112e+01 
  49    0.3612952 -1.91574e+01 
  50    0.3692065 -1.92042e+01 
  51    0.3772911 -1.92510e+01 
  52    0.3855527 -1.92886e+01 
  53    0.3939952 -1.93168e+01 
  54    0.4026226 -1.93430e+01 
  55    0.4114389 -1.93640e+01 
  56    0.4204482 -1.93750e+01 
  57    0.4296548 -1.93790e+01 
  58    0.4390630 -1.93674e+01 
  59    0.4486773 -1.93523e+01 
  60    0.4585020 -1.93055e+01 
  61    0.4685419 -1.92569e+01 
  62    0.4788016 -1.92039e+01 
  63    0.4892860 -1.91597e+01 
  64    0.5000000 -1.91207e+01 
  65    0.5109486 -1.90708e+01 
  66    0.5221369 -1.90355e+01 
  67    0.5335702 -1.90009e+01 
  68    0.5452539 -1.89664e+01 
  69    0.5571934 -1.89434e+01 
  70    0.5693943 -1.89254e+01 
  71    0.5818624 -1.89197e+01 
  72    0.5946036 -1.89217e+01 
  73    0.6076237 -1.89228e+01 
  74    0.6209289 -1.89267e+01 
  75    0.6345255 -1.89246e+01 
  76    0.6484198 -1.89203e+01 
  77    0.6626183 -1.89143e+01 
  78    0.6771278 -1.89052e+01 
  79    0.6919549 -1.88959e+01 
  80    0.7071068 -1.88811e+01 
  81    0.7225904 -1.88626e+01 
  82    0.7384131 -1.88400e+01 
  83    0.7545822 -1.88203e+01 
  84    0.7711054 -1.87969e+01 
  85    0.7879904 -1.87726e+01 
  86    0.8052452 -1.87434e+01 
  87    0.8228777 -1.87134e+01 
  88    0.8408964 -1.86795e+01 
  89    0.8593096 -1.86450e+01 
  90    0.8781261 -1.86122e+01 
  91    0.8973545 -1.85769e+01 
  92    0.9170040 -1.85406e+01 
  93    0.9370838 -1.85027e+01 
  94    0.9576033 -1.84633e+01 
  95    0.9785721 -1.84183e+01 
  96    1.0000000 -1.83729e+01 
  97    1.0218971 -1.83262e+01 
  98    1.0442738 -1.82782e+01 
  99    1.0671404 -1.82277e+01 
 100    1.0905077 -1.81775e+01 
 101    1.1143867 -1.81289e+01 
 102    1.1387886 -1.80723e+01 
 103    1.1637249 -1.80150e+01 
 104    1.1892071 -1.79580e+01 
 105    1.2152474 -1.79003e+01 
 106    1.2418578 -1.78414e+01 
 107    1.2690510 -1.77843e+01 
 108    1.2968396 -1.77252e+01 
 109    1.3252366 -1.76633e+01 
 110    1.3542555 -1.76041e+01 
 111    1.3839099 -1.75432e+01 
 112    1.4142136 -1.74823e+01 
 113    1.4451808 -1.74199e+01 
 114    1.4768261 -1.73539e+01 
 115    1.5091644 -1.72902e+01 
 116    1.5422108 -1.72243e+01 
 117    1.5759808 -1.71564e+01 
 118    1.6104903 -1.70908e+01 
 119    1.6457555 -1.70169e+01 
 120    1.6817928 -1.69401e+01 
 121    1.7186193 -1.68628e+01 
 122    1.7562522 -1.67764e+01 
 123    1.7947091 -1.66864e+01 
 124    1.8340081 -1.65940e+01 
 125    1.8741676 -1.64959e+01 
 126    1.9152066 -1.63996e+01 
 127    1.9571441 -1.62947e+01 
 128    2.0000000 -1.61854e+01 
 129    2.0437943 -1.60757e+01 
 130    2.0885476 -1.59638e+01 
 131    2.1342808 -1.58499e+01 
 132    2.1810155 -1.57393e+01 
 133    2.2287735 -1.56192e+01 
 134    2.2775773 -1.54936e+01 
 135    2.3274497 -1.53325e+01 
 136    2.3784142 -1.51583e+01 
 137    2.4304947 -1.49777e+01 
 138    2.4837156 -1.47797e+01 
 139    2.5381019 -1.45385e+01 
 140    2.5936791 -1.42622e+01 
 141    2.6504733 -1.39148e+01 
 142    2.7085111 -1.34834e+01 
 143    2.7678198 -1.30498e+01 
 144    2.8284271 -1.26036e+01 
 145    2.8903616 -1.22206e+01 
 146    2.9536523 -1.18600e+01 
 147    3.0183289 -1.14671e+01 
 148    3.0844217 -1.11440e+01 
 149    3.1519617 -1.08227e+01 
 150    3.2209807 -1.05206e+01 
 151    3.2915110 -1.02864e+01 
 152    3.3635857 -1.00974e+01 
 153    3.4372386 -9.99185e+00 
 154    3.5125043 -9.91373e+00 
 155    3.5894182 -9.86786e+00 
 156    3.6680162 -9.81433e+00 
 157    3.7483353 -9.78608e+00 
 158    3.8304131 -9.76815e+00 
 159    3.9142882 -9.78193e+00 
 160    4.0000000 -9.82361e+00 
 161    4.0875886 -9.86994e+00 
 162    4.1770951 -9.90800e+00 
 163    4.2685616 -9.93471e+00 
 164    4.3620309 -9.93947e+00 
 165    4.4575470 -9.97817e+00 
 166    4.5551545 -1.00358e+01 
 167    4.6548994 -1.00995e+01 
 168    4.7568285 -1.01675e+01 
 169    4.8609894 -1.02051e+01 
 170    4.9674312 -1.02650e+01 
 171    5.0762038 -1.02810e+01 
 172    5.1873582 -1.03165e+01 
 173    5.3009466 -1.03325e+01 
 174    5.4170222 -1.03418e+01 
 175    5.5356395 -1.03678e+01 
 176    5.6568542 -1.04274e+01 
 177    5.7807232 -1.05036e+01 
 178    5.9073046 -1.05833e+01 
 179    6.0366577 -1.07526e+01 
 180    6.1688433 -1.09760e+01 
 181    6.3039234 -1.12109e+01 
 182    6.4419613 -1.15041e+01 
 183    6.5830219 -1.18157e+01 
 184    6.7271713 -1.21689e+01 
 185    6.8744772 -1.25079e+01 
 186    7.0250086 -1.28875e+01 
 187    7.1788363 -1.33275e+01 
 188    7.3360323 -1.37748e+01 
 189    7.4966705 -1.41961e+01 


# H-band (filter: H_2MASS.dat)
   0    0.1250000 -1.47451e+01 
   1    0.1277371 -1.50321e+01 
   2    0.1305342 -1.53253e+01 
   3    0.1333926 -1.56249e+01 
   4    0.1363135 -1.58728e+01 
   5    0.1392983 -1.62315e+01 
   6    0.1423486 -1.64550e+01 
   7    0.1454656 -1.66851e+01 
   8    0.1486509 -1.69221e+01 
   9    0.1519059 -1.71941e+01 
  10    0.1552322 -1.74462e+01 
  11    0.1586314 -1.76580e+01 
  12    0.1621049 -1.78331e+01 
  13    0.1656546 -1.80252e+01 
  14    0.1692819 -1.82003e+01 
  15    0.1729887 -1.83764e+01 
  16    0.1767767 -1.85313e+01 
  17    0.1806476 -1.86724e+01 
  18    0.1846033 -1.88089e+01 
  19    0.1886456 -1.89438e+01 
  20    0.1927764 -1.90566e+01 
  21    0.1969976 -1.91530e+01 
  22    0.2013113 -1.92557e+01 
  23    0.2057194 -1.93443e+01 
  24    0.2102241 -1.94276e+01 
  25    0.2148274 -1.95026e+01 
  26    0.2195315 -1.95718e+01 
  27    0.2243386 -1.96370e+01 
  28    0.2292510 -1.96881e+01 
  29    0.2342710 -1.97449e+01 
  30    0.2394008 -1.97996e+01 
  31    0.2446430 -1.98384e+01 
  32    0.2500000 -1.98817e+01 
  33    0.2554743 -1.99241e+01 
  34    0.2610684 -1.99476e+01 
  35    0.2667851 -1.99801e+01 
  36    0.2726269 -2.00010e+01 
  37    0.2785967 -2.00207e+01 
  38    0.2846972 -2.00332e+01 
  39    0.2909312 -2.00529e+01 
  40    0.2973018 -2.00638e+01 
  41    0.3038118 -2.00659e+01 
  42    0.3104645 -2.00650e+01 
  43    0.3172627 -2.00629e+01 
  44    0.3242099 -2.00576e+01 
  45    0.3313092 -2.00467e+01 
  46    0.3385639 -2.00335e+01 
  47    0.3459775 -2.00139e+01 
  48    0.3535534 -1.99997e+01 
  49    0.3612952 -1.99752e+01 
  50    0.3692065 -1.99491e+01 
  51    0.3772911 -1.99167e+01 
  52    0.3855527 -1.98848e+01 
  53    0.3939952 -1.98540e+01 
  54    0.4026226 -1.98182e+01 
  55    0.4114389 -1.97778e+01 
  56    0.4204482 -1.97304e+01 
  57    0.4296548 -1.96785e+01 
  58    0.4390630 -1.96260e+01 
  59    0.4486773 -1.95670e+01 
  60    0.4585020 -1.94963e+01 
  61    0.4685419 -1.94248e+01 
  62    0.4788016 -1.93526e+01 
  63    0.4892860 -1.92819e+01 
  64    0.5000000 -1.92078e+01 
  65    0.5109486 -1.91336e+01 
  66    0.5221369 -1.90629e+01 
  67    0.5335702 -1.89901e+01 
  68    0.5452539 -1.89218e+01 
  69    0.5571934 -1.88543e+01 
  70    0.5693943 -1.87922e+01 
  71    0.5818624 -1.87315e+01 
  72    0.5946036 -1.86731e+01 
  73    0.6076237 -1.86163e+01 
  74    0.6209289 -1.85570e+01 
  75    0.6345255 -1.84940e+01 
  76    0.6484198 -1.84351e+01 
  77    0.6626183 -1.83710e+01 
  78    0.6771278 -1.83063e+01 
  79    0.6919549 -1.82400e+01 
  80    0.7071068 -1.81769e+01 
  81    0.7225904 -1.81132e+01 
  82    0.7384131 -1.80427e+01 
  83    0.7545822 -1.79700e+01 
  84    0.7711054 -1.79027e+01 
  85    0.7879904 -1.78266e+01 
  86    0.8052452 -1.77571e+01 
  87    0.8228777 -1.76822e+01 
  88    0.8408964 -1.76128e+01 
  89    0.8593096 -1.75451e+01 
  90    0.8781261 -1.74797e+01 
  91    0.8973545 -1.74071e+01 
  92    0.9170040 -1.73361e+01 
  93    0.9370838 -1.72676e+01 
  94    0.9576033 -1.71918e+01 
  95    0.9785721 -1.71225e+01 
  96    1.0000000 -1.70514e+01 
  97    1.0218971 -1.69858e+01 
  98    1.0442738 -1.69161e+01 
  99    1.0671404 -1.68498e+01 
 100    1.0905077 -1.67809e+01 
 101    1.1143867 -1.67165e+01 
 102    1.1387886 -1.66464e+01 
 103    1.1637249 -1.65835e+01 
 104    1.1892071 -1.65166e+01 
 105    1.2152474 -1.64466e+01 
 106    1.2418578 -1.63829e+01 
 107    1.2690510 -1.63184e+01 
 108    1.2968396 -1.62498e+01 
 109    1.3252366 -1.61791e+01 
 110    1.3542555 -1.61186e+01 
 111    1.3839099 -1.60458e+01 
 112    1.4142136 -1.59792e+01 
 113    1.4451808 -1.59093e+01 
 114    1.4768261 -1.58426e+01 
 115    1.5091644 -1.57730e+01 
 116    1.5422108 -1.56975e+01 
 117    1.5759808 -1.56320e+01 
 118    1.6104903 -1.55526e+01 
 119    1.6457555 -1.54761e+01 
 120    1.6817928 -1.53967e+01 
 121    1.7186193 -1.53243e+01 
 122    1.7562522 -1.52369e+01 
 123    1.7947091 -1.51570e+01 
 124    1.8340081 -1.50792e+01 
 125    1.8741676 -1.49919e+01 
 126    1.9152066 -1.49044e+01 
 127    1.9571441 -1.48133e+01 
 128    2.0000000 -1.47208e+01 
 129    2.0437943 -1.46211e+01 
 130    2.0885476 -1.45291e+01 
 131    2.1342808 -1.44337e+01 
 132    2.1810155 -1.43320e+01 
 133    2.2287735 -1.42334e+01 
 134    2.2775773 -1.41245e+01 
 135    2.3274497 -1.39782e+01 
 136    2.3784142 -1.38216e+01 
 137    2.4304947 -1.36752e+01 
 138    2.4837156 -1.35120e+01 
 139    2.5381019 -1.33413e+01 
 140    2.5936791 -1.31716e+01 
 141    2.6504733 -1.29205e+01 
 142    2.7085111 -1.27055e+01 
 143    2.7678198 -1.24763e+01 
 144    2.8284271 -1.22556e+01 
 145    2.8903616 -1.19652e+01 
 146    2.9536523 -1.16784e+01 
 147    3.0183289 -1.13952e+01 
 148    3.0844217 -1.10695e+01 
 149    3.1519617 -1.08548e+01 
 150    3.2209807 -1.05218e+01 
 151    3.2915110 -1.02430e+01 
 152    3.3635857 -1.00006e+01 
 153    3.4372386 -9.77246e+00 
 154    3.5125043 -9.48264e+00 
 155    3.5894182 -9.25768e+00 
 156    3.6680162 -9.09741e+00 
 157    3.7483353 -8.99685e+00 
 158    3.8304131 -8.88831e+00 
 159    3.9142882 -8.68349e+00 
 160    4.0000000 -8.60660e+00 
 161    4.0875886 -8.53387e+00 
 162    4.1770951 -8.55839e+00 
 163    4.2685616 -8.53806e+00 
 164    4.3620309 -8.53005e+00 
 165    4.4575470 -8.56326e+00 
 166    4.5551545 -8.60691e+00 
 167    4.6548994 -8.60757e+00 
 168    4.7568285 -8.60311e+00 
 169    4.8609894 -8.64880e+00 
 170    4.9674312 -8.67198e+00 
 171    5.0762038 -8.79437e+00 
 172    5.1873582 -8.79345e+00 
 173    5.3009466 -8.78054e+00 
 174    5.4170222 -8.76834e+00 
 175    5.5356395 -8.79159e+00 
 176    5.6568542 -8.81225e+00 
 177    5.7807232 -8.84028e+00 
 178    5.9073046 -8.84737e+00 
 179    6.0366577 -8.90789e+00 
 180    6.1688433 -8.92165e+00 
 181    6.3039234 -8.93573e+00 
 182    6.4419613 -8.95135e+00 
 183    6.5830219 -8.93537e+00 
 184    6.7271713 -8.92909e+00 
 185    6.8744772 -8.88251e+00 
 186    7.0250086 -8.86750e+00 
 187    7.1788363 -8.81577e+00 
 188    7.3360323 -8.75052e+00 
 189    7.4966705 -8.65855e+00 


# K-band (filter: Ks_mosfire.dat)
   0    0.1250000 -1.60632e+01 
   1    0.1277371 -1.61867e+01 
   2    0.1305342 -1.63128e+01 
   3    0.1333926 -1.64417e+01 
   4    0.1363135 -1.66303e+01 
   5    0.1392983 -1.67702e+01 
   6    0.1423486 -1.69592e+01 
   7    0.1454656 -1.71903e+01 
   8    0.1486509 -1.74226e+01 
   9    0.1519059 -1.76486e+01 
  10    0.1552322 -1.78724e+01 
  11    0.1586314 -1.80839e+01 
  12    0.1621049 -1.82505e+01 
  13    0.1656546 -1.83791e+01 
  14    0.1692819 -1.85558e+01 
  15    0.1729887 -1.86869e+01 
  16    0.1767767 -1.87943e+01 
  17    0.1806476 -1.89062e+01 
  18    0.1846033 -1.90085e+01 
  19    0.1886456 -1.90996e+01 
  20    0.1927764 -1.91806e+01 
  21    0.1969976 -1.92552e+01 
  22    0.2013113 -1.93039e+01 
  23    0.2057194 -1.93683e+01 
  24    0.2102241 -1.94342e+01 
  25    0.2148274 -1.94863e+01 
  26    0.2195315 -1.95397e+01 
  27    0.2243386 -1.95799e+01 
  28    0.2292510 -1.96249e+01 
  29    0.2342710 -1.96553e+01 
  30    0.2394008 -1.96844e+01 
  31    0.2446430 -1.97035e+01 
  32    0.2500000 -1.97187e+01 
  33    0.2554743 -1.97386e+01 
  34    0.2610684 -1.97493e+01 
  35    0.2667851 -1.97563e+01 
  36    0.2726269 -1.97594e+01 
  37    0.2785967 -1.97615e+01 
  38    0.2846972 -1.97569e+01 
  39    0.2909312 -1.97465e+01 
  40    0.2973018 -1.97360e+01 
  41    0.3038118 -1.97207e+01 
  42    0.3104645 -1.97060e+01 
  43    0.3172627 -1.96887e+01 
  44    0.3242099 -1.96718e+01 
  45    0.3313092 -1.96478e+01 
  46    0.3385639 -1.96183e+01 
  47    0.3459775 -1.95859e+01 
  48    0.3535534 -1.95550e+01 
  49    0.3612952 -1.95231e+01 
  50    0.3692065 -1.94837e+01 
  51    0.3772911 -1.94461e+01 
  52    0.3855527 -1.94031e+01 
  53    0.3939952 -1.93588e+01 
  54    0.4026226 -1.93135e+01 
  55    0.4114389 -1.92627e+01 
  56    0.4204482 -1.92069e+01 
  57    0.4296548 -1.91535e+01 
  58    0.4390630 -1.90943e+01 
  59    0.4486773 -1.90357e+01 
  60    0.4585020 -1.89548e+01 
  61    0.4685419 -1.88770e+01 
  62    0.4788016 -1.87990e+01 
  63    0.4892860 -1.87212e+01 
  64    0.5000000 -1.86427e+01 
  65    0.5109486 -1.85632e+01 
  66    0.5221369 -1.84942e+01 
  67    0.5335702 -1.84207e+01 
  68    0.5452539 -1.83396e+01 
  69    0.5571934 -1.82722e+01 
  70    0.5693943 -1.82026e+01 
  71    0.5818624 -1.81377e+01 
  72    0.5946036 -1.80767e+01 
  73    0.6076237 -1.80031e+01 
  74    0.6209289 -1.79352e+01 
  75    0.6345255 -1.78665e+01 
  76    0.6484198 -1.78001e+01 
  77    0.6626183 -1.77301e+01 
  78    0.6771278 -1.76585e+01 
  79    0.6919549 -1.75859e+01 
  80    0.7071068 -1.75073e+01 
  81    0.7225904 -1.74298e+01 
  82    0.7384131 -1.73528e+01 
  83    0.7545822 -1.72805e+01 
  84    0.7711054 -1.72066e+01 
  85    0.7879904 -1.71406e+01 
  86    0.8052452 -1.70632e+01 
  87    0.8228777 -1.69879e+01 
  88    0.8408964 -1.69063e+01 
  89    0.8593096 -1.68231e+01 
  90    0.8781261 -1.67437e+01 
  91    0.8973545 -1.66788e+01 
  92    0.9170040 -1.66048e+01 
  93    0.9370838 -1.65275e+01 
  94    0.9576033 -1.64561e+01 
  95    0.9785721 -1.63782e+01 
  96    1.0000000 -1.62906e+01 
  97    1.0218971 -1.62052e+01 
  98    1.0442738 -1.61303e+01 
  99    1.0671404 -1.60520e+01 
 100    1.0905077 -1.59730e+01 
 101    1.1143867 -1.58907e+01 
 102    1.1387886 -1.58064e+01 
 103    1.1637249 -1.57245e+01 
 104    1.1892071 -1.56536e+01 
 105    1.2152474 -1.55716e+01 
 106    1.2418578 -1.54930e+01 
 107    1.2690510 -1.54150e+01 
 108    1.2968396 -1.53476e+01 
 109    1.3252366 -1.52700e+01 
 110    1.3542555 -1.52041e+01 
 111    1.3839099 -1.51230e+01 
 112    1.4142136 -1.50506e+01 
 113    1.4451808 -1.49858e+01 
 114    1.4768261 -1.49140e+01 
 115    1.5091644 -1.48328e+01 
 116    1.5422108 -1.47577e+01 
 117    1.5759808 -1.46922e+01 
 118    1.6104903 -1.46178e+01 
 119    1.6457555 -1.45331e+01 
 120    1.6817928 -1.44474e+01 
 121    1.7186193 -1.43671e+01 
 122    1.7562522 -1.42704e+01 
 123    1.7947091 -1.41707e+01 
 124    1.8340081 -1.40738e+01 
 125    1.8741676 -1.39796e+01 
 126    1.9152066 -1.38815e+01 
 127    1.9571441 -1.37728e+01 
 128    2.0000000 -1.36700e+01 
 129    2.0437943 -1.35854e+01 
 130    2.0885476 -1.34986e+01 
 131    2.1342808 -1.34135e+01 
 132    2.1810155 -1.33177e+01 
 133    2.2287735 -1.32278e+01 
 134    2.2775773 -1.31455e+01 
 135    2.3274497 -1.30436e+01 
 136    2.3784142 -1.29516e+01 
 137    2.4304947 -1.28493e+01 
 138    2.4837156 -1.27209e+01 
 139    2.5381019 -1.26190e+01 
 140    2.5936791 -1.24816e+01 
 141    2.6504733 -1.23187e+01 
 142    2.7085111 -1.21667e+01 
 143    2.7678198 -1.19945e+01 
 144    2.8284271 -1.17761e+01 
 145    2.8903616 -1.16426e+01 
 146    2.9536523 -1.14829e+01 
 147    3.0183289 -1.13352e+01 
 148    3.0844217 -1.12084e+01 
 149    3.1519617 -1.10823e+01 
 150    3.2209807 -1.09764e+01 
 151    3.2915110 -1.08485e+01 
 152    3.3635857 -1.07535e+01 
 153    3.4372386 -1.06615e+01 
 154    3.5125043 -1.04849e+01 
 155    3.5894182 -1.03815e+01 
 156    3.6680162 -1.02745e+01 
 157    3.7483353 -1.00884e+01 
 158    3.8304131 -9.81266e+00 
 159    3.9142882 -9.49778e+00 
 160    4.0000000 -9.22622e+00 
 161    4.0875886 -8.83073e+00 
 162    4.1770951 -8.50671e+00 
 163    4.2685616 -8.23220e+00 
 164    4.3620309 -7.76524e+00 
 165    4.4575470 -7.42722e+00 
 166    4.5551545 -7.34537e+00 
 167    4.6548994 -6.93447e+00 
 168    4.7568285 -5.85568e+00 
 169    4.8609894 -5.81542e+00 
 170    4.9674312 -5.68955e+00 
 171    5.0762038 -5.65928e+00 
 172    5.1873582 -5.63836e+00 
 173    5.3009466 -5.70467e+00 
 174    5.4170222 -5.70123e+00 
 175    5.5356395 -5.72389e+00 
 176    5.6568542 -5.84553e+00 
 177    5.7807232 -5.89685e+00 
 178    5.9073046 -6.03487e+00 
 179    6.0366577 -6.21517e+00 
 180    6.1688433 -6.78265e+00 
 181    6.3039234 -6.80402e+00 
 182    6.4419613 -6.95880e+00 
 183    6.5830219 -7.13913e+00 
 184    6.7271713 -7.28301e+00 
 185    6.8744772 -7.47166e+00 
 186    7.0250086 -7.63027e+00 
 187    7.1788363 -7.86167e+00 
 188    7.3360323 -8.06284e+00 
 189    7.4966705 -8.29718e+00 


# S-band (filter: Spitzer_IRAC2.dat)
   0    0.1250000 -1.86609e+01 
   1    0.1277371 -1.87293e+01 
   2    0.1305342 -1.87992e+01 
   3    0.1333926 -1.88707e+01 
   4    0.1363135 -1.89431e+01 
   5    0.1392983 -1.89992e+01 
   6    0.1423486 -1.90457e+01 
   7    0.1454656 -1.91025e+01 
   8    0.1486509 -1.91606e+01 
   9    0.1519059 -1.92358e+01 
  10    0.1552322 -1.92728e+01 
  11    0.1586314 -1.93058e+01 
  12    0.1621049 -1.93439e+01 
  13    0.1656546 -1.93575e+01 
  14    0.1692819 -1.93649e+01 
  15    0.1729887 -1.93699e+01 
  16    0.1767767 -1.93542e+01 
  17    0.1806476 -1.93507e+01 
  18    0.1846033 -1.93342e+01 
  19    0.1886456 -1.93141e+01 
  20    0.1927764 -1.92807e+01 
  21    0.1969976 -1.92344e+01 
  22    0.2013113 -1.91849e+01 
  23    0.2057194 -1.91492e+01 
  24    0.2102241 -1.90987e+01 
  25    0.2148274 -1.90621e+01 
  26    0.2195315 -1.90111e+01 
  27    0.2243386 -1.89637e+01 
  28    0.2292510 -1.89202e+01 
  29    0.2342710 -1.88715e+01 
  30    0.2394008 -1.88074e+01 
  31    0.2446430 -1.87371e+01 
  32    0.2500000 -1.86815e+01 
  33    0.2554743 -1.86265e+01 
  34    0.2610684 -1.85630e+01 
  35    0.2667851 -1.84958e+01 
  36    0.2726269 -1.84211e+01 
  37    0.2785967 -1.83442e+01 
  38    0.2846972 -1.82733e+01 
  39    0.2909312 -1.82159e+01 
  40    0.2973018 -1.81406e+01 
  41    0.3038118 -1.80688e+01 
  42    0.3104645 -1.80149e+01 
  43    0.3172627 -1.79364e+01 
  44    0.3242099 -1.78558e+01 
  45    0.3313092 -1.77816e+01 
  46    0.3385639 -1.76935e+01 
  47    0.3459775 -1.76008e+01 
  48    0.3535534 -1.75332e+01 
  49    0.3612952 -1.74497e+01 
  50    0.3692065 -1.73610e+01 
  51    0.3772911 -1.72687e+01 
  52    0.3855527 -1.72023e+01 
  53    0.3939952 -1.71226e+01 
  54    0.4026226 -1.70315e+01 
  55    0.4114389 -1.69586e+01 
  56    0.4204482 -1.68670e+01 
  57    0.4296548 -1.67611e+01 
  58    0.4390630 -1.66972e+01 
  59    0.4486773 -1.66132e+01 
  60    0.4585020 -1.65159e+01 
  61    0.4685419 -1.64167e+01 
  62    0.4788016 -1.63203e+01 
  63    0.4892860 -1.62264e+01 
  64    0.5000000 -1.61152e+01 
  65    0.5109486 -1.60120e+01 
  66    0.5221369 -1.59078e+01 
  67    0.5335702 -1.58225e+01 
  68    0.5452539 -1.57435e+01 
  69    0.5571934 -1.56308e+01 
  70    0.5693943 -1.55164e+01 
  71    0.5818624 -1.54316e+01 
  72    0.5946036 -1.53577e+01 
  73    0.6076237 -1.52828e+01 
  74    0.6209289 -1.52093e+01 
  75    0.6345255 -1.51198e+01 
  76    0.6484198 -1.50273e+01 
  77    0.6626183 -1.49502e+01 
  78    0.6771278 -1.48629e+01 
  79    0.6919549 -1.47754e+01 
  80    0.7071068 -1.46767e+01 
  81    0.7225904 -1.45870e+01 
  82    0.7384131 -1.44886e+01 
  83    0.7545822 -1.44018e+01 
  84    0.7711054 -1.43068e+01 
  85    0.7879904 -1.42311e+01 
  86    0.8052452 -1.41218e+01 
  87    0.8228777 -1.40197e+01 
  88    0.8408964 -1.39042e+01 
  89    0.8593096 -1.37986e+01 
  90    0.8781261 -1.36851e+01 
  91    0.8973545 -1.35865e+01 
  92    0.9170040 -1.35029e+01 
  93    0.9370838 -1.34133e+01 
  94    0.9576033 -1.33418e+01 
  95    0.9785721 -1.32275e+01 
  96    1.0000000 -1.31711e+01 
  97    1.0218971 -1.30793e+01 
  98    1.0442738 -1.29893e+01 
  99    1.0671404 -1.29104e+01 
 100    1.0905077 -1.28317e+01 
 101    1.1143867 -1.27463e+01 
 102    1.1387886 -1.26977e+01 
 103    1.1637249 -1.25823e+01 
 104    1.1892071 -1.24822e+01 
 105    1.2152474 -1.23741e+01 
 106    1.2418578 -1.22889e+01 
 107    1.2690510 -1.22352e+01 
 108    1.2968396 -1.21107e+01 
 109    1.3252366 -1.20315e+01 
 110    1.3542555 -1.19683e+01 
 111    1.3839099 -1.18663e+01 
 112    1.4142136 -1.17844e+01 
 113    1.4451808 -1.15926e+01 
 114    1.4768261 -1.14844e+01 
 115    1.5091644 -1.14297e+01 
 116    1.5422108 -1.13086e+01 
 117    1.5759808 -1.11850e+01 
 118    1.6104903 -1.11059e+01 
 119    1.6457555 -1.07551e+01 
 120    1.6817928 -1.06968e+01 
 121    1.7186193 -1.05492e+01 
 122    1.7562522 -1.04546e+01 
 123    1.7947091 -1.03470e+01 
 124    1.8340081 -1.03798e+01 
 125    1.8741676 -1.02869e+01 
 126    1.9152066 -1.01726e+01 
 127    1.9571441 -1.00331e+01 
 128    2.0000000 -9.97939e+00 
 129    2.0437943 -9.82852e+00 
 130    2.0885476 -9.76418e+00 
 131    2.1342808 -9.74067e+00 
 132    2.1810155 -9.49161e+00 
 133    2.2287735 -9.04241e+00 
 134    2.2775773 -8.85278e+00 
 135    2.3274497 -8.77171e+00 
 136    2.3784142 -8.28088e+00 
 137    2.4304947 -8.05911e+00 
 138    2.4837156 -7.66130e+00 
 139    2.5381019 -7.02478e+00 
 140    2.5936791 -6.11459e+00 
 141    2.6504733 -5.00408e+00 
 142    2.7085111 -4.14084e+00 
 143    2.7678198 -3.08247e+00 
 144    2.8284271 -2.79446e+00 
 145    2.8903616 -1.97182e+00 
 146    2.9536523 -9.99217e-01 
 147    3.0183289 -4.15359e-02 
 148    3.0844217  6.50091e-01 
 149    3.1519617  1.51792e+00 
 150    3.2209807  2.07518e+00 
 151    3.2915110  2.65926e+00 
 152    3.3635857  2.70825e+00 
 153    3.4372386  3.02866e+00 
 154    3.5125043  3.25419e+00 
 155    3.5894182  4.09367e+00 
 156    3.6680162  5.22177e+00 
 157    3.7483353  5.40369e+00 
 158    3.8304131  5.83102e+00 
 159    3.9142882  6.05822e+00 
 160    4.0000000  6.86477e+00 
 161    4.0875886  6.23079e+00 
 162    4.1770951  7.02287e+00 
 163    4.2685616  6.27622e+00 
 164    4.3620309  6.50340e+00 
 165    4.4575470  6.79548e+00 
 166    4.5551545  7.05684e+00 
 167    4.6548994  6.28064e+00 
 168    4.7568285  5.96701e+00 
 169    4.8609894  5.20138e+00 
 170    4.9674312  4.40256e+00 
 171    5.0762038  4.51952e+00 
 172    5.1873582  4.36712e+00 
 173    5.3009466  5.31101e+00 
 174    5.4170222  4.89150e+00 
 175    5.5356395  5.24635e+00 
 176    5.6568542  4.74373e+00 
 177    5.7807232  4.71952e+00 
 178    5.9073046  4.42484e+00 
 179    6.0366577  4.58083e+00 
 180    6.1688433  4.44895e+00 
 181    6.3039234  4.58340e+00 
 182    6.4419613  3.62446e+00 
 183    6.5830219  3.38546e+00 
 184    6.7271713  2.19856e+00 
 185    6.8744772  1.41708e+00 
 186    7.0250086  5.34593e-01 
 187    7.1788363 -4.66694e-01 
 188    7.3360323 -1.50326e+00 
 189    7.4966705 -2.83892e+00 


