# 1:iteration 2:time bin[s] 3-k:equiv. isotropic luminosity in k-th angular bin [erg/s]
# bolometric luminosity going in angular bin
   0    0.1250000  4.27686e+41 
   1    0.1277371  4.32533e+41 
   2    0.1305342  4.37486e+41 
   3    0.1333926  4.42547e+41 
   4    0.1363135  4.47298e+41 
   5    0.1392983  4.51670e+41 
   6    0.1423486  4.55397e+41 
   7    0.1454656  4.58844e+41 
   8    0.1486509  4.61925e+41 
   9    0.1519059  4.64595e+41 
  10    0.1552322  4.66854e+41 
  11    0.1586314  4.68891e+41 
  12    0.1621049  4.70326e+41 
  13    0.1656546  4.71562e+41 
  14    0.1692819  4.72351e+41 
  15    0.1729887  4.72845e+41 
  16    0.1767767  4.72963e+41 
  17    0.1806476  4.72800e+41 
  18    0.1846033  4.72369e+41 
  19    0.1886456  4.71644e+41 
  20    0.1927764  4.70577e+41 
  21    0.1969976  4.69284e+41 
  22    0.2013113  4.67679e+41 
  23    0.2057194  4.65792e+41 
  24    0.2102241  4.63763e+41 
  25    0.2148274  4.61518e+41 
  26    0.2195315  4.59047e+41 
  27    0.2243386  4.56397e+41 
  28    0.2292510  4.53602e+41 
  29    0.2342710  4.50688e+41 
  30    0.2394008  4.47602e+41 
  31    0.2446430  4.44395e+41 
  32    0.2500000  4.40955e+41 
  33    0.2554743  4.37437e+41 
  34    0.2610684  4.33557e+41 
  35    0.2667851  4.29405e+41 
  36    0.2726269  4.24931e+41 
  37    0.2785967  4.20165e+41 
  38    0.2846972  4.14820e+41 
  39    0.2909312  4.08896e+41 
  40    0.2973018  4.02628e+41 
  41    0.3038118  3.95527e+41 
  42    0.3104645  3.87786e+41 
  43    0.3172627  3.79548e+41 
  44    0.3242099  3.70690e+41 
  45    0.3313092  3.61373e+41 
  46    0.3385639  3.51538e+41 
  47    0.3459775  3.41566e+41 
  48    0.3535534  3.31429e+41 
  49    0.3612952  3.20964e+41 
  50    0.3692065  3.10855e+41 
  51    0.3772911  3.00945e+41 
  52    0.3855527  2.90919e+41 
  53    0.3939952  2.81539e+41 
  54    0.4026226  2.72431e+41 
  55    0.4114389  2.63520e+41 
  56    0.4204482  2.55090e+41 
  57    0.4296548  2.46981e+41 
  58    0.4390630  2.39080e+41 
  59    0.4486773  2.31461e+41 
  60    0.4585020  2.24056e+41 
  61    0.4685419  2.16826e+41 
  62    0.4788016  2.09732e+41 
  63    0.4892860  2.02814e+41 
  64    0.5000000  1.96046e+41 
  65    0.5109486  1.89329e+41 
  66    0.5221369  1.82910e+41 
  67    0.5335702  1.76657e+41 
  68    0.5452539  1.70485e+41 
  69    0.5571934  1.64666e+41 
  70    0.5693943  1.59063e+41 
  71    0.5818624  1.53605e+41 
  72    0.5946036  1.48534e+41 
  73    0.6076237  1.43685e+41 
  74    0.6209289  1.39008e+41 
  75    0.6345255  1.34705e+41 
  76    0.6484198  1.30676e+41 
  77    0.6626183  1.26828e+41 
  78    0.6771278  1.23310e+41 
  79    0.6919549  1.19991e+41 
  80    0.7071068  1.16906e+41 
  81    0.7225904  1.14000e+41 
  82    0.7384131  1.11387e+41 
  83    0.7545822  1.08913e+41 
  84    0.7711054  1.06577e+41 
  85    0.7879904  1.04364e+41 
  86    0.8052452  1.02257e+41 
  87    0.8228777  1.00252e+41 
  88    0.8408964  9.83164e+40 
  89    0.8593096  9.64388e+40 
  90    0.8781261  9.46269e+40 
  91    0.8973545  9.29991e+40 
  92    0.9170040  9.13220e+40 
  93    0.9370838  8.96514e+40 
  94    0.9576033  8.80435e+40 
  95    0.9785721  8.64711e+40 
  96    1.0000000  8.49347e+40 
  97    1.0218971  8.33872e+40 
  98    1.0442738  8.18329e+40 
  99    1.0671404  8.03457e+40 
 100    1.0905077  7.89479e+40 
 101    1.1143867  7.75861e+40 
 102    1.1387886  7.62018e+40 
 103    1.1637249  7.48638e+40 
 104    1.1892071  7.36468e+40 
 105    1.2152474  7.25579e+40 
 106    1.2418578  7.14236e+40 
 107    1.2690510  7.01432e+40 
 108    1.2968396  6.86300e+40 
 109    1.3252366  6.71427e+40 
 110    1.3542555  6.51833e+40 
 111    1.3839099  6.29536e+40 
 112    1.4142136  6.06574e+40 
 113    1.4451808  5.82151e+40 
 114    1.4768261  5.60358e+40 
 115    1.5091644  5.36297e+40 
 116    1.5422108  5.18445e+40 
 117    1.5759808  5.01600e+40 
 118    1.6104903  4.84331e+40 
 119    1.6457555  4.72915e+40 
 120    1.6817928  4.63695e+40 
 121    1.7186193  4.58331e+40 
 122    1.7562522  4.55524e+40 
 123    1.7947091  4.55673e+40 
 124    1.8340081  4.59026e+40 
 125    1.8741676  4.64564e+40 
 126    1.9152066  4.70982e+40 
 127    1.9571441  4.77896e+40 
 128    2.0000000  4.84757e+40 
 129    2.0437943  4.91709e+40 
 130    2.0885476  4.97213e+40 
 131    2.1342808  5.02421e+40 
 132    2.1810155  5.04522e+40 
 133    2.2287735  5.05044e+40 
 134    2.2775773  5.05360e+40 
 135    2.3274497  5.02568e+40 
 136    2.3784142  4.98272e+40 
 137    2.4304947  4.91987e+40 
 138    2.4837156  4.83386e+40 
 139    2.5381019  4.72712e+40 
 140    2.5936791  4.59611e+40 
 141    2.6504733  4.44256e+40 
 142    2.7085111  4.26828e+40 
 143    2.7678198  4.08447e+40 
 144    2.8284271  3.87965e+40 
 145    2.8903616  3.66096e+40 
 146    2.9536523  3.42834e+40 
 147    3.0183289  3.18132e+40 
 148    3.0844217  2.92260e+40 
 149    3.1519617  2.65709e+40 
 150    3.2209807  2.38103e+40 
 151    3.2915110  2.11428e+40 
 152    3.3635857  1.85450e+40 
 153    3.4372386  1.59308e+40 
 154    3.5125043  1.36090e+40 
 155    3.5894182  1.14519e+40 
 156    3.6680162  9.38254e+39 
 157    3.7483353  7.65710e+39 
 158    3.8304131  6.13892e+39 
 159    3.9142882  4.81875e+39 
 160    4.0000000  3.77856e+39 
 161    4.0875886  2.93091e+39 
 162    4.1770951  2.26224e+39 
 163    4.2685616  1.75214e+39 
 164    4.3620309  1.35863e+39 
 165    4.4575470  1.08005e+39 
 166    4.5551545  8.70496e+38 
 167    4.6548994  7.19041e+38 
 168    4.7568285  6.18546e+38 
 169    4.8609894  5.41962e+38 
 170    4.9674312  4.85344e+38 
 171    5.0762038  4.41957e+38 
 172    5.1873582  4.07502e+38 
 173    5.3009466  3.77561e+38 
 174    5.4170222  3.51293e+38 
 175    5.5356395  3.28052e+38 
 176    5.6568542  3.07047e+38 
 177    5.7807232  2.87853e+38 
 178    5.9073046  2.70093e+38 
 179    6.0366577  2.53815e+38 
 180    6.1688433  2.38654e+38 
 181    6.3039234  2.24348e+38 
 182    6.4419613  2.11227e+38 
 183    6.5830219  1.98883e+38 
 184    6.7271713  1.87150e+38 
 185    6.8744772  1.76400e+38 
 186    7.0250086  1.65685e+38 
 187    7.1788363  1.55245e+38 
 188    7.3360323  1.45137e+38 
 189    7.4966705  1.35659e+38 


# g-band (filter: g_LSST.dat)
   0    0.1250000  9.02177e+26 
   1    0.1277371  9.11595e+26 
   2    0.1305342  9.21219e+26 
   3    0.1333926  9.31053e+26 
   4    0.1363135  9.39586e+26 
   5    0.1392983  9.46982e+26 
   6    0.1423486  9.52380e+26 
   7    0.1454656  9.57027e+26 
   8    0.1486509  9.60613e+26 
   9    0.1519059  9.62667e+26 
  10    0.1552322  9.63483e+26 
  11    0.1586314  9.63235e+26 
  12    0.1621049  9.61243e+26 
  13    0.1656546  9.58572e+26 
  14    0.1692819  9.54571e+26 
  15    0.1729887  9.49774e+26 
  16    0.1767767  9.43856e+26 
  17    0.1806476  9.37114e+26 
  18    0.1846033  9.29076e+26 
  19    0.1886456  9.20382e+26 
  20    0.1927764  9.10977e+26 
  21    0.1969976  9.00916e+26 
  22    0.2013113  8.90449e+26 
  23    0.2057194  8.79467e+26 
  24    0.2102241  8.67966e+26 
  25    0.2148274  8.56066e+26 
  26    0.2195315  8.44043e+26 
  27    0.2243386  8.31645e+26 
  28    0.2292510  8.18835e+26 
  29    0.2342710  8.05755e+26 
  30    0.2394008  7.92780e+26 
  31    0.2446430  7.79386e+26 
  32    0.2500000  7.65812e+26 
  33    0.2554743  7.51802e+26 
  34    0.2610684  7.37275e+26 
  35    0.2667851  7.22324e+26 
  36    0.2726269  7.06977e+26 
  37    0.2785967  6.90932e+26 
  38    0.2846972  6.74093e+26 
  39    0.2909312  6.56135e+26 
  40    0.2973018  6.37792e+26 
  41    0.3038118  6.18015e+26 
  42    0.3104645  5.96961e+26 
  43    0.3172627  5.74987e+26 
  44    0.3242099  5.51422e+26 
  45    0.3313092  5.26956e+26 
  46    0.3385639  5.01420e+26 
  47    0.3459775  4.75235e+26 
  48    0.3535534  4.48713e+26 
  49    0.3612952  4.21204e+26 
  50    0.3692065  3.94284e+26 
  51    0.3772911  3.67741e+26 
  52    0.3855527  3.40704e+26 
  53    0.3939952  3.15301e+26 
  54    0.4026226  2.90583e+26 
  55    0.4114389  2.66365e+26 
  56    0.4204482  2.44012e+26 
  57    0.4296548  2.22751e+26 
  58    0.4390630  2.02649e+26 
  59    0.4486773  1.83504e+26 
  60    0.4585020  1.65815e+26 
  61    0.4685419  1.49371e+26 
  62    0.4788016  1.33838e+26 
  63    0.4892860  1.19702e+26 
  64    0.5000000  1.06571e+26 
  65    0.5109486  9.42346e+25 
  66    0.5221369  8.31986e+25 
  67    0.5335702  7.30181e+25 
  68    0.5452539  6.35863e+25 
  69    0.5571934  5.53044e+25 
  70    0.5693943  4.78343e+25 
  71    0.5818624  4.10766e+25 
  72    0.5946036  3.53612e+25 
  73    0.6076237  3.03043e+25 
  74    0.6209289  2.57813e+25 
  75    0.6345255  2.20587e+25 
  76    0.6484198  1.88296e+25 
  77    0.6626183  1.60692e+25 
  78    0.6771278  1.37928e+25 
  79    0.6919549  1.18854e+25 
  80    0.7071068  1.02818e+25 
  81    0.7225904  8.97174e+24 
  82    0.7384131  7.87585e+24 
  83    0.7545822  6.93481e+24 
  84    0.7711054  6.13806e+24 
  85    0.7879904  5.45597e+24 
  86    0.8052452  4.86638e+24 
  87    0.8228777  4.35916e+24 
  88    0.8408964  3.92693e+24 
  89    0.8593096  3.55294e+24 
  90    0.8781261  3.22418e+24 
  91    0.8973545  2.94006e+24 
  92    0.9170040  2.69662e+24 
  93    0.9370838  2.48361e+24 
  94    0.9576033  2.30218e+24 
  95    0.9785721  2.14602e+24 
  96    1.0000000  2.00371e+24 
  97    1.0218971  1.88619e+24 
  98    1.0442738  1.78353e+24 
  99    1.0671404  1.69182e+24 
 100    1.0905077  1.60679e+24 
 101    1.1143867  1.53490e+24 
 102    1.1387886  1.47103e+24 
 103    1.1637249  1.41302e+24 
 104    1.1892071  1.35949e+24 
 105    1.2152474  1.31055e+24 
 106    1.2418578  1.26614e+24 
 107    1.2690510  1.22449e+24 
 108    1.2968396  1.18737e+24 
 109    1.3252366  1.15072e+24 
 110    1.3542555  1.11177e+24 
 111    1.3839099  1.07586e+24 
 112    1.4142136  1.03832e+24 
 113    1.4451808  9.98272e+23 
 114    1.4768261  9.61483e+23 
 115    1.5091644  9.24540e+23 
 116    1.5422108  8.88467e+23 
 117    1.5759808  8.54583e+23 
 118    1.6104903  8.19812e+23 
 119    1.6457555  7.89540e+23 
 120    1.6817928  7.61714e+23 
 121    1.7186193  7.33780e+23 
 122    1.7562522  7.12018e+23 
 123    1.7947091  6.89666e+23 
 124    1.8340081  6.71303e+23 
 125    1.8741676  6.57529e+23 
 126    1.9152066  6.46287e+23 
 127    1.9571441  6.35160e+23 
 128    2.0000000  6.26977e+23 
 129    2.0437943  6.18401e+23 
 130    2.0885476  6.09962e+23 
 131    2.1342808  6.01780e+23 
 132    2.1810155  5.91186e+23 
 133    2.2287735  5.78984e+23 
 134    2.2775773  5.67012e+23 
 135    2.3274497  5.52464e+23 
 136    2.3784142  5.34568e+23 
 137    2.4304947  5.15635e+23 
 138    2.4837156  4.92330e+23 
 139    2.5381019  4.68902e+23 
 140    2.5936791  4.42909e+23 
 141    2.6504733  4.17951e+23 
 142    2.7085111  3.92259e+23 
 143    2.7678198  3.65528e+23 
 144    2.8284271  3.41542e+23 
 145    2.8903616  3.18470e+23 
 146    2.9536523  2.97115e+23 
 147    3.0183289  2.76216e+23 
 148    3.0844217  2.58491e+23 
 149    3.1519617  2.41744e+23 
 150    3.2209807  2.27005e+23 
 151    3.2915110  2.13902e+23 
 152    3.3635857  2.02336e+23 
 153    3.4372386  1.91827e+23 
 154    3.5125043  1.82698e+23 
 155    3.5894182  1.74020e+23 
 156    3.6680162  1.66197e+23 
 157    3.7483353  1.58922e+23 
 158    3.8304131  1.52166e+23 
 159    3.9142882  1.45840e+23 
 160    4.0000000  1.39825e+23 
 161    4.0875886  1.34193e+23 
 162    4.1770951  1.28922e+23 
 163    4.2685616  1.23966e+23 
 164    4.3620309  1.19242e+23 
 165    4.4575470  1.14590e+23 
 166    4.5551545  1.10289e+23 
 167    4.6548994  1.06168e+23 
 168    4.7568285  1.02132e+23 
 169    4.8609894  9.84173e+22 
 170    4.9674312  9.48386e+22 
 171    5.0762038  9.14498e+22 
 172    5.1873582  8.82212e+22 
 173    5.3009466  8.51702e+22 
 174    5.4170222  8.22295e+22 
 175    5.5356395  7.93804e+22 
 176    5.6568542  7.66964e+22 
 177    5.7807232  7.41301e+22 
 178    5.9073046  7.16667e+22 
 179    6.0366577  6.93094e+22 
 180    6.1688433  6.70912e+22 
 181    6.3039234  6.49345e+22 
 182    6.4419613  6.28666e+22 
 183    6.5830219  6.08910e+22 
 184    6.7271713  5.89997e+22 
 185    6.8744772  5.71923e+22 
 186    7.0250086  5.54051e+22 
 187    7.1788363  5.36193e+22 
 188    7.3360323  5.18717e+22 
 189    7.4966705  5.02059e+22 


# r-band (filter: r_LSST.dat)
   0    0.1250000  7.96242e+26 
   1    0.1277371  8.14248e+26 
   2    0.1305342  8.32649e+26 
   3    0.1333926  8.51452e+26 
   4    0.1363135  8.69879e+26 
   5    0.1392983  8.87999e+26 
   6    0.1423486  9.04738e+26 
   7    0.1454656  9.21080e+26 
   8    0.1486509  9.36678e+26 
   9    0.1519059  9.50851e+26 
  10    0.1552322  9.65168e+26 
  11    0.1586314  9.78819e+26 
  12    0.1621049  9.90994e+26 
  13    0.1656546  1.00288e+27 
  14    0.1692819  1.01291e+27 
  15    0.1729887  1.02214e+27 
  16    0.1767767  1.03062e+27 
  17    0.1806476  1.03821e+27 
  18    0.1846033  1.04539e+27 
  19    0.1886456  1.05111e+27 
  20    0.1927764  1.05584e+27 
  21    0.1969976  1.06001e+27 
  22    0.2013113  1.06254e+27 
  23    0.2057194  1.06398e+27 
  24    0.2102241  1.06505e+27 
  25    0.2148274  1.06443e+27 
  26    0.2195315  1.06339e+27 
  27    0.2243386  1.06150e+27 
  28    0.2292510  1.05838e+27 
  29    0.2342710  1.05490e+27 
  30    0.2394008  1.04978e+27 
  31    0.2446430  1.04424e+27 
  32    0.2500000  1.03785e+27 
  33    0.2554743  1.03107e+27 
  34    0.2610684  1.02312e+27 
  35    0.2667851  1.01477e+27 
  36    0.2726269  1.00590e+27 
  37    0.2785967  9.96481e+26 
  38    0.2846972  9.86304e+26 
  39    0.2909312  9.75562e+26 
  40    0.2973018  9.64426e+26 
  41    0.3038118  9.52483e+26 
  42    0.3104645  9.40357e+26 
  43    0.3172627  9.27598e+26 
  44    0.3242099  9.14517e+26 
  45    0.3313092  9.01105e+26 
  46    0.3385639  8.87087e+26 
  47    0.3459775  8.72724e+26 
  48    0.3535534  8.57535e+26 
  49    0.3612952  8.42033e+26 
  50    0.3692065  8.26131e+26 
  51    0.3772911  8.09836e+26 
  52    0.3855527  7.92905e+26 
  53    0.3939952  7.75538e+26 
  54    0.4026226  7.57642e+26 
  55    0.4114389  7.39347e+26 
  56    0.4204482  7.20423e+26 
  57    0.4296548  7.01097e+26 
  58    0.4390630  6.81321e+26 
  59    0.4486773  6.61142e+26 
  60    0.4585020  6.40770e+26 
  61    0.4685419  6.19950e+26 
  62    0.4788016  5.98667e+26 
  63    0.4892860  5.77092e+26 
  64    0.5000000  5.55446e+26 
  65    0.5109486  5.33352e+26 
  66    0.5221369  5.11308e+26 
  67    0.5335702  4.89098e+26 
  68    0.5452539  4.66717e+26 
  69    0.5571934  4.44400e+26 
  70    0.5693943  4.22172e+26 
  71    0.5818624  3.99776e+26 
  72    0.5946036  3.77769e+26 
  73    0.6076237  3.56055e+26 
  74    0.6209289  3.34355e+26 
  75    0.6345255  3.13520e+26 
  76    0.6484198  2.93110e+26 
  77    0.6626183  2.73038e+26 
  78    0.6771278  2.54322e+26 
  79    0.6919549  2.36488e+26 
  80    0.7071068  2.19856e+26 
  81    0.7225904  2.03866e+26 
  82    0.7384131  1.89727e+26 
  83    0.7545822  1.76612e+26 
  84    0.7711054  1.64366e+26 
  85    0.7879904  1.53462e+26 
  86    0.8052452  1.43603e+26 
  87    0.8228777  1.34822e+26 
  88    0.8408964  1.27417e+26 
  89    0.8593096  1.20749e+26 
  90    0.8781261  1.14899e+26 
  91    0.8973545  1.10290e+26 
  92    0.9170040  1.06294e+26 
  93    0.9370838  1.02908e+26 
  94    0.9576033  1.00595e+26 
  95    0.9785721  9.90081e+25 
  96    1.0000000  9.79125e+25 
  97    1.0218971  9.71167e+25 
  98    1.0442738  9.64090e+25 
  99    1.0671404  9.67065e+25 
 100    1.0905077  9.77323e+25 
 101    1.1143867  9.91760e+25 
 102    1.1387886  1.00632e+26 
 103    1.1637249  1.02424e+26 
 104    1.1892071  1.04582e+26 
 105    1.2152474  1.08084e+26 
 106    1.2418578  1.11649e+26 
 107    1.2690510  1.15396e+26 
 108    1.2968396  1.18429e+26 
 109    1.3252366  1.21747e+26 
 110    1.3542555  1.22874e+26 
 111    1.3839099  1.21147e+26 
 112    1.4142136  1.19213e+26 
 113    1.4451808  1.13637e+26 
 114    1.4768261  1.08445e+26 
 115    1.5091644  1.02191e+26 
 116    1.5422108  9.70261e+25 
 117    1.5759808  9.14520e+25 
 118    1.6104903  8.39679e+25 
 119    1.6457555  7.85019e+25 
 120    1.6817928  7.30479e+25 
 121    1.7186193  6.80330e+25 
 122    1.7562522  6.39506e+25 
 123    1.7947091  6.09422e+25 
 124    1.8340081  5.96119e+25 
 125    1.8741676  5.95184e+25 
 126    1.9152066  5.97665e+25 
 127    1.9571441  6.00006e+25 
 128    2.0000000  6.00399e+25 
 129    2.0437943  5.97133e+25 
 130    2.0885476  5.88064e+25 
 131    2.1342808  5.78084e+25 
 132    2.1810155  5.58742e+25 
 133    2.2287735  5.36373e+25 
 134    2.2775773  5.12306e+25 
 135    2.3274497  4.84076e+25 
 136    2.3784142  4.53990e+25 
 137    2.4304947  4.17826e+25 
 138    2.4837156  3.82554e+25 
 139    2.5381019  3.46216e+25 
 140    2.5936791  3.07623e+25 
 141    2.6504733  2.72211e+25 
 142    2.7085111  2.38252e+25 
 143    2.7678198  2.06281e+25 
 144    2.8284271  1.77673e+25 
 145    2.8903616  1.51925e+25 
 146    2.9536523  1.28869e+25 
 147    3.0183289  1.07838e+25 
 148    3.0844217  9.00135e+24 
 149    3.1519617  7.42805e+24 
 150    3.2209807  6.01254e+24 
 151    3.2915110  4.85707e+24 
 152    3.3635857  3.86936e+24 
 153    3.4372386  3.05680e+24 
 154    3.5125043  2.41721e+24 
 155    3.5894182  1.91598e+24 
 156    3.6680162  1.55613e+24 
 157    3.7483353  1.28057e+24 
 158    3.8304131  1.07735e+24 
 159    3.9142882  9.38640e+23 
 160    4.0000000  8.32161e+23 
 161    4.0875886  7.54793e+23 
 162    4.1770951  6.99904e+23 
 163    4.2685616  6.54330e+23 
 164    4.3620309  6.18514e+23 
 165    4.4575470  5.88659e+23 
 166    4.5551545  5.62659e+23 
 167    4.6548994  5.39541e+23 
 168    4.7568285  5.18162e+23 
 169    4.8609894  4.98617e+23 
 170    4.9674312  4.79854e+23 
 171    5.0762038  4.62094e+23 
 172    5.1873582  4.45098e+23 
 173    5.3009466  4.29105e+23 
 174    5.4170222  4.13861e+23 
 175    5.5356395  3.99115e+23 
 176    5.6568542  3.85067e+23 
 177    5.7807232  3.71716e+23 
 178    5.9073046  3.58867e+23 
 179    6.0366577  3.46594e+23 
 180    6.1688433  3.34907e+23 
 181    6.3039234  3.23655e+23 
 182    6.4419613  3.13175e+23 
 183    6.5830219  3.03068e+23 
 184    6.7271713  2.93338e+23 
 185    6.8744772  2.84244e+23 
 186    7.0250086  2.75061e+23 
 187    7.1788363  2.66034e+23 
 188    7.3360323  2.57232e+23 
 189    7.4966705  2.48826e+23 


# i-band (filter: i_LSST.dat)
   0    0.1250000  5.01558e+26 
   1    0.1277371  5.13269e+26 
   2    0.1305342  5.25236e+26 
   3    0.1333926  5.37465e+26 
   4    0.1363135  5.50094e+26 
   5    0.1392983  5.62916e+26 
   6    0.1423486  5.75782e+26 
   7    0.1454656  5.88993e+26 
   8    0.1486509  6.02114e+26 
   9    0.1519059  6.14926e+26 
  10    0.1552322  6.27958e+26 
  11    0.1586314  6.41603e+26 
  12    0.1621049  6.54321e+26 
  13    0.1656546  6.67474e+26 
  14    0.1692819  6.80565e+26 
  15    0.1729887  6.93555e+26 
  16    0.1767767  7.06573e+26 
  17    0.1806476  7.19512e+26 
  18    0.1846033  7.32251e+26 
  19    0.1886456  7.44513e+26 
  20    0.1927764  7.56836e+26 
  21    0.1969976  7.69024e+26 
  22    0.2013113  7.80627e+26 
  23    0.2057194  7.92141e+26 
  24    0.2102241  8.03696e+26 
  25    0.2148274  8.14562e+26 
  26    0.2195315  8.24684e+26 
  27    0.2243386  8.34685e+26 
  28    0.2292510  8.43873e+26 
  29    0.2342710  8.51878e+26 
  30    0.2394008  8.59843e+26 
  31    0.2446430  8.66191e+26 
  32    0.2500000  8.71180e+26 
  33    0.2554743  8.75896e+26 
  34    0.2610684  8.78020e+26 
  35    0.2667851  8.78165e+26 
  36    0.2726269  8.76036e+26 
  37    0.2785967  8.72727e+26 
  38    0.2846972  8.66033e+26 
  39    0.2909312  8.56648e+26 
  40    0.2973018  8.45253e+26 
  41    0.3038118  8.30323e+26 
  42    0.3104645  8.12724e+26 
  43    0.3172627  7.92966e+26 
  44    0.3242099  7.70883e+26 
  45    0.3313092  7.47051e+26 
  46    0.3385639  7.21440e+26 
  47    0.3459775  6.95598e+26 
  48    0.3535534  6.69665e+26 
  49    0.3612952  6.42643e+26 
  50    0.3692065  6.17622e+26 
  51    0.3772911  5.93421e+26 
  52    0.3855527  5.69541e+26 
  53    0.3939952  5.48161e+26 
  54    0.4026226  5.28470e+26 
  55    0.4114389  5.09967e+26 
  56    0.4204482  4.93665e+26 
  57    0.4296548  4.79016e+26 
  58    0.4390630  4.65445e+26 
  59    0.4486773  4.53425e+26 
  60    0.4585020  4.42535e+26 
  61    0.4685419  4.32598e+26 
  62    0.4788016  4.23537e+26 
  63    0.4892860  4.15405e+26 
  64    0.5000000  4.08017e+26 
  65    0.5109486  4.01052e+26 
  66    0.5221369  3.95135e+26 
  67    0.5335702  3.89947e+26 
  68    0.5452539  3.85180e+26 
  69    0.5571934  3.81254e+26 
  70    0.5693943  3.77748e+26 
  71    0.5818624  3.74692e+26 
  72    0.5946036  3.72379e+26 
  73    0.6076237  3.70051e+26 
  74    0.6209289  3.67969e+26 
  75    0.6345255  3.65896e+26 
  76    0.6484198  3.64625e+26 
  77    0.6626183  3.63723e+26 
  78    0.6771278  3.62240e+26 
  79    0.6919549  3.60327e+26 
  80    0.7071068  3.58214e+26 
  81    0.7225904  3.56047e+26 
  82    0.7384131  3.53949e+26 
  83    0.7545822  3.51494e+26 
  84    0.7711054  3.48701e+26 
  85    0.7879904  3.45482e+26 
  86    0.8052452  3.42364e+26 
  87    0.8228777  3.38688e+26 
  88    0.8408964  3.34761e+26 
  89    0.8593096  3.30540e+26 
  90    0.8781261  3.26429e+26 
  91    0.8973545  3.23704e+26 
  92    0.9170040  3.19963e+26 
  93    0.9370838  3.16137e+26 
  94    0.9576033  3.12383e+26 
  95    0.9785721  3.08547e+26 
  96    1.0000000  3.05013e+26 
  97    1.0218971  3.01405e+26 
  98    1.0442738  2.97615e+26 
  99    1.0671404  2.93992e+26 
 100    1.0905077  2.90405e+26 
 101    1.1143867  2.86844e+26 
 102    1.1387886  2.82866e+26 
 103    1.1637249  2.78982e+26 
 104    1.1892071  2.75474e+26 
 105    1.2152474  2.71534e+26 
 106    1.2418578  2.66997e+26 
 107    1.2690510  2.60283e+26 
 108    1.2968396  2.51362e+26 
 109    1.3252366  2.41995e+26 
 110    1.3542555  2.28810e+26 
 111    1.3839099  2.14309e+26 
 112    1.4142136  1.98908e+26 
 113    1.4451808  1.83770e+26 
 114    1.4768261  1.69847e+26 
 115    1.5091644  1.53999e+26 
 116    1.5422108  1.41729e+26 
 117    1.5759808  1.29921e+26 
 118    1.6104903  1.18402e+26 
 119    1.6457555  1.09684e+26 
 120    1.6817928  1.02247e+26 
 121    1.7186193  9.75167e+25 
 122    1.7562522  9.38836e+25 
 123    1.7947091  9.17244e+25 
 124    1.8340081  9.06849e+25 
 125    1.8741676  9.02392e+25 
 126    1.9152066  9.00715e+25 
 127    1.9571441  9.01212e+25 
 128    2.0000000  9.01029e+25 
 129    2.0437943  9.04364e+25 
 130    2.0885476  9.00798e+25 
 131    2.1342808  8.94909e+25 
 132    2.1810155  8.77156e+25 
 133    2.2287735  8.54899e+25 
 134    2.2775773  8.34445e+25 
 135    2.3274497  8.08109e+25 
 136    2.3784142  7.81973e+25 
 137    2.4304947  7.49823e+25 
 138    2.4837156  7.19586e+25 
 139    2.5381019  6.87724e+25 
 140    2.5936791  6.49841e+25 
 141    2.6504733  6.13868e+25 
 142    2.7085111  5.77133e+25 
 143    2.7678198  5.44725e+25 
 144    2.8284271  5.12955e+25 
 145    2.8903616  4.81160e+25 
 146    2.9536523  4.48581e+25 
 147    3.0183289  4.16198e+25 
 148    3.0844217  3.80882e+25 
 149    3.1519617  3.44622e+25 
 150    3.2209807  3.06594e+25 
 151    3.2915110  2.70002e+25 
 152    3.3635857  2.34380e+25 
 153    3.4372386  1.97769e+25 
 154    3.5125043  1.66511e+25 
 155    3.5894182  1.37397e+25 
 156    3.6680162  1.09265e+25 
 157    3.7483353  8.65625e+24 
 158    3.8304131  6.69431e+24 
 159    3.9142882  5.10607e+24 
 160    4.0000000  3.88215e+24 
 161    4.0875886  2.97417e+24 
 162    4.1770951  2.31579e+24 
 163    4.2685616  1.82049e+24 
 164    4.3620309  1.45490e+24 
 165    4.4575470  1.20721e+24 
 166    4.5551545  1.02460e+24 
 167    4.6548994  8.93075e+23 
 168    4.7568285  8.03026e+23 
 169    4.8609894  7.33995e+23 
 170    4.9674312  6.81436e+23 
 171    5.0762038  6.39671e+23 
 172    5.1873582  6.07009e+23 
 173    5.3009466  5.78410e+23 
 174    5.4170222  5.53888e+23 
 175    5.5356395  5.31385e+23 
 176    5.6568542  5.10162e+23 
 177    5.7807232  4.90629e+23 
 178    5.9073046  4.72083e+23 
 179    6.0366577  4.54555e+23 
 180    6.1688433  4.37884e+23 
 181    6.3039234  4.21460e+23 
 182    6.4419613  4.06061e+23 
 183    6.5830219  3.91328e+23 
 184    6.7271713  3.77089e+23 
 185    6.8744772  3.63682e+23 
 186    7.0250086  3.50016e+23 
 187    7.1788363  3.36650e+23 
 188    7.3360323  3.23522e+23 
 189    7.4966705  3.10901e+23 


# z-band (filter: z_LSST.dat)
   0    0.1250000  3.52573e+26 
   1    0.1277371  3.59617e+26 
   2    0.1305342  3.66816e+26 
   3    0.1333926  3.74172e+26 
   4    0.1363135  3.81473e+26 
   5    0.1392983  3.88909e+26 
   6    0.1423486  3.96431e+26 
   7    0.1454656  4.03943e+26 
   8    0.1486509  4.12141e+26 
   9    0.1519059  4.20760e+26 
  10    0.1552322  4.28779e+26 
  11    0.1586314  4.37143e+26 
  12    0.1621049  4.45744e+26 
  13    0.1656546  4.54521e+26 
  14    0.1692819  4.63193e+26 
  15    0.1729887  4.72524e+26 
  16    0.1767767  4.81356e+26 
  17    0.1806476  4.90940e+26 
  18    0.1846033  5.00338e+26 
  19    0.1886456  5.10734e+26 
  20    0.1927764  5.20544e+26 
  21    0.1969976  5.30453e+26 
  22    0.2013113  5.40492e+26 
  23    0.2057194  5.50420e+26 
  24    0.2102241  5.60672e+26 
  25    0.2148274  5.70770e+26 
  26    0.2195315  5.80869e+26 
  27    0.2243386  5.90757e+26 
  28    0.2292510  6.00567e+26 
  29    0.2342710  6.10347e+26 
  30    0.2394008  6.19536e+26 
  31    0.2446430  6.27510e+26 
  32    0.2500000  6.34746e+26 
  33    0.2554743  6.42079e+26 
  34    0.2610684  6.47351e+26 
  35    0.2667851  6.51045e+26 
  36    0.2726269  6.52720e+26 
  37    0.2785967  6.52749e+26 
  38    0.2846972  6.48499e+26 
  39    0.2909312  6.41105e+26 
  40    0.2973018  6.31542e+26 
  41    0.3038118  6.16390e+26 
  42    0.3104645  5.98149e+26 
  43    0.3172627  5.76790e+26 
  44    0.3242099  5.51500e+26 
  45    0.3313092  5.23861e+26 
  46    0.3385639  4.93367e+26 
  47    0.3459775  4.62831e+26 
  48    0.3535534  4.32137e+26 
  49    0.3612952  4.00124e+26 
  50    0.3692065  3.71396e+26 
  51    0.3772911  3.43939e+26 
  52    0.3855527  3.17218e+26 
  53    0.3939952  2.94104e+26 
  54    0.4026226  2.73211e+26 
  55    0.4114389  2.54462e+26 
  56    0.4204482  2.38381e+26 
  57    0.4296548  2.24356e+26 
  58    0.4390630  2.11997e+26 
  59    0.4486773  2.01334e+26 
  60    0.4585020  1.91787e+26 
  61    0.4685419  1.83148e+26 
  62    0.4788016  1.75254e+26 
  63    0.4892860  1.68150e+26 
  64    0.5000000  1.61609e+26 
  65    0.5109486  1.55495e+26 
  66    0.5221369  1.49877e+26 
  67    0.5335702  1.44742e+26 
  68    0.5452539  1.39966e+26 
  69    0.5571934  1.35784e+26 
  70    0.5693943  1.32085e+26 
  71    0.5818624  1.28703e+26 
  72    0.5946036  1.25793e+26 
  73    0.6076237  1.23162e+26 
  74    0.6209289  1.20944e+26 
  75    0.6345255  1.19052e+26 
  76    0.6484198  1.17290e+26 
  77    0.6626183  1.15802e+26 
  78    0.6771278  1.14636e+26 
  79    0.6919549  1.13559e+26 
  80    0.7071068  1.12581e+26 
  81    0.7225904  1.11787e+26 
  82    0.7384131  1.11112e+26 
  83    0.7545822  1.10589e+26 
  84    0.7711054  1.10163e+26 
  85    0.7879904  1.10115e+26 
  86    0.8052452  1.10042e+26 
  87    0.8228777  1.10200e+26 
  88    0.8408964  1.10574e+26 
  89    0.8593096  1.11136e+26 
  90    0.8781261  1.11895e+26 
  91    0.8973545  1.12770e+26 
  92    0.9170040  1.13981e+26 
  93    0.9370838  1.15262e+26 
  94    0.9576033  1.16653e+26 
  95    0.9785721  1.18171e+26 
  96    1.0000000  1.19776e+26 
  97    1.0218971  1.21192e+26 
  98    1.0442738  1.22662e+26 
  99    1.0671404  1.24051e+26 
 100    1.0905077  1.25220e+26 
 101    1.1143867  1.26305e+26 
 102    1.1387886  1.27291e+26 
 103    1.1637249  1.28113e+26 
 104    1.1892071  1.28535e+26 
 105    1.2152474  1.28558e+26 
 106    1.2418578  1.27955e+26 
 107    1.2690510  1.25429e+26 
 108    1.2968396  1.21336e+26 
 109    1.3252366  1.16730e+26 
 110    1.3542555  1.09780e+26 
 111    1.3839099  1.02273e+26 
 112    1.4142136  9.39171e+25 
 113    1.4451808  8.58529e+25 
 114    1.4768261  7.82389e+25 
 115    1.5091644  6.94454e+25 
 116    1.5422108  6.26042e+25 
 117    1.5759808  5.58388e+25 
 118    1.6104903  4.94732e+25 
 119    1.6457555  4.45418e+25 
 120    1.6817928  4.04654e+25 
 121    1.7186193  3.78138e+25 
 122    1.7562522  3.57488e+25 
 123    1.7947091  3.45252e+25 
 124    1.8340081  3.37603e+25 
 125    1.8741676  3.32192e+25 
 126    1.9152066  3.27336e+25 
 127    1.9571441  3.24071e+25 
 128    2.0000000  3.21100e+25 
 129    2.0437943  3.21197e+25 
 130    2.0885476  3.19861e+25 
 131    2.1342808  3.17628e+25 
 132    2.1810155  3.11284e+25 
 133    2.2287735  3.02984e+25 
 134    2.2775773  2.95763e+25 
 135    2.3274497  2.85195e+25 
 136    2.3784142  2.75095e+25 
 137    2.4304947  2.63542e+25 
 138    2.4837156  2.52554e+25 
 139    2.5381019  2.41258e+25 
 140    2.5936791  2.26518e+25 
 141    2.6504733  2.13679e+25 
 142    2.7085111  2.00543e+25 
 143    2.7678198  1.89072e+25 
 144    2.8284271  1.79260e+25 
 145    2.8903616  1.70749e+25 
 146    2.9536523  1.62546e+25 
 147    3.0183289  1.55275e+25 
 148    3.0844217  1.47241e+25 
 149    3.1519617  1.39043e+25 
 150    3.2209807  1.30947e+25 
 151    3.2915110  1.22181e+25 
 152    3.3635857  1.13066e+25 
 153    3.4372386  1.03233e+25 
 154    3.5125043  9.35549e+24 
 155    3.5894182  8.38326e+24 
 156    3.6680162  7.35826e+24 
 157    3.7483353  6.40678e+24 
 158    3.8304131  5.51948e+24 
 159    3.9142882  4.66062e+24 
 160    4.0000000  3.93598e+24 
 161    4.0875886  3.30126e+24 
 162    4.1770951  2.71972e+24 
 163    4.2685616  2.24530e+24 
 164    4.3620309  1.84232e+24 
 165    4.4575470  1.50963e+24 
 166    4.5551545  1.24816e+24 
 167    4.6548994  1.04177e+24 
 168    4.7568285  8.85446e+23 
 169    4.8609894  7.66813e+23 
 170    4.9674312  6.72528e+23 
 171    5.0762038  5.97174e+23 
 172    5.1873582  5.41422e+23 
 173    5.3009466  4.94198e+23 
 174    5.4170222  4.57163e+23 
 175    5.5356395  4.27849e+23 
 176    5.6568542  4.02084e+23 
 177    5.7807232  3.80252e+23 
 178    5.9073046  3.60561e+23 
 179    6.0366577  3.42894e+23 
 180    6.1688433  3.26776e+23 
 181    6.3039234  3.11591e+23 
 182    6.4419613  2.97430e+23 
 183    6.5830219  2.83990e+23 
 184    6.7271713  2.71186e+23 
 185    6.8744772  2.59318e+23 
 186    7.0250086  2.47431e+23 
 187    7.1788363  2.35770e+23 
 188    7.3360323  2.24366e+23 
 189    7.4966705  2.13504e+23 


# y-band (filter: y_LSST.dat)
   0    0.1250000  2.60689e+26 
   1    0.1277371  2.66491e+26 
   2    0.1305342  2.72421e+26 
   3    0.1333926  2.78481e+26 
   4    0.1363135  2.83997e+26 
   5    0.1392983  2.90183e+26 
   6    0.1423486  2.96044e+26 
   7    0.1454656  3.01765e+26 
   8    0.1486509  3.07580e+26 
   9    0.1519059  3.13889e+26 
  10    0.1552322  3.19446e+26 
  11    0.1586314  3.25389e+26 
  12    0.1621049  3.31929e+26 
  13    0.1656546  3.39087e+26 
  14    0.1692819  3.46193e+26 
  15    0.1729887  3.53288e+26 
  16    0.1767767  3.60906e+26 
  17    0.1806476  3.68421e+26 
  18    0.1846033  3.76460e+26 
  19    0.1886456  3.85352e+26 
  20    0.1927764  3.94339e+26 
  21    0.1969976  4.03229e+26 
  22    0.2013113  4.12583e+26 
  23    0.2057194  4.22663e+26 
  24    0.2102241  4.32550e+26 
  25    0.2148274  4.42603e+26 
  26    0.2195315  4.53139e+26 
  27    0.2243386  4.64165e+26 
  28    0.2292510  4.75997e+26 
  29    0.2342710  4.87985e+26 
  30    0.2394008  5.00441e+26 
  31    0.2446430  5.13199e+26 
  32    0.2500000  5.26023e+26 
  33    0.2554743  5.40016e+26 
  34    0.2610684  5.53376e+26 
  35    0.2667851  5.67260e+26 
  36    0.2726269  5.80818e+26 
  37    0.2785967  5.94658e+26 
  38    0.2846972  6.08091e+26 
  39    0.2909312  6.19160e+26 
  40    0.2973018  6.30122e+26 
  41    0.3038118  6.37564e+26 
  42    0.3104645  6.42344e+26 
  43    0.3172627  6.46418e+26 
  44    0.3242099  6.46261e+26 
  45    0.3313092  6.43533e+26 
  46    0.3385639  6.38251e+26 
  47    0.3459775  6.28774e+26 
  48    0.3535534  6.17139e+26 
  49    0.3612952  6.02698e+26 
  50    0.3692065  5.85627e+26 
  51    0.3772911  5.67246e+26 
  52    0.3855527  5.46854e+26 
  53    0.3939952  5.25762e+26 
  54    0.4026226  5.04296e+26 
  55    0.4114389  4.81586e+26 
  56    0.4204482  4.59323e+26 
  57    0.4296548  4.37085e+26 
  58    0.4390630  4.15508e+26 
  59    0.4486773  3.94149e+26 
  60    0.4585020  3.74051e+26 
  61    0.4685419  3.54573e+26 
  62    0.4788016  3.35865e+26 
  63    0.4892860  3.18584e+26 
  64    0.5000000  3.02272e+26 
  65    0.5109486  2.86708e+26 
  66    0.5221369  2.72328e+26 
  67    0.5335702  2.58838e+26 
  68    0.5452539  2.46212e+26 
  69    0.5571934  2.34778e+26 
  70    0.5693943  2.23889e+26 
  71    0.5818624  2.13688e+26 
  72    0.5946036  2.04333e+26 
  73    0.6076237  1.95581e+26 
  74    0.6209289  1.87242e+26 
  75    0.6345255  1.79589e+26 
  76    0.6484198  1.72449e+26 
  77    0.6626183  1.65572e+26 
  78    0.6771278  1.59381e+26 
  79    0.6919549  1.53484e+26 
  80    0.7071068  1.47794e+26 
  81    0.7225904  1.42482e+26 
  82    0.7384131  1.37464e+26 
  83    0.7545822  1.32635e+26 
  84    0.7711054  1.27989e+26 
  85    0.7879904  1.23589e+26 
  86    0.8052452  1.19207e+26 
  87    0.8228777  1.15096e+26 
  88    0.8408964  1.11000e+26 
  89    0.8593096  1.07062e+26 
  90    0.8781261  1.03107e+26 
  91    0.8973545  9.93271e+25 
  92    0.9170040  9.56936e+25 
  93    0.9370838  9.19983e+25 
  94    0.9576033  8.84889e+25 
  95    0.9785721  8.51016e+25 
  96    1.0000000  8.17184e+25 
  97    1.0218971  7.84809e+25 
  98    1.0442738  7.54662e+25 
  99    1.0671404  7.24628e+25 
 100    1.0905077  6.97282e+25 
 101    1.1143867  6.72023e+25 
 102    1.1387886  6.48632e+25 
 103    1.1637249  6.26697e+25 
 104    1.1892071  6.07018e+25 
 105    1.2152474  5.89162e+25 
 106    1.2418578  5.73274e+25 
 107    1.2690510  5.58023e+25 
 108    1.2968396  5.44029e+25 
 109    1.3252366  5.30995e+25 
 110    1.3542555  5.18846e+25 
 111    1.3839099  5.09291e+25 
 112    1.4142136  5.01002e+25 
 113    1.4451808  4.97193e+25 
 114    1.4768261  4.95195e+25 
 115    1.5091644  4.93897e+25 
 116    1.5422108  4.96691e+25 
 117    1.5759808  5.01502e+25 
 118    1.6104903  5.08302e+25 
 119    1.6457555  5.17802e+25 
 120    1.6817928  5.27931e+25 
 121    1.7186193  5.40658e+25 
 122    1.7562522  5.53370e+25 
 123    1.7947091  5.66473e+25 
 124    1.8340081  5.79226e+25 
 125    1.8741676  5.91860e+25 
 126    1.9152066  6.03888e+25 
 127    1.9571441  6.14840e+25 
 128    2.0000000  6.24416e+25 
 129    2.0437943  6.31065e+25 
 130    2.0885476  6.33191e+25 
 131    2.1342808  6.33055e+25 
 132    2.1810155  6.24179e+25 
 133    2.2287735  6.09703e+25 
 134    2.2775773  5.92265e+25 
 135    2.3274497  5.65429e+25 
 136    2.3784142  5.33636e+25 
 137    2.4304947  4.96461e+25 
 138    2.4837156  4.55555e+25 
 139    2.5381019  4.12070e+25 
 140    2.5936791  3.63538e+25 
 141    2.6504733  3.17968e+25 
 142    2.7085111  2.73633e+25 
 143    2.7678198  2.28865e+25 
 144    2.8284271  1.91227e+25 
 145    2.8903616  1.57149e+25 
 146    2.9536523  1.26933e+25 
 147    3.0183289  1.01082e+25 
 148    3.0844217  8.04828e+24 
 149    3.1519617  6.35382e+24 
 150    3.2209807  5.07392e+24 
 151    3.2915110  4.07819e+24 
 152    3.3635857  3.33101e+24 
 153    3.4372386  2.80999e+24 
 154    3.5125043  2.40217e+24 
 155    3.5894182  2.10076e+24 
 156    3.6680162  1.88758e+24 
 157    3.7483353  1.71109e+24 
 158    3.8304131  1.57113e+24 
 159    3.9142882  1.45389e+24 
 160    4.0000000  1.34761e+24 
 161    4.0875886  1.25198e+24 
 162    4.1770951  1.16419e+24 
 163    4.2685616  1.08073e+24 
 164    4.3620309  1.00195e+24 
 165    4.4575470  9.25394e+23 
 166    4.5551545  8.54892e+23 
 167    4.6548994  7.89686e+23 
 168    4.7568285  7.25031e+23 
 169    4.8609894  6.68108e+23 
 170    4.9674312  6.13449e+23 
 171    5.0762038  5.63215e+23 
 172    5.1873582  5.16188e+23 
 173    5.3009466  4.74741e+23 
 174    5.4170222  4.37207e+23 
 175    5.5356395  4.02874e+23 
 176    5.6568542  3.72449e+23 
 177    5.7807232  3.44729e+23 
 178    5.9073046  3.19156e+23 
 179    6.0366577  2.95874e+23 
 180    6.1688433  2.74603e+23 
 181    6.3039234  2.54850e+23 
 182    6.4419613  2.37106e+23 
 183    6.5830219  2.20533e+23 
 184    6.7271713  2.05052e+23 
 185    6.8744772  1.91175e+23 
 186    7.0250086  1.77230e+23 
 187    7.1788363  1.63763e+23 
 188    7.3360323  1.50810e+23 
 189    7.4966705  1.38831e+23 


# J-band (filter: J_2MASS.dat)
   0    0.1250000  1.36257e+26 
   1    0.1277371  1.38487e+26 
   2    0.1305342  1.40765e+26 
   3    0.1333926  1.43094e+26 
   4    0.1363135  1.45399e+26 
   5    0.1392983  1.47403e+26 
   6    0.1423486  1.49587e+26 
   7    0.1454656  1.52086e+26 
   8    0.1486509  1.54044e+26 
   9    0.1519059  1.56454e+26 
  10    0.1552322  1.58406e+26 
  11    0.1586314  1.60665e+26 
  12    0.1621049  1.63379e+26 
  13    0.1656546  1.66008e+26 
  14    0.1692819  1.69597e+26 
  15    0.1729887  1.73104e+26 
  16    0.1767767  1.77313e+26 
  17    0.1806476  1.82403e+26 
  18    0.1846033  1.87387e+26 
  19    0.1886456  1.92954e+26 
  20    0.1927764  1.98956e+26 
  21    0.1969976  2.05448e+26 
  22    0.2013113  2.11982e+26 
  23    0.2057194  2.18863e+26 
  24    0.2102241  2.26631e+26 
  25    0.2148274  2.34845e+26 
  26    0.2195315  2.43370e+26 
  27    0.2243386  2.51980e+26 
  28    0.2292510  2.60883e+26 
  29    0.2342710  2.69983e+26 
  30    0.2394008  2.79437e+26 
  31    0.2446430  2.89255e+26 
  32    0.2500000  2.99064e+26 
  33    0.2554743  3.09201e+26 
  34    0.2610684  3.20445e+26 
  35    0.2667851  3.32240e+26 
  36    0.2726269  3.43746e+26 
  37    0.2785967  3.55805e+26 
  38    0.2846972  3.67868e+26 
  39    0.2909312  3.81057e+26 
  40    0.2973018  3.94742e+26 
  41    0.3038118  4.08892e+26 
  42    0.3104645  4.23384e+26 
  43    0.3172627  4.38087e+26 
  44    0.3242099  4.53527e+26 
  45    0.3313092  4.69016e+26 
  46    0.3385639  4.84854e+26 
  47    0.3459775  5.01426e+26 
  48    0.3535534  5.18089e+26 
  49    0.3612952  5.35063e+26 
  50    0.3692065  5.51683e+26 
  51    0.3772911  5.68168e+26 
  52    0.3855527  5.84621e+26 
  53    0.3939952  6.01128e+26 
  54    0.4026226  6.16844e+26 
  55    0.4114389  6.32372e+26 
  56    0.4204482  6.46798e+26 
  57    0.4296548  6.60160e+26 
  58    0.4390630  6.71613e+26 
  59    0.4486773  6.82241e+26 
  60    0.4585020  6.90020e+26 
  61    0.4685419  6.96341e+26 
  62    0.4788016  7.01291e+26 
  63    0.4892860  7.03468e+26 
  64    0.5000000  7.03475e+26 
  65    0.5109486  7.01684e+26 
  66    0.5221369  6.97656e+26 
  67    0.5335702  6.91809e+26 
  68    0.5452539  6.83959e+26 
  69    0.5571934  6.74284e+26 
  70    0.5693943  6.63530e+26 
  71    0.5818624  6.51567e+26 
  72    0.5946036  6.38469e+26 
  73    0.6076237  6.24245e+26 
  74    0.6209289  6.09220e+26 
  75    0.6345255  5.93505e+26 
  76    0.6484198  5.77268e+26 
  77    0.6626183  5.60276e+26 
  78    0.6771278  5.43243e+26 
  79    0.6919549  5.25891e+26 
  80    0.7071068  5.08840e+26 
  81    0.7225904  4.91422e+26 
  82    0.7384131  4.74439e+26 
  83    0.7545822  4.57563e+26 
  84    0.7711054  4.40865e+26 
  85    0.7879904  4.24968e+26 
  86    0.8052452  4.09497e+26 
  87    0.8228777  3.94337e+26 
  88    0.8408964  3.80040e+26 
  89    0.8593096  3.66424e+26 
  90    0.8781261  3.53285e+26 
  91    0.8973545  3.41264e+26 
  92    0.9170040  3.29794e+26 
  93    0.9370838  3.18749e+26 
  94    0.9576033  3.08639e+26 
  95    0.9785721  2.99203e+26 
  96    1.0000000  2.90290e+26 
  97    1.0218971  2.82085e+26 
  98    1.0442738  2.74574e+26 
  99    1.0671404  2.67468e+26 
 100    1.0905077  2.61088e+26 
 101    1.1143867  2.55108e+26 
 102    1.1387886  2.49455e+26 
 103    1.1637249  2.44304e+26 
 104    1.1892071  2.39731e+26 
 105    1.2152474  2.35529e+26 
 106    1.2418578  2.31564e+26 
 107    1.2690510  2.27916e+26 
 108    1.2968396  2.24619e+26 
 109    1.3252366  2.21650e+26 
 110    1.3542555  2.19342e+26 
 111    1.3839099  2.17827e+26 
 112    1.4142136  2.16715e+26 
 113    1.4451808  2.17068e+26 
 114    1.4768261  2.18301e+26 
 115    1.5091644  2.20012e+26 
 116    1.5422108  2.23169e+26 
 117    1.5759808  2.26945e+26 
 118    1.6104903  2.31622e+26 
 119    1.6457555  2.37004e+26 
 120    1.6817928  2.43062e+26 
 121    1.7186193  2.49882e+26 
 122    1.7562522  2.56690e+26 
 123    1.7947091  2.63810e+26 
 124    1.8340081  2.71045e+26 
 125    1.8741676  2.78358e+26 
 126    1.9152066  2.85627e+26 
 127    1.9571441  2.92892e+26 
 128    2.0000000  3.00185e+26 
 129    2.0437943  3.07800e+26 
 130    2.0885476  3.15224e+26 
 131    2.1342808  3.22405e+26 
 132    2.1810155  3.28647e+26 
 133    2.2287735  3.34230e+26 
 134    2.2775773  3.39770e+26 
 135    2.3274497  3.43427e+26 
 136    2.3784142  3.45808e+26 
 137    2.4304947  3.47481e+26 
 138    2.4837156  3.46399e+26 
 139    2.5381019  3.43330e+26 
 140    2.5936791  3.38619e+26 
 141    2.6504733  3.30469e+26 
 142    2.7085111  3.19945e+26 
 143    2.7678198  3.07757e+26 
 144    2.8284271  2.92556e+26 
 145    2.8903616  2.75383e+26 
 146    2.9536523  2.56491e+26 
 147    3.0183289  2.35659e+26 
 148    3.0844217  2.14004e+26 
 149    3.1519617  1.91756e+26 
 150    3.2209807  1.68416e+26 
 151    3.2915110  1.46415e+26 
 152    3.3635857  1.25333e+26 
 153    3.4372386  1.04363e+26 
 154    3.5125043  8.64185e+25 
 155    3.5894182  7.02011e+25 
 156    3.6680162  5.52058e+25 
 157    3.7483353  4.32581e+25 
 158    3.8304131  3.30687e+25 
 159    3.9142882  2.47295e+25 
 160    4.0000000  1.83445e+25 
 161    4.0875886  1.34095e+25 
 162    4.1770951  1.00192e+25 
 163    4.2685616  7.49734e+24 
 164    4.3620309  5.75988e+24 
 165    4.4575470  4.70199e+24 
 166    4.5551545  3.91780e+24 
 167    4.6548994  3.39034e+24 
 168    4.7568285  3.03676e+24 
 169    4.8609894  2.75242e+24 
 170    4.9674312  2.52349e+24 
 171    5.0762038  2.32827e+24 
 172    5.1873582  2.15614e+24 
 173    5.3009466  1.99951e+24 
 174    5.4170222  1.85529e+24 
 175    5.5356395  1.72142e+24 
 176    5.6568542  1.59889e+24 
 177    5.7807232  1.48413e+24 
 178    5.9073046  1.37574e+24 
 179    6.0366577  1.27655e+24 
 180    6.1688433  1.18349e+24 
 181    6.3039234  1.09556e+24 
 182    6.4419613  1.01505e+24 
 183    6.5830219  9.39669e+23 
 184    6.7271713  8.68223e+23 
 185    6.8744772  8.03380e+23 
 186    7.0250086  7.38900e+23 
 187    7.1788363  6.76256e+23 
 188    7.3360323  6.15892e+23 
 189    7.4966705  5.59731e+23 


# H-band (filter: H_2MASS.dat)
   0    0.1250000  7.60320e+25 
   1    0.1277371  7.78607e+25 
   2    0.1305342  7.97294e+25 
   3    0.1333926  8.16391e+25 
   4    0.1363135  8.38921e+25 
   5    0.1392983  8.67498e+25 
   6    0.1423486  9.01660e+25 
   7    0.1454656  9.36808e+25 
   8    0.1486509  9.77407e+25 
   9    0.1519059  1.02000e+26 
  10    0.1552322  1.06217e+26 
  11    0.1586314  1.10894e+26 
  12    0.1621049  1.14838e+26 
  13    0.1656546  1.19613e+26 
  14    0.1692819  1.24295e+26 
  15    0.1729887  1.28956e+26 
  16    0.1767767  1.33391e+26 
  17    0.1806476  1.37384e+26 
  18    0.1846033  1.41225e+26 
  19    0.1886456  1.44643e+26 
  20    0.1927764  1.47564e+26 
  21    0.1969976  1.50916e+26 
  22    0.2013113  1.53997e+26 
  23    0.2057194  1.56818e+26 
  24    0.2102241  1.59671e+26 
  25    0.2148274  1.61909e+26 
  26    0.2195315  1.64497e+26 
  27    0.2243386  1.66251e+26 
  28    0.2292510  1.68183e+26 
  29    0.2342710  1.70012e+26 
  30    0.2394008  1.72182e+26 
  31    0.2446430  1.74407e+26 
  32    0.2500000  1.76748e+26 
  33    0.2554743  1.78433e+26 
  34    0.2610684  1.81030e+26 
  35    0.2667851  1.83060e+26 
  36    0.2726269  1.85345e+26 
  37    0.2785967  1.87767e+26 
  38    0.2846972  1.90375e+26 
  39    0.2909312  1.93639e+26 
  40    0.2973018  1.96795e+26 
  41    0.3038118  2.00567e+26 
  42    0.3104645  2.04094e+26 
  43    0.3172627  2.08210e+26 
  44    0.3242099  2.12746e+26 
  45    0.3313092  2.17284e+26 
  46    0.3385639  2.22272e+26 
  47    0.3459775  2.27633e+26 
  48    0.3535534  2.33016e+26 
  49    0.3612952  2.38477e+26 
  50    0.3692065  2.43856e+26 
  51    0.3772911  2.48809e+26 
  52    0.3855527  2.53837e+26 
  53    0.3939952  2.58245e+26 
  54    0.4026226  2.62337e+26 
  55    0.4114389  2.65827e+26 
  56    0.4204482  2.68475e+26 
  57    0.4296548  2.70665e+26 
  58    0.4390630  2.72235e+26 
  59    0.4486773  2.73012e+26 
  60    0.4585020  2.73238e+26 
  61    0.4685419  2.72803e+26 
  62    0.4788016  2.71778e+26 
  63    0.4892860  2.70870e+26 
  64    0.5000000  2.70071e+26 
  65    0.5109486  2.68916e+26 
  66    0.5221369  2.68634e+26 
  67    0.5335702  2.68988e+26 
  68    0.5452539  2.69475e+26 
  69    0.5571934  2.71099e+26 
  70    0.5693943  2.73325e+26 
  71    0.5818624  2.76228e+26 
  72    0.5946036  2.80138e+26 
  73    0.6076237  2.84819e+26 
  74    0.6209289  2.90410e+26 
  75    0.6345255  2.96543e+26 
  76    0.6484198  3.02778e+26 
  77    0.6626183  3.09581e+26 
  78    0.6771278  3.16563e+26 
  79    0.6919549  3.23544e+26 
  80    0.7071068  3.30524e+26 
  81    0.7225904  3.37484e+26 
  82    0.7384131  3.44084e+26 
  83    0.7545822  3.50132e+26 
  84    0.7711054  3.55888e+26 
  85    0.7879904  3.60212e+26 
  86    0.8052452  3.63484e+26 
  87    0.8228777  3.66358e+26 
  88    0.8408964  3.67352e+26 
  89    0.8593096  3.67233e+26 
  90    0.8781261  3.66081e+26 
  91    0.8973545  3.63191e+26 
  92    0.9170040  3.59132e+26 
  93    0.9370838  3.53982e+26 
  94    0.9576033  3.47589e+26 
  95    0.9785721  3.40315e+26 
  96    1.0000000  3.32169e+26 
  97    1.0218971  3.23504e+26 
  98    1.0442738  3.14415e+26 
  99    1.0671404  3.04820e+26 
 100    1.0905077  2.95364e+26 
 101    1.1143867  2.85926e+26 
 102    1.1387886  2.76494e+26 
 103    1.1637249  2.67103e+26 
 104    1.1892071  2.58115e+26 
 105    1.2152474  2.49368e+26 
 106    1.2418578  2.40711e+26 
 107    1.2690510  2.32449e+26 
 108    1.2968396  2.24399e+26 
 109    1.3252366  2.16634e+26 
 110    1.3542555  2.09202e+26 
 111    1.3839099  2.02187e+26 
 112    1.4142136  1.95286e+26 
 113    1.4451808  1.88906e+26 
 114    1.4768261  1.83006e+26 
 115    1.5091644  1.77306e+26 
 116    1.5422108  1.72321e+26 
 117    1.5759808  1.67708e+26 
 118    1.6104903  1.63477e+26 
 119    1.6457555  1.59844e+26 
 120    1.6817928  1.56781e+26 
 121    1.7186193  1.54097e+26 
 122    1.7562522  1.52329e+26 
 123    1.7947091  1.51137e+26 
 124    1.8340081  1.50572e+26 
 125    1.8741676  1.50432e+26 
 126    1.9152066  1.51034e+26 
 127    1.9571441  1.52166e+26 
 128    2.0000000  1.53787e+26 
 129    2.0437943  1.55911e+26 
 130    2.0885476  1.58344e+26 
 131    2.1342808  1.61267e+26 
 132    2.1810155  1.64235e+26 
 133    2.2287735  1.67267e+26 
 134    2.2775773  1.70381e+26 
 135    2.3274497  1.73184e+26 
 136    2.3784142  1.75829e+26 
 137    2.4304947  1.78470e+26 
 138    2.4837156  1.80625e+26 
 139    2.5381019  1.82541e+26 
 140    2.5936791  1.84181e+26 
 141    2.6504733  1.85269e+26 
 142    2.7085111  1.85587e+26 
 143    2.7678198  1.85527e+26 
 144    2.8284271  1.84181e+26 
 145    2.8903616  1.81795e+26 
 146    2.9536523  1.78257e+26 
 147    3.0183289  1.73931e+26 
 148    3.0844217  1.67373e+26 
 149    3.1519617  1.59452e+26 
 150    3.2209807  1.50423e+26 
 151    3.2915110  1.39873e+26 
 152    3.3635857  1.28488e+26 
 153    3.4372386  1.15926e+26 
 154    3.5125043  1.03431e+26 
 155    3.5894182  9.09468e+25 
 156    3.6680162  7.77125e+25 
 157    3.7483353  6.59105e+25 
 158    3.8304131  5.48236e+25 
 159    3.9142882  4.41890e+25 
 160    4.0000000  3.55347e+25 
 161    4.0875886  2.80511e+25 
 162    4.1770951  2.15401e+25 
 163    4.2685616  1.65169e+25 
 164    4.3620309  1.24144e+25 
 165    4.4575470  9.30386e+24 
 166    4.5551545  6.97303e+24 
 167    4.6548994  5.24500e+24 
 168    4.7568285  4.12142e+24 
 169    4.8609894  3.29682e+24 
 170    4.9674312  2.73377e+24 
 171    5.0762038  2.34684e+24 
 172    5.1873582  2.07579e+24 
 173    5.3009466  1.85381e+24 
 174    5.4170222  1.67023e+24 
 175    5.5356395  1.52238e+24 
 176    5.6568542  1.39396e+24 
 177    5.7807232  1.28083e+24 
 178    5.9073046  1.18173e+24 
 179    6.0366577  1.09298e+24 
 180    6.1688433  1.01172e+24 
 181    6.3039234  9.36759e+23 
 182    6.4419613  8.69001e+23 
 183    6.5830219  8.05818e+23 
 184    6.7271713  7.46076e+23 
 185    6.8744772  6.91565e+23 
 186    7.0250086  6.37386e+23 
 187    7.1788363  5.84789e+23 
 188    7.3360323  5.34005e+23 
 189    7.4966705  4.86613e+23 


# K-band (filter: Ks_mosfire.dat)
   0    0.1250000  3.95559e+25 
   1    0.1277371  4.18190e+25 
   2    0.1305342  4.41317e+25 
   3    0.1333926  4.64950e+25 
   4    0.1363135  4.87492e+25 
   5    0.1392983  5.09153e+25 
   6    0.1423486  5.29485e+25 
   7    0.1454656  5.46926e+25 
   8    0.1486509  5.64629e+25 
   9    0.1519059  5.88167e+25 
  10    0.1552322  6.08946e+25 
  11    0.1586314  6.29123e+25 
  12    0.1621049  6.51522e+25 
  13    0.1656546  6.72388e+25 
  14    0.1692819  6.96299e+25 
  15    0.1729887  7.20288e+25 
  16    0.1767767  7.48183e+25 
  17    0.1806476  7.75287e+25 
  18    0.1846033  8.05375e+25 
  19    0.1886456  8.29390e+25 
  20    0.1927764  8.56883e+25 
  21    0.1969976  8.78502e+25 
  22    0.2013113  9.01759e+25 
  23    0.2057194  9.23770e+25 
  24    0.2102241  9.44233e+25 
  25    0.2148274  9.58859e+25 
  26    0.2195315  9.65944e+25 
  27    0.2243386  9.74545e+25 
  28    0.2292510  9.79273e+25 
  29    0.2342710  9.81533e+25 
  30    0.2394008  9.79738e+25 
  31    0.2446430  9.80278e+25 
  32    0.2500000  9.72772e+25 
  33    0.2554743  9.68230e+25 
  34    0.2610684  9.60975e+25 
  35    0.2667851  9.51684e+25 
  36    0.2726269  9.43678e+25 
  37    0.2785967  9.37413e+25 
  38    0.2846972  9.33455e+25 
  39    0.2909312  9.25096e+25 
  40    0.2973018  9.22088e+25 
  41    0.3038118  9.17051e+25 
  42    0.3104645  9.13302e+25 
  43    0.3172627  9.10462e+25 
  44    0.3242099  9.09782e+25 
  45    0.3313092  9.06911e+25 
  46    0.3385639  9.06433e+25 
  47    0.3459775  9.08079e+25 
  48    0.3535534  9.10500e+25 
  49    0.3612952  9.14982e+25 
  50    0.3692065  9.17529e+25 
  51    0.3772911  9.21524e+25 
  52    0.3855527  9.21502e+25 
  53    0.3939952  9.23776e+25 
  54    0.4026226  9.23555e+25 
  55    0.4114389  9.24479e+25 
  56    0.4204482  9.25197e+25 
  57    0.4296548  9.25106e+25 
  58    0.4390630  9.23198e+25 
  59    0.4486773  9.18490e+25 
  60    0.4585020  9.09794e+25 
  61    0.4685419  8.98508e+25 
  62    0.4788016  8.86703e+25 
  63    0.4892860  8.73904e+25 
  64    0.5000000  8.57507e+25 
  65    0.5109486  8.42066e+25 
  66    0.5221369  8.29296e+25 
  67    0.5335702  8.14406e+25 
  68    0.5452539  7.99544e+25 
  69    0.5571934  7.89201e+25 
  70    0.5693943  7.81881e+25 
  71    0.5818624  7.76658e+25 
  72    0.5946036  7.78571e+25 
  73    0.6076237  7.86881e+25 
  74    0.6209289  7.99403e+25 
  75    0.6345255  8.21390e+25 
  76    0.6484198  8.50513e+25 
  77    0.6626183  8.85035e+25 
  78    0.6771278  9.29138e+25 
  79    0.6919549  9.80652e+25 
  80    0.7071068  1.03628e+26 
  81    0.7225904  1.09828e+26 
  82    0.7384131  1.16381e+26 
  83    0.7545822  1.22972e+26 
  84    0.7711054  1.29976e+26 
  85    0.7879904  1.36313e+26 
  86    0.8052452  1.42273e+26 
  87    0.8228777  1.48038e+26 
  88    0.8408964  1.52452e+26 
  89    0.8593096  1.56013e+26 
  90    0.8781261  1.58981e+26 
  91    0.8973545  1.60341e+26 
  92    0.9170040  1.60691e+26 
  93    0.9370838  1.60107e+26 
  94    0.9576033  1.58042e+26 
  95    0.9785721  1.55162e+26 
  96    1.0000000  1.51421e+26 
  97    1.0218971  1.46844e+26 
  98    1.0442738  1.41592e+26 
  99    1.0671404  1.35714e+26 
 100    1.0905077  1.29466e+26 
 101    1.1143867  1.22883e+26 
 102    1.1387886  1.16228e+26 
 103    1.1637249  1.09340e+26 
 104    1.1892071  1.02667e+26 
 105    1.2152474  9.60865e+25 
 106    1.2418578  8.94966e+25 
 107    1.2690510  8.31978e+25 
 108    1.2968396  7.70267e+25 
 109    1.3252366  7.10659e+25 
 110    1.3542555  6.54881e+25 
 111    1.3839099  6.03819e+25 
 112    1.4142136  5.54475e+25 
 113    1.4451808  5.10640e+25 
 114    1.4768261  4.69919e+25 
 115    1.5091644  4.31261e+25 
 116    1.5422108  3.97733e+25 
 117    1.5759808  3.67290e+25 
 118    1.6104903  3.39647e+25 
 119    1.6457555  3.16575e+25 
 120    1.6817928  2.96350e+25 
 121    1.7186193  2.78350e+25 
 122    1.7562522  2.63465e+25 
 123    1.7947091  2.49872e+25 
 124    1.8340081  2.38598e+25 
 125    1.8741676  2.28580e+25 
 126    1.9152066  2.20319e+25 
 127    1.9571441  2.12858e+25 
 128    2.0000000  2.06027e+25 
 129    2.0437943  1.99698e+25 
 130    2.0885476  1.93730e+25 
 131    2.1342808  1.87912e+25 
 132    2.1810155  1.82299e+25 
 133    2.2287735  1.76755e+25 
 134    2.2775773  1.71126e+25 
 135    2.3274497  1.65641e+25 
 136    2.3784142  1.59587e+25 
 137    2.4304947  1.53487e+25 
 138    2.4837156  1.46862e+25 
 139    2.5381019  1.40047e+25 
 140    2.5936791  1.32967e+25 
 141    2.6504733  1.25708e+25 
 142    2.7085111  1.18100e+25 
 143    2.7678198  1.10240e+25 
 144    2.8284271  1.02368e+25 
 145    2.8903616  9.42029e+24 
 146    2.9536523  8.60332e+24 
 147    3.0183289  7.74298e+24 
 148    3.0844217  6.89900e+24 
 149    3.1519617  6.04557e+24 
 150    3.2209807  5.19916e+24 
 151    3.2915110  4.42364e+24 
 152    3.3635857  3.71057e+24 
 153    3.4372386  3.01544e+24 
 154    3.5125043  2.44976e+24 
 155    3.5894182  1.94840e+24 
 156    3.6680162  1.47744e+24 
 157    3.7483353  1.11842e+24 
 158    3.8304131  8.06768e+23 
 159    3.9142882  5.81107e+23 
 160    4.0000000  4.07353e+23 
 161    4.0875886  2.91454e+23 
 162    4.1770951  2.25289e+23 
 163    4.2685616  1.77251e+23 
 164    4.3620309  1.47533e+23 
 165    4.4575470  1.28587e+23 
 166    4.5551545  1.14210e+23 
 167    4.6548994  1.03529e+23 
 168    4.7568285  9.57430e+22 
 169    4.8609894  8.85857e+22 
 170    4.9674312  8.26411e+22 
 171    5.0762038  7.75292e+22 
 172    5.1873582  7.18748e+22 
 173    5.3009466  6.67826e+22 
 174    5.4170222  6.18471e+22 
 175    5.5356395  5.70491e+22 
 176    5.6568542  5.26668e+22 
 177    5.7807232  4.84817e+22 
 178    5.9073046  4.48662e+22 
 179    6.0366577  4.14709e+22 
 180    6.1688433  3.81276e+22 
 181    6.3039234  3.50760e+22 
 182    6.4419613  3.22489e+22 
 183    6.5830219  2.95210e+22 
 184    6.7271713  2.70431e+22 
 185    6.8744772  2.48228e+22 
 186    7.0250086  2.26709e+22 
 187    7.1788363  2.05848e+22 
 188    7.3360323  1.85683e+22 
 189    7.4966705  1.66933e+22 


# S-band (filter: Spitzer_IRAC2.dat)
   0    0.1250000  1.31388e+25 
   1    0.1277371  1.35255e+25 
   2    0.1305342  1.39207e+25 
   3    0.1333926  1.43245e+25 
   4    0.1363135  1.47407e+25 
   5    0.1392983  1.52835e+25 
   6    0.1423486  1.59183e+25 
   7    0.1454656  1.63176e+25 
   8    0.1486509  1.69291e+25 
   9    0.1519059  1.77002e+25 
  10    0.1552322  1.83686e+25 
  11    0.1586314  1.88045e+25 
  12    0.1621049  1.99193e+25 
  13    0.1656546  2.02995e+25 
  14    0.1692819  2.05680e+25 
  15    0.1729887  2.10701e+25 
  16    0.1767767  2.14248e+25 
  17    0.1806476  2.13689e+25 
  18    0.1846033  2.15999e+25 
  19    0.1886456  2.18509e+25 
  20    0.1927764  2.18466e+25 
  21    0.1969976  2.17004e+25 
  22    0.2013113  2.13962e+25 
  23    0.2057194  2.09499e+25 
  24    0.2102241  2.06725e+25 
  25    0.2148274  2.05388e+25 
  26    0.2195315  2.04562e+25 
  27    0.2243386  2.00349e+25 
  28    0.2292510  1.96939e+25 
  29    0.2342710  1.91775e+25 
  30    0.2394008  1.86203e+25 
  31    0.2446430  1.80226e+25 
  32    0.2500000  1.75778e+25 
  33    0.2554743  1.68959e+25 
  34    0.2610684  1.64828e+25 
  35    0.2667851  1.60717e+25 
  36    0.2726269  1.54741e+25 
  37    0.2785967  1.49605e+25 
  38    0.2846972  1.42815e+25 
  39    0.2909312  1.38318e+25 
  40    0.2973018  1.33017e+25 
  41    0.3038118  1.27668e+25 
  42    0.3104645  1.22426e+25 
  43    0.3172627  1.17569e+25 
  44    0.3242099  1.11697e+25 
  45    0.3313092  1.08545e+25 
  46    0.3385639  1.03444e+25 
  47    0.3459775  9.85864e+24 
  48    0.3535534  9.55593e+24 
  49    0.3612952  9.06301e+24 
  50    0.3692065  8.66168e+24 
  51    0.3772911  8.09984e+24 
  52    0.3855527  7.74283e+24 
  53    0.3939952  7.41533e+24 
  54    0.4026226  7.19536e+24 
  55    0.4114389  6.91107e+24 
  56    0.4204482  6.65469e+24 
  57    0.4296548  6.32731e+24 
  58    0.4390630  6.07441e+24 
  59    0.4486773  5.89793e+24 
  60    0.4585020  5.63112e+24 
  61    0.4685419  5.51850e+24 
  62    0.4788016  5.40453e+24 
  63    0.4892860  5.36644e+24 
  64    0.5000000  5.36524e+24 
  65    0.5109486  5.33324e+24 
  66    0.5221369  5.35936e+24 
  67    0.5335702  5.47500e+24 
  68    0.5452539  5.63350e+24 
  69    0.5571934  5.86660e+24 
  70    0.5693943  6.16671e+24 
  71    0.5818624  6.50260e+24 
  72    0.5946036  6.89600e+24 
  73    0.6076237  7.41000e+24 
  74    0.6209289  7.97165e+24 
  75    0.6345255  8.65170e+24 
  76    0.6484198  9.31997e+24 
  77    0.6626183  1.00647e+25 
  78    0.6771278  1.08234e+25 
  79    0.6919549  1.16497e+25 
  80    0.7071068  1.25255e+25 
  81    0.7225904  1.34358e+25 
  82    0.7384131  1.43683e+25 
  83    0.7545822  1.53128e+25 
  84    0.7711054  1.62461e+25 
  85    0.7879904  1.71415e+25 
  86    0.8052452  1.79495e+25 
  87    0.8228777  1.87697e+25 
  88    0.8408964  1.94907e+25 
  89    0.8593096  2.00989e+25 
  90    0.8781261  2.06762e+25 
  91    0.8973545  2.10438e+25 
  92    0.9170040  2.12429e+25 
  93    0.9370838  2.13809e+25 
  94    0.9576033  2.12814e+25 
  95    0.9785721  2.10825e+25 
  96    1.0000000  2.07346e+25 
  97    1.0218971  2.02189e+25 
  98    1.0442738  1.96384e+25 
  99    1.0671404  1.89056e+25 
 100    1.0905077  1.80794e+25 
 101    1.1143867  1.72267e+25 
 102    1.1387886  1.62820e+25 
 103    1.1637249  1.52875e+25 
 104    1.1892071  1.43396e+25 
 105    1.2152474  1.33518e+25 
 106    1.2418578  1.23696e+25 
 107    1.2690510  1.14510e+25 
 108    1.2968396  1.06073e+25 
 109    1.3252366  9.73914e+24 
 110    1.3542555  8.92315e+24 
 111    1.3839099  8.20977e+24 
 112    1.4142136  7.53521e+24 
 113    1.4451808  6.93240e+24 
 114    1.4768261  6.38691e+24 
 115    1.5091644  5.91062e+24 
 116    1.5422108  5.48699e+24 
 117    1.5759808  5.13842e+24 
 118    1.6104903  4.79847e+24 
 119    1.6457555  4.50098e+24 
 120    1.6817928  4.25228e+24 
 121    1.7186193  4.02429e+24 
 122    1.7562522  3.85760e+24 
 123    1.7947091  3.69254e+24 
 124    1.8340081  3.55565e+24 
 125    1.8741676  3.43862e+24 
 126    1.9152066  3.34036e+24 
 127    1.9571441  3.23053e+24 
 128    2.0000000  3.15055e+24 
 129    2.0437943  3.05521e+24 
 130    2.0885476  2.98019e+24 
 131    2.1342808  2.92351e+24 
 132    2.1810155  2.86852e+24 
 133    2.2287735  2.80388e+24 
 134    2.2775773  2.74053e+24 
 135    2.3274497  2.67009e+24 
 136    2.3784142  2.59477e+24 
 137    2.4304947  2.52133e+24 
 138    2.4837156  2.43721e+24 
 139    2.5381019  2.34825e+24 
 140    2.5936791  2.25189e+24 
 141    2.6504733  2.16098e+24 
 142    2.7085111  2.06077e+24 
 143    2.7678198  1.95146e+24 
 144    2.8284271  1.82328e+24 
 145    2.8903616  1.70214e+24 
 146    2.9536523  1.57690e+24 
 147    3.0183289  1.44270e+24 
 148    3.0844217  1.30564e+24 
 149    3.1519617  1.16006e+24 
 150    3.2209807  1.01353e+24 
 151    3.2915110  8.74243e+23 
 152    3.3635857  7.39161e+23 
 153    3.4372386  6.07133e+23 
 154    3.5125043  4.95547e+23 
 155    3.5894182  3.94379e+23 
 156    3.6680162  3.00445e+23 
 157    3.7483353  2.25095e+23 
 158    3.8304131  1.60738e+23 
 159    3.9142882  1.09715e+23 
 160    4.0000000  6.89088e+22 
 161    4.0875886  4.16518e+22 
 162    4.1770951  2.70377e+22 
 163    4.2685616  1.67405e+22 
 164    4.3620309  1.15271e+22 
 165    4.4575470  8.62144e+21 
 166    4.5551545  6.51674e+21 
 167    4.6548994  5.15850e+21 
 168    4.7568285  4.43484e+21 
 169    4.8609894  3.77883e+21 
 170    4.9674312  3.44251e+21 
 171    5.0762038  3.29968e+21 
 172    5.1873582  3.14813e+21 
 173    5.3009466  3.03088e+21 
 174    5.4170222  2.83011e+21 
 175    5.5356395  2.67171e+21 
 176    5.6568542  2.54533e+21 
 177    5.7807232  2.37468e+21 
 178    5.9073046  2.24990e+21 
 179    6.0366577  2.12559e+21 
 180    6.1688433  2.00991e+21 
 181    6.3039234  1.90550e+21 
 182    6.4419613  1.80537e+21 
 183    6.5830219  1.71164e+21 
 184    6.7271713  1.61443e+21 
 185    6.8744772  1.51834e+21 
 186    7.0250086  1.42058e+21 
 187    7.1788363  1.31912e+21 
 188    7.3360323  1.21445e+21 
 189    7.4966705  1.11381e+21 


