# 1:iteration 2:time bin[s] 3-k:equiv. isotropic luminosity in k-th angular bin [erg/s]
# bolometric luminosity going in angular bin
   0    0.1250000  4.18068e+41 
   1    0.1277371  4.22252e+41 
   2    0.1305342  4.26528e+41 
   3    0.1333926  4.30898e+41 
   4    0.1363135  4.34793e+41 
   5    0.1392983  4.38445e+41 
   6    0.1423486  4.41529e+41 
   7    0.1454656  4.44227e+41 
   8    0.1486509  4.46608e+41 
   9    0.1519059  4.48412e+41 
  10    0.1552322  4.49897e+41 
  11    0.1586314  4.51007e+41 
  12    0.1621049  4.51671e+41 
  13    0.1656546  4.51972e+41 
  14    0.1692819  4.51851e+41 
  15    0.1729887  4.51476e+41 
  16    0.1767767  4.50774e+41 
  17    0.1806476  4.49733e+41 
  18    0.1846033  4.48394e+41 
  19    0.1886456  4.46636e+41 
  20    0.1927764  4.44686e+41 
  21    0.1969976  4.42484e+41 
  22    0.2013113  4.40092e+41 
  23    0.2057194  4.37575e+41 
  24    0.2102241  4.34717e+41 
  25    0.2148274  4.31778e+41 
  26    0.2195315  4.28697e+41 
  27    0.2243386  4.25316e+41 
  28    0.2292510  4.21749e+41 
  29    0.2342710  4.18030e+41 
  30    0.2394008  4.14110e+41 
  31    0.2446430  4.09860e+41 
  32    0.2500000  4.05363e+41 
  33    0.2554743  4.00594e+41 
  34    0.2610684  3.95326e+41 
  35    0.2667851  3.89694e+41 
  36    0.2726269  3.83767e+41 
  37    0.2785967  3.77432e+41 
  38    0.2846972  3.70598e+41 
  39    0.2909312  3.63394e+41 
  40    0.2973018  3.55768e+41 
  41    0.3038118  3.47854e+41 
  42    0.3104645  3.39824e+41 
  43    0.3172627  3.31461e+41 
  44    0.3242099  3.23180e+41 
  45    0.3313092  3.14900e+41 
  46    0.3385639  3.06494e+41 
  47    0.3459775  2.98515e+41 
  48    0.3535534  2.90575e+41 
  49    0.3612952  2.82775e+41 
  50    0.3692065  2.75333e+41 
  51    0.3772911  2.68230e+41 
  52    0.3855527  2.61311e+41 
  53    0.3939952  2.54729e+41 
  54    0.4026226  2.48331e+41 
  55    0.4114389  2.42074e+41 
  56    0.4204482  2.36054e+41 
  57    0.4296548  2.30177e+41 
  58    0.4390630  2.24355e+41 
  59    0.4486773  2.18625e+41 
  60    0.4585020  2.13017e+41 
  61    0.4685419  2.07498e+41 
  62    0.4788016  2.01995e+41 
  63    0.4892860  1.96599e+41 
  64    0.5000000  1.91240e+41 
  65    0.5109486  1.85918e+41 
  66    0.5221369  1.80790e+41 
  67    0.5335702  1.75754e+41 
  68    0.5452539  1.70747e+41 
  69    0.5571934  1.65964e+41 
  70    0.5693943  1.61284e+41 
  71    0.5818624  1.56694e+41 
  72    0.5946036  1.52323e+41 
  73    0.6076237  1.48094e+41 
  74    0.6209289  1.43948e+41 
  75    0.6345255  1.40010e+41 
  76    0.6484198  1.36253e+41 
  77    0.6626183  1.32591e+41 
  78    0.6771278  1.29110e+41 
  79    0.6919549  1.25758e+41 
  80    0.7071068  1.22540e+41 
  81    0.7225904  1.19414e+41 
  82    0.7384131  1.16512e+41 
  83    0.7545822  1.13691e+41 
  84    0.7711054  1.10952e+41 
  85    0.7879904  1.08336e+41 
  86    0.8052452  1.05827e+41 
  87    0.8228777  1.03396e+41 
  88    0.8408964  1.01105e+41 
  89    0.8593096  9.88672e+40 
  90    0.8781261  9.66933e+40 
  91    0.8973545  9.47786e+40 
  92    0.9170040  9.28707e+40 
  93    0.9370838  9.10196e+40 
  94    0.9576033  8.92797e+40 
  95    0.9785721  8.76047e+40 
  96    1.0000000  8.60013e+40 
  97    1.0218971  8.44284e+40 
  98    1.0442738  8.28977e+40 
  99    1.0671404  8.14527e+40 
 100    1.0905077  8.01108e+40 
 101    1.1143867  7.88568e+40 
 102    1.1387886  7.75857e+40 
 103    1.1637249  7.63754e+40 
 104    1.1892071  7.52790e+40 
 105    1.2152474  7.43119e+40 
 106    1.2418578  7.33326e+40 
 107    1.2690510  7.22297e+40 
 108    1.2968396  7.09725e+40 
 109    1.3252366  6.97366e+40 
 110    1.3542555  6.81262e+40 
 111    1.3839099  6.62705e+40 
 112    1.4142136  6.43748e+40 
 113    1.4451808  6.23736e+40 
 114    1.4768261  6.06430e+40 
 115    1.5091644  5.87132e+40 
 116    1.5422108  5.73406e+40 
 117    1.5759808  5.60590e+40 
 118    1.6104903  5.47458e+40 
 119    1.6457555  5.39290e+40 
 120    1.6817928  5.32678e+40 
 121    1.7186193  5.29530e+40 
 122    1.7562522  5.28241e+40 
 123    1.7947091  5.29484e+40 
 124    1.8340081  5.33492e+40 
 125    1.8741676  5.39213e+40 
 126    1.9152066  5.45705e+40 
 127    1.9571441  5.52701e+40 
 128    2.0000000  5.59448e+40 
 129    2.0437943  5.66156e+40 
 130    2.0885476  5.70831e+40 
 131    2.1342808  5.75122e+40 
 132    2.1810155  5.75241e+40 
 133    2.2287735  5.73280e+40 
 134    2.2775773  5.70733e+40 
 135    2.3274497  5.63909e+40 
 136    2.3784142  5.54848e+40 
 137    2.4304947  5.42913e+40 
 138    2.4837156  5.27580e+40 
 139    2.5381019  5.09310e+40 
 140    2.5936791  4.87798e+40 
 141    2.6504733  4.63531e+40 
 142    2.7085111  4.37175e+40 
 143    2.7678198  4.09304e+40 
 144    2.8284271  3.79908e+40 
 145    2.8903616  3.49404e+40 
 146    2.9536523  3.18437e+40 
 147    3.0183289  2.86403e+40 
 148    3.0844217  2.55502e+40 
 149    3.1519617  2.25400e+40 
 150    3.2209807  1.95117e+40 
 151    3.2915110  1.67796e+40 
 152    3.3635857  1.42225e+40 
 153    3.4372386  1.17781e+40 
 154    3.5125043  9.71251e+39 
 155    3.5894182  7.88694e+39 
 156    3.6680162  6.27203e+39 
 157    3.7483353  4.98627e+39 
 158    3.8304131  3.91515e+39 
 159    3.9142882  3.04669e+39 
 160    4.0000000  2.37525e+39 
 161    4.0875886  1.84747e+39 
 162    4.1770951  1.46904e+39 
 163    4.2685616  1.18092e+39 
 164    4.3620309  9.71240e+38 
 165    4.4575470  8.29866e+38 
 166    4.5551545  7.19886e+38 
 167    4.6548994  6.38460e+38 
 168    4.7568285  5.76801e+38 
 169    4.8609894  5.26029e+38 
 170    4.9674312  4.83131e+38 
 171    5.0762038  4.45792e+38 
 172    5.1873582  4.13025e+38 
 173    5.3009466  3.83891e+38 
 174    5.4170222  3.57617e+38 
 175    5.5356395  3.33724e+38 
 176    5.6568542  3.12058e+38 
 177    5.7807232  2.92187e+38 
 178    5.9073046  2.73618e+38 
 179    6.0366577  2.56738e+38 
 180    6.1688433  2.40998e+38 
 181    6.3039234  2.26168e+38 
 182    6.4419613  2.12584e+38 
 183    6.5830219  1.99887e+38 
 184    6.7271713  1.87874e+38 
 185    6.8744772  1.76892e+38 
 186    7.0250086  1.65996e+38 
 187    7.1788363  1.55368e+38 
 188    7.3360323  1.45108e+38 
 189    7.4966705  1.35509e+38 


# g-band (filter: g_LSST.dat)
   0    0.1250000  8.86748e+26 
   1    0.1277371  8.94989e+26 
   2    0.1305342  9.03410e+26 
   3    0.1333926  9.12016e+26 
   4    0.1363135  9.19234e+26 
   5    0.1392983  9.25302e+26 
   6    0.1423486  9.30166e+26 
   7    0.1454656  9.33533e+26 
   8    0.1486509  9.35837e+26 
   9    0.1519059  9.36501e+26 
  10    0.1552322  9.35676e+26 
  11    0.1586314  9.33799e+26 
  12    0.1621049  9.30681e+26 
  13    0.1656546  9.26544e+26 
  14    0.1692819  9.21097e+26 
  15    0.1729887  9.14525e+26 
  16    0.1767767  9.06717e+26 
  17    0.1806476  8.98081e+26 
  18    0.1846033  8.88708e+26 
  19    0.1886456  8.78096e+26 
  20    0.1927764  8.67048e+26 
  21    0.1969976  8.55194e+26 
  22    0.2013113  8.43094e+26 
  23    0.2057194  8.30557e+26 
  24    0.2102241  8.16862e+26 
  25    0.2148274  8.02934e+26 
  26    0.2195315  7.88732e+26 
  27    0.2243386  7.74206e+26 
  28    0.2292510  7.59347e+26 
  29    0.2342710  7.44356e+26 
  30    0.2394008  7.28636e+26 
  31    0.2446430  7.12620e+26 
  32    0.2500000  6.96064e+26 
  33    0.2554743  6.79006e+26 
  34    0.2610684  6.60992e+26 
  35    0.2667851  6.42163e+26 
  36    0.2726269  6.22691e+26 
  37    0.2785967  6.02461e+26 
  38    0.2846972  5.80794e+26 
  39    0.2909312  5.58231e+26 
  40    0.2973018  5.34852e+26 
  41    0.3038118  5.10283e+26 
  42    0.3104645  4.85270e+26 
  43    0.3172627  4.59419e+26 
  44    0.3242099  4.33771e+26 
  45    0.3313092  4.07946e+26 
  46    0.3385639  3.81711e+26 
  47    0.3459775  3.56620e+26 
  48    0.3535534  3.32061e+26 
  49    0.3612952  3.07644e+26 
  50    0.3692065  2.84824e+26 
  51    0.3772911  2.62929e+26 
  52    0.3855527  2.41668e+26 
  53    0.3939952  2.22096e+26 
  54    0.4026226  2.03543e+26 
  55    0.4114389  1.85684e+26 
  56    0.4204482  1.69225e+26 
  57    0.4296548  1.53829e+26 
  58    0.4390630  1.39357e+26 
  59    0.4486773  1.25618e+26 
  60    0.4585020  1.12996e+26 
  61    0.4685419  1.01305e+26 
  62    0.4788016  9.02620e+25 
  63    0.4892860  8.02773e+25 
  64    0.5000000  7.10750e+25 
  65    0.5109486  6.25268e+25 
  66    0.5221369  5.49753e+25 
  67    0.5335702  4.81556e+25 
  68    0.5452539  4.18940e+25 
  69    0.5571934  3.65100e+25 
  70    0.5693943  3.16597e+25 
  71    0.5818624  2.73566e+25 
  72    0.5946036  2.37272e+25 
  73    0.6076237  2.05422e+25 
  74    0.6209289  1.77533e+25 
  75    0.6345255  1.54376e+25 
  76    0.6484198  1.34232e+25 
  77    0.6626183  1.16912e+25 
  78    0.6771278  1.02428e+25 
  79    0.6919549  9.01254e+24 
  80    0.7071068  7.94983e+24 
  81    0.7225904  7.04674e+24 
  82    0.7384131  6.28116e+24 
  83    0.7545822  5.60783e+24 
  84    0.7711054  5.03279e+24 
  85    0.7879904  4.52605e+24 
  86    0.8052452  4.08517e+24 
  87    0.8228777  3.69590e+24 
  88    0.8408964  3.36422e+24 
  89    0.8593096  3.06767e+24 
  90    0.8781261  2.80682e+24 
  91    0.8973545  2.58086e+24 
  92    0.9170040  2.38342e+24 
  93    0.9370838  2.21338e+24 
  94    0.9576033  2.06304e+24 
  95    0.9785721  1.92774e+24 
  96    1.0000000  1.80557e+24 
  97    1.0218971  1.70561e+24 
  98    1.0442738  1.61500e+24 
  99    1.0671404  1.53101e+24 
 100    1.0905077  1.45615e+24 
 101    1.1143867  1.39060e+24 
 102    1.1387886  1.32985e+24 
 103    1.1637249  1.27279e+24 
 104    1.1892071  1.22129e+24 
 105    1.2152474  1.17366e+24 
 106    1.2418578  1.13130e+24 
 107    1.2690510  1.09324e+24 
 108    1.2968396  1.05312e+24 
 109    1.3252366  1.01240e+24 
 110    1.3542555  9.71554e+23 
 111    1.3839099  9.33413e+23 
 112    1.4142136  8.95221e+23 
 113    1.4451808  8.57100e+23 
 114    1.4768261  8.18675e+23 
 115    1.5091644  7.79199e+23 
 116    1.5422108  7.40852e+23 
 117    1.5759808  7.04452e+23 
 118    1.6104903  6.67850e+23 
 119    1.6457555  6.36979e+23 
 120    1.6817928  6.06786e+23 
 121    1.7186193  5.78108e+23 
 122    1.7562522  5.53798e+23 
 123    1.7947091  5.30578e+23 
 124    1.8340081  5.07194e+23 
 125    1.8741676  4.87492e+23 
 126    1.9152066  4.69349e+23 
 127    1.9571441  4.56061e+23 
 128    2.0000000  4.41542e+23 
 129    2.0437943  4.27637e+23 
 130    2.0885476  4.13391e+23 
 131    2.1342808  3.99897e+23 
 132    2.1810155  3.85221e+23 
 133    2.2287735  3.68956e+23 
 134    2.2775773  3.53021e+23 
 135    2.3274497  3.34310e+23 
 136    2.3784142  3.15767e+23 
 137    2.4304947  2.96760e+23 
 138    2.4837156  2.77030e+23 
 139    2.5381019  2.55211e+23 
 140    2.5936791  2.33235e+23 
 141    2.6504733  2.11684e+23 
 142    2.7085111  1.90580e+23 
 143    2.7678198  1.68955e+23 
 144    2.8284271  1.49870e+23 
 145    2.8903616  1.32163e+23 
 146    2.9536523  1.15560e+23 
 147    3.0183289  1.00540e+23 
 148    3.0844217  8.74190e+22 
 149    3.1519617  7.53336e+22 
 150    3.2209807  6.47729e+22 
 151    3.2915110  5.58005e+22 
 152    3.3635857  4.78371e+22 
 153    3.4372386  4.10486e+22 
 154    3.5125043  3.51731e+22 
 155    3.5894182  3.01228e+22 
 156    3.6680162  2.56200e+22 
 157    3.7483353  2.18804e+22 
 158    3.8304131  1.85670e+22 
 159    3.9142882  1.57519e+22 
 160    4.0000000  1.33626e+22 
 161    4.0875886  1.12747e+22 
 162    4.1770951  9.49575e+21 
 163    4.2685616  7.98041e+21 
 164    4.3620309  6.62826e+21 
 165    4.4575470  5.50370e+21 
 166    4.5551545  4.56163e+21 
 167    4.6548994  3.76657e+21 
 168    4.7568285  3.09257e+21 
 169    4.8609894  2.53712e+21 
 170    4.9674312  2.06653e+21 
 171    5.0762038  1.67819e+21 
 172    5.1873582  1.34481e+21 
 173    5.3009466  1.08238e+21 
 174    5.4170222  8.55176e+20 
 175    5.5356395  6.79835e+20 
 176    5.6568542  5.42095e+20 
 177    5.7807232  4.26518e+20 
 178    5.9073046  3.35481e+20 
 179    6.0366577  2.62492e+20 
 180    6.1688433  2.03028e+20 
 181    6.3039234  1.57910e+20 
 182    6.4419613  1.23976e+20 
 183    6.5830219  9.47449e+19 
 184    6.7271713  7.18124e+19 
 185    6.8744772  5.46416e+19 
 186    7.0250086  4.06784e+19 
 187    7.1788363  2.83916e+19 
 188    7.3360323  1.86131e+19 
 189    7.4966705  1.18609e+19 


# r-band (filter: r_LSST.dat)
   0    0.1250000  7.69520e+26 
   1    0.1277371  7.85709e+26 
   2    0.1305342  8.02252e+26 
   3    0.1333926  8.19157e+26 
   4    0.1363135  8.34750e+26 
   5    0.1392983  8.50718e+26 
   6    0.1423486  8.65084e+26 
   7    0.1454656  8.78793e+26 
   8    0.1486509  8.92232e+26 
   9    0.1519059  9.04101e+26 
  10    0.1552322  9.16142e+26 
  11    0.1586314  9.26699e+26 
  12    0.1621049  9.35947e+26 
  13    0.1656546  9.44600e+26 
  14    0.1692819  9.52024e+26 
  15    0.1729887  9.58854e+26 
  16    0.1767767  9.65129e+26 
  17    0.1806476  9.69779e+26 
  18    0.1846033  9.74008e+26 
  19    0.1886456  9.76672e+26 
  20    0.1927764  9.78516e+26 
  21    0.1969976  9.79439e+26 
  22    0.2013113  9.78965e+26 
  23    0.2057194  9.78342e+26 
  24    0.2102241  9.76500e+26 
  25    0.2148274  9.73673e+26 
  26    0.2195315  9.70493e+26 
  27    0.2243386  9.65910e+26 
  28    0.2292510  9.60631e+26 
  29    0.2342710  9.54938e+26 
  30    0.2394008  9.48500e+26 
  31    0.2446430  9.41347e+26 
  32    0.2500000  9.33783e+26 
  33    0.2554743  9.25613e+26 
  34    0.2610684  9.16863e+26 
  35    0.2667851  9.07782e+26 
  36    0.2726269  8.98064e+26 
  37    0.2785967  8.87938e+26 
  38    0.2846972  8.77378e+26 
  39    0.2909312  8.66777e+26 
  40    0.2973018  8.55390e+26 
  41    0.3038118  8.43825e+26 
  42    0.3104645  8.32027e+26 
  43    0.3172627  8.19790e+26 
  44    0.3242099  8.07341e+26 
  45    0.3313092  7.94352e+26 
  46    0.3385639  7.81075e+26 
  47    0.3459775  7.67248e+26 
  48    0.3535534  7.53070e+26 
  49    0.3612952  7.38614e+26 
  50    0.3692065  7.23533e+26 
  51    0.3772911  7.08078e+26 
  52    0.3855527  6.92344e+26 
  53    0.3939952  6.76134e+26 
  54    0.4026226  6.59338e+26 
  55    0.4114389  6.42212e+26 
  56    0.4204482  6.24669e+26 
  57    0.4296548  6.06792e+26 
  58    0.4390630  5.88493e+26 
  59    0.4486773  5.69728e+26 
  60    0.4585020  5.50767e+26 
  61    0.4685419  5.31550e+26 
  62    0.4788016  5.12039e+26 
  63    0.4892860  4.92411e+26 
  64    0.5000000  4.72559e+26 
  65    0.5109486  4.52410e+26 
  66    0.5221369  4.32647e+26 
  67    0.5335702  4.12922e+26 
  68    0.5452539  3.92984e+26 
  69    0.5571934  3.73529e+26 
  70    0.5693943  3.54442e+26 
  71    0.5818624  3.35492e+26 
  72    0.5946036  3.17218e+26 
  73    0.6076237  2.99506e+26 
  74    0.6209289  2.82006e+26 
  75    0.6345255  2.65612e+26 
  76    0.6484198  2.49801e+26 
  77    0.6626183  2.34367e+26 
  78    0.6771278  2.20054e+26 
  79    0.6919549  2.06505e+26 
  80    0.7071068  1.93933e+26 
  81    0.7225904  1.81960e+26 
  82    0.7384131  1.71219e+26 
  83    0.7545822  1.61250e+26 
  84    0.7711054  1.51854e+26 
  85    0.7879904  1.43261e+26 
  86    0.8052452  1.35363e+26 
  87    0.8228777  1.28184e+26 
  88    0.8408964  1.21995e+26 
  89    0.8593096  1.16320e+26 
  90    0.8781261  1.11170e+26 
  91    0.8973545  1.07023e+26 
  92    0.9170040  1.03264e+26 
  93    0.9370838  1.00004e+26 
  94    0.9576033  9.76260e+25 
  95    0.9785721  9.59159e+25 
  96    1.0000000  9.45352e+25 
  97    1.0218971  9.34857e+25 
  98    1.0442738  9.25442e+25 
  99    1.0671404  9.24948e+25 
 100    1.0905077  9.30267e+25 
 101    1.1143867  9.40591e+25 
 102    1.1387886  9.50480e+25 
 103    1.1637249  9.64424e+25 
 104    1.1892071  9.81227e+25 
 105    1.2152474  1.01103e+26 
 106    1.2418578  1.04225e+26 
 107    1.2690510  1.07359e+26 
 108    1.2968396  1.10091e+26 
 109    1.3252366  1.13055e+26 
 110    1.3542555  1.14161e+26 
 111    1.3839099  1.12607e+26 
 112    1.4142136  1.10898e+26 
 113    1.4451808  1.05929e+26 
 114    1.4768261  1.01421e+26 
 115    1.5091644  9.59217e+25 
 116    1.5422108  9.14321e+25 
 117    1.5759808  8.65020e+25 
 118    1.6104903  7.97690e+25 
 119    1.6457555  7.48691e+25 
 120    1.6817928  6.97859e+25 
 121    1.7186193  6.50937e+25 
 122    1.7562522  6.10975e+25 
 123    1.7947091  5.80119e+25 
 124    1.8340081  5.65214e+25 
 125    1.8741676  5.60022e+25 
 126    1.9152066  5.58890e+25 
 127    1.9571441  5.58205e+25 
 128    2.0000000  5.55851e+25 
 129    2.0437943  5.50107e+25 
 130    2.0885476  5.39041e+25 
 131    2.1342808  5.27399e+25 
 132    2.1810155  5.07003e+25 
 133    2.2287735  4.84716e+25 
 134    2.2775773  4.61499e+25 
 135    2.3274497  4.34757e+25 
 136    2.3784142  4.06123e+25 
 137    2.4304947  3.71197e+25 
 138    2.4837156  3.36531e+25 
 139    2.5381019  2.99744e+25 
 140    2.5936791  2.60905e+25 
 141    2.6504733  2.25113e+25 
 142    2.7085111  1.91634e+25 
 143    2.7678198  1.60355e+25 
 144    2.8284271  1.33814e+25 
 145    2.8903616  1.10236e+25 
 146    2.9536523  8.93828e+24 
 147    3.0183289  7.08655e+24 
 148    3.0844217  5.57955e+24 
 149    3.1519617  4.30142e+24 
 150    3.2209807  3.28087e+24 
 151    3.2915110  2.47407e+24 
 152    3.3635857  1.84686e+24 
 153    3.4372386  1.39932e+24 
 154    3.5125043  1.05447e+24 
 155    3.5894182  7.98708e+23 
 156    3.6680162  6.24846e+23 
 157    3.7483353  4.91347e+23 
 158    3.8304131  3.92881e+23 
 159    3.9142882  3.23158e+23 
 160    4.0000000  2.68209e+23 
 161    4.0875886  2.25688e+23 
 162    4.1770951  1.93257e+23 
 163    4.2685616  1.66895e+23 
 164    4.3620309  1.44651e+23 
 165    4.4575470  1.26095e+23 
 166    4.5551545  1.10215e+23 
 167    4.6548994  9.62368e+22 
 168    4.7568285  8.37922e+22 
 169    4.8609894  7.30357e+22 
 170    4.9674312  6.33303e+22 
 171    5.0762038  5.48162e+22 
 172    5.1873582  4.71371e+22 
 173    5.3009466  4.04867e+22 
 174    5.4170222  3.45412e+22 
 175    5.5356395  2.92331e+22 
 176    5.6568542  2.47382e+22 
 177    5.7807232  2.07549e+22 
 178    5.9073046  1.72932e+22 
 179    6.0366577  1.43970e+22 
 180    6.1688433  1.19111e+22 
 181    6.3039234  9.75476e+21 
 182    6.4419613  7.98892e+21 
 183    6.5830219  6.50008e+21 
 184    6.7271713  5.24290e+21 
 185    6.8744772  4.22320e+21 
 186    7.0250086  3.29224e+21 
 187    7.1788363  2.47444e+21 
 188    7.3360323  1.76506e+21 
 189    7.4966705  1.21604e+21 


# i-band (filter: i_LSST.dat)
   0    0.1250000  4.71535e+26 
   1    0.1277371  4.80931e+26 
   2    0.1305342  4.90534e+26 
   3    0.1333926  5.00346e+26 
   4    0.1363135  5.09876e+26 
   5    0.1392983  5.19590e+26 
   6    0.1423486  5.28555e+26 
   7    0.1454656  5.37366e+26 
   8    0.1486509  5.46422e+26 
   9    0.1519059  5.55022e+26 
  10    0.1552322  5.63801e+26 
  11    0.1586314  5.72657e+26 
  12    0.1621049  5.81505e+26 
  13    0.1656546  5.90031e+26 
  14    0.1692819  5.97874e+26 
  15    0.1729887  6.06133e+26 
  16    0.1767767  6.14129e+26 
  17    0.1806476  6.21717e+26 
  18    0.1846033  6.29708e+26 
  19    0.1886456  6.36974e+26 
  20    0.1927764  6.44092e+26 
  21    0.1969976  6.50986e+26 
  22    0.2013113  6.57580e+26 
  23    0.2057194  6.63656e+26 
  24    0.2102241  6.69141e+26 
  25    0.2148274  6.73990e+26 
  26    0.2195315  6.78349e+26 
  27    0.2243386  6.82095e+26 
  28    0.2292510  6.84914e+26 
  29    0.2342710  6.86540e+26 
  30    0.2394008  6.87635e+26 
  31    0.2446430  6.86644e+26 
  32    0.2500000  6.84262e+26 
  33    0.2554743  6.80892e+26 
  34    0.2610684  6.75240e+26 
  35    0.2667851  6.68250e+26 
  36    0.2726269  6.60235e+26 
  37    0.2785967  6.50481e+26 
  38    0.2846972  6.39380e+26 
  39    0.2909312  6.26531e+26 
  40    0.2973018  6.12576e+26 
  41    0.3038118  5.97648e+26 
  42    0.3104645  5.82159e+26 
  43    0.3172627  5.65953e+26 
  44    0.3242099  5.49754e+26 
  45    0.3313092  5.33987e+26 
  46    0.3385639  5.17667e+26 
  47    0.3459775  5.02594e+26 
  48    0.3535534  4.87954e+26 
  49    0.3612952  4.73760e+26 
  50    0.3692065  4.60795e+26 
  51    0.3772911  4.49092e+26 
  52    0.3855527  4.37870e+26 
  53    0.3939952  4.27828e+26 
  54    0.4026226  4.18635e+26 
  55    0.4114389  4.10180e+26 
  56    0.4204482  4.02675e+26 
  57    0.4296548  3.95673e+26 
  58    0.4390630  3.89104e+26 
  59    0.4486773  3.83098e+26 
  60    0.4585020  3.77505e+26 
  61    0.4685419  3.72077e+26 
  62    0.4788016  3.66937e+26 
  63    0.4892860  3.62044e+26 
  64    0.5000000  3.57398e+26 
  65    0.5109486  3.52707e+26 
  66    0.5221369  3.48422e+26 
  67    0.5335702  3.44333e+26 
  68    0.5452539  3.40411e+26 
  69    0.5571934  3.36928e+26 
  70    0.5693943  3.33446e+26 
  71    0.5818624  3.30251e+26 
  72    0.5946036  3.27427e+26 
  73    0.6076237  3.24892e+26 
  74    0.6209289  3.22394e+26 
  75    0.6345255  3.20062e+26 
  76    0.6484198  3.18497e+26 
  77    0.6626183  3.17374e+26 
  78    0.6771278  3.15899e+26 
  79    0.6919549  3.14360e+26 
  80    0.7071068  3.12839e+26 
  81    0.7225904  3.11337e+26 
  82    0.7384131  3.10247e+26 
  83    0.7545822  3.08796e+26 
  84    0.7711054  3.07280e+26 
  85    0.7879904  3.05380e+26 
  86    0.8052452  3.03642e+26 
  87    0.8228777  3.01573e+26 
  88    0.8408964  2.99293e+26 
  89    0.8593096  2.96686e+26 
  90    0.8781261  2.94203e+26 
  91    0.8973545  2.92994e+26 
  92    0.9170040  2.90865e+26 
  93    0.9370838  2.88743e+26 
  94    0.9576033  2.86282e+26 
  95    0.9785721  2.83740e+26 
  96    1.0000000  2.81418e+26 
  97    1.0218971  2.78909e+26 
  98    1.0442738  2.76288e+26 
  99    1.0671404  2.73699e+26 
 100    1.0905077  2.70957e+26 
 101    1.1143867  2.68412e+26 
 102    1.1387886  2.65301e+26 
 103    1.1637249  2.62153e+26 
 104    1.1892071  2.59364e+26 
 105    1.2152474  2.56041e+26 
 106    1.2418578  2.52339e+26 
 107    1.2690510  2.46597e+26 
 108    1.2968396  2.38944e+26 
 109    1.3252366  2.30714e+26 
 110    1.3542555  2.18955e+26 
 111    1.3839099  2.05984e+26 
 112    1.4142136  1.92193e+26 
 113    1.4451808  1.78551e+26 
 114    1.4768261  1.66070e+26 
 115    1.5091644  1.51837e+26 
 116    1.5422108  1.40758e+26 
 117    1.5759808  1.30149e+26 
 118    1.6104903  1.19682e+26 
 119    1.6457555  1.11753e+26 
 120    1.6817928  1.04858e+26 
 121    1.7186193  1.00400e+26 
 122    1.7562522  9.69285e+25 
 123    1.7947091  9.49431e+25 
 124    1.8340081  9.40021e+25 
 125    1.8741676  9.35255e+25 
 126    1.9152066  9.34087e+25 
 127    1.9571441  9.35845e+25 
 128    2.0000000  9.37124e+25 
 129    2.0437943  9.42048e+25 
 130    2.0885476  9.39711e+25 
 131    2.1342808  9.36957e+25 
 132    2.1810155  9.21526e+25 
 133    2.2287735  9.02362e+25 
 134    2.2775773  8.84451e+25 
 135    2.3274497  8.59886e+25 
 136    2.3784142  8.35292e+25 
 137    2.4304947  8.04118e+25 
 138    2.4837156  7.73520e+25 
 139    2.5381019  7.39611e+25 
 140    2.5936791  6.98522e+25 
 141    2.6504733  6.56878e+25 
 142    2.7085111  6.12849e+25 
 143    2.7678198  5.71440e+25 
 144    2.8284271  5.26758e+25 
 145    2.8903616  4.80460e+25 
 146    2.9536523  4.34224e+25 
 147    3.0183289  3.86866e+25 
 148    3.0844217  3.41286e+25 
 149    3.1519617  2.97493e+25 
 150    3.2209807  2.51318e+25 
 151    3.2915110  2.11492e+25 
 152    3.3635857  1.73915e+25 
 153    3.4372386  1.37644e+25 
 154    3.5125043  1.08153e+25 
 155    3.5894182  8.23695e+24 
 156    3.6680162  6.18615e+24 
 157    3.7483353  4.60969e+24 
 158    3.8304131  3.41079e+24 
 159    3.9142882  2.54732e+24 
 160    4.0000000  1.89058e+24 
 161    4.0875886  1.41133e+24 
 162    4.1770951  1.09002e+24 
 163    4.2685616  8.48009e+23 
 164    4.3620309  6.73718e+23 
 165    4.4575470  5.52129e+23 
 166    4.5551545  4.57513e+23 
 167    4.6548994  3.86150e+23 
 168    4.7568285  3.31393e+23 
 169    4.8609894  2.85608e+23 
 170    4.9674312  2.48480e+23 
 171    5.0762038  2.16660e+23 
 172    5.1873582  1.89747e+23 
 173    5.3009466  1.65935e+23 
 174    5.4170222  1.45270e+23 
 175    5.5356395  1.26671e+23 
 176    5.6568542  1.10399e+23 
 177    5.7807232  9.57427e+22 
 178    5.9073046  8.24761e+22 
 179    6.0366577  7.10131e+22 
 180    6.1688433  6.07705e+22 
 181    6.3039234  5.15687e+22 
 182    6.4419613  4.37106e+22 
 183    6.5830219  3.68302e+22 
 184    6.7271713  3.07067e+22 
 185    6.8744772  2.56024e+22 
 186    7.0250086  2.07025e+22 
 187    7.1788363  1.62606e+22 
 188    7.3360323  1.22670e+22 
 189    7.4966705  8.96227e+21 


# z-band (filter: z_LSST.dat)
   0    0.1250000  3.59344e+26 
   1    0.1277371  3.67083e+26 
   2    0.1305342  3.74992e+26 
   3    0.1333926  3.83075e+26 
   4    0.1363135  3.91257e+26 
   5    0.1392983  3.99578e+26 
   6    0.1423486  4.07933e+26 
   7    0.1454656  4.16745e+26 
   8    0.1486509  4.24963e+26 
   9    0.1519059  4.34220e+26 
  10    0.1552322  4.43251e+26 
  11    0.1586314  4.52406e+26 
  12    0.1621049  4.61450e+26 
  13    0.1656546  4.70662e+26 
  14    0.1692819  4.79987e+26 
  15    0.1729887  4.89499e+26 
  16    0.1767767  4.98548e+26 
  17    0.1806476  5.07712e+26 
  18    0.1846033  5.16612e+26 
  19    0.1886456  5.25081e+26 
  20    0.1927764  5.33496e+26 
  21    0.1969976  5.41558e+26 
  22    0.2013113  5.48987e+26 
  23    0.2057194  5.56194e+26 
  24    0.2102241  5.62626e+26 
  25    0.2148274  5.68410e+26 
  26    0.2195315  5.73306e+26 
  27    0.2243386  5.77605e+26 
  28    0.2292510  5.79891e+26 
  29    0.2342710  5.81018e+26 
  30    0.2394008  5.81466e+26 
  31    0.2446430  5.79237e+26 
  32    0.2500000  5.75252e+26 
  33    0.2554743  5.69904e+26 
  34    0.2610684  5.61235e+26 
  35    0.2667851  5.50222e+26 
  36    0.2726269  5.36867e+26 
  37    0.2785967  5.21348e+26 
  38    0.2846972  5.03279e+26 
  39    0.2909312  4.83495e+26 
  40    0.2973018  4.61915e+26 
  41    0.3038118  4.39721e+26 
  42    0.3104645  4.16685e+26 
  43    0.3172627  3.92511e+26 
  44    0.3242099  3.69336e+26 
  45    0.3313092  3.46750e+26 
  46    0.3385639  3.24391e+26 
  47    0.3459775  3.04320e+26 
  48    0.3535534  2.85572e+26 
  49    0.3612952  2.67789e+26 
  50    0.3692065  2.52345e+26 
  51    0.3772911  2.38461e+26 
  52    0.3855527  2.25776e+26 
  53    0.3939952  2.14669e+26 
  54    0.4026226  2.04739e+26 
  55    0.4114389  1.95803e+26 
  56    0.4204482  1.87953e+26 
  57    0.4296548  1.80703e+26 
  58    0.4390630  1.74095e+26 
  59    0.4486773  1.67994e+26 
  60    0.4585020  1.62519e+26 
  61    0.4685419  1.57555e+26 
  62    0.4788016  1.52777e+26 
  63    0.4892860  1.48529e+26 
  64    0.5000000  1.44587e+26 
  65    0.5109486  1.40908e+26 
  66    0.5221369  1.37741e+26 
  67    0.5335702  1.34813e+26 
  68    0.5452539  1.32133e+26 
  69    0.5571934  1.29803e+26 
  70    0.5693943  1.27666e+26 
  71    0.5818624  1.25738e+26 
  72    0.5946036  1.23989e+26 
  73    0.6076237  1.22361e+26 
  74    0.6209289  1.20850e+26 
  75    0.6345255  1.19264e+26 
  76    0.6484198  1.17859e+26 
  77    0.6626183  1.16517e+26 
  78    0.6771278  1.15170e+26 
  79    0.6919549  1.13843e+26 
  80    0.7071068  1.12479e+26 
  81    0.7225904  1.11206e+26 
  82    0.7384131  1.09973e+26 
  83    0.7545822  1.08870e+26 
  84    0.7711054  1.07864e+26 
  85    0.7879904  1.07072e+26 
  86    0.8052452  1.06559e+26 
  87    0.8228777  1.06100e+26 
  88    0.8408964  1.05984e+26 
  89    0.8593096  1.06045e+26 
  90    0.8781261  1.06317e+26 
  91    0.8973545  1.06956e+26 
  92    0.9170040  1.07921e+26 
  93    0.9370838  1.09069e+26 
  94    0.9576033  1.10513e+26 
  95    0.9785721  1.12095e+26 
  96    1.0000000  1.13818e+26 
  97    1.0218971  1.15667e+26 
  98    1.0442738  1.17505e+26 
  99    1.0671404  1.19504e+26 
 100    1.0905077  1.21452e+26 
 101    1.1143867  1.23279e+26 
 102    1.1387886  1.25119e+26 
 103    1.1637249  1.26916e+26 
 104    1.1892071  1.28454e+26 
 105    1.2152474  1.29521e+26 
 106    1.2418578  1.30184e+26 
 107    1.2690510  1.29264e+26 
 108    1.2968396  1.27080e+26 
 109    1.3252366  1.24392e+26 
 110    1.3542555  1.19750e+26 
 111    1.3839099  1.14572e+26 
 112    1.4142136  1.08753e+26 
 113    1.4451808  1.03217e+26 
 114    1.4768261  9.80451e+25 
 115    1.5091644  9.17275e+25 
 116    1.5422108  8.68527e+25 
 117    1.5759808  8.20331e+25 
 118    1.6104903  7.75047e+25 
 119    1.6457555  7.39237e+25 
 120    1.6817928  7.08425e+25 
 121    1.7186193  6.89055e+25 
 122    1.7562522  6.71736e+25 
 123    1.7947091  6.59574e+25 
 124    1.8340081  6.51431e+25 
 125    1.8741676  6.44323e+25 
 126    1.9152066  6.38543e+25 
 127    1.9571441  6.35011e+25 
 128    2.0000000  6.30762e+25 
 129    2.0437943  6.28535e+25 
 130    2.0885476  6.20767e+25 
 131    2.1342808  6.11708e+25 
 132    2.1810155  5.92823e+25 
 133    2.2287735  5.70334e+25 
 134    2.2775773  5.48365e+25 
 135    2.3274497  5.19966e+25 
 136    2.3784142  4.90306e+25 
 137    2.4304947  4.55380e+25 
 138    2.4837156  4.21605e+25 
 139    2.5381019  3.86237e+25 
 140    2.5936791  3.45672e+25 
 141    2.6504733  3.09320e+25 
 142    2.7085111  2.74899e+25 
 143    2.7678198  2.43761e+25 
 144    2.8284271  2.17622e+25 
 145    2.8903616  1.94538e+25 
 146    2.9536523  1.73997e+25 
 147    3.0183289  1.56574e+25 
 148    3.0844217  1.40587e+25 
 149    3.1519617  1.26164e+25 
 150    3.2209807  1.13207e+25 
 151    3.2915110  1.00921e+25 
 152    3.3635857  8.94876e+24 
 153    3.4372386  7.84225e+24 
 154    3.5125043  6.85011e+24 
 155    3.5894182  5.93140e+24 
 156    3.6680162  5.02741e+24 
 157    3.7483353  4.26529e+24 
 158    3.8304131  3.58572e+24 
 159    3.9142882  2.96177e+24 
 160    4.0000000  2.45264e+24 
 161    4.0875886  2.01524e+24 
 162    4.1770951  1.66337e+24 
 163    4.2685616  1.38341e+24 
 164    4.3620309  1.15388e+24 
 165    4.4575470  9.75277e+23 
 166    4.5551545  8.31360e+23 
 167    4.6548994  7.13022e+23 
 168    4.7568285  6.13851e+23 
 169    4.8609894  5.32058e+23 
 170    4.9674312  4.61328e+23 
 171    5.0762038  4.00951e+23 
 172    5.1873582  3.50544e+23 
 173    5.3009466  3.07406e+23 
 174    5.4170222  2.68877e+23 
 175    5.5356395  2.35128e+23 
 176    5.6568542  2.05690e+23 
 177    5.7807232  1.79719e+23 
 178    5.9073046  1.56049e+23 
 179    6.0366577  1.35389e+23 
 180    6.1688433  1.16982e+23 
 181    6.3039234  1.00312e+23 
 182    6.4419613  8.59190e+22 
 183    6.5830219  7.31562e+22 
 184    6.7271713  6.17672e+22 
 185    6.8744772  5.21650e+22 
 186    7.0250086  4.28380e+22 
 187    7.1788363  3.42542e+22 
 188    7.3360323  2.64068e+22 
 189    7.4966705  1.97876e+22 


# y-band (filter: y_LSST.dat)
   0    0.1250000  2.76772e+26 
   1    0.1277371  2.83229e+26 
   2    0.1305342  2.89827e+26 
   3    0.1333926  2.96570e+26 
   4    0.1363135  3.03498e+26 
   5    0.1392983  3.11167e+26 
   6    0.1423486  3.19199e+26 
   7    0.1454656  3.26650e+26 
   8    0.1486509  3.34673e+26 
   9    0.1519059  3.42845e+26 
  10    0.1552322  3.51320e+26 
  11    0.1586314  3.60357e+26 
  12    0.1621049  3.69358e+26 
  13    0.1656546  3.78879e+26 
  14    0.1692819  3.89075e+26 
  15    0.1729887  3.99407e+26 
  16    0.1767767  4.10055e+26 
  17    0.1806476  4.21004e+26 
  18    0.1846033  4.32127e+26 
  19    0.1886456  4.43760e+26 
  20    0.1927764  4.55160e+26 
  21    0.1969976  4.67588e+26 
  22    0.2013113  4.80012e+26 
  23    0.2057194  4.92696e+26 
  24    0.2102241  5.05303e+26 
  25    0.2148274  5.18316e+26 
  26    0.2195315  5.31455e+26 
  27    0.2243386  5.44203e+26 
  28    0.2292510  5.56788e+26 
  29    0.2342710  5.68752e+26 
  30    0.2394008  5.80869e+26 
  31    0.2446430  5.92243e+26 
  32    0.2500000  6.02805e+26 
  33    0.2554743  6.12913e+26 
  34    0.2610684  6.21059e+26 
  35    0.2667851  6.27983e+26 
  36    0.2726269  6.32981e+26 
  37    0.2785967  6.36473e+26 
  38    0.2846972  6.37000e+26 
  39    0.2909312  6.34431e+26 
  40    0.2973018  6.29787e+26 
  41    0.3038118  6.21437e+26 
  42    0.3104645  6.10317e+26 
  43    0.3172627  5.96792e+26 
  44    0.3242099  5.80761e+26 
  45    0.3313092  5.63043e+26 
  46    0.3385639  5.42602e+26 
  47    0.3459775  5.21831e+26 
  48    0.3535534  5.00266e+26 
  49    0.3612952  4.77365e+26 
  50    0.3692065  4.55087e+26 
  51    0.3772911  4.33686e+26 
  52    0.3855527  4.12587e+26 
  53    0.3939952  3.92780e+26 
  54    0.4026226  3.74034e+26 
  55    0.4114389  3.55912e+26 
  56    0.4204482  3.39246e+26 
  57    0.4296548  3.23614e+26 
  58    0.4390630  3.08749e+26 
  59    0.4486773  2.94737e+26 
  60    0.4585020  2.81868e+26 
  61    0.4685419  2.69832e+26 
  62    0.4788016  2.58372e+26 
  63    0.4892860  2.47652e+26 
  64    0.5000000  2.37443e+26 
  65    0.5109486  2.27736e+26 
  66    0.5221369  2.18788e+26 
  67    0.5335702  2.10309e+26 
  68    0.5452539  2.02149e+26 
  69    0.5571934  1.94602e+26 
  70    0.5693943  1.87431e+26 
  71    0.5818624  1.80506e+26 
  72    0.5946036  1.73990e+26 
  73    0.6076237  1.67864e+26 
  74    0.6209289  1.61844e+26 
  75    0.6345255  1.56216e+26 
  76    0.6484198  1.50974e+26 
  77    0.6626183  1.45814e+26 
  78    0.6771278  1.41024e+26 
  79    0.6919549  1.36430e+26 
  80    0.7071068  1.31909e+26 
  81    0.7225904  1.27573e+26 
  82    0.7384131  1.23422e+26 
  83    0.7545822  1.19524e+26 
  84    0.7711054  1.15671e+26 
  85    0.7879904  1.11955e+26 
  86    0.8052452  1.08444e+26 
  87    0.8228777  1.04929e+26 
  88    0.8408964  1.01537e+26 
  89    0.8593096  9.82527e+25 
  90    0.8781261  9.50038e+25 
  91    0.8973545  9.18846e+25 
  92    0.9170040  8.88836e+25 
  93    0.9370838  8.59405e+25 
  94    0.9576033  8.31172e+25 
  95    0.9785721  8.03342e+25 
  96    1.0000000  7.76436e+25 
  97    1.0218971  7.51199e+25 
  98    1.0442738  7.26831e+25 
  99    1.0671404  7.03753e+25 
 100    1.0905077  6.82938e+25 
 101    1.1143867  6.64010e+25 
 102    1.1387886  6.47005e+25 
 103    1.1637249  6.31653e+25 
 104    1.1892071  6.19283e+25 
 105    1.2152474  6.09154e+25 
 106    1.2418578  6.00194e+25 
 107    1.2690510  5.92819e+25 
 108    1.2968396  5.86573e+25 
 109    1.3252366  5.82261e+25 
 110    1.3542555  5.79722e+25 
 111    1.3839099  5.78442e+25 
 112    1.4142136  5.79048e+25 
 113    1.4451808  5.82476e+25 
 114    1.4768261  5.88738e+25 
 115    1.5091644  5.95356e+25 
 116    1.5422108  6.06332e+25 
 117    1.5759808  6.18589e+25 
 118    1.6104903  6.32956e+25 
 119    1.6457555  6.48530e+25 
 120    1.6817928  6.65440e+25 
 121    1.7186193  6.84156e+25 
 122    1.7562522  7.01757e+25 
 123    1.7947091  7.18674e+25 
 124    1.8340081  7.34901e+25 
 125    1.8741676  7.51204e+25 
 126    1.9152066  7.65348e+25 
 127    1.9571441  7.77887e+25 
 128    2.0000000  7.89521e+25 
 129    2.0437943  7.98419e+25 
 130    2.0885476  8.01749e+25 
 131    2.1342808  8.02065e+25 
 132    2.1810155  7.90567e+25 
 133    2.2287735  7.72136e+25 
 134    2.2775773  7.50392e+25 
 135    2.3274497  7.16204e+25 
 136    2.3784142  6.76804e+25 
 137    2.4304947  6.30669e+25 
 138    2.4837156  5.79584e+25 
 139    2.5381019  5.25672e+25 
 140    2.5936791  4.64034e+25 
 141    2.6504733  4.05691e+25 
 142    2.7085111  3.48655e+25 
 143    2.7678198  2.90668e+25 
 144    2.8284271  2.41916e+25 
 145    2.8903616  1.97653e+25 
 146    2.9536523  1.58899e+25 
 147    3.0183289  1.25308e+25 
 148    3.0844217  9.84846e+24 
 149    3.1519617  7.63261e+24 
 150    3.2209807  5.95944e+24 
 151    3.2915110  4.65273e+24 
 152    3.3635857  3.67141e+24 
 153    3.4372386  3.00995e+24 
 154    3.5125043  2.50178e+24 
 155    3.5894182  2.14682e+24 
 156    3.6680162  1.90501e+24 
 157    3.7483353  1.71472e+24 
 158    3.8304131  1.56122e+24 
 159    3.9142882  1.43707e+24 
 160    4.0000000  1.32488e+24 
 161    4.0875886  1.22436e+24 
 162    4.1770951  1.13255e+24 
 163    4.2685616  1.04558e+24 
 164    4.3620309  9.63018e+23 
 165    4.4575470  8.84445e+23 
 166    4.5551545  8.09713e+23 
 167    4.6548994  7.39593e+23 
 168    4.7568285  6.69596e+23 
 169    4.8609894  6.05114e+23 
 170    4.9674312  5.45067e+23 
 171    5.0762038  4.88229e+23 
 172    5.1873582  4.35976e+23 
 173    5.3009466  3.89727e+23 
 174    5.4170222  3.46809e+23 
 175    5.5356395  3.07378e+23 
 176    5.6568542  2.72445e+23 
 177    5.7807232  2.40537e+23 
 178    5.9073046  2.11091e+23 
 179    6.0366577  1.84930e+23 
 180    6.1688433  1.61238e+23 
 181    6.3039234  1.39400e+23 
 182    6.4419613  1.20459e+23 
 183    6.5830219  1.03520e+23 
 184    6.7271713  8.80589e+22 
 185    6.8744772  7.48857e+22 
 186    7.0250086  6.19914e+22 
 187    7.1788363  5.00200e+22 
 188    7.3360323  3.90502e+22 
 189    7.4966705  2.97380e+22 


# J-band (filter: J_2MASS.dat)
   0    0.1250000  1.53954e+26 
   1    0.1277371  1.56410e+26 
   2    0.1305342  1.58920e+26 
   3    0.1333926  1.61485e+26 
   4    0.1363135  1.64016e+26 
   5    0.1392983  1.66649e+26 
   6    0.1423486  1.69091e+26 
   7    0.1454656  1.72243e+26 
   8    0.1486509  1.75350e+26 
   9    0.1519059  1.78790e+26 
  10    0.1552322  1.82716e+26 
  11    0.1586314  1.86536e+26 
  12    0.1621049  1.90835e+26 
  13    0.1656546  1.95425e+26 
  14    0.1692819  2.00756e+26 
  15    0.1729887  2.06541e+26 
  16    0.1767767  2.13519e+26 
  17    0.1806476  2.20910e+26 
  18    0.1846033  2.28752e+26 
  19    0.1886456  2.37316e+26 
  20    0.1927764  2.46510e+26 
  21    0.1969976  2.56170e+26 
  22    0.2013113  2.66458e+26 
  23    0.2057194  2.77403e+26 
  24    0.2102241  2.89047e+26 
  25    0.2148274  3.01692e+26 
  26    0.2195315  3.14689e+26 
  27    0.2243386  3.28031e+26 
  28    0.2292510  3.41552e+26 
  29    0.2342710  3.55780e+26 
  30    0.2394008  3.70273e+26 
  31    0.2446430  3.85196e+26 
  32    0.2500000  4.00393e+26 
  33    0.2554743  4.16147e+26 
  34    0.2610684  4.32733e+26 
  35    0.2667851  4.49678e+26 
  36    0.2726269  4.67127e+26 
  37    0.2785967  4.84252e+26 
  38    0.2846972  5.02021e+26 
  39    0.2909312  5.20135e+26 
  40    0.2973018  5.38800e+26 
  41    0.3038118  5.57367e+26 
  42    0.3104645  5.76415e+26 
  43    0.3172627  5.95411e+26 
  44    0.3242099  6.14472e+26 
  45    0.3313092  6.33365e+26 
  46    0.3385639  6.51860e+26 
  47    0.3459775  6.70297e+26 
  48    0.3535534  6.87395e+26 
  49    0.3612952  7.04650e+26 
  50    0.3692065  7.19910e+26 
  51    0.3772911  7.34105e+26 
  52    0.3855527  7.47567e+26 
  53    0.3939952  7.59082e+26 
  54    0.4026226  7.68743e+26 
  55    0.4114389  7.77057e+26 
  56    0.4204482  7.83011e+26 
  57    0.4296548  7.86783e+26 
  58    0.4390630  7.88779e+26 
  59    0.4486773  7.88881e+26 
  60    0.4585020  7.86928e+26 
  61    0.4685419  7.83014e+26 
  62    0.4788016  7.77769e+26 
  63    0.4892860  7.70246e+26 
  64    0.5000000  7.61205e+26 
  65    0.5109486  7.50868e+26 
  66    0.5221369  7.39260e+26 
  67    0.5335702  7.26390e+26 
  68    0.5452539  7.12471e+26 
  69    0.5571934  6.97880e+26 
  70    0.5693943  6.82194e+26 
  71    0.5818624  6.65975e+26 
  72    0.5946036  6.49297e+26 
  73    0.6076237  6.32259e+26 
  74    0.6209289  6.14489e+26 
  75    0.6345255  5.96790e+26 
  76    0.6484198  5.78751e+26 
  77    0.6626183  5.60599e+26 
  78    0.6771278  5.42785e+26 
  79    0.6919549  5.25313e+26 
  80    0.7071068  5.07794e+26 
  81    0.7225904  4.90319e+26 
  82    0.7384131  4.73860e+26 
  83    0.7545822  4.57665e+26 
  84    0.7711054  4.41680e+26 
  85    0.7879904  4.26654e+26 
  86    0.8052452  4.12223e+26 
  87    0.8228777  3.98221e+26 
  88    0.8408964  3.85239e+26 
  89    0.8593096  3.72688e+26 
  90    0.8781261  3.60551e+26 
  91    0.8973545  3.49394e+26 
  92    0.9170040  3.38912e+26 
  93    0.9370838  3.28811e+26 
  94    0.9576033  3.19505e+26 
  95    0.9785721  3.10577e+26 
  96    1.0000000  3.02184e+26 
  97    1.0218971  2.94200e+26 
  98    1.0442738  2.87002e+26 
  99    1.0671404  2.80079e+26 
 100    1.0905077  2.73921e+26 
 101    1.1143867  2.68299e+26 
 102    1.1387886  2.63095e+26 
 103    1.1637249  2.58204e+26 
 104    1.1892071  2.53885e+26 
 105    1.2152474  2.50080e+26 
 106    1.2418578  2.46566e+26 
 107    1.2690510  2.43605e+26 
 108    1.2968396  2.41380e+26 
 109    1.3252366  2.39516e+26 
 110    1.3542555  2.38978e+26 
 111    1.3839099  2.39566e+26 
 112    1.4142136  2.40580e+26 
 113    1.4451808  2.43559e+26 
 114    1.4768261  2.47658e+26 
 115    1.5091644  2.52477e+26 
 116    1.5422108  2.58400e+26 
 117    1.5759808  2.65040e+26 
 118    1.6104903  2.72837e+26 
 119    1.6457555  2.80834e+26 
 120    1.6817928  2.89183e+26 
 121    1.7186193  2.98295e+26 
 122    1.7562522  3.07135e+26 
 123    1.7947091  3.15868e+26 
 124    1.8340081  3.24392e+26 
 125    1.8741676  3.32718e+26 
 126    1.9152066  3.40585e+26 
 127    1.9571441  3.48436e+26 
 128    2.0000000  3.56030e+26 
 129    2.0437943  3.63657e+26 
 130    2.0885476  3.70464e+26 
 131    2.1342808  3.76851e+26 
 132    2.1810155  3.81198e+26 
 133    2.2287735  3.83843e+26 
 134    2.2775773  3.85764e+26 
 135    2.3274497  3.84339e+26 
 136    2.3784142  3.80849e+26 
 137    2.4304947  3.75843e+26 
 138    2.4837156  3.67145e+26 
 139    2.5381019  3.55927e+26 
 140    2.5936791  3.42224e+26 
 141    2.6504733  3.25428e+26 
 142    2.7085111  3.06571e+26 
 143    2.7678198  2.85721e+26 
 144    2.8284271  2.63650e+26 
 145    2.8903616  2.40622e+26 
 146    2.9536523  2.17149e+26 
 147    3.0183289  1.92607e+26 
 148    3.0844217  1.69144e+26 
 149    3.1519617  1.46450e+26 
 150    3.2209807  1.24013e+26 
 151    3.2915110  1.04192e+26 
 152    3.3635857  8.61184e+25 
 153    3.4372386  6.91548e+25 
 154    3.5125043  5.52859e+25 
 155    3.5894182  4.32571e+25 
 156    3.6680162  3.28680e+25 
 157    3.7483353  2.47782e+25 
 158    3.8304131  1.81946e+25 
 159    3.9142882  1.32705e+25 
 160    4.0000000  9.55299e+24 
 161    4.0875886  6.83876e+24 
 162    4.1770951  5.11639e+24 
 163    4.2685616  3.84455e+24 
 164    4.3620309  2.99266e+24 
 165    4.4575470  2.45178e+24 
 166    4.5551545  2.04041e+24 
 167    4.6548994  1.73748e+24 
 168    4.7568285  1.50542e+24 
 169    4.8609894  1.31422e+24 
 170    4.9674312  1.15133e+24 
 171    5.0762038  1.01047e+24 
 172    5.1873582  8.88805e+23 
 173    5.3009466  7.82261e+23 
 174    5.4170222  6.88005e+23 
 175    5.5356395  6.04597e+23 
 176    5.6568542  5.31757e+23 
 177    5.7807232  4.67746e+23 
 178    5.9073046  4.10350e+23 
 179    6.0366577  3.60875e+23 
 180    6.1688433  3.16592e+23 
 181    6.3039234  2.77266e+23 
 182    6.4419613  2.43067e+23 
 183    6.5830219  2.12750e+23 
 184    6.7271713  1.85451e+23 
 185    6.8744772  1.61776e+23 
 186    7.0250086  1.38936e+23 
 187    7.1788363  1.17360e+23 
 188    7.3360323  9.72393e+22 
 189    7.4966705  7.94463e+22 


# H-band (filter: H_2MASS.dat)
   0    0.1250000  8.41216e+25 
   1    0.1277371  8.65310e+25 
   2    0.1305342  8.89933e+25 
   3    0.1333926  9.15094e+25 
   4    0.1363135  9.45657e+25 
   5    0.1392983  9.81001e+25 
   6    0.1423486  1.01866e+26 
   7    0.1454656  1.05815e+26 
   8    0.1486509  1.10294e+26 
   9    0.1519059  1.14889e+26 
  10    0.1552322  1.19366e+26 
  11    0.1586314  1.24465e+26 
  12    0.1621049  1.29339e+26 
  13    0.1656546  1.34088e+26 
  14    0.1692819  1.39084e+26 
  15    0.1729887  1.43925e+26 
  16    0.1767767  1.48354e+26 
  17    0.1806476  1.52452e+26 
  18    0.1846033  1.56678e+26 
  19    0.1886456  1.61337e+26 
  20    0.1927764  1.65272e+26 
  21    0.1969976  1.69622e+26 
  22    0.2013113  1.74029e+26 
  23    0.2057194  1.78032e+26 
  24    0.2102241  1.82883e+26 
  25    0.2148274  1.87530e+26 
  26    0.2195315  1.92175e+26 
  27    0.2243386  1.96719e+26 
  28    0.2292510  2.01555e+26 
  29    0.2342710  2.06763e+26 
  30    0.2394008  2.12148e+26 
  31    0.2446430  2.16664e+26 
  32    0.2500000  2.22437e+26 
  33    0.2554743  2.27991e+26 
  34    0.2610684  2.33541e+26 
  35    0.2667851  2.39785e+26 
  36    0.2726269  2.45944e+26 
  37    0.2785967  2.52350e+26 
  38    0.2846972  2.59212e+26 
  39    0.2909312  2.66360e+26 
  40    0.2973018  2.73839e+26 
  41    0.3038118  2.81432e+26 
  42    0.3104645  2.89685e+26 
  43    0.3172627  2.98208e+26 
  44    0.3242099  3.06653e+26 
  45    0.3313092  3.15381e+26 
  46    0.3385639  3.24626e+26 
  47    0.3459775  3.33706e+26 
  48    0.3535534  3.42501e+26 
  49    0.3612952  3.51556e+26 
  50    0.3692065  3.59900e+26 
  51    0.3772911  3.68655e+26 
  52    0.3855527  3.76921e+26 
  53    0.3939952  3.84640e+26 
  54    0.4026226  3.91604e+26 
  55    0.4114389  3.98659e+26 
  56    0.4204482  4.04720e+26 
  57    0.4296548  4.10361e+26 
  58    0.4390630  4.15328e+26 
  59    0.4486773  4.19914e+26 
  60    0.4585020  4.24224e+26 
  61    0.4685419  4.28212e+26 
  62    0.4788016  4.31646e+26 
  63    0.4892860  4.34737e+26 
  64    0.5000000  4.37410e+26 
  65    0.5109486  4.39981e+26 
  66    0.5221369  4.42008e+26 
  67    0.5335702  4.43800e+26 
  68    0.5452539  4.45323e+26 
  69    0.5571934  4.46516e+26 
  70    0.5693943  4.47370e+26 
  71    0.5818624  4.47944e+26 
  72    0.5946036  4.47858e+26 
  73    0.6076237  4.47256e+26 
  74    0.6209289  4.46408e+26 
  75    0.6345255  4.44797e+26 
  76    0.6484198  4.42725e+26 
  77    0.6626183  4.40166e+26 
  78    0.6771278  4.37371e+26 
  79    0.6919549  4.33940e+26 
  80    0.7071068  4.30311e+26 
  81    0.7225904  4.26172e+26 
  82    0.7384131  4.21637e+26 
  83    0.7545822  4.16637e+26 
  84    0.7711054  4.11371e+26 
  85    0.7879904  4.05788e+26 
  86    0.8052452  3.99788e+26 
  87    0.8228777  3.93716e+26 
  88    0.8408964  3.87272e+26 
  89    0.8593096  3.80630e+26 
  90    0.8781261  3.73461e+26 
  91    0.8973545  3.66411e+26 
  92    0.9170040  3.59013e+26 
  93    0.9370838  3.51367e+26 
  94    0.9576033  3.43733e+26 
  95    0.9785721  3.35957e+26 
  96    1.0000000  3.28024e+26 
  97    1.0218971  3.20073e+26 
  98    1.0442738  3.12078e+26 
  99    1.0671404  3.04058e+26 
 100    1.0905077  2.96158e+26 
 101    1.1143867  2.88504e+26 
 102    1.1387886  2.80775e+26 
 103    1.1637249  2.73014e+26 
 104    1.1892071  2.65529e+26 
 105    1.2152474  2.58235e+26 
 106    1.2418578  2.50945e+26 
 107    1.2690510  2.43869e+26 
 108    1.2968396  2.37049e+26 
 109    1.3252366  2.30412e+26 
 110    1.3542555  2.24045e+26 
 111    1.3839099  2.18036e+26 
 112    1.4142136  2.12146e+26 
 113    1.4451808  2.06682e+26 
 114    1.4768261  2.01550e+26 
 115    1.5091644  1.96696e+26 
 116    1.5422108  1.92450e+26 
 117    1.5759808  1.88423e+26 
 118    1.6104903  1.84860e+26 
 119    1.6457555  1.81814e+26 
 120    1.6817928  1.79131e+26 
 121    1.7186193  1.76863e+26 
 122    1.7562522  1.75291e+26 
 123    1.7947091  1.74296e+26 
 124    1.8340081  1.73940e+26 
 125    1.8741676  1.73977e+26 
 126    1.9152066  1.74852e+26 
 127    1.9571441  1.76047e+26 
 128    2.0000000  1.77687e+26 
 129    2.0437943  1.79761e+26 
 130    2.0885476  1.81929e+26 
 131    2.1342808  1.84511e+26 
 132    2.1810155  1.86807e+26 
 133    2.2287735  1.89001e+26 
 134    2.2775773  1.91290e+26 
 135    2.3274497  1.92957e+26 
 136    2.3784142  1.94175e+26 
 137    2.4304947  1.95058e+26 
 138    2.4837156  1.95151e+26 
 139    2.5381019  1.94683e+26 
 140    2.5936791  1.93764e+26 
 141    2.6504733  1.91930e+26 
 142    2.7085111  1.89375e+26 
 143    2.7678198  1.86122e+26 
 144    2.8284271  1.81334e+26 
 145    2.8903616  1.75082e+26 
 146    2.9536523  1.67461e+26 
 147    3.0183289  1.59004e+26 
 148    3.0844217  1.48847e+26 
 149    3.1519617  1.37860e+26 
 150    3.2209807  1.25748e+26 
 151    3.2915110  1.13228e+26 
 152    3.3635857  1.00460e+26 
 153    3.4372386  8.67977e+25 
 154    3.5125043  7.43655e+25 
 155    3.5894182  6.25719e+25 
 156    3.6680162  5.09341e+25 
 157    3.7483353  4.13456e+25 
 158    3.8304131  3.28740e+25 
 159    3.9142882  2.53609e+25 
 160    4.0000000  1.94750e+25 
 161    4.0875886  1.46035e+25 
 162    4.1770951  1.09207e+25 
 163    4.2685616  8.11243e+24 
 164    4.3620309  6.03959e+24 
 165    4.4575470  4.66318e+24 
 166    4.5551545  3.61238e+24 
 167    4.6548994  2.86854e+24 
 168    4.7568285  2.35124e+24 
 169    4.8609894  1.95132e+24 
 170    4.9674312  1.63892e+24 
 171    5.0762038  1.38140e+24 
 172    5.1873582  1.16973e+24 
 173    5.3009466  9.93039e+23 
 174    5.4170222  8.42537e+23 
 175    5.5356395  7.17284e+23 
 176    5.6568542  6.11815e+23 
 177    5.7807232  5.20706e+23 
 178    5.9073046  4.41707e+23 
 179    6.0366577  3.75087e+23 
 180    6.1688433  3.17747e+23 
 181    6.3039234  2.67908e+23 
 182    6.4419613  2.26512e+23 
 183    6.5830219  1.90905e+23 
 184    6.7271713  1.60490e+23 
 185    6.8744772  1.35704e+23 
 186    7.0250086  1.12245e+23 
 187    7.1788363  9.17208e+22 
 188    7.3360323  7.37581e+22 
 189    7.4966705  5.96556e+22 


# K-band (filter: Ks_mosfire.dat)
   0    0.1250000  4.25910e+25 
   1    0.1277371  4.47074e+25 
   2    0.1305342  4.68703e+25 
   3    0.1333926  4.90805e+25 
   4    0.1363135  5.12290e+25 
   5    0.1392983  5.32529e+25 
   6    0.1423486  5.54035e+25 
   7    0.1454656  5.74801e+25 
   8    0.1486509  5.97781e+25 
   9    0.1519059  6.20489e+25 
  10    0.1552322  6.46512e+25 
  11    0.1586314  6.72350e+25 
  12    0.1621049  6.97471e+25 
  13    0.1656546  7.22873e+25 
  14    0.1692819  7.47034e+25 
  15    0.1729887  7.77337e+25 
  16    0.1767767  8.12885e+25 
  17    0.1806476  8.42980e+25 
  18    0.1846033  8.76446e+25 
  19    0.1886456  9.12277e+25 
  20    0.1927764  9.39614e+25 
  21    0.1969976  9.68180e+25 
  22    0.2013113  9.96979e+25 
  23    0.2057194  1.02194e+26 
  24    0.2102241  1.04768e+26 
  25    0.2148274  1.07180e+26 
  26    0.2195315  1.09493e+26 
  27    0.2243386  1.11260e+26 
  28    0.2292510  1.12792e+26 
  29    0.2342710  1.14731e+26 
  30    0.2394008  1.16280e+26 
  31    0.2446430  1.17188e+26 
  32    0.2500000  1.18569e+26 
  33    0.2554743  1.20173e+26 
  34    0.2610684  1.21606e+26 
  35    0.2667851  1.23079e+26 
  36    0.2726269  1.24652e+26 
  37    0.2785967  1.26532e+26 
  38    0.2846972  1.28439e+26 
  39    0.2909312  1.31126e+26 
  40    0.2973018  1.33679e+26 
  41    0.3038118  1.36368e+26 
  42    0.3104645  1.39403e+26 
  43    0.3172627  1.42665e+26 
  44    0.3242099  1.46719e+26 
  45    0.3313092  1.50635e+26 
  46    0.3385639  1.54845e+26 
  47    0.3459775  1.59162e+26 
  48    0.3535534  1.63660e+26 
  49    0.3612952  1.68254e+26 
  50    0.3692065  1.73297e+26 
  51    0.3772911  1.78080e+26 
  52    0.3855527  1.83019e+26 
  53    0.3939952  1.87966e+26 
  54    0.4026226  1.93118e+26 
  55    0.4114389  1.98006e+26 
  56    0.4204482  2.02346e+26 
  57    0.4296548  2.06777e+26 
  58    0.4390630  2.10873e+26 
  59    0.4486773  2.14961e+26 
  60    0.4585020  2.18309e+26 
  61    0.4685419  2.21517e+26 
  62    0.4788016  2.24202e+26 
  63    0.4892860  2.26136e+26 
  64    0.5000000  2.27775e+26 
  65    0.5109486  2.29182e+26 
  66    0.5221369  2.29978e+26 
  67    0.5335702  2.30745e+26 
  68    0.5452539  2.30984e+26 
  69    0.5571934  2.30858e+26 
  70    0.5693943  2.30777e+26 
  71    0.5818624  2.30443e+26 
  72    0.5946036  2.30363e+26 
  73    0.6076237  2.29994e+26 
  74    0.6209289  2.29849e+26 
  75    0.6345255  2.29849e+26 
  76    0.6484198  2.30096e+26 
  77    0.6626183  2.30200e+26 
  78    0.6771278  2.30432e+26 
  79    0.6919549  2.30661e+26 
  80    0.7071068  2.31071e+26 
  81    0.7225904  2.31461e+26 
  82    0.7384131  2.31586e+26 
  83    0.7545822  2.31285e+26 
  84    0.7711054  2.30989e+26 
  85    0.7879904  2.30435e+26 
  86    0.8052452  2.29312e+26 
  87    0.8228777  2.27982e+26 
  88    0.8408964  2.25773e+26 
  89    0.8593096  2.23179e+26 
  90    0.8781261  2.20155e+26 
  91    0.8973545  2.16422e+26 
  92    0.9170040  2.12356e+26 
  93    0.9370838  2.07794e+26 
  94    0.9576033  2.02769e+26 
  95    0.9785721  1.97558e+26 
  96    1.0000000  1.91791e+26 
  97    1.0218971  1.85714e+26 
  98    1.0442738  1.79452e+26 
  99    1.0671404  1.73000e+26 
 100    1.0905077  1.66439e+26 
 101    1.1143867  1.59965e+26 
 102    1.1387886  1.53384e+26 
 103    1.1637249  1.46736e+26 
 104    1.1892071  1.40178e+26 
 105    1.2152474  1.33757e+26 
 106    1.2418578  1.27387e+26 
 107    1.2690510  1.21222e+26 
 108    1.2968396  1.15299e+26 
 109    1.3252366  1.09542e+26 
 110    1.3542555  1.04210e+26 
 111    1.3839099  9.91061e+25 
 112    1.4142136  9.42778e+25 
 113    1.4451808  8.99221e+25 
 114    1.4768261  8.59073e+25 
 115    1.5091644  8.21431e+25 
 116    1.5422108  7.88733e+25 
 117    1.5759808  7.59481e+25 
 118    1.6104903  7.32775e+25 
 119    1.6457555  7.10672e+25 
 120    1.6817928  6.90942e+25 
 121    1.7186193  6.73471e+25 
 122    1.7562522  6.58389e+25 
 123    1.7947091  6.45586e+25 
 124    1.8340081  6.33921e+25 
 125    1.8741676  6.23771e+25 
 126    1.9152066  6.15587e+25 
 127    1.9571441  6.08392e+25 
 128    2.0000000  6.01457e+25 
 129    2.0437943  5.95341e+25 
 130    2.0885476  5.88180e+25 
 131    2.1342808  5.81287e+25 
 132    2.1810155  5.72611e+25 
 133    2.2287735  5.62334e+25 
 134    2.2775773  5.51686e+25 
 135    2.3274497  5.38678e+25 
 136    2.3784142  5.24800e+25 
 137    2.4304947  5.09051e+25 
 138    2.4837156  4.90910e+25 
 139    2.5381019  4.71132e+25 
 140    2.5936791  4.49777e+25 
 141    2.6504733  4.26587e+25 
 142    2.7085111  4.02255e+25 
 143    2.7678198  3.76821e+25 
 144    2.8284271  3.49897e+25 
 145    2.8903616  3.21829e+25 
 146    2.9536523  2.93094e+25 
 147    3.0183289  2.63591e+25 
 148    3.0844217  2.34926e+25 
 149    3.1519617  2.07553e+25 
 150    3.2209807  1.80083e+25 
 151    3.2915110  1.55724e+25 
 152    3.3635857  1.33096e+25 
 153    3.4372386  1.11147e+25 
 154    3.5125043  9.28557e+24 
 155    3.5894182  7.62522e+24 
 156    3.6680162  6.21518e+24 
 157    3.7483353  5.07050e+24 
 158    3.8304131  4.14192e+24 
 159    3.9142882  3.41202e+24 
 160    4.0000000  2.82277e+24 
 161    4.0875886  2.35825e+24 
 162    4.1770951  1.98292e+24 
 163    4.2685616  1.68494e+24 
 164    4.3620309  1.44136e+24 
 165    4.4575470  1.24037e+24 
 166    4.5551545  1.07314e+24 
 167    4.6548994  9.33983e+23 
 168    4.7568285  8.16808e+23 
 169    4.8609894  7.16008e+23 
 170    4.9674312  6.29470e+23 
 171    5.0762038  5.52807e+23 
 172    5.1873582  4.85273e+23 
 173    5.3009466  4.25631e+23 
 174    5.4170222  3.73885e+23 
 175    5.5356395  3.25974e+23 
 176    5.6568542  2.84677e+23 
 177    5.7807232  2.47577e+23 
 178    5.9073046  2.14392e+23 
 179    6.0366577  1.86419e+23 
 180    6.1688433  1.61467e+23 
 181    6.3039234  1.39600e+23 
 182    6.4419613  1.21103e+23 
 183    6.5830219  1.05323e+23 
 184    6.7271713  9.18041e+22 
 185    6.8744772  8.03233e+22 
 186    7.0250086  6.97142e+22 
 187    7.1788363  6.02720e+22 
 188    7.3360323  5.17493e+22 
 189    7.4966705  4.45216e+22 


# S-band (filter: Spitzer_IRAC2.dat)
   0    0.1250000  1.32911e+25 
   1    0.1277371  1.37229e+25 
   2    0.1305342  1.41642e+25 
   3    0.1333926  1.46151e+25 
   4    0.1363135  1.52760e+25 
   5    0.1392983  1.57401e+25 
   6    0.1423486  1.61274e+25 
   7    0.1454656  1.66698e+25 
   8    0.1486509  1.71526e+25 
   9    0.1519059  1.75208e+25 
  10    0.1552322  1.81149e+25 
  11    0.1586314  1.87823e+25 
  12    0.1621049  1.92780e+25 
  13    0.1656546  1.95903e+25 
  14    0.1692819  1.98690e+25 
  15    0.1729887  2.01920e+25 
  16    0.1767767  2.06067e+25 
  17    0.1806476  2.07428e+25 
  18    0.1846033  2.10106e+25 
  19    0.1886456  2.10128e+25 
  20    0.1927764  2.11957e+25 
  21    0.1969976  2.12121e+25 
  22    0.2013113  2.12590e+25 
  23    0.2057194  2.10474e+25 
  24    0.2102241  2.09205e+25 
  25    0.2148274  2.09198e+25 
  26    0.2195315  2.05701e+25 
  27    0.2243386  2.02550e+25 
  28    0.2292510  2.00064e+25 
  29    0.2342710  1.97889e+25 
  30    0.2394008  1.94066e+25 
  31    0.2446430  1.89381e+25 
  32    0.2500000  1.83272e+25 
  33    0.2554743  1.78117e+25 
  34    0.2610684  1.73479e+25 
  35    0.2667851  1.68568e+25 
  36    0.2726269  1.62421e+25 
  37    0.2785967  1.56370e+25 
  38    0.2846972  1.52745e+25 
  39    0.2909312  1.48073e+25 
  40    0.2973018  1.42235e+25 
  41    0.3038118  1.37006e+25 
  42    0.3104645  1.32195e+25 
  43    0.3172627  1.27741e+25 
  44    0.3242099  1.24463e+25 
  45    0.3313092  1.19721e+25 
  46    0.3385639  1.16141e+25 
  47    0.3459775  1.11962e+25 
  48    0.3535534  1.09187e+25 
  49    0.3612952  1.06189e+25 
  50    0.3692065  1.03119e+25 
  51    0.3772911  1.00102e+25 
  52    0.3855527  9.79528e+24 
  53    0.3939952  9.61061e+24 
  54    0.4026226  9.50139e+24 
  55    0.4114389  9.36258e+24 
  56    0.4204482  9.26972e+24 
  57    0.4296548  9.19634e+24 
  58    0.4390630  9.22076e+24 
  59    0.4486773  9.24267e+24 
  60    0.4585020  9.26251e+24 
  61    0.4685419  9.33502e+24 
  62    0.4788016  9.44920e+24 
  63    0.4892860  9.56030e+24 
  64    0.5000000  9.74146e+24 
  65    0.5109486  9.92299e+24 
  66    0.5221369  1.01400e+25 
  67    0.5335702  1.04047e+25 
  68    0.5452539  1.07150e+25 
  69    0.5571934  1.11031e+25 
  70    0.5693943  1.14845e+25 
  71    0.5818624  1.18667e+25 
  72    0.5946036  1.23458e+25 
  73    0.6076237  1.28741e+25 
  74    0.6209289  1.34287e+25 
  75    0.6345255  1.40896e+25 
  76    0.6484198  1.46957e+25 
  77    0.6626183  1.53692e+25 
  78    0.6771278  1.60321e+25 
  79    0.6919549  1.67923e+25 
  80    0.7071068  1.75004e+25 
  81    0.7225904  1.82326e+25 
  82    0.7384131  1.89122e+25 
  83    0.7545822  1.96306e+25 
  84    0.7711054  2.03272e+25 
  85    0.7879904  2.09927e+25 
  86    0.8052452  2.15162e+25 
  87    0.8228777  2.20413e+25 
  88    0.8408964  2.24058e+25 
  89    0.8593096  2.27126e+25 
  90    0.8781261  2.29539e+25 
  91    0.8973545  2.30445e+25 
  92    0.9170040  2.30486e+25 
  93    0.9370838  2.29748e+25 
  94    0.9576033  2.27926e+25 
  95    0.9785721  2.24713e+25 
  96    1.0000000  2.20747e+25 
  97    1.0218971  2.14814e+25 
  98    1.0442738  2.08560e+25 
  99    1.0671404  2.01403e+25 
 100    1.0905077  1.93558e+25 
 101    1.1143867  1.85651e+25 
 102    1.1387886  1.77056e+25 
 103    1.1637249  1.67932e+25 
 104    1.1892071  1.58810e+25 
 105    1.2152474  1.49689e+25 
 106    1.2418578  1.40511e+25 
 107    1.2690510  1.31749e+25 
 108    1.2968396  1.23074e+25 
 109    1.3252366  1.15060e+25 
 110    1.3542555  1.07670e+25 
 111    1.3839099  1.00720e+25 
 112    1.4142136  9.39205e+24 
 113    1.4451808  8.78059e+24 
 114    1.4768261  8.26203e+24 
 115    1.5091644  7.75165e+24 
 116    1.5422108  7.34146e+24 
 117    1.5759808  6.97733e+24 
 118    1.6104903  6.65216e+24 
 119    1.6457555  6.38513e+24 
 120    1.6817928  6.15921e+24 
 121    1.7186193  5.97738e+24 
 122    1.7562522  5.81046e+24 
 123    1.7947091  5.70406e+24 
 124    1.8340081  5.60696e+24 
 125    1.8741676  5.53846e+24 
 126    1.9152066  5.49104e+24 
 127    1.9571441  5.46384e+24 
 128    2.0000000  5.44455e+24 
 129    2.0437943  5.43061e+24 
 130    2.0885476  5.39115e+24 
 131    2.1342808  5.38098e+24 
 132    2.1810155  5.37412e+24 
 133    2.2287735  5.35406e+24 
 134    2.2775773  5.34473e+24 
 135    2.3274497  5.31691e+24 
 136    2.3784142  5.29932e+24 
 137    2.4304947  5.28559e+24 
 138    2.4837156  5.26838e+24 
 139    2.5381019  5.23859e+24 
 140    2.5936791  5.20696e+24 
 141    2.6504733  5.14698e+24 
 142    2.7085111  5.09823e+24 
 143    2.7678198  5.04970e+24 
 144    2.8284271  4.96318e+24 
 145    2.8903616  4.85641e+24 
 146    2.9536523  4.72551e+24 
 147    3.0183289  4.58801e+24 
 148    3.0844217  4.45097e+24 
 149    3.1519617  4.30534e+24 
 150    3.2209807  4.15130e+24 
 151    3.2915110  4.02789e+24 
 152    3.3635857  3.91591e+24 
 153    3.4372386  3.80513e+24 
 154    3.5125043  3.73051e+24 
 155    3.5894182  3.65747e+24 
 156    3.6680162  3.62189e+24 
 157    3.7483353  3.60160e+24 
 158    3.8304131  3.61392e+24 
 159    3.9142882  3.63633e+24 
 160    4.0000000  3.66226e+24 
 161    4.0875886  3.69127e+24 
 162    4.1770951  3.72246e+24 
 163    4.2685616  3.74809e+24 
 164    4.3620309  3.76577e+24 
 165    4.4575470  3.77964e+24 
 166    4.5551545  3.77900e+24 
 167    4.6548994  3.77021e+24 
 168    4.7568285  3.75312e+24 
 169    4.8609894  3.72421e+24 
 170    4.9674312  3.68371e+24 
 171    5.0762038  3.63891e+24 
 172    5.1873582  3.58322e+24 
 173    5.3009466  3.51924e+24 
 174    5.4170222  3.45001e+24 
 175    5.5356395  3.37277e+24 
 176    5.6568542  3.28824e+24 
 177    5.7807232  3.20001e+24 
 178    5.9073046  3.10655e+24 
 179    6.0366577  3.00886e+24 
 180    6.1688433  2.90725e+24 
 181    6.3039234  2.80155e+24 
 182    6.4419613  2.69315e+24 
 183    6.5830219  2.58293e+24 
 184    6.7271713  2.47098e+24 
 185    6.8744772  2.36081e+24 
 186    7.0250086  2.24734e+24 
 187    7.1788363  2.13065e+24 
 188    7.3360323  2.01347e+24 
 189    7.4966705  1.89669e+24 


