# 1:iteration 2:time bin[s] 3-k:equiv. isotropic luminosity in k-th angular bin [erg/s]
# bolometric luminosity going in angular bin
   0    0.1250000  2.22134e+41 
   1    0.1277371  2.30208e+41 
   2    0.1305342  2.38459e+41 
   3    0.1333926  2.46890e+41 
   4    0.1363135  2.54911e+41 
   5    0.1392983  2.63780e+41 
   6    0.1423486  2.72937e+41 
   7    0.1454656  2.82893e+41 
   8    0.1486509  2.93199e+41 
   9    0.1519059  3.04301e+41 
  10    0.1552322  3.14681e+41 
  11    0.1586314  3.25007e+41 
  12    0.1621049  3.35058e+41 
  13    0.1656546  3.44805e+41 
  14    0.1692819  3.53787e+41 
  15    0.1729887  3.62698e+41 
  16    0.1767767  3.69880e+41 
  17    0.1806476  3.75862e+41 
  18    0.1846033  3.81662e+41 
  19    0.1886456  3.86204e+41 
  20    0.1927764  3.89594e+41 
  21    0.1969976  3.91699e+41 
  22    0.2013113  3.93343e+41 
  23    0.2057194  3.94827e+41 
  24    0.2102241  3.95266e+41 
  25    0.2148274  3.95529e+41 
  26    0.2195315  3.94895e+41 
  27    0.2243386  3.94130e+41 
  28    0.2292510  3.92578e+41 
  29    0.2342710  3.90658e+41 
  30    0.2394008  3.87759e+41 
  31    0.2446430  3.84650e+41 
  32    0.2500000  3.81156e+41 
  33    0.2554743  3.77183e+41 
  34    0.2610684  3.73334e+41 
  35    0.2667851  3.68313e+41 
  36    0.2726269  3.63081e+41 
  37    0.2785967  3.57467e+41 
  38    0.2846972  3.52672e+41 
  39    0.2909312  3.47557e+41 
  40    0.2973018  3.42469e+41 
  41    0.3038118  3.37468e+41 
  42    0.3104645  3.32328e+41 
  43    0.3172627  3.26913e+41 
  44    0.3242099  3.21638e+41 
  45    0.3313092  3.15922e+41 
  46    0.3385639  3.10304e+41 
  47    0.3459775  3.04847e+41 
  48    0.3535534  2.99714e+41 
  49    0.3612952  2.94006e+41 
  50    0.3692065  2.88359e+41 
  51    0.3772911  2.82837e+41 
  52    0.3855527  2.77197e+41 
  53    0.3939952  2.71592e+41 
  54    0.4026226  2.66744e+41 
  55    0.4114389  2.61744e+41 
  56    0.4204482  2.56833e+41 
  57    0.4296548  2.52420e+41 
  58    0.4390630  2.48279e+41 
  59    0.4486773  2.44209e+41 
  60    0.4585020  2.40228e+41 
  61    0.4685419  2.36505e+41 
  62    0.4788016  2.33503e+41 
  63    0.4892860  2.30911e+41 
  64    0.5000000  2.28540e+41 
  65    0.5109486  2.26477e+41 
  66    0.5221369  2.25247e+41 
  67    0.5335702  2.24330e+41 
  68    0.5452539  2.23481e+41 
  69    0.5571934  2.22977e+41 
  70    0.5693943  2.22796e+41 
  71    0.5818624  2.23345e+41 
  72    0.5946036  2.24457e+41 
  73    0.6076237  2.25507e+41 
  74    0.6209289  2.26438e+41 
  75    0.6345255  2.27541e+41 
  76    0.6484198  2.28980e+41 
  77    0.6626183  2.30311e+41 
  78    0.6771278  2.31954e+41 
  79    0.6919549  2.33867e+41 
  80    0.7071068  2.36173e+41 
  81    0.7225904  2.38243e+41 
  82    0.7384131  2.40134e+41 
  83    0.7545822  2.41674e+41 
  84    0.7711054  2.43429e+41 
  85    0.7879904  2.44922e+41 
  86    0.8052452  2.46185e+41 
  87    0.8228777  2.47416e+41 
  88    0.8408964  2.48258e+41 
  89    0.8593096  2.49713e+41 
  90    0.8781261  2.50653e+41 
  91    0.8973545  2.52001e+41 
  92    0.9170040  2.53000e+41 
  93    0.9370838  2.54116e+41 
  94    0.9576033  2.55509e+41 
  95    0.9785721  2.57284e+41 
  96    1.0000000  2.59117e+41 
  97    1.0218971  2.61903e+41 
  98    1.0442738  2.67442e+41 
  99    1.0671404  2.73535e+41 
 100    1.0905077  2.81905e+41 
 101    1.1143867  2.89898e+41 
 102    1.1387886  2.95401e+41 
 103    1.1637249  3.00916e+41 
 104    1.1892071  3.02504e+41 
 105    1.2152474  3.03785e+41 
 106    1.2418578  3.05669e+41 
 107    1.2690510  3.06675e+41 
 108    1.2968396  3.08748e+41 
 109    1.3252366  3.08051e+41 
 110    1.3542555  3.08954e+41 
 111    1.3839099  3.08294e+41 
 112    1.4142136  3.06157e+41 
 113    1.4451808  3.02338e+41 
 114    1.4768261  2.98596e+41 
 115    1.5091644  2.97601e+41 
 116    1.5422108  2.96414e+41 
 117    1.5759808  2.96198e+41 
 118    1.6104903  2.95604e+41 
 119    1.6457555  2.95182e+41 
 120    1.6817928  2.94516e+41 
 121    1.7186193  2.92904e+41 
 122    1.7562522  2.91065e+41 
 123    1.7947091  2.88576e+41 
 124    1.8340081  2.86242e+41 
 125    1.8741676  2.84712e+41 
 126    1.9152066  2.82424e+41 
 127    1.9571441  2.79430e+41 
 128    2.0000000  2.75868e+41 
 129    2.0437943  2.71133e+41 
 130    2.0885476  2.65130e+41 
 131    2.1342808  2.58212e+41 
 132    2.1810155  2.49204e+41 
 133    2.2287735  2.38973e+41 
 134    2.2775773  2.27952e+41 
 135    2.3274497  2.15752e+41 
 136    2.3784142  2.03178e+41 
 137    2.4304947  1.89592e+41 
 138    2.4837156  1.76523e+41 
 139    2.5381019  1.63539e+41 
 140    2.5936791  1.49961e+41 
 141    2.6504733  1.37723e+41 
 142    2.7085111  1.26088e+41 
 143    2.7678198  1.15068e+41 
 144    2.8284271  1.05616e+41 
 145    2.8903616  9.71129e+40 
 146    2.9536523  8.94725e+40 
 147    3.0183289  8.27066e+40 
 148    3.0844217  7.66546e+40 
 149    3.1519617  7.11665e+40 
 150    3.2209807  6.62823e+40 
 151    3.2915110  6.17273e+40 
 152    3.3635857  5.74074e+40 
 153    3.4372386  5.33271e+40 
 154    3.5125043  4.92841e+40 
 155    3.5894182  4.52611e+40 
 156    3.6680162  4.12652e+40 
 157    3.7483353  3.72451e+40 
 158    3.8304131  3.33218e+40 
 159    3.9142882  2.93869e+40 
 160    4.0000000  2.57435e+40 
 161    4.0875886  2.22916e+40 
 162    4.1770951  1.88353e+40 
 163    4.2685616  1.58609e+40 
 164    4.3620309  1.31349e+40 
 165    4.4575470  1.05696e+40 
 166    4.5551545  8.46868e+39 
 167    4.6548994  6.65921e+39 
 168    4.7568285  5.12793e+39 
 169    4.8609894  3.94020e+39 
 170    4.9674312  2.98163e+39 
 171    5.0762038  2.21834e+39 
 172    5.1873582  1.64563e+39 
 173    5.3009466  1.20084e+39 
 174    5.4170222  8.64003e+38 
 175    5.5356395  6.30521e+38 
 176    5.6568542  4.52151e+38 
 177    5.7807232  3.23741e+38 
 178    5.9073046  2.37848e+38 
 179    6.0366577  1.73386e+38 
 180    6.1688433  1.27977e+38 
 181    6.3039234  9.79903e+37 
 182    6.4419613  7.53133e+37 
 183    6.5830219  5.95106e+37 
 184    6.7271713  4.86637e+37 
 185    6.8744772  4.04304e+37 
 186    7.0250086  3.33983e+37 
 187    7.1788363  2.78583e+37 
 188    7.3360323  2.33522e+37 
 189    7.4966705  2.00635e+37 


# g-band (filter: g_LSST.dat)
   0    0.1250000  3.89233e+26 
   1    0.1277371  3.91305e+26 
   2    0.1305342  3.93423e+26 
   3    0.1333926  3.95586e+26 
   4    0.1363135  3.97001e+26 
   5    0.1392983  3.98192e+26 
   6    0.1423486  3.99090e+26 
   7    0.1454656  3.99381e+26 
   8    0.1486509  3.99177e+26 
   9    0.1519059  3.98451e+26 
  10    0.1552322  3.97083e+26 
  11    0.1586314  3.95622e+26 
  12    0.1621049  3.93568e+26 
  13    0.1656546  3.91352e+26 
  14    0.1692819  3.88471e+26 
  15    0.1729887  3.85282e+26 
  16    0.1767767  3.81843e+26 
  17    0.1806476  3.78066e+26 
  18    0.1846033  3.73937e+26 
  19    0.1886456  3.69428e+26 
  20    0.1927764  3.64685e+26 
  21    0.1969976  3.59801e+26 
  22    0.2013113  3.54650e+26 
  23    0.2057194  3.48930e+26 
  24    0.2102241  3.42912e+26 
  25    0.2148274  3.36604e+26 
  26    0.2195315  3.29826e+26 
  27    0.2243386  3.22912e+26 
  28    0.2292510  3.15149e+26 
  29    0.2342710  3.07130e+26 
  30    0.2394008  2.98679e+26 
  31    0.2446430  2.89879e+26 
  32    0.2500000  2.80720e+26 
  33    0.2554743  2.70908e+26 
  34    0.2610684  2.61041e+26 
  35    0.2667851  2.51505e+26 
  36    0.2726269  2.41827e+26 
  37    0.2785967  2.32342e+26 
  38    0.2846972  2.23964e+26 
  39    0.2909312  2.15954e+26 
  40    0.2973018  2.08287e+26 
  41    0.3038118  2.01053e+26 
  42    0.3104645  1.94152e+26 
  43    0.3172627  1.87897e+26 
  44    0.3242099  1.82358e+26 
  45    0.3313092  1.77389e+26 
  46    0.3385639  1.72454e+26 
  47    0.3459775  1.67906e+26 
  48    0.3535534  1.63685e+26 
  49    0.3612952  1.59514e+26 
  50    0.3692065  1.55625e+26 
  51    0.3772911  1.51804e+26 
  52    0.3855527  1.48082e+26 
  53    0.3939952  1.44272e+26 
  54    0.4026226  1.40395e+26 
  55    0.4114389  1.36846e+26 
  56    0.4204482  1.33455e+26 
  57    0.4296548  1.30330e+26 
  58    0.4390630  1.27478e+26 
  59    0.4486773  1.24352e+26 
  60    0.4585020  1.21731e+26 
  61    0.4685419  1.19021e+26 
  62    0.4788016  1.16268e+26 
  63    0.4892860  1.13827e+26 
  64    0.5000000  1.10944e+26 
  65    0.5109486  1.08441e+26 
  66    0.5221369  1.05389e+26 
  67    0.5335702  1.02207e+26 
  68    0.5452539  9.89760e+25 
  69    0.5571934  9.66238e+25 
  70    0.5693943  9.43626e+25 
  71    0.5818624  9.14598e+25 
  72    0.5946036  8.85492e+25 
  73    0.6076237  8.54094e+25 
  74    0.6209289  8.22218e+25 
  75    0.6345255  7.86638e+25 
  76    0.6484198  7.51373e+25 
  77    0.6626183  7.18440e+25 
  78    0.6771278  6.85450e+25 
  79    0.6919549  6.57245e+25 
  80    0.7071068  6.50167e+25 
  81    0.7225904  6.31503e+25 
  82    0.7384131  6.21064e+25 
  83    0.7545822  6.16707e+25 
  84    0.7711054  6.19318e+25 
  85    0.7879904  6.27213e+25 
  86    0.8052452  6.38233e+25 
  87    0.8228777  6.58259e+25 
  88    0.8408964  6.82507e+25 
  89    0.8593096  7.37351e+25 
  90    0.8781261  7.92424e+25 
  91    0.8973545  8.65995e+25 
  92    0.9170040  9.30210e+25 
  93    0.9370838  1.00414e+26 
  94    0.9576033  1.09119e+26 
  95    0.9785721  1.19070e+26 
  96    1.0000000  1.30000e+26 
  97    1.0218971  1.43508e+26 
  98    1.0442738  1.60232e+26 
  99    1.0671404  1.78144e+26 
 100    1.0905077  1.99704e+26 
 101    1.1143867  2.22199e+26 
 102    1.1387886  2.46988e+26 
 103    1.1637249  2.74076e+26 
 104    1.1892071  3.02241e+26 
 105    1.2152474  3.29377e+26 
 106    1.2418578  3.58437e+26 
 107    1.2690510  3.84896e+26 
 108    1.2968396  4.11367e+26 
 109    1.3252366  4.37815e+26 
 110    1.3542555  4.63057e+26 
 111    1.3839099  4.86717e+26 
 112    1.4142136  5.07640e+26 
 113    1.4451808  5.23076e+26 
 114    1.4768261  5.34402e+26 
 115    1.5091644  5.44551e+26 
 116    1.5422108  5.51377e+26 
 117    1.5759808  5.58667e+26 
 118    1.6104903  5.64092e+26 
 119    1.6457555  5.67701e+26 
 120    1.6817928  5.70159e+26 
 121    1.7186193  5.69992e+26 
 122    1.7562522  5.68767e+26 
 123    1.7947091  5.65790e+26 
 124    1.8340081  5.61763e+26 
 125    1.8741676  5.58597e+26 
 126    1.9152066  5.51922e+26 
 127    1.9571441  5.41222e+26 
 128    2.0000000  5.28391e+26 
 129    2.0437943  5.07907e+26 
 130    2.0885476  4.82497e+26 
 131    2.1342808  4.54179e+26 
 132    2.1810155  4.19585e+26 
 133    2.2287735  3.83282e+26 
 134    2.2775773  3.42922e+26 
 135    2.3274497  3.04052e+26 
 136    2.3784142  2.65760e+26 
 137    2.4304947  2.24324e+26 
 138    2.4837156  1.88873e+26 
 139    2.5381019  1.55536e+26 
 140    2.5936791  1.23908e+26 
 141    2.6504733  9.79557e+25 
 142    2.7085111  7.58476e+25 
 143    2.7678198  5.81125e+25 
 144    2.8284271  4.44431e+25 
 145    2.8903616  3.37039e+25 
 146    2.9536523  2.52862e+25 
 147    3.0183289  1.90162e+25 
 148    3.0844217  1.40540e+25 
 149    3.1519617  1.02787e+25 
 150    3.2209807  7.62319e+24 
 151    3.2915110  5.58942e+24 
 152    3.3635857  4.08932e+24 
 153    3.4372386  3.05160e+24 
 154    3.5125043  2.25717e+24 
 155    3.5894182  1.66215e+24 
 156    3.6680162  1.21701e+24 
 157    3.7483353  8.81449e+23 
 158    3.8304131  6.33327e+23 
 159    3.9142882  4.59371e+23 
 160    4.0000000  3.30507e+23 
 161    4.0875886  2.36694e+23 
 162    4.1770951  1.74873e+23 
 163    4.2685616  1.26326e+23 
 164    4.3620309  9.34101e+22 
 165    4.4575470  7.19092e+22 
 166    4.5551545  5.59422e+22 
 167    4.6548994  4.41410e+22 
 168    4.7568285  3.67554e+22 
 169    4.8609894  3.12038e+22 
 170    4.9674312  2.69171e+22 
 171    5.0762038  2.41031e+22 
 172    5.1873582  2.19748e+22 
 173    5.3009466  2.03070e+22 
 174    5.4170222  1.88724e+22 
 175    5.5356395  1.77278e+22 
 176    5.6568542  1.67195e+22 
 177    5.7807232  1.58855e+22 
 178    5.9073046  1.50661e+22 
 179    6.0366577  1.43498e+22 
 180    6.1688433  1.36380e+22 
 181    6.3039234  1.29933e+22 
 182    6.4419613  1.23953e+22 
 183    6.5830219  1.18064e+22 
 184    6.7271713  1.12493e+22 
 185    6.8744772  1.07246e+22 
 186    7.0250086  1.01971e+22 
 187    7.1788363  9.67185e+21 
 188    7.3360323  9.15788e+21 
 189    7.4966705  8.66858e+21 


# r-band (filter: r_LSST.dat)
   0    0.1250000  4.02513e+26 
   1    0.1277371  4.08829e+26 
   2    0.1305342  4.15284e+26 
   3    0.1333926  4.21880e+26 
   4    0.1363135  4.27915e+26 
   5    0.1392983  4.33506e+26 
   6    0.1423486  4.38612e+26 
   7    0.1454656  4.43404e+26 
   8    0.1486509  4.47796e+26 
   9    0.1519059  4.52270e+26 
  10    0.1552322  4.56233e+26 
  11    0.1586314  4.59765e+26 
  12    0.1621049  4.62579e+26 
  13    0.1656546  4.65560e+26 
  14    0.1692819  4.68068e+26 
  15    0.1729887  4.70364e+26 
  16    0.1767767  4.72069e+26 
  17    0.1806476  4.73911e+26 
  18    0.1846033  4.75082e+26 
  19    0.1886456  4.75697e+26 
  20    0.1927764  4.75955e+26 
  21    0.1969976  4.75627e+26 
  22    0.2013113  4.75023e+26 
  23    0.2057194  4.74272e+26 
  24    0.2102241  4.72881e+26 
  25    0.2148274  4.71001e+26 
  26    0.2195315  4.68685e+26 
  27    0.2243386  4.66171e+26 
  28    0.2292510  4.63805e+26 
  29    0.2342710  4.59983e+26 
  30    0.2394008  4.56632e+26 
  31    0.2446430  4.52502e+26 
  32    0.2500000  4.48049e+26 
  33    0.2554743  4.43604e+26 
  34    0.2610684  4.38494e+26 
  35    0.2667851  4.33621e+26 
  36    0.2726269  4.28875e+26 
  37    0.2785967  4.23936e+26 
  38    0.2846972  4.18973e+26 
  39    0.2909312  4.13174e+26 
  40    0.2973018  4.07598e+26 
  41    0.3038118  4.02782e+26 
  42    0.3104645  3.97640e+26 
  43    0.3172627  3.92774e+26 
  44    0.3242099  3.89214e+26 
  45    0.3313092  3.85854e+26 
  46    0.3385639  3.83123e+26 
  47    0.3459775  3.80645e+26 
  48    0.3535534  3.78851e+26 
  49    0.3612952  3.77120e+26 
  50    0.3692065  3.77397e+26 
  51    0.3772911  3.78412e+26 
  52    0.3855527  3.79924e+26 
  53    0.3939952  3.82695e+26 
  54    0.4026226  3.87742e+26 
  55    0.4114389  3.91648e+26 
  56    0.4204482  3.94438e+26 
  57    0.4296548  3.96948e+26 
  58    0.4390630  3.99998e+26 
  59    0.4486773  4.04470e+26 
  60    0.4585020  4.08730e+26 
  61    0.4685419  4.12813e+26 
  62    0.4788016  4.18265e+26 
  63    0.4892860  4.27057e+26 
  64    0.5000000  4.35789e+26 
  65    0.5109486  4.46777e+26 
  66    0.5221369  4.64388e+26 
  67    0.5335702  4.81902e+26 
  68    0.5452539  5.00393e+26 
  69    0.5571934  5.17764e+26 
  70    0.5693943  5.35987e+26 
  71    0.5818624  5.60839e+26 
  72    0.5946036  5.89251e+26 
  73    0.6076237  6.16130e+26 
  74    0.6209289  6.42907e+26 
  75    0.6345255  6.69012e+26 
  76    0.6484198  6.98039e+26 
  77    0.6626183  7.24767e+26 
  78    0.6771278  7.57789e+26 
  79    0.6919549  7.91604e+26 
  80    0.7071068  8.23122e+26 
  81    0.7225904  8.55291e+26 
  82    0.7384131  8.82951e+26 
  83    0.7545822  9.05079e+26 
  84    0.7711054  9.29265e+26 
  85    0.7879904  9.48337e+26 
  86    0.8052452  9.64555e+26 
  87    0.8228777  9.79141e+26 
  88    0.8408964  9.90441e+26 
  89    0.8593096  1.00096e+27 
  90    0.8781261  1.00475e+27 
  91    0.8973545  1.00951e+27 
  92    0.9170040  1.01265e+27 
  93    0.9370838  1.01511e+27 
  94    0.9576033  1.01759e+27 
  95    0.9785721  1.02120e+27 
  96    1.0000000  1.02367e+27 
  97    1.0218971  1.02991e+27 
  98    1.0442738  1.05633e+27 
  99    1.0671404  1.08619e+27 
 100    1.0905077  1.13395e+27 
 101    1.1143867  1.18118e+27 
 102    1.1387886  1.20605e+27 
 103    1.1637249  1.22754e+27 
 104    1.1892071  1.21463e+27 
 105    1.2152474  1.19855e+27 
 106    1.2418578  1.18750e+27 
 107    1.2690510  1.16767e+27 
 108    1.2968396  1.15654e+27 
 109    1.3252366  1.12263e+27 
 110    1.3542555  1.10156e+27 
 111    1.3839099  1.07031e+27 
 112    1.4142136  1.02636e+27 
 113    1.4451808  9.76021e+26 
 114    1.4768261  9.29718e+26 
 115    1.5091644  9.07818e+26 
 116    1.5422108  8.88973e+26 
 117    1.5759808  8.78660e+26 
 118    1.6104903  8.68677e+26 
 119    1.6457555  8.63122e+26 
 120    1.6817928  8.57744e+26 
 121    1.7186193  8.48901e+26 
 122    1.7562522  8.40305e+26 
 123    1.7947091  8.29218e+26 
 124    1.8340081  8.21620e+26 
 125    1.8741676  8.20066e+26 
 126    1.9152066  8.18396e+26 
 127    1.9571441  8.17580e+26 
 128    2.0000000  8.15725e+26 
 129    2.0437943  8.15268e+26 
 130    2.0885476  8.12127e+26 
 131    2.1342808  8.06374e+26 
 132    2.1810155  7.91619e+26 
 133    2.2287735  7.69492e+26 
 134    2.2775773  7.46521e+26 
 135    2.3274497  7.11301e+26 
 136    2.3784142  6.71978e+26 
 137    2.4304947  6.28456e+26 
 138    2.4837156  5.80820e+26 
 139    2.5381019  5.31213e+26 
 140    2.5936791  4.73797e+26 
 141    2.6504733  4.20146e+26 
 142    2.7085111  3.66348e+26 
 143    2.7678198  3.11852e+26 
 144    2.8284271  2.65420e+26 
 145    2.8903616  2.23410e+26 
 146    2.9536523  1.86070e+26 
 147    3.0183289  1.53598e+26 
 148    3.0844217  1.26396e+26 
 149    3.1519617  1.03059e+26 
 150    3.2209807  8.38792e+25 
 151    3.2915110  6.80274e+25 
 152    3.3635857  5.48752e+25 
 153    3.4372386  4.40610e+25 
 154    3.5125043  3.52441e+25 
 155    3.5894182  2.79492e+25 
 156    3.6680162  2.18743e+25 
 157    3.7483353  1.70385e+25 
 158    3.8304131  1.30588e+25 
 159    3.9142882  9.92346e+24 
 160    4.0000000  7.47942e+24 
 161    4.0875886  5.54993e+24 
 162    4.1770951  4.10806e+24 
 163    4.2685616  3.01114e+24 
 164    4.3620309  2.19362e+24 
 165    4.4575470  1.61275e+24 
 166    4.5551545  1.18412e+24 
 167    4.6548994  8.69182e+23 
 168    4.7568285  6.47628e+23 
 169    4.8609894  4.84806e+23 
 170    4.9674312  3.65105e+23 
 171    5.0762038  2.81706e+23 
 172    5.1873582  2.26256e+23 
 173    5.3009466  1.83636e+23 
 174    5.4170222  1.51763e+23 
 175    5.5356395  1.31611e+23 
 176    5.6568542  1.15195e+23 
 177    5.7807232  1.03646e+23 
 178    5.9073046  9.42798e+22 
 179    6.0366577  8.70412e+22 
 180    6.1688433  8.14403e+22 
 181    6.3039234  7.67438e+22 
 182    6.4419613  7.24736e+22 
 183    6.5830219  6.88458e+22 
 184    6.7271713  6.57201e+22 
 185    6.8744772  6.28775e+22 
 186    7.0250086  6.01416e+22 
 187    7.1788363  5.74123e+22 
 188    7.3360323  5.48047e+22 
 189    7.4966705  5.23421e+22 


# i-band (filter: i_LSST.dat)
   0    0.1250000  2.71108e+26 
   1    0.1277371  2.76821e+26 
   2    0.1305342  2.82659e+26 
   3    0.1333926  2.88625e+26 
   4    0.1363135  2.94370e+26 
   5    0.1392983  3.00110e+26 
   6    0.1423486  3.06656e+26 
   7    0.1454656  3.12203e+26 
   8    0.1486509  3.17462e+26 
   9    0.1519059  3.23157e+26 
  10    0.1552322  3.29202e+26 
  11    0.1586314  3.35292e+26 
  12    0.1621049  3.40804e+26 
  13    0.1656546  3.46807e+26 
  14    0.1692819  3.53313e+26 
  15    0.1729887  3.59772e+26 
  16    0.1767767  3.66791e+26 
  17    0.1806476  3.73580e+26 
  18    0.1846033  3.80179e+26 
  19    0.1886456  3.86260e+26 
  20    0.1927764  3.92288e+26 
  21    0.1969976  3.98109e+26 
  22    0.2013113  4.02486e+26 
  23    0.2057194  4.05783e+26 
  24    0.2102241  4.08948e+26 
  25    0.2148274  4.10674e+26 
  26    0.2195315  4.11112e+26 
  27    0.2243386  4.10250e+26 
  28    0.2292510  4.08852e+26 
  29    0.2342710  4.06621e+26 
  30    0.2394008  4.03211e+26 
  31    0.2446430  3.99445e+26 
  32    0.2500000  3.94626e+26 
  33    0.2554743  3.88787e+26 
  34    0.2610684  3.84433e+26 
  35    0.2667851  3.83315e+26 
  36    0.2726269  3.81204e+26 
  37    0.2785967  3.81252e+26 
  38    0.2846972  3.86926e+26 
  39    0.2909312  3.94863e+26 
  40    0.2973018  4.05206e+26 
  41    0.3038118  4.18890e+26 
  42    0.3104645  4.27773e+26 
  43    0.3172627  4.40562e+26 
  44    0.3242099  4.50145e+26 
  45    0.3313092  4.56023e+26 
  46    0.3385639  4.64415e+26 
  47    0.3459775  4.69230e+26 
  48    0.3535534  4.80727e+26 
  49    0.3612952  4.84939e+26 
  50    0.3692065  4.88084e+26 
  51    0.3772911  4.90578e+26 
  52    0.3855527  4.89649e+26 
  53    0.3939952  4.88598e+26 
  54    0.4026226  4.92726e+26 
  55    0.4114389  4.95762e+26 
  56    0.4204482  4.97807e+26 
  57    0.4296548  5.04925e+26 
  58    0.4390630  5.13299e+26 
  59    0.4486773  5.19701e+26 
  60    0.4585020  5.25726e+26 
  61    0.4685419  5.34520e+26 
  62    0.4788016  5.46040e+26 
  63    0.4892860  5.57481e+26 
  64    0.5000000  5.67607e+26 
  65    0.5109486  5.78592e+26 
  66    0.5221369  5.88916e+26 
  67    0.5335702  6.01072e+26 
  68    0.5452539  6.13632e+26 
  69    0.5571934  6.26323e+26 
  70    0.5693943  6.39457e+26 
  71    0.5818624  6.52793e+26 
  72    0.5946036  6.66108e+26 
  73    0.6076237  6.79406e+26 
  74    0.6209289  6.91636e+26 
  75    0.6345255  7.04202e+26 
  76    0.6484198  7.17550e+26 
  77    0.6626183  7.31191e+26 
  78    0.6771278  7.43045e+26 
  79    0.6919549  7.53589e+26 
  80    0.7071068  7.64131e+26 
  81    0.7225904  7.73815e+26 
  82    0.7384131  7.81428e+26 
  83    0.7545822  7.89005e+26 
  84    0.7711054  7.95184e+26 
  85    0.7879904  7.98969e+26 
  86    0.8052452  8.01885e+26 
  87    0.8228777  8.03348e+26 
  88    0.8408964  8.02326e+26 
  89    0.8593096  8.00408e+26 
  90    0.8781261  7.97555e+26 
  91    0.8973545  7.92359e+26 
  92    0.9170040  7.85883e+26 
  93    0.9370838  7.78278e+26 
  94    0.9576033  7.69860e+26 
  95    0.9785721  7.59236e+26 
  96    1.0000000  7.48140e+26 
  97    1.0218971  7.38086e+26 
  98    1.0442738  7.25778e+26 
  99    1.0671404  7.11490e+26 
 100    1.0905077  6.91758e+26 
 101    1.1143867  6.66470e+26 
 102    1.1387886  6.36617e+26 
 103    1.1637249  6.05515e+26 
 104    1.1892071  5.69590e+26 
 105    1.2152474  5.34419e+26 
 106    1.2418578  4.95738e+26 
 107    1.2690510  4.61799e+26 
 108    1.2968396  4.28367e+26 
 109    1.3252366  3.91369e+26 
 110    1.3542555  3.59193e+26 
 111    1.3839099  3.25435e+26 
 112    1.4142136  2.95105e+26 
 113    1.4451808  2.66518e+26 
 114    1.4768261  2.43134e+26 
 115    1.5091644  2.23652e+26 
 116    1.5422108  2.08271e+26 
 117    1.5759808  1.95344e+26 
 118    1.6104903  1.82455e+26 
 119    1.6457555  1.72845e+26 
 120    1.6817928  1.63939e+26 
 121    1.7186193  1.56044e+26 
 122    1.7562522  1.49518e+26 
 123    1.7947091  1.45537e+26 
 124    1.8340081  1.43552e+26 
 125    1.8741676  1.42712e+26 
 126    1.9152066  1.41937e+26 
 127    1.9571441  1.41229e+26 
 128    2.0000000  1.40573e+26 
 129    2.0437943  1.39808e+26 
 130    2.0885476  1.38840e+26 
 131    2.1342808  1.37740e+26 
 132    2.1810155  1.36101e+26 
 133    2.2287735  1.33931e+26 
 134    2.2775773  1.31724e+26 
 135    2.3274497  1.28830e+26 
 136    2.3784142  1.25704e+26 
 137    2.4304947  1.22239e+26 
 138    2.4837156  1.18833e+26 
 139    2.5381019  1.15186e+26 
 140    2.5936791  1.11306e+26 
 141    2.6504733  1.07820e+26 
 142    2.7085111  1.04423e+26 
 143    2.7678198  1.01125e+26 
 144    2.8284271  9.85433e+25 
 145    2.8903616  9.62750e+25 
 146    2.9536523  9.42821e+25 
 147    3.0183289  9.25629e+25 
 148    3.0844217  9.09575e+25 
 149    3.1519617  8.91945e+25 
 150    3.2209807  8.75544e+25 
 151    3.2915110  8.50844e+25 
 152    3.3635857  8.20024e+25 
 153    3.4372386  7.86630e+25 
 154    3.5125043  7.40759e+25 
 155    3.5894182  6.88753e+25 
 156    3.6680162  6.30956e+25 
 157    3.7483353  5.69765e+25 
 158    3.8304131  5.07975e+25 
 159    3.9142882  4.39624e+25 
 160    4.0000000  3.78497e+25 
 161    4.0875886  3.19296e+25 
 162    4.1770951  2.59231e+25 
 163    4.2685616  2.09840e+25 
 164    4.3620309  1.65480e+25 
 165    4.4575470  1.27147e+25 
 166    4.5551545  9.70651e+24 
 167    4.6548994  7.30425e+24 
 168    4.7568285  5.44351e+24 
 169    4.8609894  4.03787e+24 
 170    4.9674312  2.96003e+24 
 171    5.0762038  2.15587e+24 
 172    5.1873582  1.58681e+24 
 173    5.3009466  1.15870e+24 
 174    5.4170222  8.45647e+23 
 175    5.5356395  6.32860e+23 
 176    5.6568542  4.68676e+23 
 177    5.7807232  3.51590e+23 
 178    5.9073046  2.74488e+23 
 179    6.0366577  2.15691e+23 
 180    6.1688433  1.75223e+23 
 181    6.3039234  1.47595e+23 
 182    6.4419613  1.25749e+23 
 183    6.5830219  1.10156e+23 
 184    6.7271713  9.94061e+22 
 185    6.8744772  9.07728e+22 
 186    7.0250086  8.30322e+22 
 187    7.1788363  7.66089e+22 
 188    7.3360323  7.12769e+22 
 189    7.4966705  6.69715e+22 


# z-band (filter: z_LSST.dat)
   0    0.1250000  1.91052e+26 
   1    0.1277371  1.95090e+26 
   2    0.1305342  1.99217e+26 
   3    0.1333926  2.03434e+26 
   4    0.1363135  2.07618e+26 
   5    0.1392983  2.11739e+26 
   6    0.1423486  2.15427e+26 
   7    0.1454656  2.19890e+26 
   8    0.1486509  2.24020e+26 
   9    0.1519059  2.28697e+26 
  10    0.1552322  2.32634e+26 
  11    0.1586314  2.36990e+26 
  12    0.1621049  2.41728e+26 
  13    0.1656546  2.46971e+26 
  14    0.1692819  2.52473e+26 
  15    0.1729887  2.57867e+26 
  16    0.1767767  2.64975e+26 
  17    0.1806476  2.71607e+26 
  18    0.1846033  2.78597e+26 
  19    0.1886456  2.86389e+26 
  20    0.1927764  2.93559e+26 
  21    0.1969976  3.00428e+26 
  22    0.2013113  3.06883e+26 
  23    0.2057194  3.15518e+26 
  24    0.2102241  3.25340e+26 
  25    0.2148274  3.38590e+26 
  26    0.2195315  3.50695e+26 
  27    0.2243386  3.59608e+26 
  28    0.2292510  3.65116e+26 
  29    0.2342710  3.82668e+26 
  30    0.2394008  3.96083e+26 
  31    0.2446430  4.07297e+26 
  32    0.2500000  4.16663e+26 
  33    0.2554743  4.26884e+26 
  34    0.2610684  4.35444e+26 
  35    0.2667851  4.49179e+26 
  36    0.2726269  4.61013e+26 
  37    0.2785967  4.67956e+26 
  38    0.2846972  4.74796e+26 
  39    0.2909312  4.74441e+26 
  40    0.2973018  4.68549e+26 
  41    0.3038118  4.47216e+26 
  42    0.3104645  4.27991e+26 
  43    0.3172627  4.07197e+26 
  44    0.3242099  3.85891e+26 
  45    0.3313092  3.66808e+26 
  46    0.3385639  3.38495e+26 
  47    0.3459775  3.12156e+26 
  48    0.3535534  2.85036e+26 
  49    0.3612952  2.58827e+26 
  50    0.3692065  2.33731e+26 
  51    0.3772911  2.12937e+26 
  52    0.3855527  1.98667e+26 
  53    0.3939952  1.86685e+26 
  54    0.4026226  1.76459e+26 
  55    0.4114389  1.67453e+26 
  56    0.4204482  1.60472e+26 
  57    0.4296548  1.53505e+26 
  58    0.4390630  1.48468e+26 
  59    0.4486773  1.44073e+26 
  60    0.4585020  1.39867e+26 
  61    0.4685419  1.35254e+26 
  62    0.4788016  1.32653e+26 
  63    0.4892860  1.30609e+26 
  64    0.5000000  1.28581e+26 
  65    0.5109486  1.26999e+26 
  66    0.5221369  1.26025e+26 
  67    0.5335702  1.24507e+26 
  68    0.5452539  1.23813e+26 
  69    0.5571934  1.23422e+26 
  70    0.5693943  1.23482e+26 
  71    0.5818624  1.23863e+26 
  72    0.5946036  1.24656e+26 
  73    0.6076237  1.26397e+26 
  74    0.6209289  1.27474e+26 
  75    0.6345255  1.29242e+26 
  76    0.6484198  1.31104e+26 
  77    0.6626183  1.33512e+26 
  78    0.6771278  1.36722e+26 
  79    0.6919549  1.39994e+26 
  80    0.7071068  1.44203e+26 
  81    0.7225904  1.48443e+26 
  82    0.7384131  1.52741e+26 
  83    0.7545822  1.58509e+26 
  84    0.7711054  1.64553e+26 
  85    0.7879904  1.71036e+26 
  86    0.8052452  1.77498e+26 
  87    0.8228777  1.84413e+26 
  88    0.8408964  1.91259e+26 
  89    0.8593096  1.97694e+26 
  90    0.8781261  2.04538e+26 
  91    0.8973545  2.11405e+26 
  92    0.9170040  2.18262e+26 
  93    0.9370838  2.24958e+26 
  94    0.9576033  2.31717e+26 
  95    0.9785721  2.38018e+26 
  96    1.0000000  2.44368e+26 
  97    1.0218971  2.50719e+26 
  98    1.0442738  2.56296e+26 
  99    1.0671404  2.61611e+26 
 100    1.0905077  2.64745e+26 
 101    1.1143867  2.66424e+26 
 102    1.1387886  2.67729e+26 
 103    1.1637249  2.68444e+26 
 104    1.1892071  2.68473e+26 
 105    1.2152474  2.68108e+26 
 106    1.2418578  2.66815e+26 
 107    1.2690510  2.66049e+26 
 108    1.2968396  2.64597e+26 
 109    1.3252366  2.62389e+26 
 110    1.3542555  2.60566e+26 
 111    1.3839099  2.57234e+26 
 112    1.4142136  2.54411e+26 
 113    1.4451808  2.50586e+26 
 114    1.4768261  2.47011e+26 
 115    1.5091644  2.43115e+26 
 116    1.5422108  2.39198e+26 
 117    1.5759808  2.35133e+26 
 118    1.6104903  2.30400e+26 
 119    1.6457555  2.26074e+26 
 120    1.6817928  2.21497e+26 
 121    1.7186193  2.16488e+26 
 122    1.7562522  2.11422e+26 
 123    1.7947091  2.06818e+26 
 124    1.8340081  2.02604e+26 
 125    1.8741676  1.98622e+26 
 126    1.9152066  1.94374e+26 
 127    1.9571441  1.90117e+26 
 128    2.0000000  1.85454e+26 
 129    2.0437943  1.80705e+26 
 130    2.0885476  1.75368e+26 
 131    2.1342808  1.69834e+26 
 132    2.1810155  1.63558e+26 
 133    2.2287735  1.56683e+26 
 134    2.2775773  1.49583e+26 
 135    2.3274497  1.41811e+26 
 136    2.3784142  1.33678e+26 
 137    2.4304947  1.25341e+26 
 138    2.4837156  1.17274e+26 
 139    2.5381019  1.09477e+26 
 140    2.5936791  1.01521e+26 
 141    2.6504733  9.46928e+25 
 142    2.7085111  8.84094e+25 
 143    2.7678198  8.23370e+25 
 144    2.8284271  7.76398e+25 
 145    2.8903616  7.36271e+25 
 146    2.9536523  7.03415e+25 
 147    3.0183289  6.79512e+25 
 148    3.0844217  6.61308e+25 
 149    3.1519617  6.49345e+25 
 150    3.2209807  6.43459e+25 
 151    3.2915110  6.39963e+25 
 152    3.3635857  6.38355e+25 
 153    3.4372386  6.37840e+25 
 154    3.5125043  6.33402e+25 
 155    3.5894182  6.23314e+25 
 156    3.6680162  6.11287e+25 
 157    3.7483353  5.85900e+25 
 158    3.8304131  5.55415e+25 
 159    3.9142882  5.22559e+25 
 160    4.0000000  4.83586e+25 
 161    4.0875886  4.42638e+25 
 162    4.1770951  3.94526e+25 
 163    4.2685616  3.49018e+25 
 164    4.3620309  3.03006e+25 
 165    4.4575470  2.53553e+25 
 166    4.5551545  2.10750e+25 
 167    4.6548994  1.71024e+25 
 168    4.7568285  1.35582e+25 
 169    4.8609894  1.07532e+25 
 170    4.9674312  8.40861e+24 
 171    5.0762038  6.44035e+24 
 172    5.1873582  4.89711e+24 
 173    5.3009466  3.65849e+24 
 174    5.4170222  2.67905e+24 
 175    5.5356395  1.98703e+24 
 176    5.6568542  1.44837e+24 
 177    5.7807232  1.04375e+24 
 178    5.9073046  7.72694e+23 
 179    6.0366577  5.63829e+23 
 180    6.1688433  4.11529e+23 
 181    6.3039234  3.04218e+23 
 182    6.4419613  2.24198e+23 
 183    6.5830219  1.68398e+23 
 184    6.7271713  1.30168e+23 
 185    6.8744772  1.02529e+23 
 186    7.0250086  8.03944e+22 
 187    7.1788363  6.44350e+22 
 188    7.3360323  5.18029e+22 
 189    7.4966705  4.33054e+22 


# y-band (filter: y_LSST.dat)
   0    0.1250000  1.53178e+26 
   1    0.1277371  1.61115e+26 
   2    0.1305342  1.69225e+26 
   3    0.1333926  1.77513e+26 
   4    0.1363135  1.83881e+26 
   5    0.1392983  1.91898e+26 
   6    0.1423486  2.09186e+26 
   7    0.1454656  2.24285e+26 
   8    0.1486509  2.41122e+26 
   9    0.1519059  2.65397e+26 
  10    0.1552322  2.86581e+26 
  11    0.1586314  3.05568e+26 
  12    0.1621049  3.23311e+26 
  13    0.1656546  3.46237e+26 
  14    0.1692819  3.66113e+26 
  15    0.1729887  3.91147e+26 
  16    0.1767767  4.12780e+26 
  17    0.1806476  4.30950e+26 
  18    0.1846033  4.43904e+26 
  19    0.1886456  4.60359e+26 
  20    0.1927764  4.74367e+26 
  21    0.1969976  4.82643e+26 
  22    0.2013113  4.91841e+26 
  23    0.2057194  5.02703e+26 
  24    0.2102241  5.11433e+26 
  25    0.2148274  5.22086e+26 
  26    0.2195315  5.37978e+26 
  27    0.2243386  5.52901e+26 
  28    0.2292510  6.01945e+26 
  29    0.2342710  6.47195e+26 
  30    0.2394008  6.89346e+26 
  31    0.2446430  7.35836e+26 
  32    0.2500000  7.79446e+26 
  33    0.2554743  8.28979e+26 
  34    0.2610684  8.64962e+26 
  35    0.2667851  8.74258e+26 
  36    0.2726269  8.84483e+26 
  37    0.2785967  8.89425e+26 
  38    0.2846972  8.90076e+26 
  39    0.2909312  8.87902e+26 
  40    0.2973018  8.62370e+26 
  41    0.3038118  8.44364e+26 
  42    0.3104645  8.26818e+26 
  43    0.3172627  7.97479e+26 
  44    0.3242099  7.70018e+26 
  45    0.3313092  7.36693e+26 
  46    0.3385639  7.12799e+26 
  47    0.3459775  6.95424e+26 
  48    0.3535534  6.75273e+26 
  49    0.3612952  6.56216e+26 
  50    0.3692065  6.36934e+26 
  51    0.3772911  6.12853e+26 
  52    0.3855527  5.85248e+26 
  53    0.3939952  5.58180e+26 
  54    0.4026226  5.29797e+26 
  55    0.4114389  5.01504e+26 
  56    0.4204482  4.75993e+26 
  57    0.4296548  4.50594e+26 
  58    0.4390630  4.25038e+26 
  59    0.4486773  4.00712e+26 
  60    0.4585020  3.79046e+26 
  61    0.4685419  3.58822e+26 
  62    0.4788016  3.39050e+26 
  63    0.4892860  3.22092e+26 
  64    0.5000000  3.07546e+26 
  65    0.5109486  2.92829e+26 
  66    0.5221369  2.80559e+26 
  67    0.5335702  2.68152e+26 
  68    0.5452539  2.57075e+26 
  69    0.5571934  2.47374e+26 
  70    0.5693943  2.39308e+26 
  71    0.5818624  2.31831e+26 
  72    0.5946036  2.25521e+26 
  73    0.6076237  2.19799e+26 
  74    0.6209289  2.14584e+26 
  75    0.6345255  2.09844e+26 
  76    0.6484198  2.05562e+26 
  77    0.6626183  2.02707e+26 
  78    0.6771278  1.99910e+26 
  79    0.6919549  1.97277e+26 
  80    0.7071068  1.95130e+26 
  81    0.7225904  1.93788e+26 
  82    0.7384131  1.92803e+26 
  83    0.7545822  1.92790e+26 
  84    0.7711054  1.93000e+26 
  85    0.7879904  1.93824e+26 
  86    0.8052452  1.95725e+26 
  87    0.8228777  1.97850e+26 
  88    0.8408964  2.01100e+26 
  89    0.8593096  2.05073e+26 
  90    0.8781261  2.10020e+26 
  91    0.8973545  2.16706e+26 
  92    0.9170040  2.24202e+26 
  93    0.9370838  2.32525e+26 
  94    0.9576033  2.42217e+26 
  95    0.9785721  2.52854e+26 
  96    1.0000000  2.64058e+26 
  97    1.0218971  2.76106e+26 
  98    1.0442738  2.89041e+26 
  99    1.0671404  3.03093e+26 
 100    1.0905077  3.16793e+26 
 101    1.1143867  3.30638e+26 
 102    1.1387886  3.44778e+26 
 103    1.1637249  3.59671e+26 
 104    1.1892071  3.73956e+26 
 105    1.2152474  3.87593e+26 
 106    1.2418578  4.00664e+26 
 107    1.2690510  4.11808e+26 
 108    1.2968396  4.22481e+26 
 109    1.3252366  4.32733e+26 
 110    1.3542555  4.40193e+26 
 111    1.3839099  4.46002e+26 
 112    1.4142136  4.51002e+26 
 113    1.4451808  4.53200e+26 
 114    1.4768261  4.54033e+26 
 115    1.5091644  4.53026e+26 
 116    1.5422108  4.50808e+26 
 117    1.5759808  4.47652e+26 
 118    1.6104903  4.43226e+26 
 119    1.6457555  4.39034e+26 
 120    1.6817928  4.34310e+26 
 121    1.7186193  4.28606e+26 
 122    1.7562522  4.23299e+26 
 123    1.7947091  4.17513e+26 
 124    1.8340081  4.11953e+26 
 125    1.8741676  4.06498e+26 
 126    1.9152066  4.01002e+26 
 127    1.9571441  3.95087e+26 
 128    2.0000000  3.89147e+26 
 129    2.0437943  3.82794e+26 
 130    2.0885476  3.75822e+26 
 131    2.1342808  3.68459e+26 
 132    2.1810155  3.60157e+26 
 133    2.2287735  3.50606e+26 
 134    2.2775773  3.40293e+26 
 135    2.3274497  3.27466e+26 
 136    2.3784142  3.12701e+26 
 137    2.4304947  2.97025e+26 
 138    2.4837156  2.78541e+26 
 139    2.5381019  2.58729e+26 
 140    2.5936791  2.37751e+26 
 141    2.6504733  2.16189e+26 
 142    2.7085111  1.94756e+26 
 143    2.7678198  1.71859e+26 
 144    2.8284271  1.51182e+26 
 145    2.8903616  1.31691e+26 
 146    2.9536523  1.13507e+26 
 147    3.0183289  9.63715e+25 
 148    3.0844217  8.22646e+25 
 149    3.1519617  7.00269e+25 
 150    3.2209807  5.99064e+25 
 151    3.2915110  5.20040e+25 
 152    3.3635857  4.56228e+25 
 153    3.4372386  4.10136e+25 
 154    3.5125043  3.73963e+25 
 155    3.5894182  3.46063e+25 
 156    3.6680162  3.26738e+25 
 157    3.7483353  3.08209e+25 
 158    3.8304131  2.91506e+25 
 159    3.9142882  2.77126e+25 
 160    4.0000000  2.61174e+25 
 161    4.0875886  2.44620e+25 
 162    4.1770951  2.27457e+25 
 163    4.2685616  2.09082e+25 
 164    4.3620309  1.89849e+25 
 165    4.4575470  1.69084e+25 
 166    4.5551545  1.49377e+25 
 167    4.6548994  1.30113e+25 
 168    4.7568285  1.10349e+25 
 169    4.8609894  9.33172e+24 
 170    4.9674312  7.77845e+24 
 171    5.0762038  6.36599e+24 
 172    5.1873582  5.08643e+24 
 173    5.3009466  4.04992e+24 
 174    5.4170222  3.15111e+24 
 175    5.5356395  2.40861e+24 
 176    5.6568542  1.82034e+24 
 177    5.7807232  1.36463e+24 
 178    5.9073046  1.01804e+24 
 179    6.0366577  7.51652e+23 
 180    6.1688433  5.53663e+23 
 181    6.3039234  4.12577e+23 
 182    6.4419613  3.03207e+23 
 183    6.5830219  2.25116e+23 
 184    6.7271713  1.66098e+23 
 185    6.8744772  1.23667e+23 
 186    7.0250086  8.51224e+22 
 187    7.1788363  5.80642e+22 
 188    7.3360323  3.77259e+22 
 189    7.4966705  2.57046e+22 


# J-band (filter: J_2MASS.dat)
   0    0.1250000  1.18212e+26 
   1    0.1277371  1.43612e+26 
   2    0.1305342  1.69569e+26 
   3    0.1333926  1.96094e+26 
   4    0.1363135  2.19636e+26 
   5    0.1392983  2.47903e+26 
   6    0.1423486  2.77788e+26 
   7    0.1454656  3.08502e+26 
   8    0.1486509  3.40833e+26 
   9    0.1519059  3.76048e+26 
  10    0.1552322  4.09811e+26 
  11    0.1586314  4.43330e+26 
  12    0.1621049  4.83852e+26 
  13    0.1656546  5.26366e+26 
  14    0.1692819  5.60061e+26 
  15    0.1729887  5.88427e+26 
  16    0.1767767  6.09657e+26 
  17    0.1806476  6.28374e+26 
  18    0.1846033  6.50606e+26 
  19    0.1886456  6.73083e+26 
  20    0.1927764  6.93098e+26 
  21    0.1969976  7.07266e+26 
  22    0.2013113  7.23366e+26 
  23    0.2057194  7.45153e+26 
  24    0.2102241  7.65541e+26 
  25    0.2148274  7.93763e+26 
  26    0.2195315  8.14461e+26 
  27    0.2243386  8.46837e+26 
  28    0.2292510  8.47761e+26 
  29    0.2342710  8.43246e+26 
  30    0.2394008  8.45112e+26 
  31    0.2446430  8.42586e+26 
  32    0.2500000  8.43393e+26 
  33    0.2554743  8.41310e+26 
  34    0.2610684  8.48404e+26 
  35    0.2667851  8.49637e+26 
  36    0.2726269  8.42112e+26 
  37    0.2785967  8.36580e+26 
  38    0.2846972  8.36163e+26 
  39    0.2909312  8.37028e+26 
  40    0.2973018  8.56217e+26 
  41    0.3038118  8.75345e+26 
  42    0.3104645  8.94088e+26 
  43    0.3172627  9.11633e+26 
  44    0.3242099  9.30607e+26 
  45    0.3313092  9.44639e+26 
  46    0.3385639  9.59310e+26 
  47    0.3459775  9.74209e+26 
  48    0.3535534  9.87638e+26 
  49    0.3612952  9.97559e+26 
  50    0.3692065  1.00285e+27 
  51    0.3772911  1.00950e+27 
  52    0.3855527  1.01545e+27 
  53    0.3939952  1.01814e+27 
  54    0.4026226  1.02128e+27 
  55    0.4114389  1.02348e+27 
  56    0.4204482  1.02218e+27 
  57    0.4296548  1.02135e+27 
  58    0.4390630  1.01871e+27 
  59    0.4486773  1.01473e+27 
  60    0.4585020  1.00764e+27 
  61    0.4685419  1.00115e+27 
  62    0.4788016  9.94962e+26 
  63    0.4892860  9.85292e+26 
  64    0.5000000  9.75028e+26 
  65    0.5109486  9.63916e+26 
  66    0.5221369  9.50065e+26 
  67    0.5335702  9.35541e+26 
  68    0.5452539  9.20431e+26 
  69    0.5571934  9.03875e+26 
  70    0.5693943  8.88385e+26 
  71    0.5818624  8.72031e+26 
  72    0.5946036  8.55230e+26 
  73    0.6076237  8.38523e+26 
  74    0.6209289  8.20772e+26 
  75    0.6345255  8.03585e+26 
  76    0.6484198  7.85888e+26 
  77    0.6626183  7.66692e+26 
  78    0.6771278  7.49853e+26 
  79    0.6919549  7.33295e+26 
  80    0.7071068  7.16271e+26 
  81    0.7225904  6.99853e+26 
  82    0.7384131  6.83807e+26 
  83    0.7545822  6.67287e+26 
  84    0.7711054  6.51964e+26 
  85    0.7879904  6.35842e+26 
  86    0.8052452  6.20424e+26 
  87    0.8228777  6.05242e+26 
  88    0.8408964  5.91001e+26 
  89    0.8593096  5.78964e+26 
  90    0.8781261  5.65035e+26 
  91    0.8973545  5.52851e+26 
  92    0.9170040  5.41810e+26 
  93    0.9370838  5.30964e+26 
  94    0.9576033  5.21133e+26 
  95    0.9785721  5.12449e+26 
  96    1.0000000  5.04409e+26 
  97    1.0218971  4.98217e+26 
  98    1.0442738  4.91475e+26 
  99    1.0671404  4.84866e+26 
 100    1.0905077  4.77166e+26 
 101    1.1143867  4.69094e+26 
 102    1.1387886  4.62142e+26 
 103    1.1637249  4.54873e+26 
 104    1.1892071  4.48926e+26 
 105    1.2152474  4.43765e+26 
 106    1.2418578  4.38361e+26 
 107    1.2690510  4.34536e+26 
 108    1.2968396  4.31730e+26 
 109    1.3252366  4.29070e+26 
 110    1.3542555  4.27968e+26 
 111    1.3839099  4.27477e+26 
 112    1.4142136  4.28753e+26 
 113    1.4451808  4.30143e+26 
 114    1.4768261  4.32180e+26 
 115    1.5091644  4.34319e+26 
 116    1.5422108  4.36225e+26 
 117    1.5759808  4.37657e+26 
 118    1.6104903  4.39192e+26 
 119    1.6457555  4.39938e+26 
 120    1.6817928  4.40223e+26 
 121    1.7186193  4.40174e+26 
 122    1.7562522  4.39626e+26 
 123    1.7947091  4.38704e+26 
 124    1.8340081  4.37394e+26 
 125    1.8741676  4.35782e+26 
 126    1.9152066  4.34077e+26 
 127    1.9571441  4.32146e+26 
 128    2.0000000  4.30160e+26 
 129    2.0437943  4.28989e+26 
 130    2.0885476  4.28143e+26 
 131    2.1342808  4.27302e+26 
 132    2.1810155  4.27801e+26 
 133    2.2287735  4.29164e+26 
 134    2.2775773  4.31215e+26 
 135    2.3274497  4.35211e+26 
 136    2.3784142  4.40545e+26 
 137    2.4304947  4.46796e+26 
 138    2.4837156  4.54653e+26 
 139    2.5381019  4.62879e+26 
 140    2.5936791  4.72053e+26 
 141    2.6504733  4.80356e+26 
 142    2.7085111  4.87081e+26 
 143    2.7678198  4.93892e+26 
 144    2.8284271  4.95520e+26 
 145    2.8903616  4.93563e+26 
 146    2.9536523  4.87161e+26 
 147    3.0183289  4.78064e+26 
 148    3.0844217  4.61073e+26 
 149    3.1519617  4.39563e+26 
 150    3.2209807  4.13473e+26 
 151    3.2915110  3.82613e+26 
 152    3.3635857  3.48826e+26 
 153    3.4372386  3.10906e+26 
 154    3.5125043  2.73803e+26 
 155    3.5894182  2.36979e+26 
 156    3.6680162  1.98490e+26 
 157    3.7483353  1.65080e+26 
 158    3.8304131  1.34289e+26 
 159    3.9142882  1.05068e+26 
 160    4.0000000  8.17340e+25 
 161    4.0875886  6.17190e+25 
 162    4.1770951  4.50949e+25 
 163    4.2685616  3.24437e+25 
 164    4.3620309  2.26010e+25 
 165    4.4575470  1.55572e+25 
 166    4.5551545  1.04037e+25 
 167    4.6548994  6.79780e+24 
 168    4.7568285  4.55087e+24 
 169    4.8609894  2.97163e+24 
 170    4.9674312  1.93618e+24 
 171    5.0762038  1.28646e+24 
 172    5.1873582  9.28991e+23 
 173    5.3009466  6.58506e+23 
 174    5.4170222  4.89133e+23 
 175    5.5356395  3.84610e+23 
 176    5.6568542  3.04713e+23 
 177    5.7807232  2.46717e+23 
 178    5.9073046  2.05319e+23 
 179    6.0366577  1.72868e+23 
 180    6.1688433  1.46615e+23 
 181    6.3039234  1.26244e+23 
 182    6.4419613  1.08687e+23 
 183    6.5830219  9.43022e+22 
 184    6.7271713  8.24430e+22 
 185    6.8744772  7.26249e+22 
 186    7.0250086  6.30176e+22 
 187    7.1788363  5.37231e+22 
 188    7.3360323  4.52328e+22 
 189    7.4966705  3.79562e+22 


# H-band (filter: H_2MASS.dat)
   0    0.1250000  1.88172e+26 
   1    0.1277371  2.20999e+26 
   2    0.1305342  2.54545e+26 
   3    0.1333926  2.88826e+26 
   4    0.1363135  3.21653e+26 
   5    0.1392983  3.63053e+26 
   6    0.1423486  4.03457e+26 
   7    0.1454656  4.54233e+26 
   8    0.1486509  5.04091e+26 
   9    0.1519059  5.60361e+26 
  10    0.1552322  6.22683e+26 
  11    0.1586314  6.83175e+26 
  12    0.1621049  7.45188e+26 
  13    0.1656546  7.95621e+26 
  14    0.1692819  8.53746e+26 
  15    0.1729887  9.12320e+26 
  16    0.1767767  9.64300e+26 
  17    0.1806476  1.01195e+27 
  18    0.1846033  1.06271e+27 
  19    0.1886456  1.10478e+27 
  20    0.1927764  1.14368e+27 
  21    0.1969976  1.17638e+27 
  22    0.2013113  1.20180e+27 
  23    0.2057194  1.22502e+27 
  24    0.2102241  1.25125e+27 
  25    0.2148274  1.26391e+27 
  26    0.2195315  1.27372e+27 
  27    0.2243386  1.28573e+27 
  28    0.2292510  1.29635e+27 
  29    0.2342710  1.30082e+27 
  30    0.2394008  1.29482e+27 
  31    0.2446430  1.29344e+27 
  32    0.2500000  1.28732e+27 
  33    0.2554743  1.27862e+27 
  34    0.2610684  1.26655e+27 
  35    0.2667851  1.25063e+27 
  36    0.2726269  1.23273e+27 
  37    0.2785967  1.21345e+27 
  38    0.2846972  1.19145e+27 
  39    0.2909312  1.16362e+27 
  40    0.2973018  1.13549e+27 
  41    0.3038118  1.10752e+27 
  42    0.3104645  1.07815e+27 
  43    0.3172627  1.04336e+27 
  44    0.3242099  1.00899e+27 
  45    0.3313092  9.73236e+26 
  46    0.3385639  9.36277e+26 
  47    0.3459775  8.97729e+26 
  48    0.3535534  8.60772e+26 
  49    0.3612952  8.24865e+26 
  50    0.3692065  7.92974e+26 
  51    0.3772911  7.60625e+26 
  52    0.3855527  7.26674e+26 
  53    0.3939952  6.92491e+26 
  54    0.4026226  6.61350e+26 
  55    0.4114389  6.31789e+26 
  56    0.4204482  6.03236e+26 
  57    0.4296548  5.76276e+26 
  58    0.4390630  5.52544e+26 
  59    0.4486773  5.29939e+26 
  60    0.4585020  5.07987e+26 
  61    0.4685419  4.86225e+26 
  62    0.4788016  4.66310e+26 
  63    0.4892860  4.48444e+26 
  64    0.5000000  4.32258e+26 
  65    0.5109486  4.16984e+26 
  66    0.5221369  4.04817e+26 
  67    0.5335702  3.94178e+26 
  68    0.5452539  3.83637e+26 
  69    0.5571934  3.75916e+26 
  70    0.5693943  3.68022e+26 
  71    0.5818624  3.61719e+26 
  72    0.5946036  3.57706e+26 
  73    0.6076237  3.53821e+26 
  74    0.6209289  3.49772e+26 
  75    0.6345255  3.46599e+26 
  76    0.6484198  3.44376e+26 
  77    0.6626183  3.42450e+26 
  78    0.6771278  3.40010e+26 
  79    0.6919549  3.37913e+26 
  80    0.7071068  3.35808e+26 
  81    0.7225904  3.33404e+26 
  82    0.7384131  3.31567e+26 
  83    0.7545822  3.29533e+26 
  84    0.7711054  3.26778e+26 
  85    0.7879904  3.24311e+26 
  86    0.8052452  3.22155e+26 
  87    0.8228777  3.20106e+26 
  88    0.8408964  3.17678e+26 
  89    0.8593096  3.15112e+26 
  90    0.8781261  3.13076e+26 
  91    0.8973545  3.11234e+26 
  92    0.9170040  3.09355e+26 
  93    0.9370838  3.07807e+26 
  94    0.9576033  3.06473e+26 
  95    0.9785721  3.04911e+26 
  96    1.0000000  3.04018e+26 
  97    1.0218971  3.02905e+26 
  98    1.0442738  3.01661e+26 
  99    1.0671404  3.00807e+26 
 100    1.0905077  2.99927e+26 
 101    1.1143867  2.99342e+26 
 102    1.1387886  2.98993e+26 
 103    1.1637249  2.98119e+26 
 104    1.1892071  2.98047e+26 
 105    1.2152474  2.98407e+26 
 106    1.2418578  2.98398e+26 
 107    1.2690510  2.99390e+26 
 108    1.2968396  3.01016e+26 
 109    1.3252366  3.02757e+26 
 110    1.3542555  3.05112e+26 
 111    1.3839099  3.08187e+26 
 112    1.4142136  3.11397e+26 
 113    1.4451808  3.15239e+26 
 114    1.4768261  3.19326e+26 
 115    1.5091644  3.23923e+26 
 116    1.5422108  3.28614e+26 
 117    1.5759808  3.32999e+26 
 118    1.6104903  3.37861e+26 
 119    1.6457555  3.42191e+26 
 120    1.6817928  3.46184e+26 
 121    1.7186193  3.50558e+26 
 122    1.7562522  3.54565e+26 
 123    1.7947091  3.58089e+26 
 124    1.8340081  3.61133e+26 
 125    1.8741676  3.63911e+26 
 126    1.9152066  3.65620e+26 
 127    1.9571441  3.66628e+26 
 128    2.0000000  3.67596e+26 
 129    2.0437943  3.67591e+26 
 130    2.0885476  3.67131e+26 
 131    2.1342808  3.65982e+26 
 132    2.1810155  3.63897e+26 
 133    2.2287735  3.61379e+26 
 134    2.2775773  3.58515e+26 
 135    2.3274497  3.54780e+26 
 136    2.3784142  3.51016e+26 
 137    2.4304947  3.46802e+26 
 138    2.4837156  3.42501e+26 
 139    2.5381019  3.38152e+26 
 140    2.5936791  3.33378e+26 
 141    2.6504733  3.29476e+26 
 142    2.7085111  3.25463e+26 
 143    2.7678198  3.21737e+26 
 144    2.8284271  3.19295e+26 
 145    2.8903616  3.17078e+26 
 146    2.9536523  3.15575e+26 
 147    3.0183289  3.14696e+26 
 148    3.0844217  3.15049e+26 
 149    3.1519617  3.16323e+26 
 150    3.2209807  3.18415e+26 
 151    3.2915110  3.21442e+26 
 152    3.3635857  3.24736e+26 
 153    3.4372386  3.28080e+26 
 154    3.5125043  3.29349e+26 
 155    3.5894182  3.26685e+26 
 156    3.6680162  3.23144e+26 
 157    3.7483353  3.11616e+26 
 158    3.8304131  2.96815e+26 
 159    3.9142882  2.80107e+26 
 160    4.0000000  2.58907e+26 
 161    4.0875886  2.36465e+26 
 162    4.1770951  2.09787e+26 
 163    4.2685616  1.84488e+26 
 164    4.3620309  1.58783e+26 
 165    4.4575470  1.30639e+26 
 166    4.5551545  1.06713e+26 
 167    4.6548994  8.46987e+25 
 168    4.7568285  6.48787e+25 
 169    4.8609894  4.94842e+25 
 170    4.9674312  3.67837e+25 
 171    5.0762038  2.66128e+25 
 172    5.1873582  1.90122e+25 
 173    5.3009466  1.31943e+25 
 174    5.4170222  8.91265e+24 
 175    5.5356395  6.12278e+24 
 176    5.6568542  4.04870e+24 
 177    5.7807232  2.63343e+24 
 178    5.9073046  1.78635e+24 
 179    6.0366577  1.17767e+24 
 180    6.1688433  7.80357e+23 
 181    6.3039234  5.48990e+23 
 182    6.4419613  3.79739e+23 
 183    6.5830219  2.73212e+23 
 184    6.7271713  2.08710e+23 
 185    6.8744772  1.59107e+23 
 186    7.0250086  1.15356e+23 
 187    7.1788363  8.65686e+22 
 188    7.3360323  6.34740e+22 
 189    7.4966705  4.80379e+22 


# K-band (filter: Ks_mosfire.dat)
   0    0.1250000  1.96463e+26 
   1    0.1277371  2.20312e+26 
   2    0.1305342  2.44684e+26 
   3    0.1333926  2.69588e+26 
   4    0.1363135  3.02754e+26 
   5    0.1392983  3.36242e+26 
   6    0.1423486  3.75164e+26 
   7    0.1454656  4.15108e+26 
   8    0.1486509  4.63590e+26 
   9    0.1519059  5.13633e+26 
  10    0.1552322  5.60560e+26 
  11    0.1586314  6.07363e+26 
  12    0.1621049  6.51213e+26 
  13    0.1656546  6.87562e+26 
  14    0.1692819  7.25136e+26 
  15    0.1729887  7.61546e+26 
  16    0.1767767  7.89446e+26 
  17    0.1806476  8.17474e+26 
  18    0.1846033  8.40711e+26 
  19    0.1886456  8.62855e+26 
  20    0.1927764  8.78074e+26 
  21    0.1969976  8.90246e+26 
  22    0.2013113  8.99524e+26 
  23    0.2057194  9.07878e+26 
  24    0.2102241  9.11642e+26 
  25    0.2148274  9.15007e+26 
  26    0.2195315  9.14817e+26 
  27    0.2243386  9.08777e+26 
  28    0.2292510  9.04137e+26 
  29    0.2342710  8.97385e+26 
  30    0.2394008  8.85858e+26 
  31    0.2446430  8.77168e+26 
  32    0.2500000  8.61230e+26 
  33    0.2554743  8.43561e+26 
  34    0.2610684  8.27758e+26 
  35    0.2667851  8.06188e+26 
  36    0.2726269  7.88723e+26 
  37    0.2785967  7.66171e+26 
  38    0.2846972  7.45046e+26 
  39    0.2909312  7.24175e+26 
  40    0.2973018  7.00523e+26 
  41    0.3038118  6.77311e+26 
  42    0.3104645  6.53520e+26 
  43    0.3172627  6.27084e+26 
  44    0.3242099  6.03274e+26 
  45    0.3313092  5.77757e+26 
  46    0.3385639  5.52070e+26 
  47    0.3459775  5.26784e+26 
  48    0.3535534  5.01961e+26 
  49    0.3612952  4.77415e+26 
  50    0.3692065  4.53349e+26 
  51    0.3772911  4.29766e+26 
  52    0.3855527  4.04788e+26 
  53    0.3939952  3.81180e+26 
  54    0.4026226  3.60621e+26 
  55    0.4114389  3.40139e+26 
  56    0.4204482  3.20910e+26 
  57    0.4296548  3.02017e+26 
  58    0.4390630  2.84396e+26 
  59    0.4486773  2.67492e+26 
  60    0.4585020  2.51771e+26 
  61    0.4685419  2.35744e+26 
  62    0.4788016  2.23018e+26 
  63    0.4892860  2.10217e+26 
  64    0.5000000  1.99987e+26 
  65    0.5109486  1.88430e+26 
  66    0.5221369  1.78614e+26 
  67    0.5335702  1.68384e+26 
  68    0.5452539  1.59704e+26 
  69    0.5571934  1.52039e+26 
  70    0.5693943  1.45579e+26 
  71    0.5818624  1.39444e+26 
  72    0.5946036  1.33864e+26 
  73    0.6076237  1.28636e+26 
  74    0.6209289  1.24113e+26 
  75    0.6345255  1.20075e+26 
  76    0.6484198  1.15545e+26 
  77    0.6626183  1.11596e+26 
  78    0.6771278  1.08052e+26 
  79    0.6919549  1.05313e+26 
  80    0.7071068  1.02993e+26 
  81    0.7225904  1.00073e+26 
  82    0.7384131  9.71151e+25 
  83    0.7545822  9.47627e+25 
  84    0.7711054  9.23287e+25 
  85    0.7879904  9.00509e+25 
  86    0.8052452  8.74604e+25 
  87    0.8228777  8.54980e+25 
  88    0.8408964  8.38514e+25 
  89    0.8593096  8.17583e+25 
  90    0.8781261  7.97244e+25 
  91    0.8973545  7.76693e+25 
  92    0.9170040  7.54260e+25 
  93    0.9370838  7.32303e+25 
  94    0.9576033  7.08541e+25 
  95    0.9785721  6.82068e+25 
  96    1.0000000  6.56965e+25 
  97    1.0218971  6.31814e+25 
  98    1.0442738  6.05194e+25 
  99    1.0671404  5.78192e+25 
 100    1.0905077  5.46943e+25 
 101    1.1143867  5.16632e+25 
 102    1.1387886  4.86628e+25 
 103    1.1637249  4.55834e+25 
 104    1.1892071  4.26069e+25 
 105    1.2152474  3.97744e+25 
 106    1.2418578  3.70552e+25 
 107    1.2690510  3.45432e+25 
 108    1.2968396  3.21102e+25 
 109    1.3252366  2.95621e+25 
 110    1.3542555  2.73680e+25 
 111    1.3839099  2.52881e+25 
 112    1.4142136  2.34763e+25 
 113    1.4451808  2.19008e+25 
 114    1.4768261  2.04101e+25 
 115    1.5091644  1.89783e+25 
 116    1.5422108  1.76363e+25 
 117    1.5759808  1.64827e+25 
 118    1.6104903  1.53275e+25 
 119    1.6457555  1.42994e+25 
 120    1.6817928  1.34557e+25 
 121    1.7186193  1.26886e+25 
 122    1.7562522  1.20663e+25 
 123    1.7947091  1.15167e+25 
 124    1.8340081  1.09372e+25 
 125    1.8741676  1.04436e+25 
 126    1.9152066  1.00795e+25 
 127    1.9571441  9.78218e+24 
 128    2.0000000  9.55695e+24 
 129    2.0437943  9.43545e+24 
 130    2.0885476  9.41496e+24 
 131    2.1342808  9.40719e+24 
 132    2.1810155  9.51749e+24 
 133    2.2287735  9.58433e+24 
 134    2.2775773  9.80780e+24 
 135    2.3274497  1.00562e+25 
 136    2.3784142  1.03982e+25 
 137    2.4304947  1.08296e+25 
 138    2.4837156  1.13528e+25 
 139    2.5381019  1.18790e+25 
 140    2.5936791  1.24906e+25 
 141    2.6504733  1.31549e+25 
 142    2.7085111  1.38287e+25 
 143    2.7678198  1.45545e+25 
 144    2.8284271  1.51696e+25 
 145    2.8903616  1.57822e+25 
 146    2.9536523  1.63007e+25 
 147    3.0183289  1.68083e+25 
 148    3.0844217  1.71684e+25 
 149    3.1519617  1.73374e+25 
 150    3.2209807  1.74636e+25 
 151    3.2915110  1.74632e+25 
 152    3.3635857  1.73022e+25 
 153    3.4372386  1.70291e+25 
 154    3.5125043  1.65783e+25 
 155    3.5894182  1.60267e+25 
 156    3.6680162  1.53898e+25 
 157    3.7483353  1.47028e+25 
 158    3.8304131  1.39556e+25 
 159    3.9142882  1.31849e+25 
 160    4.0000000  1.23762e+25 
 161    4.0875886  1.15770e+25 
 162    4.1770951  1.07264e+25 
 163    4.2685616  9.82401e+24 
 164    4.3620309  8.95058e+24 
 165    4.4575470  8.06934e+24 
 166    4.5551545  7.20674e+24 
 167    4.6548994  6.37901e+24 
 168    4.7568285  5.56190e+24 
 169    4.8609894  4.81426e+24 
 170    4.9674312  4.10865e+24 
 171    5.0762038  3.44359e+24 
 172    5.1873582  2.80635e+24 
 173    5.3009466  2.27229e+24 
 174    5.4170222  1.79623e+24 
 175    5.5356395  1.40010e+24 
 176    5.6568542  1.06852e+24 
 177    5.7807232  8.01932e+23 
 178    5.9073046  5.98195e+23 
 179    6.0366577  4.36382e+23 
 180    6.1688433  3.12803e+23 
 181    6.3039234  2.26002e+23 
 182    6.4419613  1.63298e+23 
 183    6.5830219  1.13326e+23 
 184    6.7271713  8.36747e+22 
 185    6.8744772  6.02010e+22 
 186    7.0250086  4.40427e+22 
 187    7.1788363  2.96607e+22 
 188    7.3360323  1.86943e+22 
 189    7.4966705  9.76938e+21 


# S-band (filter: Spitzer_IRAC2.dat)
   0    0.1250000  2.47413e+26 
   1    0.1277371  2.64158e+26 
   2    0.1305342  2.81270e+26 
   3    0.1333926  2.98757e+26 
   4    0.1363135  3.09812e+26 
   5    0.1392983  3.27260e+26 
   6    0.1423486  3.43255e+26 
   7    0.1454656  3.52902e+26 
   8    0.1486509  3.62662e+26 
   9    0.1519059  3.77747e+26 
  10    0.1552322  3.81813e+26 
  11    0.1586314  3.89449e+26 
  12    0.1621049  3.92352e+26 
  13    0.1656546  3.92130e+26 
  14    0.1692819  3.86453e+26 
  15    0.1729887  3.83234e+26 
  16    0.1767767  3.73932e+26 
  17    0.1806476  3.66468e+26 
  18    0.1846033  3.52490e+26 
  19    0.1886456  3.45348e+26 
  20    0.1927764  3.30043e+26 
  21    0.1969976  3.17261e+26 
  22    0.2013113  3.06662e+26 
  23    0.2057194  2.90120e+26 
  24    0.2102241  2.76905e+26 
  25    0.2148274  2.62042e+26 
  26    0.2195315  2.50572e+26 
  27    0.2243386  2.33730e+26 
  28    0.2292510  2.26174e+26 
  29    0.2342710  2.13263e+26 
  30    0.2394008  2.00133e+26 
  31    0.2446430  1.85831e+26 
  32    0.2500000  1.74788e+26 
  33    0.2554743  1.64438e+26 
  34    0.2610684  1.54626e+26 
  35    0.2667851  1.45493e+26 
  36    0.2726269  1.36223e+26 
  37    0.2785967  1.26447e+26 
  38    0.2846972  1.17603e+26 
  39    0.2909312  1.10365e+26 
  40    0.2973018  1.02805e+26 
  41    0.3038118  9.62250e+25 
  42    0.3104645  9.00429e+25 
  43    0.3172627  8.37434e+25 
  44    0.3242099  7.76504e+25 
  45    0.3313092  6.99414e+25 
  46    0.3385639  6.51396e+25 
  47    0.3459775  6.02927e+25 
  48    0.3535534  5.56450e+25 
  49    0.3612952  5.11852e+25 
  50    0.3692065  4.78508e+25 
  51    0.3772911  4.41542e+25 
  52    0.3855527  4.04192e+25 
  53    0.3939952  3.71055e+25 
  54    0.4026226  3.40270e+25 
  55    0.4114389  3.13499e+25 
  56    0.4204482  2.92861e+25 
  57    0.4296548  2.74854e+25 
  58    0.4390630  2.55945e+25 
  59    0.4486773  2.39346e+25 
  60    0.4585020  2.22162e+25 
  61    0.4685419  2.07345e+25 
  62    0.4788016  1.91189e+25 
  63    0.4892860  1.76047e+25 
  64    0.5000000  1.64725e+25 
  65    0.5109486  1.53195e+25 
  66    0.5221369  1.42431e+25 
  67    0.5335702  1.32388e+25 
  68    0.5452539  1.21978e+25 
  69    0.5571934  1.14103e+25 
  70    0.5693943  1.05381e+25 
  71    0.5818624  9.83531e+24 
  72    0.5946036  9.25168e+24 
  73    0.6076237  8.68518e+24 
  74    0.6209289  8.07712e+24 
  75    0.6345255  7.48520e+24 
  76    0.6484198  7.06227e+24 
  77    0.6626183  6.70665e+24 
  78    0.6771278  6.50911e+24 
  79    0.6919549  6.40367e+24 
  80    0.7071068  6.10547e+24 
  81    0.7225904  5.79792e+24 
  82    0.7384131  5.61654e+24 
  83    0.7545822  5.31181e+24 
  84    0.7711054  5.24075e+24 
  85    0.7879904  5.08250e+24 
  86    0.8052452  4.95044e+24 
  87    0.8228777  4.79848e+24 
  88    0.8408964  4.64910e+24 
  89    0.8593096  4.53492e+24 
  90    0.8781261  4.43072e+24 
  91    0.8973545  4.22521e+24 
  92    0.9170040  4.12137e+24 
  93    0.9370838  4.07720e+24 
  94    0.9576033  3.98078e+24 
  95    0.9785721  3.89618e+24 
  96    1.0000000  3.79955e+24 
  97    1.0218971  3.69717e+24 
  98    1.0442738  3.54962e+24 
  99    1.0671404  3.43212e+24 
 100    1.0905077  3.26099e+24 
 101    1.1143867  3.11120e+24 
 102    1.1387886  2.93105e+24 
 103    1.1637249  2.80416e+24 
 104    1.1892071  2.62221e+24 
 105    1.2152474  2.55722e+24 
 106    1.2418578  2.37504e+24 
 107    1.2690510  2.28749e+24 
 108    1.2968396  2.14139e+24 
 109    1.3252366  2.10708e+24 
 110    1.3542555  2.04193e+24 
 111    1.3839099  1.94100e+24 
 112    1.4142136  1.86689e+24 
 113    1.4451808  1.84649e+24 
 114    1.4768261  1.80363e+24 
 115    1.5091644  1.72084e+24 
 116    1.5422108  1.62754e+24 
 117    1.5759808  1.54974e+24 
 118    1.6104903  1.47538e+24 
 119    1.6457555  1.40824e+24 
 120    1.6817928  1.34117e+24 
 121    1.7186193  1.24064e+24 
 122    1.7562522  1.19630e+24 
 123    1.7947091  1.15285e+24 
 124    1.8340081  1.10183e+24 
 125    1.8741676  1.03960e+24 
 126    1.9152066  9.73136e+23 
 127    1.9571441  9.42220e+23 
 128    2.0000000  9.25603e+23 
 129    2.0437943  8.80558e+23 
 130    2.0885476  8.63909e+23 
 131    2.1342808  8.30186e+23 
 132    2.1810155  8.10419e+23 
 133    2.2287735  7.76350e+23 
 134    2.2775773  7.53570e+23 
 135    2.3274497  7.54239e+23 
 136    2.3784142  7.44091e+23 
 137    2.4304947  7.38944e+23 
 138    2.4837156  7.52050e+23 
 139    2.5381019  7.65879e+23 
 140    2.5936791  7.60270e+23 
 141    2.6504733  7.57288e+23 
 142    2.7085111  7.55501e+23 
 143    2.7678198  7.48084e+23 
 144    2.8284271  7.41000e+23 
 145    2.8903616  7.45516e+23 
 146    2.9536523  7.54641e+23 
 147    3.0183289  7.37136e+23 
 148    3.0844217  7.39864e+23 
 149    3.1519617  7.38913e+23 
 150    3.2209807  7.27305e+23 
 151    3.2915110  6.95511e+23 
 152    3.3635857  6.71094e+23 
 153    3.4372386  6.34637e+23 
 154    3.5125043  5.96461e+23 
 155    3.5894182  5.61511e+23 
 156    3.6680162  5.17053e+23 
 157    3.7483353  4.61990e+23 
 158    3.8304131  4.04500e+23 
 159    3.9142882  3.51485e+23 
 160    4.0000000  2.95802e+23 
 161    4.0875886  2.42382e+23 
 162    4.1770951  1.91250e+23 
 163    4.2685616  1.55938e+23 
 164    4.3620309  1.20251e+23 
 165    4.4575470  9.37368e+22 
 166    4.5551545  7.06975e+22 
 167    4.6548994  4.91755e+22 
 168    4.7568285  3.47524e+22 
 169    4.8609894  2.69671e+22 
 170    4.9674312  1.88503e+22 
 171    5.0762038  1.46739e+22 
 172    5.1873582  1.09377e+22 
 173    5.3009466  7.67856e+21 
 174    5.4170222  5.17716e+21 
 175    5.5356395  3.78739e+21 
 176    5.6568542  2.80522e+21 
 177    5.7807232  2.26493e+21 
 178    5.9073046  1.68773e+21 
 179    6.0366577  1.28020e+21 
 180    6.1688433  9.94592e+20 
 181    6.3039234  7.93384e+20 
 182    6.4419613  4.99025e+20 
 183    6.5830219  5.56869e+20 
 184    6.7271713  5.13505e+20 
 185    6.8744772  4.17124e+20 
 186    7.0250086  3.52659e+20 
 187    7.1788363  2.81028e+20 
 188    7.3360323  2.59642e+20 
 189    7.4966705  1.99082e+20 


