# 1:iteration 2:time bin[s] 3-k:AB magnitude for k-th angular bin
# g-band (filter: g_LSST.dat)
   0    0.1250000 -1.41452e+01 
   1    0.1277371 -1.41550e+01 
   2    0.1305342 -1.41650e+01 
   3    0.1333926 -1.41752e+01 
   4    0.1363135 -1.42005e+01 
   5    0.1392983 -1.42174e+01 
   6    0.1423486 -1.42553e+01 
   7    0.1454656 -1.42518e+01 
   8    0.1486509 -1.42826e+01 
   9    0.1519059 -1.42837e+01 
  10    0.1552322 -1.42769e+01 
  11    0.1586314 -1.43087e+01 
  12    0.1621049 -1.43360e+01 
  13    0.1656546 -1.43923e+01 
  14    0.1692819 -1.44739e+01 
  15    0.1729887 -1.45353e+01 
  16    0.1767767 -1.45951e+01 
  17    0.1806476 -1.46648e+01 
  18    0.1846033 -1.47046e+01 
  19    0.1886456 -1.47582e+01 
  20    0.1927764 -1.47725e+01 
  21    0.1969976 -1.48368e+01 
  22    0.2013113 -1.48766e+01 
  23    0.2057194 -1.49118e+01 
  24    0.2102241 -1.49015e+01 
  25    0.2148274 -1.49165e+01 
  26    0.2195315 -1.49146e+01 
  27    0.2243386 -1.48998e+01 
  28    0.2292510 -1.48865e+01 
  29    0.2342710 -1.48589e+01 
  30    0.2394008 -1.48537e+01 
  31    0.2446430 -1.48619e+01 
  32    0.2500000 -1.48789e+01 
  33    0.2554743 -1.48756e+01 
  34    0.2610684 -1.48720e+01 
  35    0.2667851 -1.48646e+01 
  36    0.2726269 -1.48701e+01 
  37    0.2785967 -1.48802e+01 
  38    0.2846972 -1.48909e+01 
  39    0.2909312 -1.48969e+01 
  40    0.2973018 -1.49049e+01 
  41    0.3038118 -1.49273e+01 
  42    0.3104645 -1.49409e+01 
  43    0.3172627 -1.49692e+01 
  44    0.3242099 -1.49920e+01 
  45    0.3313092 -1.50257e+01 
  46    0.3385639 -1.50517e+01 
  47    0.3459775 -1.50818e+01 
  48    0.3535534 -1.51283e+01 
  49    0.3612952 -1.51733e+01 
  50    0.3692065 -1.51856e+01 
  51    0.3772911 -1.52180e+01 
  52    0.3855527 -1.52454e+01 
  53    0.3939952 -1.52742e+01 
  54    0.4026226 -1.53339e+01 
  55    0.4114389 -1.53724e+01 
  56    0.4204482 -1.54302e+01 
  57    0.4296548 -1.54937e+01 
  58    0.4390630 -1.55892e+01 
  59    0.4486773 -1.56817e+01 
  60    0.4585020 -1.57804e+01 
  61    0.4685419 -1.58997e+01 
  62    0.4788016 -1.60338e+01 
  63    0.4892860 -1.61918e+01 
  64    0.5000000 -1.63558e+01 
  65    0.5109486 -1.65069e+01 
  66    0.5221369 -1.66587e+01 
  67    0.5335702 -1.68004e+01 
  68    0.5452539 -1.69558e+01 
  69    0.5571934 -1.70961e+01 
  70    0.5693943 -1.72278e+01 
  71    0.5818624 -1.73648e+01 
  72    0.5946036 -1.74867e+01 
  73    0.6076237 -1.75978e+01 
  74    0.6209289 -1.77027e+01 
  75    0.6345255 -1.77883e+01 
  76    0.6484198 -1.78778e+01 
  77    0.6626183 -1.79630e+01 
  78    0.6771278 -1.80364e+01 
  79    0.6919549 -1.81128e+01 
  80    0.7071068 -1.81789e+01 
  81    0.7225904 -1.82415e+01 
  82    0.7384131 -1.82988e+01 
  83    0.7545822 -1.83542e+01 
  84    0.7711054 -1.84088e+01 
  85    0.7879904 -1.84605e+01 
  86    0.8052452 -1.85110e+01 
  87    0.8228777 -1.85585e+01 
  88    0.8408964 -1.85994e+01 
  89    0.8593096 -1.86420e+01 
  90    0.8781261 -1.86845e+01 
  91    0.8973545 -1.87276e+01 
  92    0.9170040 -1.87691e+01 
  93    0.9370838 -1.88102e+01 
  94    0.9576033 -1.88500e+01 
  95    0.9785721 -1.88852e+01 
  96    1.0000000 -1.89197e+01 
  97    1.0218971 -1.89507e+01 
  98    1.0442738 -1.89793e+01 
  99    1.0671404 -1.90077e+01 
 100    1.0905077 -1.90327e+01 
 101    1.1143867 -1.90535e+01 
 102    1.1387886 -1.90687e+01 
 103    1.1637249 -1.90804e+01 
 104    1.1892071 -1.90875e+01 
 105    1.2152474 -1.90905e+01 
 106    1.2418578 -1.90921e+01 
 107    1.2690510 -1.90903e+01 
 108    1.2968396 -1.90862e+01 
 109    1.3252366 -1.90794e+01 
 110    1.3542555 -1.90679e+01 
 111    1.3839099 -1.90515e+01 
 112    1.4142136 -1.90331e+01 
 113    1.4451808 -1.90090e+01 
 114    1.4768261 -1.89832e+01 
 115    1.5091644 -1.89563e+01 
 116    1.5422108 -1.89270e+01 
 117    1.5759808 -1.88971e+01 
 118    1.6104903 -1.88649e+01 
 119    1.6457555 -1.88809e+01 
 120    1.6817928 -1.89138e+01 
 121    1.7186193 -1.89133e+01 
 122    1.7562522 -1.88726e+01 
 123    1.7947091 -1.88263e+01 
 124    1.8340081 -1.87806e+01 
 125    1.8741676 -1.87385e+01 
 126    1.9152066 -1.86622e+01 
 127    1.9571441 -1.85699e+01 
 128    2.0000000 -1.84586e+01 
 129    2.0437943 -1.83068e+01 
 130    2.0885476 -1.80966e+01 
 131    2.1342808 -1.78272e+01 
 132    2.1810155 -1.74851e+01 
 133    2.2287735 -1.71794e+01 
 134    2.2775773 -1.68644e+01 
 135    2.3274497 -1.65968e+01 
 136    2.3784142 -1.63516e+01 
 137    2.4304947 -1.60793e+01 
 138    2.4837156 -1.58854e+01 
 139    2.5381019 -1.57098e+01 
 140    2.5936791 -1.55582e+01 
 141    2.6504733 -1.54551e+01 
 142    2.7085111 -1.53933e+01 
 143    2.7678198 -1.53938e+01 
 144    2.8284271 -1.54243e+01 
 145    2.8903616 -1.54756e+01 
 146    2.9536523 -1.55389e+01 
 147    3.0183289 -1.56121e+01 
 148    3.0844217 -1.56879e+01 
 149    3.1519617 -1.57708e+01 
 150    3.2209807 -1.58568e+01 
 151    3.2915110 -1.59457e+01 
 152    3.3635857 -1.60344e+01 
 153    3.4372386 -1.61253e+01 
 154    3.5125043 -1.62142e+01 
 155    3.5894182 -1.63007e+01 
 156    3.6680162 -1.63876e+01 
 157    3.7483353 -1.64684e+01 
 158    3.8304131 -1.65434e+01 
 159    3.9142882 -1.66143e+01 
 160    4.0000000 -1.66728e+01 
 161    4.0875886 -1.67220e+01 
 162    4.1770951 -1.67668e+01 
 163    4.2685616 -1.67939e+01 
 164    4.3620309 -1.68112e+01 
 165    4.4575470 -1.68198e+01 
 166    4.5551545 -1.68102e+01 
 167    4.6548994 -1.67865e+01 
 168    4.7568285 -1.67523e+01 
 169    4.8609894 -1.66951e+01 
 170    4.9674312 -1.66194e+01 
 171    5.0762038 -1.65254e+01 
 172    5.1873582 -1.64175e+01 
 173    5.3009466 -1.62809e+01 
 174    5.4170222 -1.61239e+01 
 175    5.5356395 -1.59516e+01 
 176    5.6568542 -1.57548e+01 
 177    5.7807232 -1.55472e+01 
 178    5.9073046 -1.53220e+01 
 179    6.0366577 -1.50935e+01 
 180    6.1688433 -1.48629e+01 
 181    6.3039234 -1.46234e+01 
 182    6.4419613 -1.44020e+01 
 183    6.5830219 -1.41881e+01 
 184    6.7271713 -1.39758e+01 
 185    6.8744772 -1.37809e+01 
 186    7.0250086 -1.35800e+01 
 187    7.1788363 -1.33895e+01 
 188    7.3360323 -1.32096e+01 
 189    7.4966705 -1.30482e+01 


# r-band (filter: r_LSST.dat)
   0    0.1250000 -1.42471e+01 
   1    0.1277371 -1.42796e+01 
   2    0.1305342 -1.43128e+01 
   3    0.1333926 -1.43467e+01 
   4    0.1363135 -1.43442e+01 
   5    0.1392983 -1.44001e+01 
   6    0.1423486 -1.44041e+01 
   7    0.1454656 -1.44186e+01 
   8    0.1486509 -1.44666e+01 
   9    0.1519059 -1.45342e+01 
  10    0.1552322 -1.45455e+01 
  11    0.1586314 -1.45940e+01 
  12    0.1621049 -1.46643e+01 
  13    0.1656546 -1.47235e+01 
  14    0.1692819 -1.47524e+01 
  15    0.1729887 -1.48055e+01 
  16    0.1767767 -1.49103e+01 
  17    0.1806476 -1.50033e+01 
  18    0.1846033 -1.50793e+01 
  19    0.1886456 -1.50843e+01 
  20    0.1927764 -1.50225e+01 
  21    0.1969976 -1.50476e+01 
  22    0.2013113 -1.50652e+01 
  23    0.2057194 -1.50911e+01 
  24    0.2102241 -1.50808e+01 
  25    0.2148274 -1.51268e+01 
  26    0.2195315 -1.52000e+01 
  27    0.2243386 -1.52421e+01 
  28    0.2292510 -1.52844e+01 
  29    0.2342710 -1.52944e+01 
  30    0.2394008 -1.53521e+01 
  31    0.2446430 -1.54478e+01 
  32    0.2500000 -1.55481e+01 
  33    0.2554743 -1.56215e+01 
  34    0.2610684 -1.56964e+01 
  35    0.2667851 -1.57646e+01 
  36    0.2726269 -1.58687e+01 
  37    0.2785967 -1.59637e+01 
  38    0.2846972 -1.60463e+01 
  39    0.2909312 -1.61856e+01 
  40    0.2973018 -1.63260e+01 
  41    0.3038118 -1.64935e+01 
  42    0.3104645 -1.66432e+01 
  43    0.3172627 -1.68068e+01 
  44    0.3242099 -1.69595e+01 
  45    0.3313092 -1.71451e+01 
  46    0.3385639 -1.73431e+01 
  47    0.3459775 -1.75357e+01 
  48    0.3535534 -1.77080e+01 
  49    0.3612952 -1.78742e+01 
  50    0.3692065 -1.80567e+01 
  51    0.3772911 -1.82390e+01 
  52    0.3855527 -1.84162e+01 
  53    0.3939952 -1.85619e+01 
  54    0.4026226 -1.86977e+01 
  55    0.4114389 -1.88368e+01 
  56    0.4204482 -1.89536e+01 
  57    0.4296548 -1.90584e+01 
  58    0.4390630 -1.91707e+01 
  59    0.4486773 -1.92650e+01 
  60    0.4585020 -1.93466e+01 
  61    0.4685419 -1.94272e+01 
  62    0.4788016 -1.94911e+01 
  63    0.4892860 -1.95532e+01 
  64    0.5000000 -1.96070e+01 
  65    0.5109486 -1.96619e+01 
  66    0.5221369 -1.97067e+01 
  67    0.5335702 -1.97541e+01 
  68    0.5452539 -1.98134e+01 
  69    0.5571934 -1.98692e+01 
  70    0.5693943 -1.98759e+01 
  71    0.5818624 -1.98916e+01 
  72    0.5946036 -1.98972e+01 
  73    0.6076237 -1.99217e+01 
  74    0.6209289 -1.99478e+01 
  75    0.6345255 -1.99917e+01 
  76    0.6484198 -2.00332e+01 
  77    0.6626183 -2.00882e+01 
  78    0.6771278 -2.01702e+01 
  79    0.6919549 -2.02482e+01 
  80    0.7071068 -2.03052e+01 
  81    0.7225904 -2.03924e+01 
  82    0.7384131 -2.04771e+01 
  83    0.7545822 -2.05749e+01 
  84    0.7711054 -2.06728e+01 
  85    0.7879904 -2.07564e+01 
  86    0.8052452 -2.08157e+01 
  87    0.8228777 -2.08752e+01 
  88    0.8408964 -2.09274e+01 
  89    0.8593096 -2.09632e+01 
  90    0.8781261 -2.09921e+01 
  91    0.8973545 -2.10143e+01 
  92    0.9170040 -2.10289e+01 
  93    0.9370838 -2.10384e+01 
  94    0.9576033 -2.10386e+01 
  95    0.9785721 -2.10304e+01 
  96    1.0000000 -2.10151e+01 
  97    1.0218971 -2.09871e+01 
  98    1.0442738 -2.09545e+01 
  99    1.0671404 -2.09164e+01 
 100    1.0905077 -2.08686e+01 
 101    1.1143867 -2.08132e+01 
 102    1.1387886 -2.07484e+01 
 103    1.1637249 -2.06720e+01 
 104    1.1892071 -2.05835e+01 
 105    1.2152474 -2.04925e+01 
 106    1.2418578 -2.03989e+01 
 107    1.2690510 -2.03137e+01 
 108    1.2968396 -2.02373e+01 
 109    1.3252366 -2.01591e+01 
 110    1.3542555 -2.01004e+01 
 111    1.3839099 -2.00417e+01 
 112    1.4142136 -1.99848e+01 
 113    1.4451808 -1.99295e+01 
 114    1.4768261 -1.98738e+01 
 115    1.5091644 -1.98329e+01 
 116    1.5422108 -1.97850e+01 
 117    1.5759808 -1.97350e+01 
 118    1.6104903 -1.96834e+01 
 119    1.6457555 -1.95789e+01 
 120    1.6817928 -1.94243e+01 
 121    1.7186193 -1.92763e+01 
 122    1.7562522 -1.91175e+01 
 123    1.7947091 -1.89593e+01 
 124    1.8340081 -1.87958e+01 
 125    1.8741676 -1.86084e+01 
 126    1.9152066 -1.84286e+01 
 127    1.9571441 -1.82281e+01 
 128    2.0000000 -1.80100e+01 
 129    2.0437943 -1.77471e+01 
 130    2.0885476 -1.74258e+01 
 131    2.1342808 -1.71231e+01 
 132    2.1810155 -1.67693e+01 
 133    2.2287735 -1.64437e+01 
 134    2.2775773 -1.60905e+01 
 135    2.3274497 -1.57945e+01 
 136    2.3784142 -1.55102e+01 
 137    2.4304947 -1.51972e+01 
 138    2.4837156 -1.49472e+01 
 139    2.5381019 -1.47059e+01 
 140    2.5936791 -1.44937e+01 
 141    2.6504733 -1.43157e+01 
 142    2.7085111 -1.41746e+01 
 143    2.7678198 -1.40928e+01 
 144    2.8284271 -1.40292e+01 
 145    2.8903616 -1.39628e+01 
 146    2.9536523 -1.39019e+01 
 147    3.0183289 -1.38404e+01 
 148    3.0844217 -1.37934e+01 
 149    3.1519617 -1.37499e+01 
 150    3.2209807 -1.37131e+01 
 151    3.2915110 -1.37020e+01 
 152    3.3635857 -1.37150e+01 
 153    3.4372386 -1.37319e+01 
 154    3.5125043 -1.37874e+01 
 155    3.5894182 -1.38562e+01 
 156    3.6680162 -1.39459e+01 
 157    3.7483353 -1.40615e+01 
 158    3.8304131 -1.41908e+01 
 159    3.9142882 -1.43447e+01 
 160    4.0000000 -1.44993e+01 
 161    4.0875886 -1.46612e+01 
 162    4.1770951 -1.48289e+01 
 163    4.2685616 -1.49803e+01 
 164    4.3620309 -1.51190e+01 
 165    4.4575470 -1.52556e+01 
 166    4.5551545 -1.53644e+01 
 167    4.6548994 -1.54604e+01 
 168    4.7568285 -1.55415e+01 
 169    4.8609894 -1.55930e+01 
 170    4.9674312 -1.56219e+01 
 171    5.0762038 -1.56240e+01 
 172    5.1873582 -1.56068e+01 
 173    5.3009466 -1.55536e+01 
 174    5.4170222 -1.54786e+01 
 175    5.5356395 -1.53827e+01 
 176    5.6568542 -1.52557e+01 
 177    5.7807232 -1.51091e+01 
 178    5.9073046 -1.49417e+01 
 179    6.0366577 -1.47603e+01 
 180    6.1688433 -1.45681e+01 
 181    6.3039234 -1.43614e+01 
 182    6.4419613 -1.41634e+01 
 183    6.5830219 -1.39674e+01 
 184    6.7271713 -1.37667e+01 
 185    6.8744772 -1.35924e+01 
 186    7.0250086 -1.34157e+01 
 187    7.1788363 -1.32366e+01 
 188    7.3360323 -1.30680e+01 
 189    7.4966705 -1.29212e+01 


# i-band (filter: i_LSST.dat)
   0    0.1250000 -1.43812e+01 
   1    0.1277371 -1.44347e+01 
   2    0.1305342 -1.44893e+01 
   3    0.1333926 -1.45451e+01 
   4    0.1363135 -1.46187e+01 
   5    0.1392983 -1.47211e+01 
   6    0.1423486 -1.48911e+01 
   7    0.1454656 -1.50576e+01 
   8    0.1486509 -1.51951e+01 
   9    0.1519059 -1.53676e+01 
  10    0.1552322 -1.55523e+01 
  11    0.1586314 -1.57559e+01 
  12    0.1621049 -1.59488e+01 
  13    0.1656546 -1.61931e+01 
  14    0.1692819 -1.65514e+01 
  15    0.1729887 -1.68807e+01 
  16    0.1767767 -1.72076e+01 
  17    0.1806476 -1.75190e+01 
  18    0.1846033 -1.77736e+01 
  19    0.1886456 -1.76384e+01 
  20    0.1927764 -1.75683e+01 
  21    0.1969976 -1.75328e+01 
  22    0.2013113 -1.74782e+01 
  23    0.2057194 -1.74384e+01 
  24    0.2102241 -1.72848e+01 
  25    0.2148274 -1.71642e+01 
  26    0.2195315 -1.69712e+01 
  27    0.2243386 -1.67349e+01 
  28    0.2292510 -1.65453e+01 
  29    0.2342710 -1.63363e+01 
  30    0.2394008 -1.62511e+01 
  31    0.2446430 -1.62902e+01 
  32    0.2500000 -1.63310e+01 
  33    0.2554743 -1.63359e+01 
  34    0.2610684 -1.63433e+01 
  35    0.2667851 -1.63354e+01 
  36    0.2726269 -1.63877e+01 
  37    0.2785967 -1.64564e+01 
  38    0.2846972 -1.65328e+01 
  39    0.2909312 -1.66015e+01 
  40    0.2973018 -1.66670e+01 
  41    0.3038118 -1.67229e+01 
  42    0.3104645 -1.67915e+01 
  43    0.3172627 -1.68733e+01 
  44    0.3242099 -1.69507e+01 
  45    0.3313092 -1.70431e+01 
  46    0.3385639 -1.71328e+01 
  47    0.3459775 -1.72425e+01 
  48    0.3535534 -1.73294e+01 
  49    0.3612952 -1.74176e+01 
  50    0.3692065 -1.75184e+01 
  51    0.3772911 -1.76277e+01 
  52    0.3855527 -1.77360e+01 
  53    0.3939952 -1.78405e+01 
  54    0.4026226 -1.79495e+01 
  55    0.4114389 -1.80552e+01 
  56    0.4204482 -1.81600e+01 
  57    0.4296548 -1.82617e+01 
  58    0.4390630 -1.83680e+01 
  59    0.4486773 -1.84678e+01 
  60    0.4585020 -1.85668e+01 
  61    0.4685419 -1.86588e+01 
  62    0.4788016 -1.87511e+01 
  63    0.4892860 -1.88364e+01 
  64    0.5000000 -1.89203e+01 
  65    0.5109486 -1.90044e+01 
  66    0.5221369 -1.90773e+01 
  67    0.5335702 -1.91517e+01 
  68    0.5452539 -1.92224e+01 
  69    0.5571934 -1.92846e+01 
  70    0.5693943 -1.93403e+01 
  71    0.5818624 -1.93967e+01 
  72    0.5946036 -1.94449e+01 
  73    0.6076237 -1.94912e+01 
  74    0.6209289 -1.95324e+01 
  75    0.6345255 -1.95691e+01 
  76    0.6484198 -1.95997e+01 
  77    0.6626183 -1.96274e+01 
  78    0.6771278 -1.96511e+01 
  79    0.6919549 -1.96700e+01 
  80    0.7071068 -1.96831e+01 
  81    0.7225904 -1.96934e+01 
  82    0.7384131 -1.97005e+01 
  83    0.7545822 -1.97043e+01 
  84    0.7711054 -1.97044e+01 
  85    0.7879904 -1.96984e+01 
  86    0.8052452 -1.96907e+01 
  87    0.8228777 -1.96789e+01 
  88    0.8408964 -1.96640e+01 
  89    0.8593096 -1.96464e+01 
  90    0.8781261 -1.96254e+01 
  91    0.8973545 -1.96006e+01 
  92    0.9170040 -1.95725e+01 
  93    0.9370838 -1.95424e+01 
  94    0.9576033 -1.95085e+01 
  95    0.9785721 -1.94724e+01 
  96    1.0000000 -1.94320e+01 
  97    1.0218971 -1.93906e+01 
  98    1.0442738 -1.93443e+01 
  99    1.0671404 -1.92969e+01 
 100    1.0905077 -1.92472e+01 
 101    1.1143867 -1.91947e+01 
 102    1.1387886 -1.91397e+01 
 103    1.1637249 -1.90818e+01 
 104    1.1892071 -1.90216e+01 
 105    1.2152474 -1.89595e+01 
 106    1.2418578 -1.88944e+01 
 107    1.2690510 -1.88269e+01 
 108    1.2968396 -1.87592e+01 
 109    1.3252366 -1.86877e+01 
 110    1.3542555 -1.86149e+01 
 111    1.3839099 -1.85403e+01 
 112    1.4142136 -1.84622e+01 
 113    1.4451808 -1.83828e+01 
 114    1.4768261 -1.83006e+01 
 115    1.5091644 -1.82177e+01 
 116    1.5422108 -1.81336e+01 
 117    1.5759808 -1.80489e+01 
 118    1.6104903 -1.79617e+01 
 119    1.6457555 -1.78747e+01 
 120    1.6817928 -1.77786e+01 
 121    1.7186193 -1.76803e+01 
 122    1.7562522 -1.75652e+01 
 123    1.7947091 -1.74332e+01 
 124    1.8340081 -1.72973e+01 
 125    1.8741676 -1.71522e+01 
 126    1.9152066 -1.69821e+01 
 127    1.9571441 -1.67802e+01 
 128    2.0000000 -1.65548e+01 
 129    2.0437943 -1.62649e+01 
 130    2.0885476 -1.59318e+01 
 131    2.1342808 -1.55825e+01 
 132    2.1810155 -1.52398e+01 
 133    2.2287735 -1.49191e+01 
 134    2.2775773 -1.45725e+01 
 135    2.3274497 -1.42906e+01 
 136    2.3784142 -1.40127e+01 
 137    2.4304947 -1.37317e+01 
 138    2.4837156 -1.35077e+01 
 139    2.5381019 -1.32950e+01 
 140    2.5936791 -1.31336e+01 
 141    2.6504733 -1.29907e+01 
 142    2.7085111 -1.28808e+01 
 143    2.7678198 -1.28070e+01 
 144    2.8284271 -1.27353e+01 
 145    2.8903616 -1.26679e+01 
 146    2.9536523 -1.26046e+01 
 147    3.0183289 -1.25348e+01 
 148    3.0844217 -1.24767e+01 
 149    3.1519617 -1.24092e+01 
 150    3.2209807 -1.23479e+01 
 151    3.2915110 -1.22964e+01 
 152    3.3635857 -1.22551e+01 
 153    3.4372386 -1.22221e+01 
 154    3.5125043 -1.22012e+01 
 155    3.5894182 -1.21883e+01 
 156    3.6680162 -1.21738e+01 
 157    3.7483353 -1.21681e+01 
 158    3.8304131 -1.21784e+01 
 159    3.9142882 -1.22037e+01 
 160    4.0000000 -1.22554e+01 
 161    4.0875886 -1.23334e+01 
 162    4.1770951 -1.24189e+01 
 163    4.2685616 -1.25384e+01 
 164    4.3620309 -1.26688e+01 
 165    4.4575470 -1.28110e+01 
 166    4.5551545 -1.29697e+01 
 167    4.6548994 -1.31309e+01 
 168    4.7568285 -1.33140e+01 
 169    4.8609894 -1.34817e+01 
 170    4.9674312 -1.36366e+01 
 171    5.0762038 -1.37764e+01 
 172    5.1873582 -1.39041e+01 
 173    5.3009466 -1.39794e+01 
 174    5.4170222 -1.40244e+01 
 175    5.5356395 -1.40422e+01 
 176    5.6568542 -1.40064e+01 
 177    5.7807232 -1.39381e+01 
 178    5.9073046 -1.38338e+01 
 179    6.0366577 -1.36864e+01 
 180    6.1688433 -1.35097e+01 
 181    6.3039234 -1.33078e+01 
 182    6.4419613 -1.31003e+01 
 183    6.5830219 -1.28993e+01 
 184    6.7271713 -1.26893e+01 
 185    6.8744772 -1.25259e+01 
 186    7.0250086 -1.23510e+01 
 187    7.1788363 -1.21625e+01 
 188    7.3360323 -1.19899e+01 
 189    7.4966705 -1.18602e+01 


# z-band (filter: z_LSST.dat)
   0    0.1250000 -1.42025e+01 
   1    0.1277371 -1.44925e+01 
   2    0.1305342 -1.47888e+01 
   3    0.1333926 -1.50916e+01 
   4    0.1363135 -1.54531e+01 
   5    0.1392983 -1.58099e+01 
   6    0.1423486 -1.60710e+01 
   7    0.1454656 -1.63881e+01 
   8    0.1486509 -1.67445e+01 
   9    0.1519059 -1.71267e+01 
  10    0.1552322 -1.74643e+01 
  11    0.1586314 -1.77443e+01 
  12    0.1621049 -1.80333e+01 
  13    0.1656546 -1.83481e+01 
  14    0.1692819 -1.84408e+01 
  15    0.1729887 -1.84909e+01 
  16    0.1767767 -1.84986e+01 
  17    0.1806476 -1.85088e+01 
  18    0.1846033 -1.84427e+01 
  19    0.1886456 -1.82296e+01 
  20    0.1927764 -1.79512e+01 
  21    0.1969976 -1.76788e+01 
  22    0.2013113 -1.74074e+01 
  23    0.2057194 -1.71611e+01 
  24    0.2102241 -1.68231e+01 
  25    0.2148274 -1.65304e+01 
  26    0.2195315 -1.63705e+01 
  27    0.2243386 -1.61989e+01 
  28    0.2292510 -1.60375e+01 
  29    0.2342710 -1.59152e+01 
  30    0.2394008 -1.58819e+01 
  31    0.2446430 -1.58852e+01 
  32    0.2500000 -1.59193e+01 
  33    0.2554743 -1.59714e+01 
  34    0.2610684 -1.60464e+01 
  35    0.2667851 -1.61154e+01 
  36    0.2726269 -1.62220e+01 
  37    0.2785967 -1.63337e+01 
  38    0.2846972 -1.64446e+01 
  39    0.2909312 -1.65885e+01 
  40    0.2973018 -1.67130e+01 
  41    0.3038118 -1.68333e+01 
  42    0.3104645 -1.69687e+01 
  43    0.3172627 -1.71031e+01 
  44    0.3242099 -1.72431e+01 
  45    0.3313092 -1.73906e+01 
  46    0.3385639 -1.75331e+01 
  47    0.3459775 -1.76836e+01 
  48    0.3535534 -1.78058e+01 
  49    0.3612952 -1.79457e+01 
  50    0.3692065 -1.80745e+01 
  51    0.3772911 -1.82002e+01 
  52    0.3855527 -1.83261e+01 
  53    0.3939952 -1.84453e+01 
  54    0.4026226 -1.85531e+01 
  55    0.4114389 -1.86675e+01 
  56    0.4204482 -1.87670e+01 
  57    0.4296548 -1.88596e+01 
  58    0.4390630 -1.89559e+01 
  59    0.4486773 -1.90444e+01 
  60    0.4585020 -1.91307e+01 
  61    0.4685419 -1.92051e+01 
  62    0.4788016 -1.92776e+01 
  63    0.4892860 -1.93409e+01 
  64    0.5000000 -1.94002e+01 
  65    0.5109486 -1.94534e+01 
  66    0.5221369 -1.95027e+01 
  67    0.5335702 -1.95453e+01 
  68    0.5452539 -1.95851e+01 
  69    0.5571934 -1.96200e+01 
  70    0.5693943 -1.96457e+01 
  71    0.5818624 -1.96693e+01 
  72    0.5946036 -1.96858e+01 
  73    0.6076237 -1.96989e+01 
  74    0.6209289 -1.97068e+01 
  75    0.6345255 -1.97106e+01 
  76    0.6484198 -1.97090e+01 
  77    0.6626183 -1.97068e+01 
  78    0.6771278 -1.96994e+01 
  79    0.6919549 -1.96877e+01 
  80    0.7071068 -1.96734e+01 
  81    0.7225904 -1.96549e+01 
  82    0.7384131 -1.96333e+01 
  83    0.7545822 -1.96093e+01 
  84    0.7711054 -1.95810e+01 
  85    0.7879904 -1.95507e+01 
  86    0.8052452 -1.95164e+01 
  87    0.8228777 -1.94807e+01 
  88    0.8408964 -1.94418e+01 
  89    0.8593096 -1.94005e+01 
  90    0.8781261 -1.93555e+01 
  91    0.8973545 -1.93102e+01 
  92    0.9170040 -1.92622e+01 
  93    0.9370838 -1.92108e+01 
  94    0.9576033 -1.91565e+01 
  95    0.9785721 -1.90990e+01 
  96    1.0000000 -1.90416e+01 
  97    1.0218971 -1.89810e+01 
  98    1.0442738 -1.89204e+01 
  99    1.0671404 -1.88555e+01 
 100    1.0905077 -1.87904e+01 
 101    1.1143867 -1.87207e+01 
 102    1.1387886 -1.86471e+01 
 103    1.1637249 -1.85733e+01 
 104    1.1892071 -1.84992e+01 
 105    1.2152474 -1.84221e+01 
 106    1.2418578 -1.83445e+01 
 107    1.2690510 -1.82621e+01 
 108    1.2968396 -1.81823e+01 
 109    1.3252366 -1.80982e+01 
 110    1.3542555 -1.80120e+01 
 111    1.3839099 -1.79257e+01 
 112    1.4142136 -1.78380e+01 
 113    1.4451808 -1.77469e+01 
 114    1.4768261 -1.76592e+01 
 115    1.5091644 -1.75667e+01 
 116    1.5422108 -1.74702e+01 
 117    1.5759808 -1.73761e+01 
 118    1.6104903 -1.72783e+01 
 119    1.6457555 -1.71843e+01 
 120    1.6817928 -1.70801e+01 
 121    1.7186193 -1.69692e+01 
 122    1.7562522 -1.68396e+01 
 123    1.7947091 -1.66973e+01 
 124    1.8340081 -1.65479e+01 
 125    1.8741676 -1.63909e+01 
 126    1.9152066 -1.62024e+01 
 127    1.9571441 -1.59862e+01 
 128    2.0000000 -1.57474e+01 
 129    2.0437943 -1.54339e+01 
 130    2.0885476 -1.50656e+01 
 131    2.1342808 -1.46749e+01 
 132    2.1810155 -1.42831e+01 
 133    2.2287735 -1.39324e+01 
 134    2.2775773 -1.35456e+01 
 135    2.3274497 -1.32301e+01 
 136    2.3784142 -1.29558e+01 
 137    2.4304947 -1.26652e+01 
 138    2.4837156 -1.24475e+01 
 139    2.5381019 -1.22334e+01 
 140    2.5936791 -1.20834e+01 
 141    2.6504733 -1.19532e+01 
 142    2.7085111 -1.18887e+01 
 143    2.7678198 -1.18450e+01 
 144    2.8284271 -1.18157e+01 
 145    2.8903616 -1.17976e+01 
 146    2.9536523 -1.17595e+01 
 147    3.0183289 -1.17332e+01 
 148    3.0844217 -1.17159e+01 
 149    3.1519617 -1.16703e+01 
 150    3.2209807 -1.16269e+01 
 151    3.2915110 -1.15672e+01 
 152    3.3635857 -1.15106e+01 
 153    3.4372386 -1.14562e+01 
 154    3.5125043 -1.13840e+01 
 155    3.5894182 -1.13385e+01 
 156    3.6680162 -1.12781e+01 
 157    3.7483353 -1.12463e+01 
 158    3.8304131 -1.12115e+01 
 159    3.9142882 -1.11720e+01 
 160    4.0000000 -1.11464e+01 
 161    4.0875886 -1.11676e+01 
 162    4.1770951 -1.11877e+01 
 163    4.2685616 -1.12423e+01 
 164    4.3620309 -1.12940e+01 
 165    4.4575470 -1.13545e+01 
 166    4.5551545 -1.14295e+01 
 167    4.6548994 -1.15180e+01 
 168    4.7568285 -1.16160e+01 
 169    4.8609894 -1.17104e+01 
 170    4.9674312 -1.18202e+01 
 171    5.0762038 -1.19249e+01 
 172    5.1873582 -1.20241e+01 
 173    5.3009466 -1.20970e+01 
 174    5.4170222 -1.21544e+01 
 175    5.5356395 -1.22110e+01 
 176    5.6568542 -1.22297e+01 
 177    5.7807232 -1.22232e+01 
 178    5.9073046 -1.22040e+01 
 179    6.0366577 -1.21373e+01 
 180    6.1688433 -1.20431e+01 
 181    6.3039234 -1.19253e+01 
 182    6.4419613 -1.17669e+01 
 183    6.5830219 -1.15755e+01 
 184    6.7271713 -1.13666e+01 
 185    6.8744772 -1.11413e+01 
 186    7.0250086 -1.09061e+01 
 187    7.1788363 -1.06471e+01 
 188    7.3360323 -1.03757e+01 
 189    7.4966705 -1.00873e+01 


# y-band (filter: y_LSST.dat)
   0    0.1250000 -1.55135e+01 
   1    0.1277371 -1.57833e+01 
   2    0.1305342 -1.60590e+01 
   3    0.1333926 -1.63408e+01 
   4    0.1363135 -1.66096e+01 
   5    0.1392983 -1.68991e+01 
   6    0.1423486 -1.71487e+01 
   7    0.1454656 -1.73901e+01 
   8    0.1486509 -1.76861e+01 
   9    0.1519059 -1.79942e+01 
  10    0.1552322 -1.81923e+01 
  11    0.1586314 -1.83875e+01 
  12    0.1621049 -1.85479e+01 
  13    0.1656546 -1.86802e+01 
  14    0.1692819 -1.87816e+01 
  15    0.1729887 -1.88575e+01 
  16    0.1767767 -1.89737e+01 
  17    0.1806476 -1.90627e+01 
  18    0.1846033 -1.90883e+01 
  19    0.1886456 -1.89804e+01 
  20    0.1927764 -1.88553e+01 
  21    0.1969976 -1.87744e+01 
  22    0.2013113 -1.87386e+01 
  23    0.2057194 -1.87284e+01 
  24    0.2102241 -1.86784e+01 
  25    0.2148274 -1.86767e+01 
  26    0.2195315 -1.86861e+01 
  27    0.2243386 -1.86693e+01 
  28    0.2292510 -1.86726e+01 
  29    0.2342710 -1.86656e+01 
  30    0.2394008 -1.87446e+01 
  31    0.2446430 -1.88595e+01 
  32    0.2500000 -1.89711e+01 
  33    0.2554743 -1.90800e+01 
  34    0.2610684 -1.91822e+01 
  35    0.2667851 -1.92811e+01 
  36    0.2726269 -1.93693e+01 
  37    0.2785967 -1.94522e+01 
  38    0.2846972 -1.95250e+01 
  39    0.2909312 -1.95983e+01 
  40    0.2973018 -1.96657e+01 
  41    0.3038118 -1.97252e+01 
  42    0.3104645 -1.97879e+01 
  43    0.3172627 -1.98453e+01 
  44    0.3242099 -1.98936e+01 
  45    0.3313092 -1.99404e+01 
  46    0.3385639 -1.99858e+01 
  47    0.3459775 -2.00233e+01 
  48    0.3535534 -2.00541e+01 
  49    0.3612952 -2.00847e+01 
  50    0.3692065 -2.01121e+01 
  51    0.3772911 -2.01341e+01 
  52    0.3855527 -2.01529e+01 
  53    0.3939952 -2.01695e+01 
  54    0.4026226 -2.01805e+01 
  55    0.4114389 -2.01899e+01 
  56    0.4204482 -2.02001e+01 
  57    0.4296548 -2.02072e+01 
  58    0.4390630 -2.02054e+01 
  59    0.4486773 -2.02071e+01 
  60    0.4585020 -2.02065e+01 
  61    0.4685419 -2.01995e+01 
  62    0.4788016 -2.01912e+01 
  63    0.4892860 -2.01816e+01 
  64    0.5000000 -2.01679e+01 
  65    0.5109486 -2.01509e+01 
  66    0.5221369 -2.01315e+01 
  67    0.5335702 -2.01088e+01 
  68    0.5452539 -2.00836e+01 
  69    0.5571934 -2.00573e+01 
  70    0.5693943 -2.00276e+01 
  71    0.5818624 -1.99955e+01 
  72    0.5946036 -1.99579e+01 
  73    0.6076237 -1.99199e+01 
  74    0.6209289 -1.98821e+01 
  75    0.6345255 -1.98431e+01 
  76    0.6484198 -1.98005e+01 
  77    0.6626183 -1.97551e+01 
  78    0.6771278 -1.97094e+01 
  79    0.6919549 -1.96592e+01 
  80    0.7071068 -1.96085e+01 
  81    0.7225904 -1.95544e+01 
  82    0.7384131 -1.95007e+01 
  83    0.7545822 -1.94452e+01 
  84    0.7711054 -1.93895e+01 
  85    0.7879904 -1.93331e+01 
  86    0.8052452 -1.92713e+01 
  87    0.8228777 -1.92089e+01 
  88    0.8408964 -1.91448e+01 
  89    0.8593096 -1.90811e+01 
  90    0.8781261 -1.90148e+01 
  91    0.8973545 -1.89498e+01 
  92    0.9170040 -1.88794e+01 
  93    0.9370838 -1.88072e+01 
  94    0.9576033 -1.87373e+01 
  95    0.9785721 -1.86643e+01 
  96    1.0000000 -1.85884e+01 
  97    1.0218971 -1.85123e+01 
  98    1.0442738 -1.84344e+01 
  99    1.0671404 -1.83558e+01 
 100    1.0905077 -1.82734e+01 
 101    1.1143867 -1.81917e+01 
 102    1.1387886 -1.81053e+01 
 103    1.1637249 -1.80191e+01 
 104    1.1892071 -1.79327e+01 
 105    1.2152474 -1.78480e+01 
 106    1.2418578 -1.77610e+01 
 107    1.2690510 -1.76722e+01 
 108    1.2968396 -1.75829e+01 
 109    1.3252366 -1.74901e+01 
 110    1.3542555 -1.73979e+01 
 111    1.3839099 -1.73028e+01 
 112    1.4142136 -1.72057e+01 
 113    1.4451808 -1.71128e+01 
 114    1.4768261 -1.70165e+01 
 115    1.5091644 -1.69194e+01 
 116    1.5422108 -1.68234e+01 
 117    1.5759808 -1.67217e+01 
 118    1.6104903 -1.66193e+01 
 119    1.6457555 -1.65168e+01 
 120    1.6817928 -1.64064e+01 
 121    1.7186193 -1.62932e+01 
 122    1.7562522 -1.61577e+01 
 123    1.7947091 -1.60083e+01 
 124    1.8340081 -1.58488e+01 
 125    1.8741676 -1.56799e+01 
 126    1.9152066 -1.54902e+01 
 127    1.9571441 -1.52695e+01 
 128    2.0000000 -1.50036e+01 
 129    2.0437943 -1.46648e+01 
 130    2.0885476 -1.42395e+01 
 131    2.1342808 -1.37827e+01 
 132    2.1810155 -1.32688e+01 
 133    2.2287735 -1.28256e+01 
 134    2.2775773 -1.23113e+01 
 135    2.3274497 -1.18581e+01 
 136    2.3784142 -1.14462e+01 
 137    2.4304947 -1.10164e+01 
 138    2.4837156 -1.07118e+01 
 139    2.5381019 -1.04290e+01 
 140    2.5936791 -1.01621e+01 
 141    2.6504733 -9.90696e+00 
 142    2.7085111 -9.75367e+00 
 143    2.7678198 -9.67924e+00 
 144    2.8284271 -9.60067e+00 
 145    2.8903616 -9.57292e+00 
 146    2.9536523 -9.53633e+00 
 147    3.0183289 -9.58778e+00 
 148    3.0844217 -9.56003e+00 
 149    3.1519617 -9.58709e+00 
 150    3.2209807 -9.57235e+00 
 151    3.2915110 -9.52045e+00 
 152    3.3635857 -9.49199e+00 
 153    3.4372386 -9.51315e+00 
 154    3.5125043 -9.54809e+00 
 155    3.5894182 -9.57611e+00 
 156    3.6680162 -9.59219e+00 
 157    3.7483353 -9.58027e+00 
 158    3.8304131 -9.60393e+00 
 159    3.9142882 -9.59923e+00 
 160    4.0000000 -9.63179e+00 
 161    4.0875886 -9.64358e+00 
 162    4.1770951 -9.71233e+00 
 163    4.2685616 -9.80056e+00 
 164    4.3620309 -9.93733e+00 
 165    4.4575470 -1.00311e+01 
 166    4.5551545 -1.01572e+01 
 167    4.6548994 -1.03314e+01 
 168    4.7568285 -1.05346e+01 
 169    4.8609894 -1.07610e+01 
 170    4.9674312 -1.10009e+01 
 171    5.0762038 -1.12497e+01 
 172    5.1873582 -1.15195e+01 
 173    5.3009466 -1.17467e+01 
 174    5.4170222 -1.19483e+01 
 175    5.5356395 -1.21595e+01 
 176    5.6568542 -1.22927e+01 
 177    5.7807232 -1.24074e+01 
 178    5.9073046 -1.24846e+01 
 179    6.0366577 -1.24833e+01 
 180    6.1688433 -1.24374e+01 
 181    6.3039234 -1.23439e+01 
 182    6.4419613 -1.21788e+01 
 183    6.5830219 -1.19897e+01 
 184    6.7271713 -1.17581e+01 
 185    6.8744772 -1.14973e+01 
 186    7.0250086 -1.12146e+01 
 187    7.1788363 -1.09036e+01 
 188    7.3360323 -1.05735e+01 
 189    7.4966705 -1.02211e+01 


# J-band (filter: J_2MASS.dat)
   0    0.1250000 -1.74514e+01 
   1    0.1277371 -1.76551e+01 
   2    0.1305342 -1.78632e+01 
   3    0.1333926 -1.80759e+01 
   4    0.1363135 -1.82394e+01 
   5    0.1392983 -1.84184e+01 
   6    0.1423486 -1.85780e+01 
   7    0.1454656 -1.87193e+01 
   8    0.1486509 -1.88755e+01 
   9    0.1519059 -1.90214e+01 
  10    0.1552322 -1.91606e+01 
  11    0.1586314 -1.92825e+01 
  12    0.1621049 -1.93848e+01 
  13    0.1656546 -1.94613e+01 
  14    0.1692819 -1.95552e+01 
  15    0.1729887 -1.96581e+01 
  16    0.1767767 -1.97504e+01 
  17    0.1806476 -1.98355e+01 
  18    0.1846033 -1.98857e+01 
  19    0.1886456 -1.98414e+01 
  20    0.1927764 -1.98066e+01 
  21    0.1969976 -1.97656e+01 
  22    0.2013113 -1.97266e+01 
  23    0.2057194 -1.97020e+01 
  24    0.2102241 -1.96559e+01 
  25    0.2148274 -1.96391e+01 
  26    0.2195315 -1.96245e+01 
  27    0.2243386 -1.95942e+01 
  28    0.2292510 -1.95803e+01 
  29    0.2342710 -1.95559e+01 
  30    0.2394008 -1.95862e+01 
  31    0.2446430 -1.96328e+01 
  32    0.2500000 -1.96805e+01 
  33    0.2554743 -1.97302e+01 
  34    0.2610684 -1.97783e+01 
  35    0.2667851 -1.98217e+01 
  36    0.2726269 -1.98584e+01 
  37    0.2785967 -1.98941e+01 
  38    0.2846972 -1.99249e+01 
  39    0.2909312 -1.99569e+01 
  40    0.2973018 -1.99813e+01 
  41    0.3038118 -2.00023e+01 
  42    0.3104645 -2.00219e+01 
  43    0.3172627 -2.00430e+01 
  44    0.3242099 -2.00572e+01 
  45    0.3313092 -2.00678e+01 
  46    0.3385639 -2.00762e+01 
  47    0.3459775 -2.00776e+01 
  48    0.3535534 -2.00801e+01 
  49    0.3612952 -2.00811e+01 
  50    0.3692065 -2.00807e+01 
  51    0.3772911 -2.00746e+01 
  52    0.3855527 -2.00679e+01 
  53    0.3939952 -2.00575e+01 
  54    0.4026226 -2.00459e+01 
  55    0.4114389 -2.00294e+01 
  56    0.4204482 -2.00122e+01 
  57    0.4296548 -1.99901e+01 
  58    0.4390630 -1.99711e+01 
  59    0.4486773 -1.99481e+01 
  60    0.4585020 -1.99218e+01 
  61    0.4685419 -1.98891e+01 
  62    0.4788016 -1.98570e+01 
  63    0.4892860 -1.98210e+01 
  64    0.5000000 -1.97842e+01 
  65    0.5109486 -1.97474e+01 
  66    0.5221369 -1.97060e+01 
  67    0.5335702 -1.96655e+01 
  68    0.5452539 -1.96201e+01 
  69    0.5571934 -1.95728e+01 
  70    0.5693943 -1.95224e+01 
  71    0.5818624 -1.94743e+01 
  72    0.5946036 -1.94202e+01 
  73    0.6076237 -1.93683e+01 
  74    0.6209289 -1.93131e+01 
  75    0.6345255 -1.92575e+01 
  76    0.6484198 -1.91997e+01 
  77    0.6626183 -1.91377e+01 
  78    0.6771278 -1.90781e+01 
  79    0.6919549 -1.90151e+01 
  80    0.7071068 -1.89521e+01 
  81    0.7225904 -1.88860e+01 
  82    0.7384131 -1.88204e+01 
  83    0.7545822 -1.87552e+01 
  84    0.7711054 -1.86884e+01 
  85    0.7879904 -1.86148e+01 
  86    0.8052452 -1.85432e+01 
  87    0.8228777 -1.84725e+01 
  88    0.8408964 -1.84003e+01 
  89    0.8593096 -1.83258e+01 
  90    0.8781261 -1.82509e+01 
  91    0.8973545 -1.81747e+01 
  92    0.9170040 -1.80989e+01 
  93    0.9370838 -1.80216e+01 
  94    0.9576033 -1.79408e+01 
  95    0.9785721 -1.78591e+01 
  96    1.0000000 -1.77791e+01 
  97    1.0218971 -1.76944e+01 
  98    1.0442738 -1.76082e+01 
  99    1.0671404 -1.75204e+01 
 100    1.0905077 -1.74344e+01 
 101    1.1143867 -1.73428e+01 
 102    1.1387886 -1.72545e+01 
 103    1.1637249 -1.71634e+01 
 104    1.1892071 -1.70694e+01 
 105    1.2152474 -1.69755e+01 
 106    1.2418578 -1.68824e+01 
 107    1.2690510 -1.67831e+01 
 108    1.2968396 -1.66852e+01 
 109    1.3252366 -1.65871e+01 
 110    1.3542555 -1.64893e+01 
 111    1.3839099 -1.63916e+01 
 112    1.4142136 -1.62873e+01 
 113    1.4451808 -1.61882e+01 
 114    1.4768261 -1.60872e+01 
 115    1.5091644 -1.59867e+01 
 116    1.5422108 -1.58857e+01 
 117    1.5759808 -1.57837e+01 
 118    1.6104903 -1.56795e+01 
 119    1.6457555 -1.55760e+01 
 120    1.6817928 -1.54647e+01 
 121    1.7186193 -1.53536e+01 
 122    1.7562522 -1.52102e+01 
 123    1.7947091 -1.50593e+01 
 124    1.8340081 -1.49038e+01 
 125    1.8741676 -1.47355e+01 
 126    1.9152066 -1.45401e+01 
 127    1.9571441 -1.43165e+01 
 128    2.0000000 -1.40538e+01 
 129    2.0437943 -1.37246e+01 
 130    2.0885476 -1.32865e+01 
 131    2.1342808 -1.28574e+01 
 132    2.1810155 -1.23208e+01 
 133    2.2287735 -1.18087e+01 
 134    2.2775773 -1.12966e+01 
 135    2.3274497 -1.08569e+01 
 136    2.3784142 -1.04453e+01 
 137    2.4304947 -9.98790e+00 
 138    2.4837156 -9.50728e+00 
 139    2.5381019 -9.22930e+00 
 140    2.5936791 -8.96626e+00 
 141    2.6504733 -8.63501e+00 
 142    2.7085111 -8.48654e+00 
 143    2.7678198 -8.33127e+00 
 144    2.8284271 -8.10003e+00 
 145    2.8903616 -7.36804e+00 
 146    2.9536523 -7.31835e+00 
 147    3.0183289 -7.17295e+00 
 148    3.0844217 -7.10929e+00 
 149    3.1519617 -7.10834e+00 
 150    3.2209807 -7.05355e+00 
 151    3.2915110 -7.13103e+00 
 152    3.3635857 -7.01575e+00 
 153    3.4372386 -7.17951e+00 
 154    3.5125043 -7.25012e+00 
 155    3.5894182 -7.30427e+00 
 156    3.6680162 -7.61914e+00 
 157    3.7483353 -8.10814e+00 
 158    3.8304131 -8.21104e+00 
 159    3.9142882 -8.36861e+00 
 160    4.0000000 -8.54157e+00 
 161    4.0875886 -8.68001e+00 
 162    4.1770951 -8.75706e+00 
 163    4.2685616 -8.79210e+00 
 164    4.3620309 -8.91533e+00 
 165    4.4575470 -8.92319e+00 
 166    4.5551545 -8.96040e+00 
 167    4.6548994 -8.95770e+00 
 168    4.7568285 -8.92269e+00 
 169    4.8609894 -8.94034e+00 
 170    4.9674312 -8.95222e+00 
 171    5.0762038 -8.96373e+00 
 172    5.1873582 -9.03897e+00 
 173    5.3009466 -9.20674e+00 
 174    5.4170222 -9.44633e+00 
 175    5.5356395 -9.70624e+00 
 176    5.6568542 -1.00188e+01 
 177    5.7807232 -1.03668e+01 
 178    5.9073046 -1.07399e+01 
 179    6.0366577 -1.11157e+01 
 180    6.1688433 -1.14834e+01 
 181    6.3039234 -1.18974e+01 
 182    6.4419613 -1.22466e+01 
 183    6.5830219 -1.25564e+01 
 184    6.7271713 -1.28287e+01 
 185    6.8744772 -1.30188e+01 
 186    7.0250086 -1.31859e+01 
 187    7.1788363 -1.33212e+01 
 188    7.3360323 -1.34186e+01 
 189    7.4966705 -1.34527e+01 


# H-band (filter: H_2MASS.dat)
   0    0.1250000 -1.98464e+01 
   1    0.1277371 -1.99621e+01 
   2    0.1305342 -2.00803e+01 
   3    0.1333926 -2.02011e+01 
   4    0.1363135 -2.03252e+01 
   5    0.1392983 -2.04402e+01 
   6    0.1423486 -2.05432e+01 
   7    0.1454656 -2.06442e+01 
   8    0.1486509 -2.07377e+01 
   9    0.1519059 -2.08212e+01 
  10    0.1552322 -2.09017e+01 
  11    0.1586314 -2.09751e+01 
  12    0.1621049 -2.10302e+01 
  13    0.1656546 -2.10819e+01 
  14    0.1692819 -2.11346e+01 
  15    0.1729887 -2.11653e+01 
  16    0.1767767 -2.11882e+01 
  17    0.1806476 -2.11995e+01 
  18    0.1846033 -2.11968e+01 
  19    0.1886456 -2.11407e+01 
  20    0.1927764 -2.10888e+01 
  21    0.1969976 -2.10315e+01 
  22    0.2013113 -2.09781e+01 
  23    0.2057194 -2.09248e+01 
  24    0.2102241 -2.08576e+01 
  25    0.2148274 -2.08058e+01 
  26    0.2195315 -2.07461e+01 
  27    0.2243386 -2.06839e+01 
  28    0.2292510 -2.06268e+01 
  29    0.2342710 -2.05683e+01 
  30    0.2394008 -2.05322e+01 
  31    0.2446430 -2.05041e+01 
  32    0.2500000 -2.04797e+01 
  33    0.2554743 -2.04517e+01 
  34    0.2610684 -2.04224e+01 
  35    0.2667851 -2.03904e+01 
  36    0.2726269 -2.03546e+01 
  37    0.2785967 -2.03157e+01 
  38    0.2846972 -2.02726e+01 
  39    0.2909312 -2.02293e+01 
  40    0.2973018 -2.01871e+01 
  41    0.3038118 -2.01389e+01 
  42    0.3104645 -2.00921e+01 
  43    0.3172627 -2.00396e+01 
  44    0.3242099 -1.99878e+01 
  45    0.3313092 -1.99327e+01 
  46    0.3385639 -1.98781e+01 
  47    0.3459775 -1.98243e+01 
  48    0.3535534 -1.97670e+01 
  49    0.3612952 -1.97122e+01 
  50    0.3692065 -1.96573e+01 
  51    0.3772911 -1.95956e+01 
  52    0.3855527 -1.95325e+01 
  53    0.3939952 -1.94718e+01 
  54    0.4026226 -1.94056e+01 
  55    0.4114389 -1.93358e+01 
  56    0.4204482 -1.92622e+01 
  57    0.4296548 -1.91940e+01 
  58    0.4390630 -1.91296e+01 
  59    0.4486773 -1.90616e+01 
  60    0.4585020 -1.89846e+01 
  61    0.4685419 -1.89067e+01 
  62    0.4788016 -1.88287e+01 
  63    0.4892860 -1.87515e+01 
  64    0.5000000 -1.86759e+01 
  65    0.5109486 -1.85969e+01 
  66    0.5221369 -1.85162e+01 
  67    0.5335702 -1.84412e+01 
  68    0.5452539 -1.83604e+01 
  69    0.5571934 -1.82845e+01 
  70    0.5693943 -1.81955e+01 
  71    0.5818624 -1.81109e+01 
  72    0.5946036 -1.80286e+01 
  73    0.6076237 -1.79476e+01 
  74    0.6209289 -1.78666e+01 
  75    0.6345255 -1.77900e+01 
  76    0.6484198 -1.77100e+01 
  77    0.6626183 -1.76308e+01 
  78    0.6771278 -1.75490e+01 
  79    0.6919549 -1.74670e+01 
  80    0.7071068 -1.73744e+01 
  81    0.7225904 -1.72870e+01 
  82    0.7384131 -1.72022e+01 
  83    0.7545822 -1.71220e+01 
  84    0.7711054 -1.70334e+01 
  85    0.7879904 -1.69397e+01 
  86    0.8052452 -1.68489e+01 
  87    0.8228777 -1.67571e+01 
  88    0.8408964 -1.66682e+01 
  89    0.8593096 -1.65758e+01 
  90    0.8781261 -1.64878e+01 
  91    0.8973545 -1.63929e+01 
  92    0.9170040 -1.63069e+01 
  93    0.9370838 -1.62130e+01 
  94    0.9576033 -1.61112e+01 
  95    0.9785721 -1.60132e+01 
  96    1.0000000 -1.59162e+01 
  97    1.0218971 -1.58270e+01 
  98    1.0442738 -1.57289e+01 
  99    1.0671404 -1.56280e+01 
 100    1.0905077 -1.55234e+01 
 101    1.1143867 -1.54301e+01 
 102    1.1387886 -1.53291e+01 
 103    1.1637249 -1.52250e+01 
 104    1.1892071 -1.51217e+01 
 105    1.2152474 -1.50170e+01 
 106    1.2418578 -1.49304e+01 
 107    1.2690510 -1.48208e+01 
 108    1.2968396 -1.47205e+01 
 109    1.3252366 -1.46211e+01 
 110    1.3542555 -1.45181e+01 
 111    1.3839099 -1.44168e+01 
 112    1.4142136 -1.43102e+01 
 113    1.4451808 -1.42020e+01 
 114    1.4768261 -1.40875e+01 
 115    1.5091644 -1.39783e+01 
 116    1.5422108 -1.38766e+01 
 117    1.5759808 -1.37810e+01 
 118    1.6104903 -1.36716e+01 
 119    1.6457555 -1.35582e+01 
 120    1.6817928 -1.34394e+01 
 121    1.7186193 -1.33033e+01 
 122    1.7562522 -1.31550e+01 
 123    1.7947091 -1.29939e+01 
 124    1.8340081 -1.28366e+01 
 125    1.8741676 -1.26679e+01 
 126    1.9152066 -1.24535e+01 
 127    1.9571441 -1.22035e+01 
 128    2.0000000 -1.19715e+01 
 129    2.0437943 -1.16657e+01 
 130    2.0885476 -1.05744e+01 
 131    2.1342808 -1.00230e+01 
 132    2.1810155 -8.92423e+00 
 133    2.2287735 -8.65078e+00 
 134    2.2775773 -8.15060e+00 
 135    2.3274497 -7.16943e+00 
 136    2.3784142 -6.28942e+00 
 137    2.4304947 -5.40279e+00 
 138    2.4837156 -4.25206e+00 
 139    2.5381019 -4.28757e+00 
 140    2.5936791 -3.00615e+00 
 141    2.6504733 -3.02782e+00 
 142    2.7085111 -2.78148e+00 
 143    2.7678198 -2.24070e+00 
 144    2.8284271 -2.94976e+00 
 145    2.8903616 -1.63584e+00 
 146    2.9536523 -2.25084e+00 
 147    3.0183289 -1.65049e+00 
 148    3.0844217 -1.32914e+00 
 149    3.1519617 -2.06815e+00 
 150    3.2209807 -2.29957e+00 
 151    3.2915110 -1.21754e+00 
 152    3.3635857 -1.77400e+00 
 153    3.4372386 -1.20709e+00 
 154    3.5125043 -1.07207e+00 
 155    3.5894182 -1.51064e+00 
 156    3.6680162 -1.80433e+00 
 157    3.7483353 -2.75520e+00 
 158    3.8304131 -2.83696e+00 
 159    3.9142882 -3.61854e+00 
 160    4.0000000 -4.11635e+00 
 161    4.0875886 -4.24751e+00 
 162    4.1770951 -4.22925e+00 
 163    4.2685616 -4.97317e+00 
 164    4.3620309 -5.05407e+00 
 165    4.4575470 -5.75075e+00 
 166    4.5551545 -6.31867e+00 
 167    4.6548994 -6.38382e+00 
 168    4.7568285 -6.29976e+00 
 169    4.8609894 -6.47815e+00 
 170    4.9674312 -6.60146e+00 
 171    5.0762038 -6.77368e+00 
 172    5.1873582 -6.89518e+00 
 173    5.3009466 -6.97619e+00 
 174    5.4170222 -7.34749e+00 
 175    5.5356395 -7.45336e+00 
 176    5.6568542 -7.54598e+00 
 177    5.7807232 -7.56289e+00 
 178    5.9073046 -7.61562e+00 
 179    6.0366577 -7.65400e+00 
 180    6.1688433 -7.67187e+00 
 181    6.3039234 -7.65903e+00 
 182    6.4419613 -7.59882e+00 
 183    6.5830219 -7.66085e+00 
 184    6.7271713 -7.75385e+00 
 185    6.8744772 -7.93166e+00 
 186    7.0250086 -8.11221e+00 
 187    7.1788363 -8.26332e+00 
 188    7.3360323 -8.48314e+00 
 189    7.4966705 -8.81203e+00 


# K-band (filter: Ks_mosfire.dat)
   0    0.1250000 -1.98129e+01 
   1    0.1277371 -1.99170e+01 
   2    0.1305342 -2.00233e+01 
   3    0.1333926 -2.01320e+01 
   4    0.1363135 -2.02277e+01 
   5    0.1392983 -2.03214e+01 
   6    0.1423486 -2.04103e+01 
   7    0.1454656 -2.04866e+01 
   8    0.1486509 -2.05589e+01 
   9    0.1519059 -2.06244e+01 
  10    0.1552322 -2.06817e+01 
  11    0.1586314 -2.07281e+01 
  12    0.1621049 -2.07687e+01 
  13    0.1656546 -2.07978e+01 
  14    0.1692819 -2.08191e+01 
  15    0.1729887 -2.08306e+01 
  16    0.1767767 -2.08431e+01 
  17    0.1806476 -2.08431e+01 
  18    0.1846033 -2.08214e+01 
  19    0.1886456 -2.07618e+01 
  20    0.1927764 -2.07075e+01 
  21    0.1969976 -2.06451e+01 
  22    0.2013113 -2.05845e+01 
  23    0.2057194 -2.05346e+01 
  24    0.2102241 -2.04668e+01 
  25    0.2148274 -2.04107e+01 
  26    0.2195315 -2.03478e+01 
  27    0.2243386 -2.02901e+01 
  28    0.2292510 -2.02280e+01 
  29    0.2342710 -2.01597e+01 
  30    0.2394008 -2.01168e+01 
  31    0.2446430 -2.00787e+01 
  32    0.2500000 -2.00367e+01 
  33    0.2554743 -1.99942e+01 
  34    0.2610684 -1.99499e+01 
  35    0.2667851 -1.98975e+01 
  36    0.2726269 -1.98442e+01 
  37    0.2785967 -1.97938e+01 
  38    0.2846972 -1.97469e+01 
  39    0.2909312 -1.96944e+01 
  40    0.2973018 -1.96396e+01 
  41    0.3038118 -1.95885e+01 
  42    0.3104645 -1.95315e+01 
  43    0.3172627 -1.94717e+01 
  44    0.3242099 -1.94153e+01 
  45    0.3313092 -1.93491e+01 
  46    0.3385639 -1.92826e+01 
  47    0.3459775 -1.92174e+01 
  48    0.3535534 -1.91557e+01 
  49    0.3612952 -1.90856e+01 
  50    0.3692065 -1.90232e+01 
  51    0.3772911 -1.89515e+01 
  52    0.3855527 -1.88839e+01 
  53    0.3939952 -1.88104e+01 
  54    0.4026226 -1.87359e+01 
  55    0.4114389 -1.86569e+01 
  56    0.4204482 -1.85785e+01 
  57    0.4296548 -1.85033e+01 
  58    0.4390630 -1.84326e+01 
  59    0.4486773 -1.83546e+01 
  60    0.4585020 -1.82721e+01 
  61    0.4685419 -1.82003e+01 
  62    0.4788016 -1.81230e+01 
  63    0.4892860 -1.80473e+01 
  64    0.5000000 -1.79650e+01 
  65    0.5109486 -1.78807e+01 
  66    0.5221369 -1.78035e+01 
  67    0.5335702 -1.77274e+01 
  68    0.5452539 -1.76490e+01 
  69    0.5571934 -1.75707e+01 
  70    0.5693943 -1.74868e+01 
  71    0.5818624 -1.74050e+01 
  72    0.5946036 -1.73229e+01 
  73    0.6076237 -1.72288e+01 
  74    0.6209289 -1.71427e+01 
  75    0.6345255 -1.70602e+01 
  76    0.6484198 -1.69792e+01 
  77    0.6626183 -1.68934e+01 
  78    0.6771278 -1.68090e+01 
  79    0.6919549 -1.67127e+01 
  80    0.7071068 -1.66189e+01 
  81    0.7225904 -1.65258e+01 
  82    0.7384131 -1.64319e+01 
  83    0.7545822 -1.63584e+01 
  84    0.7711054 -1.62735e+01 
  85    0.7879904 -1.61852e+01 
  86    0.8052452 -1.60893e+01 
  87    0.8228777 -1.59953e+01 
  88    0.8408964 -1.58934e+01 
  89    0.8593096 -1.58028e+01 
  90    0.8781261 -1.57160e+01 
  91    0.8973545 -1.56310e+01 
  92    0.9170040 -1.55591e+01 
  93    0.9370838 -1.54685e+01 
  94    0.9576033 -1.53822e+01 
  95    0.9785721 -1.52772e+01 
  96    1.0000000 -1.51868e+01 
  97    1.0218971 -1.50857e+01 
  98    1.0442738 -1.49840e+01 
  99    1.0671404 -1.48857e+01 
 100    1.0905077 -1.48048e+01 
 101    1.1143867 -1.47063e+01 
 102    1.1387886 -1.46188e+01 
 103    1.1637249 -1.45151e+01 
 104    1.1892071 -1.43706e+01 
 105    1.2152474 -1.42452e+01 
 106    1.2418578 -1.41313e+01 
 107    1.2690510 -1.40521e+01 
 108    1.2968396 -1.39702e+01 
 109    1.3252366 -1.38488e+01 
 110    1.3542555 -1.37593e+01 
 111    1.3839099 -1.36509e+01 
 112    1.4142136 -1.35423e+01 
 113    1.4451808 -1.34529e+01 
 114    1.4768261 -1.33370e+01 
 115    1.5091644 -1.32266e+01 
 116    1.5422108 -1.31665e+01 
 117    1.5759808 -1.30822e+01 
 118    1.6104903 -1.29699e+01 
 119    1.6457555 -1.28504e+01 
 120    1.6817928 -1.27008e+01 
 121    1.7186193 -1.25623e+01 
 122    1.7562522 -1.24303e+01 
 123    1.7947091 -1.22652e+01 
 124    1.8340081 -1.20641e+01 
 125    1.8741676 -1.18707e+01 
 126    1.9152066 -1.16852e+01 
 127    1.9571441 -1.14318e+01 
 128    2.0000000 -1.11494e+01 
 129    2.0437943 -1.07789e+01 
 130    2.0885476 -9.13753e+00 
 131    2.1342808 -8.38114e+00 
 132    2.1810155 -7.41517e+00 
 133    2.2287735 -6.61105e+00 
 134    2.2775773 -5.15857e+00 
 135    2.3274497 -4.08058e+00 
 136    2.3784142 -4.06013e+00 
 137    2.4304947 -2.77739e+00 
 138    2.4837156 -1.84677e+00 
 139    2.5381019 -1.12518e+00 
 140    2.5936791 -1.30930e-01 
 141    2.6504733  2.59738e-01 
 142    2.7085111 -4.69317e-01 
 143    2.7678198 -2.79631e-01 
 144    2.8284271  5.83299e-01 
 145    2.8903616  6.63101e-01 
 146    2.9536523 -9.37094e-02 
 147    3.0183289  1.01270e+00 
 148    3.0844217  2.27712e+00 
 149    3.1519617  2.79509e+00 
 150    3.2209807  3.63996e+00 
 151    3.2915110  3.83393e+00 
 152    3.3635857  3.66516e+00 
 153    3.4372386  3.94726e+00 
 154    3.5125043  3.96343e+00 
 155    3.5894182  3.93726e+00 
 156    3.6680162  3.45291e+00 
 157    3.7483353  4.57387e+00 
 158    3.8304131  4.75016e+00 
 159    3.9142882  4.52880e+00 
 160    4.0000000  4.75732e+00 
 161    4.0875886  4.14460e+00 
 162    4.1770951  3.83635e+00 
 163    4.2685616  3.26114e+00 
 164    4.3620309  3.28855e+00 
 165    4.4575470  3.65330e+00 
 166    4.5551545  3.48389e+00 
 167    4.6548994  2.76540e+00 
 168    4.7568285  2.48461e+00 
 169    4.8609894  2.48817e+00 
 170    4.9674312  2.24030e+00 
 171    5.0762038  2.30901e+00 
 172    5.1873582  1.26450e+00 
 173    5.3009466  4.27506e-01 
 174    5.4170222  5.80528e-01 
 175    5.5356395 -2.58492e-01 
 176    5.6568542 -1.17227e+00 
 177    5.7807232 -1.88246e+00 
 178    5.9073046 -2.86363e+00 
 179    6.0366577 -3.13839e+00 
 180    6.1688433 -3.95066e+00 
 181    6.3039234 -4.88384e+00 
 182    6.4419613 -5.45807e+00 
 183    6.5830219 -6.36704e+00 
 184    6.7271713 -6.59235e+00 
 185    6.8744772 -6.64617e+00 
 186    7.0250086 -7.31281e+00 
 187    7.1788363 -7.46976e+00 
 188    7.3360323 -7.58385e+00 
 189    7.4966705 -7.72898e+00 


# S-band (filter: Spitzer_IRAC2.dat)
   0    0.1250000 -1.92625e+01 
   1    0.1277371 -1.92815e+01 
   2    0.1305342 -1.93009e+01 
   3    0.1333926 -1.93207e+01 
   4    0.1363135 -1.93135e+01 
   5    0.1392983 -1.93212e+01 
   6    0.1423486 -1.93404e+01 
   7    0.1454656 -1.93412e+01 
   8    0.1486509 -1.93267e+01 
   9    0.1519059 -1.93325e+01 
  10    0.1552322 -1.93154e+01 
  11    0.1586314 -1.93044e+01 
  12    0.1621049 -1.92729e+01 
  13    0.1656546 -1.92272e+01 
  14    0.1692819 -1.91838e+01 
  15    0.1729887 -1.91461e+01 
  16    0.1767767 -1.91152e+01 
  17    0.1806476 -1.90591e+01 
  18    0.1846033 -1.89829e+01 
  19    0.1886456 -1.89085e+01 
  20    0.1927764 -1.88404e+01 
  21    0.1969976 -1.87688e+01 
  22    0.2013113 -1.87089e+01 
  23    0.2057194 -1.86285e+01 
  24    0.2102241 -1.85468e+01 
  25    0.2148274 -1.84589e+01 
  26    0.2195315 -1.83841e+01 
  27    0.2243386 -1.83019e+01 
  28    0.2292510 -1.81945e+01 
  29    0.2342710 -1.81187e+01 
  30    0.2394008 -1.80489e+01 
  31    0.2446430 -1.79658e+01 
  32    0.2500000 -1.78888e+01 
  33    0.2554743 -1.78022e+01 
  34    0.2610684 -1.77299e+01 
  35    0.2667851 -1.76475e+01 
  36    0.2726269 -1.75704e+01 
  37    0.2785967 -1.75012e+01 
  38    0.2846972 -1.74149e+01 
  39    0.2909312 -1.73324e+01 
  40    0.2973018 -1.72436e+01 
  41    0.3038118 -1.71407e+01 
  42    0.3104645 -1.70482e+01 
  43    0.3172627 -1.69402e+01 
  44    0.3242099 -1.68266e+01 
  45    0.3313092 -1.67347e+01 
  46    0.3385639 -1.66296e+01 
  47    0.3459775 -1.65287e+01 
  48    0.3535534 -1.64269e+01 
  49    0.3612952 -1.63309e+01 
  50    0.3692065 -1.62465e+01 
  51    0.3772911 -1.61764e+01 
  52    0.3855527 -1.60936e+01 
  53    0.3939952 -1.59826e+01 
  54    0.4026226 -1.58669e+01 
  55    0.4114389 -1.57642e+01 
  56    0.4204482 -1.57289e+01 
  57    0.4296548 -1.56025e+01 
  58    0.4390630 -1.55080e+01 
  59    0.4486773 -1.54428e+01 
  60    0.4585020 -1.53204e+01 
  61    0.4685419 -1.52377e+01 
  62    0.4788016 -1.51384e+01 
  63    0.4892860 -1.50300e+01 
  64    0.5000000 -1.49516e+01 
  65    0.5109486 -1.48840e+01 
  66    0.5221369 -1.47924e+01 
  67    0.5335702 -1.46928e+01 
  68    0.5452539 -1.46036e+01 
  69    0.5571934 -1.45420e+01 
  70    0.5693943 -1.44121e+01 
  71    0.5818624 -1.43199e+01 
  72    0.5946036 -1.42301e+01 
  73    0.6076237 -1.41209e+01 
  74    0.6209289 -1.39974e+01 
  75    0.6345255 -1.38457e+01 
  76    0.6484198 -1.37732e+01 
  77    0.6626183 -1.36084e+01 
  78    0.6771278 -1.35182e+01 
  79    0.6919549 -1.34278e+01 
  80    0.7071068 -1.32010e+01 
  81    0.7225904 -1.30925e+01 
  82    0.7384131 -1.29465e+01 
  83    0.7545822 -1.28096e+01 
  84    0.7711054 -1.27151e+01 
  85    0.7879904 -1.26123e+01 
  86    0.8052452 -1.26039e+01 
  87    0.8228777 -1.25047e+01 
  88    0.8408964 -1.23649e+01 
  89    0.8593096 -1.23316e+01 
  90    0.8781261 -1.21937e+01 
  91    0.8973545 -1.21247e+01 
  92    0.9170040 -1.21272e+01 
  93    0.9370838 -1.16271e+01 
  94    0.9576033 -1.16112e+01 
  95    0.9785721 -1.15123e+01 
  96    1.0000000 -1.13275e+01 
  97    1.0218971 -1.13220e+01 
  98    1.0442738 -1.12036e+01 
  99    1.0671404 -1.10619e+01 
 100    1.0905077 -1.09923e+01 
 101    1.1143867 -1.09216e+01 
 102    1.1387886 -1.07950e+01 
 103    1.1637249 -1.07891e+01 
 104    1.1892071 -1.05368e+01 
 105    1.2152474 -1.05844e+01 
 106    1.2418578 -1.05686e+01 
 107    1.2690510 -1.04847e+01 
 108    1.2968396 -1.03751e+01 
 109    1.3252366 -1.02668e+01 
 110    1.3542555 -1.01829e+01 
 111    1.3839099 -1.00302e+01 
 112    1.4142136 -9.96212e+00 
 113    1.4451808 -9.60417e+00 
 114    1.4768261 -8.89486e+00 
 115    1.5091644 -8.71050e+00 
 116    1.5422108 -8.70269e+00 
 117    1.5759808 -8.75305e+00 
 118    1.6104903 -8.58384e+00 
 119    1.6457555 -7.77274e+00 
 120    1.6817928 -7.42012e+00 
 121    1.7186193 -7.23720e+00 
 122    1.7562522 -6.28691e+00 
 123    1.7947091 -6.44600e+00 
 124    1.8340081 -6.04057e+00 
 125    1.8741676 -5.61254e+00 
 126    1.9152066 -4.19919e+00 
 127    1.9571441 -2.79563e+00 
 128    2.0000000 -1.88058e+00 
 129    2.0437943 -1.29910e+00 
 130    2.0885476 -1.22377e+00 
 131    2.1342808 -4.87108e-01 
 132    2.1810155 -1.93352e-01 
 133    2.2287735  6.72265e-02 
 134    2.2775773  2.74096e-01 
 135    2.3274497  8.69204e-01 
 136    2.3784142  1.25318e+00 
 137    2.4304947  1.04811e+00 
 138    2.4837156  5.01659e-01 
 139    2.5381019  0.00000e+00 
 140    2.5936791  0.00000e+00 
 141    2.6504733  0.00000e+00 
 142    2.7085111  0.00000e+00 
 143    2.7678198  0.00000e+00 
 144    2.8284271  0.00000e+00 
 145    2.8903616  0.00000e+00 
 146    2.9536523  0.00000e+00 
 147    3.0183289  0.00000e+00 
 148    3.0844217  0.00000e+00 
 149    3.1519617  0.00000e+00 
 150    3.2209807  0.00000e+00 
 151    3.2915110  3.22862e-01 
 152    3.3635857  2.90632e-01 
 153    3.4372386  3.23569e-01 
 154    3.5125043  2.93765e-01 
 155    3.5894182  2.75269e-01 
 156    3.6680162  2.78962e-01 
 157    3.7483353  2.62831e-01 
 158    3.8304131  2.57276e-01 
 159    3.9142882  2.33542e-01 
 160    4.0000000  2.30292e-01 
 161    4.0875886  2.36929e-01 
 162    4.1770951  1.87470e-01 
 163    4.2685616  0.00000e+00 
 164    4.3620309  0.00000e+00 
 165    4.4575470  0.00000e+00 
 166    4.5551545  0.00000e+00 
 167    4.6548994  5.02784e-01 
 168    4.7568285  1.15994e+00 
 169    4.8609894  1.51668e+00 
 170    4.9674312  2.49871e+00 
 171    5.0762038  3.18616e+00 
 172    5.1873582  3.95158e+00 
 173    5.3009466  4.50471e+00 
 174    5.4170222  4.83119e+00 
 175    5.5356395  5.40374e+00 
 176    5.6568542  5.45615e+00 
 177    5.7807232  5.81917e+00 
 178    5.9073046  5.22879e+00 
 179    6.0366577  5.34341e+00 
 180    6.1688433  4.85279e+00 
 181    6.3039234  4.41524e+00 
 182    6.4419613  4.13459e+00 
 183    6.5830219  3.28064e+00 
 184    6.7271713  2.97021e+00 
 185    6.8744772  1.56317e+00 
 186    7.0250086  6.19828e-01 
 187    7.1788363 -2.01972e-01 
 188    7.3360323 -1.01061e+00 
 189    7.4966705 -1.77547e+00 


