# 1:iteration 2:time bin[s] 3-k:AB magnitude for k-th angular bin
# g-band (filter: g_LSST.dat)
   0    0.1250000 -1.57958e+01 
   1    0.1277371 -1.58066e+01 
   2    0.1305342 -1.58177e+01 
   3    0.1333926 -1.58290e+01 
   4    0.1363135 -1.58376e+01 
   5    0.1392983 -1.58458e+01 
   6    0.1423486 -1.58528e+01 
   7    0.1454656 -1.58578e+01 
   8    0.1486509 -1.58616e+01 
   9    0.1519059 -1.58643e+01 
  10    0.1552322 -1.58652e+01 
  11    0.1586314 -1.58650e+01 
  12    0.1621049 -1.58630e+01 
  13    0.1656546 -1.58598e+01 
  14    0.1692819 -1.58547e+01 
  15    0.1729887 -1.58490e+01 
  16    0.1767767 -1.58427e+01 
  17    0.1806476 -1.58347e+01 
  18    0.1846033 -1.58256e+01 
  19    0.1886456 -1.58155e+01 
  20    0.1927764 -1.58042e+01 
  21    0.1969976 -1.57921e+01 
  22    0.2013113 -1.57789e+01 
  23    0.2057194 -1.57653e+01 
  24    0.2102241 -1.57514e+01 
  25    0.2148274 -1.57364e+01 
  26    0.2195315 -1.57209e+01 
  27    0.2243386 -1.57046e+01 
  28    0.2292510 -1.56877e+01 
  29    0.2342710 -1.56705e+01 
  30    0.2394008 -1.56525e+01 
  31    0.2446430 -1.56336e+01 
  32    0.2500000 -1.56142e+01 
  33    0.2554743 -1.55941e+01 
  34    0.2610684 -1.55728e+01 
  35    0.2667851 -1.55506e+01 
  36    0.2726269 -1.55265e+01 
  37    0.2785967 -1.55014e+01 
  38    0.2846972 -1.54739e+01 
  39    0.2909312 -1.54441e+01 
  40    0.2973018 -1.54125e+01 
  41    0.3038118 -1.53770e+01 
  42    0.3104645 -1.53375e+01 
  43    0.3172627 -1.52956e+01 
  44    0.3242099 -1.52478e+01 
  45    0.3313092 -1.51953e+01 
  46    0.3385639 -1.51394e+01 
  47    0.3459775 -1.50769e+01 
  48    0.3535534 -1.50098e+01 
  49    0.3612952 -1.49390e+01 
  50    0.3692065 -1.48627e+01 
  51    0.3772911 -1.47827e+01 
  52    0.3855527 -1.46980e+01 
  53    0.3939952 -1.46106e+01 
  54    0.4026226 -1.45194e+01 
  55    0.4114389 -1.44243e+01 
  56    0.4204482 -1.43265e+01 
  57    0.4296548 -1.42266e+01 
  58    0.4390630 -1.41220e+01 
  59    0.4486773 -1.40154e+01 
  60    0.4585020 -1.39046e+01 
  61    0.4685419 -1.37908e+01 
  62    0.4788016 -1.36746e+01 
  63    0.4892860 -1.35580e+01 
  64    0.5000000 -1.34369e+01 
  65    0.5109486 -1.33128e+01 
  66    0.5221369 -1.31856e+01 
  67    0.5335702 -1.30530e+01 
  68    0.5452539 -1.29172e+01 
  69    0.5571934 -1.27730e+01 
  70    0.5693943 -1.26257e+01 
  71    0.5818624 -1.24750e+01 
  72    0.5946036 -1.23203e+01 
  73    0.6076237 -1.21675e+01 
  74    0.6209289 -1.20124e+01 
  75    0.6345255 -1.18593e+01 
  76    0.6484198 -1.17100e+01 
  77    0.6626183 -1.15607e+01 
  78    0.6771278 -1.14213e+01 
  79    0.6919549 -1.12836e+01 
  80    0.7071068 -1.11479e+01 
  81    0.7225904 -1.10181e+01 
  82    0.7384131 -1.08985e+01 
  83    0.7545822 -1.07763e+01 
  84    0.7711054 -1.06656e+01 
  85    0.7879904 -1.05567e+01 
  86    0.8052452 -1.04500e+01 
  87    0.8228777 -1.03487e+01 
  88    0.8408964 -1.02560e+01 
  89    0.8593096 -1.01638e+01 
  90    0.8781261 -1.00742e+01 
  91    0.8973545 -9.98727e+00 
  92    0.9170040 -9.90395e+00 
  93    0.9370838 -9.82522e+00 
  94    0.9576033 -9.75564e+00 
  95    0.9785721 -9.69920e+00 
  96    1.0000000 -9.63720e+00 
  97    1.0218971 -9.58882e+00 
  98    1.0442738 -9.54366e+00 
  99    1.0671404 -9.50617e+00 
 100    1.0905077 -9.47599e+00 
 101    1.1143867 -9.45020e+00 
 102    1.1387886 -9.43616e+00 
 103    1.1637249 -9.43417e+00 
 104    1.1892071 -9.43769e+00 
 105    1.2152474 -9.44215e+00 
 106    1.2418578 -9.45327e+00 
 107    1.2690510 -9.45920e+00 
 108    1.2968396 -9.47102e+00 
 109    1.3252366 -9.48584e+00 
 110    1.3542555 -9.50730e+00 
 111    1.3839099 -9.53162e+00 
 112    1.4142136 -9.55607e+00 
 113    1.4451808 -9.59450e+00 
 114    1.4768261 -9.62208e+00 
 115    1.5091644 -9.65655e+00 
 116    1.5422108 -9.69629e+00 
 117    1.5759808 -9.73862e+00 
 118    1.6104903 -9.78789e+00 
 119    1.6457555 -9.84836e+00 
 120    1.6817928 -9.91500e+00 
 121    1.7186193 -9.98800e+00 
 122    1.7562522 -1.00652e+01 
 123    1.7947091 -1.01418e+01 
 124    1.8340081 -1.02190e+01 
 125    1.8741676 -1.02970e+01 
 126    1.9152066 -1.03747e+01 
 127    1.9571441 -1.04483e+01 
 128    2.0000000 -1.05262e+01 
 129    2.0437943 -1.05998e+01 
 130    2.0885476 -1.06696e+01 
 131    2.1342808 -1.07346e+01 
 132    2.1810155 -1.07937e+01 
 133    2.2287735 -1.08457e+01 
 134    2.2775773 -1.08924e+01 
 135    2.3274497 -1.09310e+01 
 136    2.3784142 -1.09616e+01 
 137    2.4304947 -1.09864e+01 
 138    2.4837156 -1.09933e+01 
 139    2.5381019 -1.09841e+01 
 140    2.5936791 -1.09676e+01 
 141    2.6504733 -1.09228e+01 
 142    2.7085111 -1.08583e+01 
 143    2.7678198 -1.07803e+01 
 144    2.8284271 -1.06718e+01 
 145    2.8903616 -1.05411e+01 
 146    2.9536523 -1.03903e+01 
 147    3.0183289 -1.02201e+01 
 148    3.0844217 -1.00317e+01 
 149    3.1519617 -9.82688e+00 
 150    3.2209807 -9.60795e+00 
 151    3.2915110 -9.37728e+00 
 152    3.3635857 -9.13119e+00 
 153    3.4372386 -8.88220e+00 
 154    3.5125043 -8.63296e+00 
 155    3.5894182 -8.38243e+00 
 156    3.6680162 -8.12112e+00 
 157    3.7483353 -7.87610e+00 
 158    3.8304131 -7.63860e+00 
 159    3.9142882 -7.40177e+00 
 160    4.0000000 -7.18637e+00 
 161    4.0875886 -6.98721e+00 
 162    4.1770951 -6.79413e+00 
 163    4.2685616 -6.63324e+00 
 164    4.3620309 -6.48793e+00 
 165    4.4575470 -6.35002e+00 
 166    4.5551545 -6.23486e+00 
 167    4.6548994 -6.13182e+00 
 168    4.7568285 -6.04784e+00 
 169    4.8609894 -5.97039e+00 
 170    4.9674312 -5.90459e+00 
 171    5.0762038 -5.84802e+00 
 172    5.1873582 -5.79622e+00 
 173    5.3009466 -5.74847e+00 
 174    5.4170222 -5.70366e+00 
 175    5.5356395 -5.65998e+00 
 176    5.6568542 -5.61997e+00 
 177    5.7807232 -5.57899e+00 
 178    5.9073046 -5.54127e+00 
 179    6.0366577 -5.50300e+00 
 180    6.1688433 -5.46722e+00 
 181    6.3039234 -5.43101e+00 
 182    6.4419613 -5.39576e+00 
 183    6.5830219 -5.36132e+00 
 184    6.7271713 -5.32589e+00 
 185    6.8744772 -5.29220e+00 
 186    7.0250086 -5.25762e+00 
 187    7.1788363 -5.22313e+00 
 188    7.3360323 -5.18866e+00 
 189    7.4966705 -5.15446e+00 


# r-band (filter: r_LSST.dat)
   0    0.1250000 -1.56560e+01 
   1    0.1277371 -1.56789e+01 
   2    0.1305342 -1.57024e+01 
   3    0.1333926 -1.57263e+01 
   4    0.1363135 -1.57490e+01 
   5    0.1392983 -1.57703e+01 
   6    0.1423486 -1.57905e+01 
   7    0.1454656 -1.58102e+01 
   8    0.1486509 -1.58292e+01 
   9    0.1519059 -1.58464e+01 
  10    0.1552322 -1.58634e+01 
  11    0.1586314 -1.58791e+01 
  12    0.1621049 -1.58922e+01 
  13    0.1656546 -1.59051e+01 
  14    0.1692819 -1.59173e+01 
  15    0.1729887 -1.59281e+01 
  16    0.1767767 -1.59376e+01 
  17    0.1806476 -1.59462e+01 
  18    0.1846033 -1.59536e+01 
  19    0.1886456 -1.59593e+01 
  20    0.1927764 -1.59642e+01 
  21    0.1969976 -1.59685e+01 
  22    0.2013113 -1.59715e+01 
  23    0.2057194 -1.59732e+01 
  24    0.2102241 -1.59744e+01 
  25    0.2148274 -1.59734e+01 
  26    0.2195315 -1.59719e+01 
  27    0.2243386 -1.59700e+01 
  28    0.2292510 -1.59666e+01 
  29    0.2342710 -1.59624e+01 
  30    0.2394008 -1.59576e+01 
  31    0.2446430 -1.59518e+01 
  32    0.2500000 -1.59454e+01 
  33    0.2554743 -1.59374e+01 
  34    0.2610684 -1.59287e+01 
  35    0.2667851 -1.59196e+01 
  36    0.2726269 -1.59095e+01 
  37    0.2785967 -1.58992e+01 
  38    0.2846972 -1.58883e+01 
  39    0.2909312 -1.58764e+01 
  40    0.2973018 -1.58641e+01 
  41    0.3038118 -1.58512e+01 
  42    0.3104645 -1.58374e+01 
  43    0.3172627 -1.58231e+01 
  44    0.3242099 -1.58077e+01 
  45    0.3313092 -1.57917e+01 
  46    0.3385639 -1.57750e+01 
  47    0.3459775 -1.57570e+01 
  48    0.3535534 -1.57384e+01 
  49    0.3612952 -1.57187e+01 
  50    0.3692065 -1.56980e+01 
  51    0.3772911 -1.56763e+01 
  52    0.3855527 -1.56537e+01 
  53    0.3939952 -1.56292e+01 
  54    0.4026226 -1.56031e+01 
  55    0.4114389 -1.55765e+01 
  56    0.4204482 -1.55484e+01 
  57    0.4296548 -1.55193e+01 
  58    0.4390630 -1.54883e+01 
  59    0.4486773 -1.54564e+01 
  60    0.4585020 -1.54227e+01 
  61    0.4685419 -1.53877e+01 
  62    0.4788016 -1.53510e+01 
  63    0.4892860 -1.53118e+01 
  64    0.5000000 -1.52717e+01 
  65    0.5109486 -1.52301e+01 
  66    0.5221369 -1.51869e+01 
  67    0.5335702 -1.51423e+01 
  68    0.5452539 -1.50966e+01 
  69    0.5571934 -1.50481e+01 
  70    0.5693943 -1.49992e+01 
  71    0.5818624 -1.49490e+01 
  72    0.5946036 -1.48979e+01 
  73    0.6076237 -1.48450e+01 
  74    0.6209289 -1.47920e+01 
  75    0.6345255 -1.47381e+01 
  76    0.6484198 -1.46838e+01 
  77    0.6626183 -1.46286e+01 
  78    0.6771278 -1.45775e+01 
  79    0.6919549 -1.45314e+01 
  80    0.7071068 -1.44847e+01 
  81    0.7225904 -1.44435e+01 
  82    0.7384131 -1.44056e+01 
  83    0.7545822 -1.43663e+01 
  84    0.7711054 -1.43314e+01 
  85    0.7879904 -1.42974e+01 
  86    0.8052452 -1.42681e+01 
  87    0.8228777 -1.42443e+01 
  88    0.8408964 -1.42249e+01 
  89    0.8593096 -1.42085e+01 
  90    0.8781261 -1.41954e+01 
  91    0.8973545 -1.41955e+01 
  92    0.9170040 -1.42122e+01 
  93    0.9370838 -1.42396e+01 
  94    0.9576033 -1.43191e+01 
  95    0.9785721 -1.44129e+01 
  96    1.0000000 -1.45084e+01 
  97    1.0218971 -1.46100e+01 
  98    1.0442738 -1.47129e+01 
  99    1.0671404 -1.48371e+01 
 100    1.0905077 -1.49544e+01 
 101    1.1143867 -1.50778e+01 
 102    1.1387886 -1.51911e+01 
 103    1.1637249 -1.52933e+01 
 104    1.1892071 -1.53556e+01 
 105    1.2152474 -1.53943e+01 
 106    1.2418578 -1.54110e+01 
 107    1.2690510 -1.54055e+01 
 108    1.2968396 -1.54052e+01 
 109    1.3252366 -1.53893e+01 
 110    1.3542555 -1.53833e+01 
 111    1.3839099 -1.53721e+01 
 112    1.4142136 -1.53481e+01 
 113    1.4451808 -1.53307e+01 
 114    1.4768261 -1.53108e+01 
 115    1.5091644 -1.53109e+01 
 116    1.5422108 -1.53156e+01 
 117    1.5759808 -1.53238e+01 
 118    1.6104903 -1.53419e+01 
 119    1.6457555 -1.53642e+01 
 120    1.6817928 -1.53907e+01 
 121    1.7186193 -1.54156e+01 
 122    1.7562522 -1.54411e+01 
 123    1.7947091 -1.54468e+01 
 124    1.8340081 -1.54342e+01 
 125    1.8741676 -1.54269e+01 
 126    1.9152066 -1.54107e+01 
 127    1.9571441 -1.53997e+01 
 128    2.0000000 -1.53838e+01 
 129    2.0437943 -1.53751e+01 
 130    2.0885476 -1.53645e+01 
 131    2.1342808 -1.53434e+01 
 132    2.1810155 -1.53230e+01 
 133    2.2287735 -1.52914e+01 
 134    2.2775773 -1.52645e+01 
 135    2.3274497 -1.52312e+01 
 136    2.3784142 -1.52034e+01 
 137    2.4304947 -1.51756e+01 
 138    2.4837156 -1.51397e+01 
 139    2.5381019 -1.50910e+01 
 140    2.5936791 -1.50308e+01 
 141    2.6504733 -1.49500e+01 
 142    2.7085111 -1.48527e+01 
 143    2.7678198 -1.47469e+01 
 144    2.8284271 -1.46189e+01 
 145    2.8903616 -1.44788e+01 
 146    2.9536523 -1.43274e+01 
 147    3.0183289 -1.41614e+01 
 148    3.0844217 -1.39854e+01 
 149    3.1519617 -1.37979e+01 
 150    3.2209807 -1.35973e+01 
 151    3.2915110 -1.33928e+01 
 152    3.3635857 -1.31839e+01 
 153    3.4372386 -1.29682e+01 
 154    3.5125043 -1.27450e+01 
 155    3.5894182 -1.25107e+01 
 156    3.6680162 -1.22698e+01 
 157    3.7483353 -1.20093e+01 
 158    3.8304131 -1.17386e+01 
 159    3.9142882 -1.14621e+01 
 160    4.0000000 -1.11647e+01 
 161    4.0875886 -1.08609e+01 
 162    4.1770951 -1.05474e+01 
 163    4.2685616 -1.02329e+01 
 164    4.3620309 -9.92114e+00 
 165    4.4575470 -9.59947e+00 
 166    4.5551545 -9.30591e+00 
 167    4.6548994 -9.02718e+00 
 168    4.7568285 -8.75193e+00 
 169    4.8609894 -8.51651e+00 
 170    4.9674312 -8.30133e+00 
 171    5.0762038 -8.10887e+00 
 172    5.1873582 -7.93774e+00 
 173    5.3009466 -7.79502e+00 
 174    5.4170222 -7.66845e+00 
 175    5.5356395 -7.56638e+00 
 176    5.6568542 -7.47816e+00 
 177    5.7807232 -7.40433e+00 
 178    5.9073046 -7.34090e+00 
 179    6.0366577 -7.28430e+00 
 180    6.1688433 -7.23497e+00 
 181    6.3039234 -7.19112e+00 
 182    6.4419613 -7.15006e+00 
 183    6.5830219 -7.11095e+00 
 184    6.7271713 -7.07374e+00 
 185    6.8744772 -7.03772e+00 
 186    7.0250086 -7.00175e+00 
 187    7.1788363 -6.96586e+00 
 188    7.3360323 -6.93018e+00 
 189    7.4966705 -6.89519e+00 


# i-band (filter: i_LSST.dat)
   0    0.1250000 -1.51535e+01 
   1    0.1277371 -1.51772e+01 
   2    0.1305342 -1.52014e+01 
   3    0.1333926 -1.52262e+01 
   4    0.1363135 -1.52524e+01 
   5    0.1392983 -1.52760e+01 
   6    0.1423486 -1.52990e+01 
   7    0.1454656 -1.53223e+01 
   8    0.1486509 -1.53464e+01 
   9    0.1519059 -1.53691e+01 
  10    0.1552322 -1.53920e+01 
  11    0.1586314 -1.54149e+01 
  12    0.1621049 -1.54378e+01 
  13    0.1656546 -1.54596e+01 
  14    0.1692819 -1.54812e+01 
  15    0.1729887 -1.55022e+01 
  16    0.1767767 -1.55224e+01 
  17    0.1806476 -1.55423e+01 
  18    0.1846033 -1.55613e+01 
  19    0.1886456 -1.55795e+01 
  20    0.1927764 -1.55969e+01 
  21    0.1969976 -1.56136e+01 
  22    0.2013113 -1.56308e+01 
  23    0.2057194 -1.56474e+01 
  24    0.2102241 -1.56625e+01 
  25    0.2148274 -1.56768e+01 
  26    0.2195315 -1.56910e+01 
  27    0.2243386 -1.57040e+01 
  28    0.2292510 -1.57158e+01 
  29    0.2342710 -1.57270e+01 
  30    0.2394008 -1.57375e+01 
  31    0.2446430 -1.57457e+01 
  32    0.2500000 -1.57529e+01 
  33    0.2554743 -1.57588e+01 
  34    0.2610684 -1.57612e+01 
  35    0.2667851 -1.57616e+01 
  36    0.2726269 -1.57592e+01 
  37    0.2785967 -1.57548e+01 
  38    0.2846972 -1.57459e+01 
  39    0.2909312 -1.57338e+01 
  40    0.2973018 -1.57190e+01 
  41    0.3038118 -1.56989e+01 
  42    0.3104645 -1.56750e+01 
  43    0.3172627 -1.56482e+01 
  44    0.3242099 -1.56163e+01 
  45    0.3313092 -1.55819e+01 
  46    0.3385639 -1.55433e+01 
  47    0.3459775 -1.55017e+01 
  48    0.3535534 -1.54604e+01 
  49    0.3612952 -1.54160e+01 
  50    0.3692065 -1.53728e+01 
  51    0.3772911 -1.53299e+01 
  52    0.3855527 -1.52861e+01 
  53    0.3939952 -1.52459e+01 
  54    0.4026226 -1.52077e+01 
  55    0.4114389 -1.51700e+01 
  56    0.4204482 -1.51366e+01 
  57    0.4296548 -1.51048e+01 
  58    0.4390630 -1.50754e+01 
  59    0.4486773 -1.50487e+01 
  60    0.4585020 -1.50234e+01 
  61    0.4685419 -1.49995e+01 
  62    0.4788016 -1.49786e+01 
  63    0.4892860 -1.49609e+01 
  64    0.5000000 -1.49438e+01 
  65    0.5109486 -1.49287e+01 
  66    0.5221369 -1.49176e+01 
  67    0.5335702 -1.49095e+01 
  68    0.5452539 -1.49027e+01 
  69    0.5571934 -1.49009e+01 
  70    0.5693943 -1.49005e+01 
  71    0.5818624 -1.49037e+01 
  72    0.5946036 -1.49089e+01 
  73    0.6076237 -1.49146e+01 
  74    0.6209289 -1.49233e+01 
  75    0.6345255 -1.49339e+01 
  76    0.6484198 -1.49544e+01 
  77    0.6626183 -1.49713e+01 
  78    0.6771278 -1.49896e+01 
  79    0.6919549 -1.50083e+01 
  80    0.7071068 -1.50270e+01 
  81    0.7225904 -1.50475e+01 
  82    0.7384131 -1.50695e+01 
  83    0.7545822 -1.50882e+01 
  84    0.7711054 -1.51088e+01 
  85    0.7879904 -1.51304e+01 
  86    0.8052452 -1.51496e+01 
  87    0.8228777 -1.51675e+01 
  88    0.8408964 -1.51810e+01 
  89    0.8593096 -1.51972e+01 
  90    0.8781261 -1.52130e+01 
  91    0.8973545 -1.52298e+01 
  92    0.9170040 -1.52432e+01 
  93    0.9370838 -1.52580e+01 
  94    0.9576033 -1.52758e+01 
  95    0.9785721 -1.53005e+01 
  96    1.0000000 -1.53261e+01 
  97    1.0218971 -1.53598e+01 
  98    1.0442738 -1.53980e+01 
  99    1.0671404 -1.54380e+01 
 100    1.0905077 -1.54787e+01 
 101    1.1143867 -1.55149e+01 
 102    1.1387886 -1.55431e+01 
 103    1.1637249 -1.55763e+01 
 104    1.1892071 -1.55949e+01 
 105    1.2152474 -1.56084e+01 
 106    1.2418578 -1.56160e+01 
 107    1.2690510 -1.56121e+01 
 108    1.2968396 -1.56027e+01 
 109    1.3252366 -1.55819e+01 
 110    1.3542555 -1.55570e+01 
 111    1.3839099 -1.55267e+01 
 112    1.4142136 -1.54908e+01 
 113    1.4451808 -1.54546e+01 
 114    1.4768261 -1.54187e+01 
 115    1.5091644 -1.53829e+01 
 116    1.5422108 -1.53482e+01 
 117    1.5759808 -1.53148e+01 
 118    1.6104903 -1.52819e+01 
 119    1.6457555 -1.52480e+01 
 120    1.6817928 -1.52018e+01 
 121    1.7186193 -1.51523e+01 
 122    1.7562522 -1.50771e+01 
 123    1.7947091 -1.49920e+01 
 124    1.8340081 -1.49105e+01 
 125    1.8741676 -1.48251e+01 
 126    1.9152066 -1.47517e+01 
 127    1.9571441 -1.46843e+01 
 128    2.0000000 -1.46062e+01 
 129    2.0437943 -1.45457e+01 
 130    2.0885476 -1.44833e+01 
 131    2.1342808 -1.44265e+01 
 132    2.1810155 -1.43761e+01 
 133    2.2287735 -1.43348e+01 
 134    2.2775773 -1.43109e+01 
 135    2.3274497 -1.42900e+01 
 136    2.3784142 -1.42734e+01 
 137    2.4304947 -1.42559e+01 
 138    2.4837156 -1.42372e+01 
 139    2.5381019 -1.42155e+01 
 140    2.5936791 -1.41890e+01 
 141    2.6504733 -1.41552e+01 
 142    2.7085111 -1.41166e+01 
 143    2.7678198 -1.40770e+01 
 144    2.8284271 -1.40323e+01 
 145    2.8903616 -1.39863e+01 
 146    2.9536523 -1.39394e+01 
 147    3.0183289 -1.38882e+01 
 148    3.0844217 -1.38399e+01 
 149    3.1519617 -1.37907e+01 
 150    3.2209807 -1.37387e+01 
 151    3.2915110 -1.36906e+01 
 152    3.3635857 -1.36435e+01 
 153    3.4372386 -1.35984e+01 
 154    3.5125043 -1.35501e+01 
 155    3.5894182 -1.34983e+01 
 156    3.6680162 -1.34449e+01 
 157    3.7483353 -1.33730e+01 
 158    3.8304131 -1.32837e+01 
 159    3.9142882 -1.31860e+01 
 160    4.0000000 -1.30500e+01 
 161    4.0875886 -1.28908e+01 
 162    4.1770951 -1.27169e+01 
 163    4.2685616 -1.25076e+01 
 164    4.3620309 -1.22769e+01 
 165    4.4575470 -1.20209e+01 
 166    4.5551545 -1.17388e+01 
 167    4.6548994 -1.14385e+01 
 168    4.7568285 -1.11160e+01 
 169    4.8609894 -1.07883e+01 
 170    4.9674312 -1.04537e+01 
 171    5.0762038 -1.01187e+01 
 172    5.1873582 -9.78099e+00 
 173    5.3009466 -9.46817e+00 
 174    5.4170222 -9.17023e+00 
 175    5.5356395 -8.87952e+00 
 176    5.6568542 -8.62725e+00 
 177    5.7807232 -8.39669e+00 
 178    5.9073046 -8.18380e+00 
 179    6.0366577 -8.00558e+00 
 180    6.1688433 -7.84884e+00 
 181    6.3039234 -7.71354e+00 
 182    6.4419613 -7.60130e+00 
 183    6.5830219 -7.50745e+00 
 184    6.7271713 -7.42917e+00 
 185    6.8744772 -7.36135e+00 
 186    7.0250086 -7.29909e+00 
 187    7.1788363 -7.24211e+00 
 188    7.3360323 -7.18952e+00 
 189    7.4966705 -7.14248e+00 


# z-band (filter: z_LSST.dat)
   0    0.1250000 -1.47771e+01 
   1    0.1277371 -1.47955e+01 
   2    0.1305342 -1.48143e+01 
   3    0.1333926 -1.48336e+01 
   4    0.1363135 -1.48546e+01 
   5    0.1392983 -1.48747e+01 
   6    0.1423486 -1.48936e+01 
   7    0.1454656 -1.49134e+01 
   8    0.1486509 -1.49340e+01 
   9    0.1519059 -1.49550e+01 
  10    0.1552322 -1.49762e+01 
  11    0.1586314 -1.49982e+01 
  12    0.1621049 -1.50199e+01 
  13    0.1656546 -1.50426e+01 
  14    0.1692819 -1.50642e+01 
  15    0.1729887 -1.50863e+01 
  16    0.1767767 -1.51070e+01 
  17    0.1806476 -1.51276e+01 
  18    0.1846033 -1.51494e+01 
  19    0.1886456 -1.51703e+01 
  20    0.1927764 -1.51904e+01 
  21    0.1969976 -1.52100e+01 
  22    0.2013113 -1.52299e+01 
  23    0.2057194 -1.52501e+01 
  24    0.2102241 -1.52710e+01 
  25    0.2148274 -1.52899e+01 
  26    0.2195315 -1.53077e+01 
  27    0.2243386 -1.53262e+01 
  28    0.2292510 -1.53447e+01 
  29    0.2342710 -1.53612e+01 
  30    0.2394008 -1.53776e+01 
  31    0.2446430 -1.53916e+01 
  32    0.2500000 -1.54056e+01 
  33    0.2554743 -1.54179e+01 
  34    0.2610684 -1.54272e+01 
  35    0.2667851 -1.54330e+01 
  36    0.2726269 -1.54343e+01 
  37    0.2785967 -1.54347e+01 
  38    0.2846972 -1.54288e+01 
  39    0.2909312 -1.54153e+01 
  40    0.2973018 -1.53983e+01 
  41    0.3038118 -1.53700e+01 
  42    0.3104645 -1.53339e+01 
  43    0.3172627 -1.52920e+01 
  44    0.3242099 -1.52378e+01 
  45    0.3313092 -1.51760e+01 
  46    0.3385639 -1.51069e+01 
  47    0.3459775 -1.50317e+01 
  48    0.3535534 -1.49532e+01 
  49    0.3612952 -1.48679e+01 
  50    0.3692065 -1.47854e+01 
  51    0.3772911 -1.47032e+01 
  52    0.3855527 -1.46181e+01 
  53    0.3939952 -1.45405e+01 
  54    0.4026226 -1.44657e+01 
  55    0.4114389 -1.43937e+01 
  56    0.4204482 -1.43274e+01 
  57    0.4296548 -1.42659e+01 
  58    0.4390630 -1.42091e+01 
  59    0.4486773 -1.41564e+01 
  60    0.4585020 -1.41056e+01 
  61    0.4685419 -1.40572e+01 
  62    0.4788016 -1.40124e+01 
  63    0.4892860 -1.39704e+01 
  64    0.5000000 -1.39304e+01 
  65    0.5109486 -1.38897e+01 
  66    0.5221369 -1.38540e+01 
  67    0.5335702 -1.38194e+01 
  68    0.5452539 -1.37874e+01 
  69    0.5571934 -1.37589e+01 
  70    0.5693943 -1.37313e+01 
  71    0.5818624 -1.37077e+01 
  72    0.5946036 -1.36876e+01 
  73    0.6076237 -1.36714e+01 
  74    0.6209289 -1.36558e+01 
  75    0.6345255 -1.36447e+01 
  76    0.6484198 -1.36343e+01 
  77    0.6626183 -1.36270e+01 
  78    0.6771278 -1.36207e+01 
  79    0.6919549 -1.36127e+01 
  80    0.7071068 -1.36067e+01 
  81    0.7225904 -1.36022e+01 
  82    0.7384131 -1.35990e+01 
  83    0.7545822 -1.35980e+01 
  84    0.7711054 -1.35966e+01 
  85    0.7879904 -1.35994e+01 
  86    0.8052452 -1.36053e+01 
  87    0.8228777 -1.36127e+01 
  88    0.8408964 -1.36286e+01 
  89    0.8593096 -1.36472e+01 
  90    0.8781261 -1.36695e+01 
  91    0.8973545 -1.37003e+01 
  92    0.9170040 -1.37377e+01 
  93    0.9370838 -1.37798e+01 
  94    0.9576033 -1.38315e+01 
  95    0.9785721 -1.38865e+01 
  96    1.0000000 -1.39479e+01 
  97    1.0218971 -1.40134e+01 
  98    1.0442738 -1.40799e+01 
  99    1.0671404 -1.41466e+01 
 100    1.0905077 -1.42054e+01 
 101    1.1143867 -1.42587e+01 
 102    1.1387886 -1.43046e+01 
 103    1.1637249 -1.43474e+01 
 104    1.1892071 -1.43744e+01 
 105    1.2152474 -1.43949e+01 
 106    1.2418578 -1.44063e+01 
 107    1.2690510 -1.44114e+01 
 108    1.2968396 -1.44074e+01 
 109    1.3252366 -1.43947e+01 
 110    1.3542555 -1.43779e+01 
 111    1.3839099 -1.43585e+01 
 112    1.4142136 -1.43346e+01 
 113    1.4451808 -1.43132e+01 
 114    1.4768261 -1.42934e+01 
 115    1.5091644 -1.42728e+01 
 116    1.5422108 -1.42554e+01 
 117    1.5759808 -1.42384e+01 
 118    1.6104903 -1.42218e+01 
 119    1.6457555 -1.42060e+01 
 120    1.6817928 -1.41805e+01 
 121    1.7186193 -1.41519e+01 
 122    1.7562522 -1.41075e+01 
 123    1.7947091 -1.40606e+01 
 124    1.8340081 -1.40179e+01 
 125    1.8741676 -1.39713e+01 
 126    1.9152066 -1.39344e+01 
 127    1.9571441 -1.38996e+01 
 128    2.0000000 -1.38579e+01 
 129    2.0437943 -1.38271e+01 
 130    2.0885476 -1.37943e+01 
 131    2.1342808 -1.37653e+01 
 132    2.1810155 -1.37395e+01 
 133    2.2287735 -1.37208e+01 
 134    2.2775773 -1.37097e+01 
 135    2.3274497 -1.36970e+01 
 136    2.3784142 -1.36843e+01 
 137    2.4304947 -1.36696e+01 
 138    2.4837156 -1.36529e+01 
 139    2.5381019 -1.36329e+01 
 140    2.5936791 -1.36081e+01 
 141    2.6504733 -1.35753e+01 
 142    2.7085111 -1.35379e+01 
 143    2.7678198 -1.34989e+01 
 144    2.8284271 -1.34555e+01 
 145    2.8903616 -1.34084e+01 
 146    2.9536523 -1.33604e+01 
 147    3.0183289 -1.33091e+01 
 148    3.0844217 -1.32608e+01 
 149    3.1519617 -1.32135e+01 
 150    3.2209807 -1.31648e+01 
 151    3.2915110 -1.31238e+01 
 152    3.3635857 -1.30875e+01 
 153    3.4372386 -1.30544e+01 
 154    3.5125043 -1.30266e+01 
 155    3.5894182 -1.30002e+01 
 156    3.6680162 -1.29778e+01 
 157    3.7483353 -1.29529e+01 
 158    3.8304131 -1.29226e+01 
 159    3.9142882 -1.28915e+01 
 160    4.0000000 -1.28351e+01 
 161    4.0875886 -1.27619e+01 
 162    4.1770951 -1.26841e+01 
 163    4.2685616 -1.25764e+01 
 164    4.3620309 -1.24545e+01 
 165    4.4575470 -1.23153e+01 
 166    4.5551545 -1.21500e+01 
 167    4.6548994 -1.19593e+01 
 168    4.7568285 -1.17489e+01 
 169    4.8609894 -1.15078e+01 
 170    4.9674312 -1.12492e+01 
 171    5.0762038 -1.09755e+01 
 172    5.1873582 -1.06904e+01 
 173    5.3009466 -1.04024e+01 
 174    5.4170222 -1.01017e+01 
 175    5.5356395 -9.78929e+00 
 176    5.6568542 -9.47598e+00 
 177    5.7807232 -9.16841e+00 
 178    5.9073046 -8.86111e+00 
 179    6.0366577 -8.57923e+00 
 180    6.1688433 -8.31505e+00 
 181    6.3039234 -8.05806e+00 
 182    6.4419613 -7.83601e+00 
 183    6.5830219 -7.63375e+00 
 184    6.7271713 -7.44417e+00 
 185    6.8744772 -7.28368e+00 
 186    7.0250086 -7.12737e+00 
 187    7.1788363 -6.98747e+00 
 188    7.3360323 -6.86381e+00 
 189    7.4966705 -6.76157e+00 


# y-band (filter: y_LSST.dat)
   0    0.1250000 -1.44424e+01 
   1    0.1277371 -1.44649e+01 
   2    0.1305342 -1.44878e+01 
   3    0.1333926 -1.45113e+01 
   4    0.1363135 -1.45325e+01 
   5    0.1392983 -1.45532e+01 
   6    0.1423486 -1.45723e+01 
   7    0.1454656 -1.45934e+01 
   8    0.1486509 -1.46166e+01 
   9    0.1519059 -1.46402e+01 
  10    0.1552322 -1.46600e+01 
  11    0.1586314 -1.46796e+01 
  12    0.1621049 -1.47009e+01 
  13    0.1656546 -1.47235e+01 
  14    0.1692819 -1.47440e+01 
  15    0.1729887 -1.47657e+01 
  16    0.1767767 -1.47884e+01 
  17    0.1806476 -1.48123e+01 
  18    0.1846033 -1.48360e+01 
  19    0.1886456 -1.48580e+01 
  20    0.1927764 -1.48809e+01 
  21    0.1969976 -1.49041e+01 
  22    0.2013113 -1.49291e+01 
  23    0.2057194 -1.49541e+01 
  24    0.2102241 -1.49794e+01 
  25    0.2148274 -1.50043e+01 
  26    0.2195315 -1.50308e+01 
  27    0.2243386 -1.50580e+01 
  28    0.2292510 -1.50905e+01 
  29    0.2342710 -1.51202e+01 
  30    0.2394008 -1.51500e+01 
  31    0.2446430 -1.51801e+01 
  32    0.2500000 -1.52068e+01 
  33    0.2554743 -1.52351e+01 
  34    0.2610684 -1.52714e+01 
  35    0.2667851 -1.53032e+01 
  36    0.2726269 -1.53320e+01 
  37    0.2785967 -1.53643e+01 
  38    0.2846972 -1.53914e+01 
  39    0.2909312 -1.54095e+01 
  40    0.2973018 -1.54290e+01 
  41    0.3038118 -1.54436e+01 
  42    0.3104645 -1.54542e+01 
  43    0.3172627 -1.54626e+01 
  44    0.3242099 -1.54648e+01 
  45    0.3313092 -1.54588e+01 
  46    0.3385639 -1.54463e+01 
  47    0.3459775 -1.54284e+01 
  48    0.3535534 -1.54064e+01 
  49    0.3612952 -1.53771e+01 
  50    0.3692065 -1.53438e+01 
  51    0.3772911 -1.53104e+01 
  52    0.3855527 -1.52694e+01 
  53    0.3939952 -1.52248e+01 
  54    0.4026226 -1.51781e+01 
  55    0.4114389 -1.51300e+01 
  56    0.4204482 -1.50780e+01 
  57    0.4296548 -1.50263e+01 
  58    0.4390630 -1.49717e+01 
  59    0.4486773 -1.49156e+01 
  60    0.4585020 -1.48581e+01 
  61    0.4685419 -1.48010e+01 
  62    0.4788016 -1.47434e+01 
  63    0.4892860 -1.46866e+01 
  64    0.5000000 -1.46315e+01 
  65    0.5109486 -1.45751e+01 
  66    0.5221369 -1.45201e+01 
  67    0.5335702 -1.44660e+01 
  68    0.5452539 -1.44129e+01 
  69    0.5571934 -1.43633e+01 
  70    0.5693943 -1.43141e+01 
  71    0.5818624 -1.42680e+01 
  72    0.5946036 -1.42231e+01 
  73    0.6076237 -1.41820e+01 
  74    0.6209289 -1.41408e+01 
  75    0.6345255 -1.41042e+01 
  76    0.6484198 -1.40696e+01 
  77    0.6626183 -1.40363e+01 
  78    0.6771278 -1.40041e+01 
  79    0.6919549 -1.39753e+01 
  80    0.7071068 -1.39454e+01 
  81    0.7225904 -1.39170e+01 
  82    0.7384131 -1.38890e+01 
  83    0.7545822 -1.38591e+01 
  84    0.7711054 -1.38310e+01 
  85    0.7879904 -1.38016e+01 
  86    0.8052452 -1.37742e+01 
  87    0.8228777 -1.37421e+01 
  88    0.8408964 -1.37105e+01 
  89    0.8593096 -1.36824e+01 
  90    0.8781261 -1.36527e+01 
  91    0.8973545 -1.36214e+01 
  92    0.9170040 -1.35900e+01 
  93    0.9370838 -1.35591e+01 
  94    0.9576033 -1.35304e+01 
  95    0.9785721 -1.35024e+01 
  96    1.0000000 -1.34754e+01 
  97    1.0218971 -1.34534e+01 
  98    1.0442738 -1.34323e+01 
  99    1.0671404 -1.34150e+01 
 100    1.0905077 -1.34051e+01 
 101    1.1143867 -1.34022e+01 
 102    1.1387886 -1.34034e+01 
 103    1.1637249 -1.34103e+01 
 104    1.1892071 -1.34296e+01 
 105    1.2152474 -1.34533e+01 
 106    1.2418578 -1.34835e+01 
 107    1.2690510 -1.35181e+01 
 108    1.2968396 -1.35594e+01 
 109    1.3252366 -1.36048e+01 
 110    1.3542555 -1.36554e+01 
 111    1.3839099 -1.37066e+01 
 112    1.4142136 -1.37633e+01 
 113    1.4451808 -1.38188e+01 
 114    1.4768261 -1.38773e+01 
 115    1.5091644 -1.39357e+01 
 116    1.5422108 -1.39938e+01 
 117    1.5759808 -1.40522e+01 
 118    1.6104903 -1.41108e+01 
 119    1.6457555 -1.41694e+01 
 120    1.6817928 -1.42267e+01 
 121    1.7186193 -1.42845e+01 
 122    1.7562522 -1.43381e+01 
 123    1.7947091 -1.43916e+01 
 124    1.8340081 -1.44418e+01 
 125    1.8741676 -1.44894e+01 
 126    1.9152066 -1.45331e+01 
 127    1.9571441 -1.45729e+01 
 128    2.0000000 -1.46097e+01 
 129    2.0437943 -1.46406e+01 
 130    2.0885476 -1.46681e+01 
 131    2.1342808 -1.46908e+01 
 132    2.1810155 -1.47077e+01 
 133    2.2287735 -1.47205e+01 
 134    2.2775773 -1.47299e+01 
 135    2.3274497 -1.47324e+01 
 136    2.3784142 -1.47304e+01 
 137    2.4304947 -1.47253e+01 
 138    2.4837156 -1.47105e+01 
 139    2.5381019 -1.46890e+01 
 140    2.5936791 -1.46627e+01 
 141    2.6504733 -1.46220e+01 
 142    2.7085111 -1.45696e+01 
 143    2.7678198 -1.45099e+01 
 144    2.8284271 -1.44308e+01 
 145    2.8903616 -1.43363e+01 
 146    2.9536523 -1.42240e+01 
 147    3.0183289 -1.40972e+01 
 148    3.0844217 -1.39446e+01 
 149    3.1519617 -1.37728e+01 
 150    3.2209807 -1.35854e+01 
 151    3.2915110 -1.33782e+01 
 152    3.3635857 -1.31583e+01 
 153    3.4372386 -1.29244e+01 
 154    3.5125043 -1.26922e+01 
 155    3.5894182 -1.24636e+01 
 156    3.6680162 -1.22261e+01 
 157    3.7483353 -1.20151e+01 
 158    3.8304131 -1.18174e+01 
 159    3.9142882 -1.16230e+01 
 160    4.0000000 -1.14622e+01 
 161    4.0875886 -1.13093e+01 
 162    4.1770951 -1.11709e+01 
 163    4.2685616 -1.10431e+01 
 164    4.3620309 -1.09247e+01 
 165    4.4575470 -1.08192e+01 
 166    4.5551545 -1.07065e+01 
 167    4.6548994 -1.05925e+01 
 168    4.7568285 -1.04778e+01 
 169    4.8609894 -1.03436e+01 
 170    4.9674312 -1.02013e+01 
 171    5.0762038 -1.00507e+01 
 172    5.1873582 -9.88516e+00 
 173    5.3009466 -9.71530e+00 
 174    5.4170222 -9.53413e+00 
 175    5.5356395 -9.33789e+00 
 176    5.6568542 -9.12854e+00 
 177    5.7807232 -8.91148e+00 
 178    5.9073046 -8.68693e+00 
 179    6.0366577 -8.46229e+00 
 180    6.1688433 -8.23367e+00 
 181    6.3039234 -8.00601e+00 
 182    6.4419613 -7.79699e+00 
 183    6.5830219 -7.58783e+00 
 184    6.7271713 -7.37483e+00 
 185    6.8744772 -7.17897e+00 
 186    7.0250086 -6.97949e+00 
 187    7.1788363 -6.78563e+00 
 188    7.3360323 -6.59998e+00 
 189    7.4966705 -6.43078e+00 


# J-band (filter: J_2MASS.dat)
   0    0.1250000 -1.37380e+01 
   1    0.1277371 -1.37500e+01 
   2    0.1305342 -1.37623e+01 
   3    0.1333926 -1.37749e+01 
   4    0.1363135 -1.37872e+01 
   5    0.1392983 -1.37994e+01 
   6    0.1423486 -1.38108e+01 
   7    0.1454656 -1.38222e+01 
   8    0.1486509 -1.38365e+01 
   9    0.1519059 -1.38540e+01 
  10    0.1552322 -1.38697e+01 
  11    0.1586314 -1.38881e+01 
  12    0.1621049 -1.39037e+01 
  13    0.1656546 -1.39267e+01 
  14    0.1692819 -1.39523e+01 
  15    0.1729887 -1.39792e+01 
  16    0.1767767 -1.40096e+01 
  17    0.1806476 -1.40367e+01 
  18    0.1846033 -1.40659e+01 
  19    0.1886456 -1.41025e+01 
  20    0.1927764 -1.41308e+01 
  21    0.1969976 -1.41651e+01 
  22    0.2013113 -1.42006e+01 
  23    0.2057194 -1.42501e+01 
  24    0.2102241 -1.43032e+01 
  25    0.2148274 -1.43658e+01 
  26    0.2195315 -1.44226e+01 
  27    0.2243386 -1.44809e+01 
  28    0.2292510 -1.45441e+01 
  29    0.2342710 -1.46079e+01 
  30    0.2394008 -1.46802e+01 
  31    0.2446430 -1.47482e+01 
  32    0.2500000 -1.48134e+01 
  33    0.2554743 -1.48781e+01 
  34    0.2610684 -1.49427e+01 
  35    0.2667851 -1.49949e+01 
  36    0.2726269 -1.50420e+01 
  37    0.2785967 -1.50898e+01 
  38    0.2846972 -1.51324e+01 
  39    0.2909312 -1.51768e+01 
  40    0.2973018 -1.52148e+01 
  41    0.3038118 -1.52511e+01 
  42    0.3104645 -1.52786e+01 
  43    0.3172627 -1.53036e+01 
  44    0.3242099 -1.53242e+01 
  45    0.3313092 -1.53470e+01 
  46    0.3385639 -1.53701e+01 
  47    0.3459775 -1.53944e+01 
  48    0.3535534 -1.54175e+01 
  49    0.3612952 -1.54390e+01 
  50    0.3692065 -1.54641e+01 
  51    0.3772911 -1.54918e+01 
  52    0.3855527 -1.55208e+01 
  53    0.3939952 -1.55530e+01 
  54    0.4026226 -1.55819e+01 
  55    0.4114389 -1.56147e+01 
  56    0.4204482 -1.56367e+01 
  57    0.4296548 -1.56548e+01 
  58    0.4390630 -1.56714e+01 
  59    0.4486773 -1.56894e+01 
  60    0.4585020 -1.57019e+01 
  61    0.4685419 -1.57141e+01 
  62    0.4788016 -1.57209e+01 
  63    0.4892860 -1.57272e+01 
  64    0.5000000 -1.57258e+01 
  65    0.5109486 -1.57257e+01 
  66    0.5221369 -1.57227e+01 
  67    0.5335702 -1.57185e+01 
  68    0.5452539 -1.57183e+01 
  69    0.5571934 -1.57144e+01 
  70    0.5693943 -1.57097e+01 
  71    0.5818624 -1.57022e+01 
  72    0.5946036 -1.56934e+01 
  73    0.6076237 -1.56828e+01 
  74    0.6209289 -1.56706e+01 
  75    0.6345255 -1.56530e+01 
  76    0.6484198 -1.56363e+01 
  77    0.6626183 -1.56182e+01 
  78    0.6771278 -1.56002e+01 
  79    0.6919549 -1.55790e+01 
  80    0.7071068 -1.55574e+01 
  81    0.7225904 -1.55342e+01 
  82    0.7384131 -1.55105e+01 
  83    0.7545822 -1.54871e+01 
  84    0.7711054 -1.54624e+01 
  85    0.7879904 -1.54389e+01 
  86    0.8052452 -1.54166e+01 
  87    0.8228777 -1.53925e+01 
  88    0.8408964 -1.53702e+01 
  89    0.8593096 -1.53464e+01 
  90    0.8781261 -1.53239e+01 
  91    0.8973545 -1.53038e+01 
  92    0.9170040 -1.52848e+01 
  93    0.9370838 -1.52665e+01 
  94    0.9576033 -1.52490e+01 
  95    0.9785721 -1.52327e+01 
  96    1.0000000 -1.52181e+01 
  97    1.0218971 -1.52048e+01 
  98    1.0442738 -1.51928e+01 
  99    1.0671404 -1.51837e+01 
 100    1.0905077 -1.51747e+01 
 101    1.1143867 -1.51662e+01 
 102    1.1387886 -1.51578e+01 
 103    1.1637249 -1.51508e+01 
 104    1.1892071 -1.51458e+01 
 105    1.2152474 -1.51422e+01 
 106    1.2418578 -1.51389e+01 
 107    1.2690510 -1.51377e+01 
 108    1.2968396 -1.51364e+01 
 109    1.3252366 -1.51367e+01 
 110    1.3542555 -1.51378e+01 
 111    1.3839099 -1.51393e+01 
 112    1.4142136 -1.51431e+01 
 113    1.4451808 -1.51493e+01 
 114    1.4768261 -1.51564e+01 
 115    1.5091644 -1.51650e+01 
 116    1.5422108 -1.51746e+01 
 117    1.5759808 -1.51854e+01 
 118    1.6104903 -1.51974e+01 
 119    1.6457555 -1.52112e+01 
 120    1.6817928 -1.52245e+01 
 121    1.7186193 -1.52379e+01 
 122    1.7562522 -1.52518e+01 
 123    1.7947091 -1.52659e+01 
 124    1.8340081 -1.52814e+01 
 125    1.8741676 -1.52979e+01 
 126    1.9152066 -1.53158e+01 
 127    1.9571441 -1.53341e+01 
 128    2.0000000 -1.53527e+01 
 129    2.0437943 -1.53720e+01 
 130    2.0885476 -1.53907e+01 
 131    2.1342808 -1.54097e+01 
 132    2.1810155 -1.54288e+01 
 133    2.2287735 -1.54488e+01 
 134    2.2775773 -1.54685e+01 
 135    2.3274497 -1.54881e+01 
 136    2.3784142 -1.55078e+01 
 137    2.4304947 -1.55267e+01 
 138    2.4837156 -1.55455e+01 
 139    2.5381019 -1.55634e+01 
 140    2.5936791 -1.55810e+01 
 141    2.6504733 -1.55978e+01 
 142    2.7085111 -1.56137e+01 
 143    2.7678198 -1.56294e+01 
 144    2.8284271 -1.56423e+01 
 145    2.8903616 -1.56519e+01 
 146    2.9536523 -1.56588e+01 
 147    3.0183289 -1.56631e+01 
 148    3.0844217 -1.56600e+01 
 149    3.1519617 -1.56501e+01 
 150    3.2209807 -1.56361e+01 
 151    3.2915110 -1.56103e+01 
 152    3.3635857 -1.55746e+01 
 153    3.4372386 -1.55315e+01 
 154    3.5125043 -1.54707e+01 
 155    3.5894182 -1.53955e+01 
 156    3.6680162 -1.53096e+01 
 157    3.7483353 -1.51988e+01 
 158    3.8304131 -1.50669e+01 
 159    3.9142882 -1.49199e+01 
 160    4.0000000 -1.47365e+01 
 161    4.0875886 -1.45249e+01 
 162    4.1770951 -1.42929e+01 
 163    4.2685616 -1.40168e+01 
 164    4.3620309 -1.37093e+01 
 165    4.4575470 -1.33767e+01 
 166    4.5551545 -1.30071e+01 
 167    4.6548994 -1.26179e+01 
 168    4.7568285 -1.22070e+01 
 169    4.8609894 -1.17989e+01 
 170    4.9674312 -1.14024e+01 
 171    5.0762038 -1.10196e+01 
 172    5.1873582 -1.06318e+01 
 173    5.3009466 -1.02927e+01 
 174    5.4170222 -9.97453e+00 
 175    5.5356395 -9.67676e+00 
 176    5.6568542 -9.42156e+00 
 177    5.7807232 -9.19466e+00 
 178    5.9073046 -9.00172e+00 
 179    6.0366577 -8.83475e+00 
 180    6.1688433 -8.68964e+00 
 181    6.3039234 -8.56422e+00 
 182    6.4419613 -8.44955e+00 
 183    6.5830219 -8.34416e+00 
 184    6.7271713 -8.24426e+00 
 185    6.8744772 -8.14828e+00 
 186    7.0250086 -8.05409e+00 
 187    7.1788363 -7.96067e+00 
 188    7.3360323 -7.86727e+00 
 189    7.4966705 -7.77446e+00 


# H-band (filter: H_2MASS.dat)
   0    0.1250000 -1.30710e+01 
   1    0.1277371 -1.30876e+01 
   2    0.1305342 -1.31046e+01 
   3    0.1333926 -1.31220e+01 
   4    0.1363135 -1.31572e+01 
   5    0.1392983 -1.31819e+01 
   6    0.1423486 -1.32013e+01 
   7    0.1454656 -1.32397e+01 
   8    0.1486509 -1.32853e+01 
   9    0.1519059 -1.33282e+01 
  10    0.1552322 -1.33945e+01 
  11    0.1586314 -1.34362e+01 
  12    0.1621049 -1.34796e+01 
  13    0.1656546 -1.35414e+01 
  14    0.1692819 -1.36049e+01 
  15    0.1729887 -1.36494e+01 
  16    0.1767767 -1.36895e+01 
  17    0.1806476 -1.37283e+01 
  18    0.1846033 -1.37728e+01 
  19    0.1886456 -1.38113e+01 
  20    0.1927764 -1.38707e+01 
  21    0.1969976 -1.39257e+01 
  22    0.2013113 -1.39826e+01 
  23    0.2057194 -1.40568e+01 
  24    0.2102241 -1.41322e+01 
  25    0.2148274 -1.41786e+01 
  26    0.2195315 -1.42124e+01 
  27    0.2243386 -1.42794e+01 
  28    0.2292510 -1.43337e+01 
  29    0.2342710 -1.44021e+01 
  30    0.2394008 -1.44546e+01 
  31    0.2446430 -1.45207e+01 
  32    0.2500000 -1.45700e+01 
  33    0.2554743 -1.46080e+01 
  34    0.2610684 -1.46497e+01 
  35    0.2667851 -1.46861e+01 
  36    0.2726269 -1.47234e+01 
  37    0.2785967 -1.47693e+01 
  38    0.2846972 -1.48191e+01 
  39    0.2909312 -1.48611e+01 
  40    0.2973018 -1.49099e+01 
  41    0.3038118 -1.49530e+01 
  42    0.3104645 -1.49960e+01 
  43    0.3172627 -1.50393e+01 
  44    0.3242099 -1.50724e+01 
  45    0.3313092 -1.51094e+01 
  46    0.3385639 -1.51424e+01 
  47    0.3459775 -1.51751e+01 
  48    0.3535534 -1.52021e+01 
  49    0.3612952 -1.52325e+01 
  50    0.3692065 -1.52570e+01 
  51    0.3772911 -1.52743e+01 
  52    0.3855527 -1.52927e+01 
  53    0.3939952 -1.53060e+01 
  54    0.4026226 -1.53145e+01 
  55    0.4114389 -1.53211e+01 
  56    0.4204482 -1.53289e+01 
  57    0.4296548 -1.53353e+01 
  58    0.4390630 -1.53355e+01 
  59    0.4486773 -1.53325e+01 
  60    0.4585020 -1.53220e+01 
  61    0.4685419 -1.53091e+01 
  62    0.4788016 -1.52960e+01 
  63    0.4892860 -1.52839e+01 
  64    0.5000000 -1.52690e+01 
  65    0.5109486 -1.52494e+01 
  66    0.5221369 -1.52366e+01 
  67    0.5335702 -1.52196e+01 
  68    0.5452539 -1.52035e+01 
  69    0.5571934 -1.51877e+01 
  70    0.5693943 -1.51735e+01 
  71    0.5818624 -1.51604e+01 
  72    0.5946036 -1.51492e+01 
  73    0.6076237 -1.51423e+01 
  74    0.6209289 -1.51362e+01 
  75    0.6345255 -1.51300e+01 
  76    0.6484198 -1.51257e+01 
  77    0.6626183 -1.51250e+01 
  78    0.6771278 -1.51233e+01 
  79    0.6919549 -1.51247e+01 
  80    0.7071068 -1.51237e+01 
  81    0.7225904 -1.51254e+01 
  82    0.7384131 -1.51289e+01 
  83    0.7545822 -1.51328e+01 
  84    0.7711054 -1.51358e+01 
  85    0.7879904 -1.51364e+01 
  86    0.8052452 -1.51376e+01 
  87    0.8228777 -1.51376e+01 
  88    0.8408964 -1.51356e+01 
  89    0.8593096 -1.51309e+01 
  90    0.8781261 -1.51254e+01 
  91    0.8973545 -1.51166e+01 
  92    0.9170040 -1.51059e+01 
  93    0.9370838 -1.50933e+01 
  94    0.9576033 -1.50763e+01 
  95    0.9785721 -1.50582e+01 
  96    1.0000000 -1.50383e+01 
  97    1.0218971 -1.50153e+01 
  98    1.0442738 -1.49894e+01 
  99    1.0671404 -1.49633e+01 
 100    1.0905077 -1.49333e+01 
 101    1.1143867 -1.49036e+01 
 102    1.1387886 -1.48754e+01 
 103    1.1637249 -1.48450e+01 
 104    1.1892071 -1.48171e+01 
 105    1.2152474 -1.47899e+01 
 106    1.2418578 -1.47624e+01 
 107    1.2690510 -1.47358e+01 
 108    1.2968396 -1.47125e+01 
 109    1.3252366 -1.46916e+01 
 110    1.3542555 -1.46740e+01 
 111    1.3839099 -1.46583e+01 
 112    1.4142136 -1.46447e+01 
 113    1.4451808 -1.46354e+01 
 114    1.4768261 -1.46307e+01 
 115    1.5091644 -1.46274e+01 
 116    1.5422108 -1.46326e+01 
 117    1.5759808 -1.46401e+01 
 118    1.6104903 -1.46511e+01 
 119    1.6457555 -1.46675e+01 
 120    1.6817928 -1.46843e+01 
 121    1.7186193 -1.47040e+01 
 122    1.7562522 -1.47254e+01 
 123    1.7947091 -1.47479e+01 
 124    1.8340081 -1.47737e+01 
 125    1.8741676 -1.47997e+01 
 126    1.9152066 -1.48262e+01 
 127    1.9571441 -1.48527e+01 
 128    2.0000000 -1.48787e+01 
 129    2.0437943 -1.49058e+01 
 130    2.0885476 -1.49318e+01 
 131    2.1342808 -1.49585e+01 
 132    2.1810155 -1.49848e+01 
 133    2.2287735 -1.50105e+01 
 134    2.2775773 -1.50368e+01 
 135    2.3274497 -1.50630e+01 
 136    2.3784142 -1.50883e+01 
 137    2.4304947 -1.51129e+01 
 138    2.4837156 -1.51362e+01 
 139    2.5381019 -1.51589e+01 
 140    2.5936791 -1.51799e+01 
 141    2.6504733 -1.51991e+01 
 142    2.7085111 -1.52166e+01 
 143    2.7678198 -1.52328e+01 
 144    2.8284271 -1.52455e+01 
 145    2.8903616 -1.52569e+01 
 146    2.9536523 -1.52660e+01 
 147    3.0183289 -1.52734e+01 
 148    3.0844217 -1.52778e+01 
 149    3.1519617 -1.52821e+01 
 150    3.2209807 -1.52835e+01 
 151    3.2915110 -1.52845e+01 
 152    3.3635857 -1.52833e+01 
 153    3.4372386 -1.52804e+01 
 154    3.5125043 -1.52743e+01 
 155    3.5894182 -1.52652e+01 
 156    3.6680162 -1.52539e+01 
 157    3.7483353 -1.52337e+01 
 158    3.8304131 -1.52043e+01 
 159    3.9142882 -1.51699e+01 
 160    4.0000000 -1.51135e+01 
 161    4.0875886 -1.50398e+01 
 162    4.1770951 -1.49575e+01 
 163    4.2685616 -1.48460e+01 
 164    4.3620309 -1.47139e+01 
 165    4.4575470 -1.45648e+01 
 166    4.5551545 -1.43801e+01 
 167    4.6548994 -1.41651e+01 
 168    4.7568285 -1.39272e+01 
 169    4.8609894 -1.36472e+01 
 170    4.9674312 -1.33370e+01 
 171    5.0762038 -1.30015e+01 
 172    5.1873582 -1.26432e+01 
 173    5.3009466 -1.22696e+01 
 174    5.4170222 -1.18881e+01 
 175    5.5356395 -1.14892e+01 
 176    5.6568542 -1.11093e+01 
 177    5.7807232 -1.07349e+01 
 178    5.9073046 -1.03536e+01 
 179    6.0366577 -1.00097e+01 
 180    6.1688433 -9.68616e+00 
 181    6.3039234 -9.37570e+00 
 182    6.4419613 -9.10302e+00 
 183    6.5830219 -8.85333e+00 
 184    6.7271713 -8.62581e+00 
 185    6.8744772 -8.42605e+00 
 186    7.0250086 -8.23191e+00 
 187    7.1788363 -8.04721e+00 
 188    7.3360323 -7.87524e+00 
 189    7.4966705 -7.72232e+00 


# K-band (filter: Ks_mosfire.dat)
   0    0.1250000 -1.23380e+01 
   1    0.1277371 -1.23793e+01 
   2    0.1305342 -1.24215e+01 
   3    0.1333926 -1.24647e+01 
   4    0.1363135 -1.25114e+01 
   5    0.1392983 -1.25539e+01 
   6    0.1423486 -1.26112e+01 
   7    0.1454656 -1.26634e+01 
   8    0.1486509 -1.26905e+01 
   9    0.1519059 -1.27822e+01 
  10    0.1552322 -1.28555e+01 
  11    0.1586314 -1.29284e+01 
  12    0.1621049 -1.30397e+01 
  13    0.1656546 -1.31161e+01 
  14    0.1692819 -1.32517e+01 
  15    0.1729887 -1.33559e+01 
  16    0.1767767 -1.35086e+01 
  17    0.1806476 -1.36322e+01 
  18    0.1846033 -1.37511e+01 
  19    0.1886456 -1.38636e+01 
  20    0.1927764 -1.39594e+01 
  21    0.1969976 -1.40646e+01 
  22    0.2013113 -1.41280e+01 
  23    0.2057194 -1.41764e+01 
  24    0.2102241 -1.42041e+01 
  25    0.2148274 -1.42422e+01 
  26    0.2195315 -1.42494e+01 
  27    0.2243386 -1.42564e+01 
  28    0.2292510 -1.42532e+01 
  29    0.2342710 -1.42572e+01 
  30    0.2394008 -1.42535e+01 
  31    0.2446430 -1.42561e+01 
  32    0.2500000 -1.42597e+01 
  33    0.2554743 -1.42717e+01 
  34    0.2610684 -1.42963e+01 
  35    0.2667851 -1.43313e+01 
  36    0.2726269 -1.43710e+01 
  37    0.2785967 -1.44072e+01 
  38    0.2846972 -1.44447e+01 
  39    0.2909312 -1.44831e+01 
  40    0.2973018 -1.45142e+01 
  41    0.3038118 -1.45497e+01 
  42    0.3104645 -1.45834e+01 
  43    0.3172627 -1.46128e+01 
  44    0.3242099 -1.46451e+01 
  45    0.3313092 -1.46676e+01 
  46    0.3385639 -1.46909e+01 
  47    0.3459775 -1.47019e+01 
  48    0.3535534 -1.47147e+01 
  49    0.3612952 -1.47313e+01 
  50    0.3692065 -1.47441e+01 
  51    0.3772911 -1.47438e+01 
  52    0.3855527 -1.47523e+01 
  53    0.3939952 -1.47549e+01 
  54    0.4026226 -1.47527e+01 
  55    0.4114389 -1.47505e+01 
  56    0.4204482 -1.47395e+01 
  57    0.4296548 -1.47304e+01 
  58    0.4390630 -1.47213e+01 
  59    0.4486773 -1.47059e+01 
  60    0.4585020 -1.46865e+01 
  61    0.4685419 -1.46613e+01 
  62    0.4788016 -1.46393e+01 
  63    0.4892860 -1.46167e+01 
  64    0.5000000 -1.45842e+01 
  65    0.5109486 -1.45510e+01 
  66    0.5221369 -1.45227e+01 
  67    0.5335702 -1.44909e+01 
  68    0.5452539 -1.44580e+01 
  69    0.5571934 -1.44262e+01 
  70    0.5693943 -1.43924e+01 
  71    0.5818624 -1.43606e+01 
  72    0.5946036 -1.43263e+01 
  73    0.6076237 -1.42987e+01 
  74    0.6209289 -1.42685e+01 
  75    0.6345255 -1.42426e+01 
  76    0.6484198 -1.42243e+01 
  77    0.6626183 -1.42084e+01 
  78    0.6771278 -1.41934e+01 
  79    0.6919549 -1.41882e+01 
  80    0.7071068 -1.41858e+01 
  81    0.7225904 -1.41849e+01 
  82    0.7384131 -1.41898e+01 
  83    0.7545822 -1.41982e+01 
  84    0.7711054 -1.42114e+01 
  85    0.7879904 -1.42186e+01 
  86    0.8052452 -1.42259e+01 
  87    0.8228777 -1.42350e+01 
  88    0.8408964 -1.42402e+01 
  89    0.8593096 -1.42435e+01 
  90    0.8781261 -1.42439e+01 
  91    0.8973545 -1.42369e+01 
  92    0.9170040 -1.42271e+01 
  93    0.9370838 -1.42135e+01 
  94    0.9576033 -1.41912e+01 
  95    0.9785721 -1.41616e+01 
  96    1.0000000 -1.41278e+01 
  97    1.0218971 -1.40864e+01 
  98    1.0442738 -1.40426e+01 
  99    1.0671404 -1.39939e+01 
 100    1.0905077 -1.39369e+01 
 101    1.1143867 -1.38761e+01 
 102    1.1387886 -1.38120e+01 
 103    1.1637249 -1.37455e+01 
 104    1.1892071 -1.36738e+01 
 105    1.2152474 -1.36011e+01 
 106    1.2418578 -1.35274e+01 
 107    1.2690510 -1.34514e+01 
 108    1.2968396 -1.33804e+01 
 109    1.3252366 -1.33069e+01 
 110    1.3542555 -1.32378e+01 
 111    1.3839099 -1.31672e+01 
 112    1.4142136 -1.30978e+01 
 113    1.4451808 -1.30307e+01 
 114    1.4768261 -1.29629e+01 
 115    1.5091644 -1.28985e+01 
 116    1.5422108 -1.28391e+01 
 117    1.5759808 -1.27799e+01 
 118    1.6104903 -1.27193e+01 
 119    1.6457555 -1.26627e+01 
 120    1.6817928 -1.26076e+01 
 121    1.7186193 -1.25551e+01 
 122    1.7562522 -1.25050e+01 
 123    1.7947091 -1.24542e+01 
 124    1.8340081 -1.24078e+01 
 125    1.8741676 -1.23622e+01 
 126    1.9152066 -1.23215e+01 
 127    1.9571441 -1.22784e+01 
 128    2.0000000 -1.22388e+01 
 129    2.0437943 -1.21987e+01 
 130    2.0885476 -1.21623e+01 
 131    2.1342808 -1.21230e+01 
 132    2.1810155 -1.20903e+01 
 133    2.2287735 -1.20541e+01 
 134    2.2775773 -1.20169e+01 
 135    2.3274497 -1.19783e+01 
 136    2.3784142 -1.19451e+01 
 137    2.4304947 -1.19110e+01 
 138    2.4837156 -1.18738e+01 
 139    2.5381019 -1.18378e+01 
 140    2.5936791 -1.18024e+01 
 141    2.6504733 -1.17695e+01 
 142    2.7085111 -1.17322e+01 
 143    2.7678198 -1.16995e+01 
 144    2.8284271 -1.16668e+01 
 145    2.8903616 -1.16301e+01 
 146    2.9536523 -1.15998e+01 
 147    3.0183289 -1.15689e+01 
 148    3.0844217 -1.15297e+01 
 149    3.1519617 -1.14894e+01 
 150    3.2209807 -1.14510e+01 
 151    3.2915110 -1.14048e+01 
 152    3.3635857 -1.13489e+01 
 153    3.4372386 -1.12923e+01 
 154    3.5125043 -1.12257e+01 
 155    3.5894182 -1.11515e+01 
 156    3.6680162 -1.10652e+01 
 157    3.7483353 -1.09696e+01 
 158    3.8304131 -1.08505e+01 
 159    3.9142882 -1.07203e+01 
 160    4.0000000 -1.05587e+01 
 161    4.0875886 -1.03668e+01 
 162    4.1770951 -1.01603e+01 
 163    4.2685616 -9.91380e+00 
 164    4.3620309 -9.65782e+00 
 165    4.4575470 -9.38735e+00 
 166    4.5551545 -9.12456e+00 
 167    4.6548994 -8.84838e+00 
 168    4.7568285 -8.56970e+00 
 169    4.8609894 -8.32406e+00 
 170    4.9674312 -8.08611e+00 
 171    5.0762038 -7.84783e+00 
 172    5.1873582 -7.61423e+00 
 173    5.3009466 -7.40432e+00 
 174    5.4170222 -7.19377e+00 
 175    5.5356395 -7.02545e+00 
 176    5.6568542 -6.87758e+00 
 177    5.7807232 -6.72492e+00 
 178    5.9073046 -6.56213e+00 
 179    6.0366577 -6.40172e+00 
 180    6.1688433 -6.23993e+00 
 181    6.3039234 -6.10318e+00 
 182    6.4419613 -5.94062e+00 
 183    6.5830219 -5.79025e+00 
 184    6.7271713 -5.63652e+00 
 185    6.8744772 -5.45476e+00 
 186    7.0250086 -5.29381e+00 
 187    7.1788363 -5.11063e+00 
 188    7.3360323 -4.92686e+00 
 189    7.4966705 -4.74715e+00 


# S-band (filter: Spitzer_IRAC2.dat)
   0    0.1250000 -1.14460e+01 
   1    0.1277371 -1.15723e+01 
   2    0.1305342 -1.17013e+01 
   3    0.1333926 -1.18331e+01 
   4    0.1363135 -1.20167e+01 
   5    0.1392983 -1.22042e+01 
   6    0.1423486 -1.23532e+01 
   7    0.1454656 -1.24849e+01 
   8    0.1486509 -1.26169e+01 
   9    0.1519059 -1.28089e+01 
  10    0.1552322 -1.30229e+01 
  11    0.1586314 -1.31875e+01 
  12    0.1621049 -1.32947e+01 
  13    0.1656546 -1.34788e+01 
  14    0.1692819 -1.35804e+01 
  15    0.1729887 -1.36825e+01 
  16    0.1767767 -1.37559e+01 
  17    0.1806476 -1.38365e+01 
  18    0.1846033 -1.39266e+01 
  19    0.1886456 -1.39938e+01 
  20    0.1927764 -1.40506e+01 
  21    0.1969976 -1.40919e+01 
  22    0.2013113 -1.41218e+01 
  23    0.2057194 -1.41252e+01 
  24    0.2102241 -1.41413e+01 
  25    0.2148274 -1.41505e+01 
  26    0.2195315 -1.41743e+01 
  27    0.2243386 -1.41852e+01 
  28    0.2292510 -1.41806e+01 
  29    0.2342710 -1.41721e+01 
  30    0.2394008 -1.41622e+01 
  31    0.2446430 -1.41646e+01 
  32    0.2500000 -1.41418e+01 
  33    0.2554743 -1.41222e+01 
  34    0.2610684 -1.40988e+01 
  35    0.2667851 -1.41012e+01 
  36    0.2726269 -1.40759e+01 
  37    0.2785967 -1.40454e+01 
  38    0.2846972 -1.39997e+01 
  39    0.2909312 -1.39641e+01 
  40    0.2973018 -1.39220e+01 
  41    0.3038118 -1.38725e+01 
  42    0.3104645 -1.38228e+01 
  43    0.3172627 -1.37752e+01 
  44    0.3242099 -1.37381e+01 
  45    0.3313092 -1.36875e+01 
  46    0.3385639 -1.36322e+01 
  47    0.3459775 -1.35699e+01 
  48    0.3535534 -1.35211e+01 
  49    0.3612952 -1.34680e+01 
  50    0.3692065 -1.34226e+01 
  51    0.3772911 -1.33428e+01 
  52    0.3855527 -1.32794e+01 
  53    0.3939952 -1.32139e+01 
  54    0.4026226 -1.31421e+01 
  55    0.4114389 -1.30714e+01 
  56    0.4204482 -1.30055e+01 
  57    0.4296548 -1.29344e+01 
  58    0.4390630 -1.28664e+01 
  59    0.4486773 -1.28004e+01 
  60    0.4585020 -1.27262e+01 
  61    0.4685419 -1.26542e+01 
  62    0.4788016 -1.25735e+01 
  63    0.4892860 -1.25180e+01 
  64    0.5000000 -1.24549e+01 
  65    0.5109486 -1.23920e+01 
  66    0.5221369 -1.23280e+01 
  67    0.5335702 -1.22690e+01 
  68    0.5452539 -1.22072e+01 
  69    0.5571934 -1.21522e+01 
  70    0.5693943 -1.20904e+01 
  71    0.5818624 -1.20400e+01 
  72    0.5946036 -1.19767e+01 
  73    0.6076237 -1.19464e+01 
  74    0.6209289 -1.19187e+01 
  75    0.6345255 -1.18888e+01 
  76    0.6484198 -1.18604e+01 
  77    0.6626183 -1.18363e+01 
  78    0.6771278 -1.18130e+01 
  79    0.6919549 -1.17888e+01 
  80    0.7071068 -1.17809e+01 
  81    0.7225904 -1.17699e+01 
  82    0.7384131 -1.17824e+01 
  83    0.7545822 -1.17823e+01 
  84    0.7711054 -1.17925e+01 
  85    0.7879904 -1.17821e+01 
  86    0.8052452 -1.17845e+01 
  87    0.8228777 -1.17882e+01 
  88    0.8408964 -1.17934e+01 
  89    0.8593096 -1.18051e+01 
  90    0.8781261 -1.18076e+01 
  91    0.8973545 -1.18102e+01 
  92    0.9170040 -1.18142e+01 
  93    0.9370838 -1.18081e+01 
  94    0.9576033 -1.17846e+01 
  95    0.9785721 -1.17610e+01 
  96    1.0000000 -1.17368e+01 
  97    1.0218971 -1.17086e+01 
  98    1.0442738 -1.16737e+01 
  99    1.0671404 -1.16361e+01 
 100    1.0905077 -1.15898e+01 
 101    1.1143867 -1.15446e+01 
 102    1.1387886 -1.14899e+01 
 103    1.1637249 -1.14288e+01 
 104    1.1892071 -1.13675e+01 
 105    1.2152474 -1.13069e+01 
 106    1.2418578 -1.12431e+01 
 107    1.2690510 -1.11775e+01 
 108    1.2968396 -1.11038e+01 
 109    1.3252366 -1.10424e+01 
 110    1.3542555 -1.09851e+01 
 111    1.3839099 -1.09159e+01 
 112    1.4142136 -1.08511e+01 
 113    1.4451808 -1.07782e+01 
 114    1.4768261 -1.07156e+01 
 115    1.5091644 -1.06711e+01 
 116    1.5422108 -1.06103e+01 
 117    1.5759808 -1.05663e+01 
 118    1.6104903 -1.05255e+01 
 119    1.6457555 -1.04869e+01 
 120    1.6817928 -1.04521e+01 
 121    1.7186193 -1.04124e+01 
 122    1.7562522 -1.03798e+01 
 123    1.7947091 -1.03513e+01 
 124    1.8340081 -1.03222e+01 
 125    1.8741676 -1.03085e+01 
 126    1.9152066 -1.02847e+01 
 127    1.9571441 -1.02555e+01 
 128    2.0000000 -1.02428e+01 
 129    2.0437943 -1.02080e+01 
 130    2.0885476 -1.01799e+01 
 131    2.1342808 -1.01541e+01 
 132    2.1810155 -1.01141e+01 
 133    2.2287735 -1.00868e+01 
 134    2.2775773 -1.00592e+01 
 135    2.3274497 -1.00307e+01 
 136    2.3784142 -1.00072e+01 
 137    2.4304947 -9.97024e+00 
 138    2.4837156 -9.93516e+00 
 139    2.5381019 -9.90519e+00 
 140    2.5936791 -9.87120e+00 
 141    2.6504733 -9.83458e+00 
 142    2.7085111 -9.78434e+00 
 143    2.7678198 -9.75415e+00 
 144    2.8284271 -9.72821e+00 
 145    2.8903616 -9.68525e+00 
 146    2.9536523 -9.65726e+00 
 147    3.0183289 -9.61942e+00 
 148    3.0844217 -9.57241e+00 
 149    3.1519617 -9.53704e+00 
 150    3.2209807 -9.50074e+00 
 151    3.2915110 -9.45462e+00 
 152    3.3635857 -9.41845e+00 
 153    3.4372386 -9.38294e+00 
 154    3.5125043 -9.33556e+00 
 155    3.5894182 -9.26769e+00 
 156    3.6680162 -9.21142e+00 
 157    3.7483353 -9.14530e+00 
 158    3.8304131 -9.03330e+00 
 159    3.9142882 -8.93040e+00 
 160    4.0000000 -8.79664e+00 
 161    4.0875886 -8.63560e+00 
 162    4.1770951 -8.43071e+00 
 163    4.2685616 -8.19785e+00 
 164    4.3620309 -7.88630e+00 
 165    4.4575470 -7.55875e+00 
 166    4.5551545 -7.16108e+00 
 167    4.6548994 -6.77395e+00 
 168    4.7568285 -6.26129e+00 
 169    4.8609894 -5.78866e+00 
 170    4.9674312 -5.30366e+00 
 171    5.0762038 -4.87630e+00 
 172    5.1873582 -4.45228e+00 
 173    5.3009466 -4.05431e+00 
 174    5.4170222 -3.66780e+00 
 175    5.5356395 -3.35956e+00 
 176    5.6568542 -3.12300e+00 
 177    5.7807232 -2.78641e+00 
 178    5.9073046 -2.54677e+00 
 179    6.0366577 -2.27852e+00 
 180    6.1688433 -2.11767e+00 
 181    6.3039234 -1.94796e+00 
 182    6.4419613 -1.89268e+00 
 183    6.5830219 -1.75892e+00 
 184    6.7271713 -1.59303e+00 
 185    6.8744772 -1.46974e+00 
 186    7.0250086 -1.40702e+00 
 187    7.1788363 -1.27727e+00 
 188    7.3360323 -1.20907e+00 
 189    7.4966705 -1.18569e+00 


