# 1:iteration 2:time bin[s] 3-k:AB magnitude for k-th angular bin
# g-band (filter: g_LSST.dat)
   0    0.1250000 -1.57898e+01 
   1    0.1277371 -1.58013e+01 
   2    0.1305342 -1.58130e+01 
   3    0.1333926 -1.58250e+01 
   4    0.1363135 -1.58337e+01 
   5    0.1392983 -1.58417e+01 
   6    0.1423486 -1.58500e+01 
   7    0.1454656 -1.58548e+01 
   8    0.1486509 -1.58595e+01 
   9    0.1519059 -1.58616e+01 
  10    0.1552322 -1.58631e+01 
  11    0.1586314 -1.58658e+01 
  12    0.1621049 -1.58623e+01 
  13    0.1656546 -1.58594e+01 
  14    0.1692819 -1.58536e+01 
  15    0.1729887 -1.58480e+01 
  16    0.1767767 -1.58426e+01 
  17    0.1806476 -1.58348e+01 
  18    0.1846033 -1.58273e+01 
  19    0.1886456 -1.58202e+01 
  20    0.1927764 -1.58068e+01 
  21    0.1969976 -1.57971e+01 
  22    0.2013113 -1.57925e+01 
  23    0.2057194 -1.57776e+01 
  24    0.2102241 -1.57664e+01 
  25    0.2148274 -1.57568e+01 
  26    0.2195315 -1.57406e+01 
  27    0.2243386 -1.57273e+01 
  28    0.2292510 -1.57134e+01 
  29    0.2342710 -1.57011e+01 
  30    0.2394008 -1.56812e+01 
  31    0.2446430 -1.56604e+01 
  32    0.2500000 -1.56469e+01 
  33    0.2554743 -1.56257e+01 
  34    0.2610684 -1.56075e+01 
  35    0.2667851 -1.55920e+01 
  36    0.2726269 -1.55700e+01 
  37    0.2785967 -1.55499e+01 
  38    0.2846972 -1.55348e+01 
  39    0.2909312 -1.55212e+01 
  40    0.2973018 -1.55029e+01 
  41    0.3038118 -1.54837e+01 
  42    0.3104645 -1.54614e+01 
  43    0.3172627 -1.54407e+01 
  44    0.3242099 -1.54216e+01 
  45    0.3313092 -1.54015e+01 
  46    0.3385639 -1.53751e+01 
  47    0.3459775 -1.53421e+01 
  48    0.3535534 -1.53125e+01 
  49    0.3612952 -1.52763e+01 
  50    0.3692065 -1.52322e+01 
  51    0.3772911 -1.51922e+01 
  52    0.3855527 -1.51425e+01 
  53    0.3939952 -1.50928e+01 
  54    0.4026226 -1.50480e+01 
  55    0.4114389 -1.50006e+01 
  56    0.4204482 -1.49667e+01 
  57    0.4296548 -1.49316e+01 
  58    0.4390630 -1.49046e+01 
  59    0.4486773 -1.48796e+01 
  60    0.4585020 -1.48643e+01 
  61    0.4685419 -1.48642e+01 
  62    0.4788016 -1.48561e+01 
  63    0.4892860 -1.48649e+01 
  64    0.5000000 -1.48858e+01 
  65    0.5109486 -1.49221e+01 
  66    0.5221369 -1.49619e+01 
  67    0.5335702 -1.50136e+01 
  68    0.5452539 -1.50558e+01 
  69    0.5571934 -1.51013e+01 
  70    0.5693943 -1.51506e+01 
  71    0.5818624 -1.52086e+01 
  72    0.5946036 -1.52626e+01 
  73    0.6076237 -1.53234e+01 
  74    0.6209289 -1.53877e+01 
  75    0.6345255 -1.54479e+01 
  76    0.6484198 -1.55037e+01 
  77    0.6626183 -1.55573e+01 
  78    0.6771278 -1.56178e+01 
  79    0.6919549 -1.56723e+01 
  80    0.7071068 -1.57330e+01 
  81    0.7225904 -1.57943e+01 
  82    0.7384131 -1.58569e+01 
  83    0.7545822 -1.59144e+01 
  84    0.7711054 -1.59743e+01 
  85    0.7879904 -1.60392e+01 
  86    0.8052452 -1.61047e+01 
  87    0.8228777 -1.61737e+01 
  88    0.8408964 -1.62361e+01 
  89    0.8593096 -1.63013e+01 
  90    0.8781261 -1.63687e+01 
  91    0.8973545 -1.64321e+01 
  92    0.9170040 -1.65007e+01 
  93    0.9370838 -1.65626e+01 
  94    0.9576033 -1.66245e+01 
  95    0.9785721 -1.66851e+01 
  96    1.0000000 -1.67420e+01 
  97    1.0218971 -1.68072e+01 
  98    1.0442738 -1.68744e+01 
  99    1.0671404 -1.69360e+01 
 100    1.0905077 -1.69955e+01 
 101    1.1143867 -1.70471e+01 
 102    1.1387886 -1.70980e+01 
 103    1.1637249 -1.71490e+01 
 104    1.1892071 -1.71943e+01 
 105    1.2152474 -1.72369e+01 
 106    1.2418578 -1.72716e+01 
 107    1.2690510 -1.73297e+01 
 108    1.2968396 -1.74054e+01 
 109    1.3252366 -1.74662e+01 
 110    1.3542555 -1.75364e+01 
 111    1.3839099 -1.76307e+01 
 112    1.4142136 -1.77291e+01 
 113    1.4451808 -1.78436e+01 
 114    1.4768261 -1.79606e+01 
 115    1.5091644 -1.80946e+01 
 116    1.5422108 -1.82424e+01 
 117    1.5759808 -1.84011e+01 
 118    1.6104903 -1.85717e+01 
 119    1.6457555 -1.87347e+01 
 120    1.6817928 -1.88800e+01 
 121    1.7186193 -1.90353e+01 
 122    1.7562522 -1.91812e+01 
 123    1.7947091 -1.93143e+01 
 124    1.8340081 -1.94447e+01 
 125    1.8741676 -1.95703e+01 
 126    1.9152066 -1.96877e+01 
 127    1.9571441 -1.97927e+01 
 128    2.0000000 -1.98835e+01 
 129    2.0437943 -1.99655e+01 
 130    2.0885476 -2.00386e+01 
 131    2.1342808 -2.01079e+01 
 132    2.1810155 -2.01723e+01 
 133    2.2287735 -2.02301e+01 
 134    2.2775773 -2.02835e+01 
 135    2.3274497 -2.03310e+01 
 136    2.3784142 -2.03744e+01 
 137    2.4304947 -2.04136e+01 
 138    2.4837156 -2.04474e+01 
 139    2.5381019 -2.04794e+01 
 140    2.5936791 -2.05101e+01 
 141    2.6504733 -2.05349e+01 
 142    2.7085111 -2.05567e+01 
 143    2.7678198 -2.05772e+01 
 144    2.8284271 -2.05940e+01 
 145    2.8903616 -2.06121e+01 
 146    2.9536523 -2.06274e+01 
 147    3.0183289 -2.06399e+01 
 148    3.0844217 -2.06492e+01 
 149    3.1519617 -2.06548e+01 
 150    3.2209807 -2.06595e+01 
 151    3.2915110 -2.06594e+01 
 152    3.3635857 -2.06563e+01 
 153    3.4372386 -2.06524e+01 
 154    3.5125043 -2.06443e+01 
 155    3.5894182 -2.06302e+01 
 156    3.6680162 -2.06124e+01 
 157    3.7483353 -2.05872e+01 
 158    3.8304131 -2.05582e+01 
 159    3.9142882 -2.05265e+01 
 160    4.0000000 -2.04924e+01 
 161    4.0875886 -2.04599e+01 
 162    4.1770951 -2.04262e+01 
 163    4.2685616 -2.04029e+01 
 164    4.3620309 -2.04090e+01 
 165    4.4575470 -2.04257e+01 
 166    4.5551545 -2.04474e+01 
 167    4.6548994 -2.03929e+01 
 168    4.7568285 -2.03566e+01 
 169    4.8609894 -2.02849e+01 
 170    4.9674312 -2.02429e+01 
 171    5.0762038 -2.01390e+01 
 172    5.1873582 -2.00213e+01 
 173    5.3009466 -1.98493e+01 
 174    5.4170222 -1.96627e+01 
 175    5.5356395 -1.94470e+01 
 176    5.6568542 -1.92458e+01 
 177    5.7807232 -1.90315e+01 
 178    5.9073046 -1.88272e+01 
 179    6.0366577 -1.86905e+01 
 180    6.1688433 -1.85704e+01 
 181    6.3039234 -1.84407e+01 
 182    6.4419613 -1.83304e+01 
 183    6.5830219 -1.82602e+01 
 184    6.7271713 -1.82338e+01 
 185    6.8744772 -1.82292e+01 
 186    7.0250086 -1.82494e+01 
 187    7.1788363 -1.82797e+01 
 188    7.3360323 -1.83145e+01 
 189    7.4966705 -1.83554e+01 


# r-band (filter: r_LSST.dat)
   0    0.1250000 -1.56476e+01 
   1    0.1277371 -1.56725e+01 
   2    0.1305342 -1.56980e+01 
   3    0.1333926 -1.57240e+01 
   4    0.1363135 -1.57478e+01 
   5    0.1392983 -1.57715e+01 
   6    0.1423486 -1.57938e+01 
   7    0.1454656 -1.58177e+01 
   8    0.1486509 -1.58363e+01 
   9    0.1519059 -1.58531e+01 
  10    0.1552322 -1.58709e+01 
  11    0.1586314 -1.58860e+01 
  12    0.1621049 -1.59051e+01 
  13    0.1656546 -1.59223e+01 
  14    0.1692819 -1.59333e+01 
  15    0.1729887 -1.59415e+01 
  16    0.1767767 -1.59501e+01 
  17    0.1806476 -1.59588e+01 
  18    0.1846033 -1.59676e+01 
  19    0.1886456 -1.59715e+01 
  20    0.1927764 -1.59796e+01 
  21    0.1969976 -1.59842e+01 
  22    0.2013113 -1.59883e+01 
  23    0.2057194 -1.59895e+01 
  24    0.2102241 -1.59918e+01 
  25    0.2148274 -1.59900e+01 
  26    0.2195315 -1.59866e+01 
  27    0.2243386 -1.59886e+01 
  28    0.2292510 -1.59906e+01 
  29    0.2342710 -1.59896e+01 
  30    0.2394008 -1.59861e+01 
  31    0.2446430 -1.59826e+01 
  32    0.2500000 -1.59767e+01 
  33    0.2554743 -1.59738e+01 
  34    0.2610684 -1.59692e+01 
  35    0.2667851 -1.59690e+01 
  36    0.2726269 -1.59602e+01 
  37    0.2785967 -1.59544e+01 
  38    0.2846972 -1.59457e+01 
  39    0.2909312 -1.59353e+01 
  40    0.2973018 -1.59298e+01 
  41    0.3038118 -1.59186e+01 
  42    0.3104645 -1.59090e+01 
  43    0.3172627 -1.58962e+01 
  44    0.3242099 -1.58884e+01 
  45    0.3313092 -1.58747e+01 
  46    0.3385639 -1.58621e+01 
  47    0.3459775 -1.58518e+01 
  48    0.3535534 -1.58362e+01 
  49    0.3612952 -1.58265e+01 
  50    0.3692065 -1.58199e+01 
  51    0.3772911 -1.58142e+01 
  52    0.3855527 -1.58084e+01 
  53    0.3939952 -1.57989e+01 
  54    0.4026226 -1.57909e+01 
  55    0.4114389 -1.57886e+01 
  56    0.4204482 -1.57755e+01 
  57    0.4296548 -1.57709e+01 
  58    0.4390630 -1.57619e+01 
  59    0.4486773 -1.57494e+01 
  60    0.4585020 -1.57515e+01 
  61    0.4685419 -1.57464e+01 
  62    0.4788016 -1.57414e+01 
  63    0.4892860 -1.57386e+01 
  64    0.5000000 -1.57470e+01 
  65    0.5109486 -1.57600e+01 
  66    0.5221369 -1.57809e+01 
  67    0.5335702 -1.58041e+01 
  68    0.5452539 -1.58245e+01 
  69    0.5571934 -1.58477e+01 
  70    0.5693943 -1.58740e+01 
  71    0.5818624 -1.59173e+01 
  72    0.5946036 -1.59631e+01 
  73    0.6076237 -1.60135e+01 
  74    0.6209289 -1.60666e+01 
  75    0.6345255 -1.61241e+01 
  76    0.6484198 -1.61900e+01 
  77    0.6626183 -1.62574e+01 
  78    0.6771278 -1.63754e+01 
  79    0.6919549 -1.65004e+01 
  80    0.7071068 -1.66196e+01 
  81    0.7225904 -1.67500e+01 
  82    0.7384131 -1.68617e+01 
  83    0.7545822 -1.69564e+01 
  84    0.7711054 -1.70688e+01 
  85    0.7879904 -1.71603e+01 
  86    0.8052452 -1.72595e+01 
  87    0.8228777 -1.73525e+01 
  88    0.8408964 -1.74436e+01 
  89    0.8593096 -1.75473e+01 
  90    0.8781261 -1.76474e+01 
  91    0.8973545 -1.77322e+01 
  92    0.9170040 -1.78547e+01 
  93    0.9370838 -1.80020e+01 
  94    0.9576033 -1.81751e+01 
  95    0.9785721 -1.83371e+01 
  96    1.0000000 -1.85147e+01 
  97    1.0218971 -1.86766e+01 
  98    1.0442738 -1.88529e+01 
  99    1.0671404 -1.90553e+01 
 100    1.0905077 -1.92501e+01 
 101    1.1143867 -1.94305e+01 
 102    1.1387886 -1.95958e+01 
 103    1.1637249 -1.97741e+01 
 104    1.1892071 -1.99593e+01 
 105    1.2152474 -2.01409e+01 
 106    1.2418578 -2.03044e+01 
 107    1.2690510 -2.04575e+01 
 108    1.2968396 -2.05963e+01 
 109    1.3252366 -2.07399e+01 
 110    1.3542555 -2.08598e+01 
 111    1.3839099 -2.09852e+01 
 112    1.4142136 -2.11008e+01 
 113    1.4451808 -2.11960e+01 
 114    1.4768261 -2.12927e+01 
 115    1.5091644 -2.13721e+01 
 116    1.5422108 -2.14483e+01 
 117    1.5759808 -2.15029e+01 
 118    1.6104903 -2.15618e+01 
 119    1.6457555 -2.15896e+01 
 120    1.6817928 -2.16222e+01 
 121    1.7186193 -2.16594e+01 
 122    1.7562522 -2.17022e+01 
 123    1.7947091 -2.16983e+01 
 124    1.8340081 -2.16764e+01 
 125    1.8741676 -2.16587e+01 
 126    1.9152066 -2.16447e+01 
 127    1.9571441 -2.16587e+01 
 128    2.0000000 -2.16480e+01 
 129    2.0437943 -2.16450e+01 
 130    2.0885476 -2.16762e+01 
 131    2.1342808 -2.17094e+01 
 132    2.1810155 -2.17583e+01 
 133    2.2287735 -2.17860e+01 
 134    2.2775773 -2.18346e+01 
 135    2.3274497 -2.18728e+01 
 136    2.3784142 -2.19276e+01 
 137    2.4304947 -2.19836e+01 
 138    2.4837156 -2.20227e+01 
 139    2.5381019 -2.20336e+01 
 140    2.5936791 -2.20400e+01 
 141    2.6504733 -2.20374e+01 
 142    2.7085111 -2.20200e+01 
 143    2.7678198 -2.19896e+01 
 144    2.8284271 -2.19561e+01 
 145    2.8903616 -2.19181e+01 
 146    2.9536523 -2.18736e+01 
 147    3.0183289 -2.18244e+01 
 148    3.0844217 -2.17716e+01 
 149    3.1519617 -2.17134e+01 
 150    3.2209807 -2.16558e+01 
 151    3.2915110 -2.15975e+01 
 152    3.3635857 -2.15400e+01 
 153    3.4372386 -2.14790e+01 
 154    3.5125043 -2.14175e+01 
 155    3.5894182 -2.13563e+01 
 156    3.6680162 -2.12900e+01 
 157    3.7483353 -2.12228e+01 
 158    3.8304131 -2.11527e+01 
 159    3.9142882 -2.10821e+01 
 160    4.0000000 -2.10082e+01 
 161    4.0875886 -2.09329e+01 
 162    4.1770951 -2.08583e+01 
 163    4.2685616 -2.07916e+01 
 164    4.3620309 -2.07157e+01 
 165    4.4575470 -2.06088e+01 
 166    4.5551545 -2.04658e+01 
 167    4.6548994 -2.03247e+01 
 168    4.7568285 -2.01854e+01 
 169    4.8609894 -2.00497e+01 
 170    4.9674312 -1.98829e+01 
 171    5.0762038 -1.96942e+01 
 172    5.1873582 -1.94818e+01 
 173    5.3009466 -1.92339e+01 
 174    5.4170222 -1.89795e+01 
 175    5.5356395 -1.87195e+01 
 176    5.6568542 -1.84854e+01 
 177    5.7807232 -1.82987e+01 
 178    5.9073046 -1.80946e+01 
 179    6.0366577 -1.79368e+01 
 180    6.1688433 -1.77791e+01 
 181    6.3039234 -1.76321e+01 
 182    6.4419613 -1.75153e+01 
 183    6.5830219 -1.74175e+01 
 184    6.7271713 -1.73608e+01 
 185    6.8744772 -1.73201e+01 
 186    7.0250086 -1.72950e+01 
 187    7.1788363 -1.72729e+01 
 188    7.3360323 -1.72522e+01 
 189    7.4966705 -1.72336e+01 


# i-band (filter: i_LSST.dat)
   0    0.1250000 -1.51677e+01 
   1    0.1277371 -1.51912e+01 
   2    0.1305342 -1.52153e+01 
   3    0.1333926 -1.52399e+01 
   4    0.1363135 -1.52673e+01 
   5    0.1392983 -1.52925e+01 
   6    0.1423486 -1.53171e+01 
   7    0.1454656 -1.53369e+01 
   8    0.1486509 -1.53588e+01 
   9    0.1519059 -1.53833e+01 
  10    0.1552322 -1.54043e+01 
  11    0.1586314 -1.54234e+01 
  12    0.1621049 -1.54480e+01 
  13    0.1656546 -1.54730e+01 
  14    0.1692819 -1.55005e+01 
  15    0.1729887 -1.55212e+01 
  16    0.1767767 -1.55350e+01 
  17    0.1806476 -1.55585e+01 
  18    0.1846033 -1.55770e+01 
  19    0.1886456 -1.55949e+01 
  20    0.1927764 -1.56118e+01 
  21    0.1969976 -1.56347e+01 
  22    0.2013113 -1.56586e+01 
  23    0.2057194 -1.56732e+01 
  24    0.2102241 -1.56877e+01 
  25    0.2148274 -1.57028e+01 
  26    0.2195315 -1.57148e+01 
  27    0.2243386 -1.57291e+01 
  28    0.2292510 -1.57447e+01 
  29    0.2342710 -1.57542e+01 
  30    0.2394008 -1.57708e+01 
  31    0.2446430 -1.57812e+01 
  32    0.2500000 -1.57952e+01 
  33    0.2554743 -1.58047e+01 
  34    0.2610684 -1.58072e+01 
  35    0.2667851 -1.58111e+01 
  36    0.2726269 -1.58176e+01 
  37    0.2785967 -1.58218e+01 
  38    0.2846972 -1.58294e+01 
  39    0.2909312 -1.58399e+01 
  40    0.2973018 -1.58425e+01 
  41    0.3038118 -1.58459e+01 
  42    0.3104645 -1.58444e+01 
  43    0.3172627 -1.58393e+01 
  44    0.3242099 -1.58340e+01 
  45    0.3313092 -1.58281e+01 
  46    0.3385639 -1.58258e+01 
  47    0.3459775 -1.58016e+01 
  48    0.3535534 -1.57900e+01 
  49    0.3612952 -1.57676e+01 
  50    0.3692065 -1.57333e+01 
  51    0.3772911 -1.56952e+01 
  52    0.3855527 -1.56695e+01 
  53    0.3939952 -1.56426e+01 
  54    0.4026226 -1.56168e+01 
  55    0.4114389 -1.55844e+01 
  56    0.4204482 -1.55622e+01 
  57    0.4296548 -1.55587e+01 
  58    0.4390630 -1.55505e+01 
  59    0.4486773 -1.55497e+01 
  60    0.4585020 -1.55531e+01 
  61    0.4685419 -1.55825e+01 
  62    0.4788016 -1.56274e+01 
  63    0.4892860 -1.57175e+01 
  64    0.5000000 -1.58134e+01 
  65    0.5109486 -1.59376e+01 
  66    0.5221369 -1.61286e+01 
  67    0.5335702 -1.63810e+01 
  68    0.5452539 -1.66289e+01 
  69    0.5571934 -1.68915e+01 
  70    0.5693943 -1.71906e+01 
  71    0.5818624 -1.74684e+01 
  72    0.5946036 -1.76770e+01 
  73    0.6076237 -1.78743e+01 
  74    0.6209289 -1.81062e+01 
  75    0.6345255 -1.83211e+01 
  76    0.6484198 -1.84738e+01 
  77    0.6626183 -1.86070e+01 
  78    0.6771278 -1.87028e+01 
  79    0.6919549 -1.87069e+01 
  80    0.7071068 -1.87171e+01 
  81    0.7225904 -1.86931e+01 
  82    0.7384131 -1.86484e+01 
  83    0.7545822 -1.86490e+01 
  84    0.7711054 -1.86328e+01 
  85    0.7879904 -1.86470e+01 
  86    0.8052452 -1.86232e+01 
  87    0.8228777 -1.86087e+01 
  88    0.8408964 -1.86255e+01 
  89    0.8593096 -1.86324e+01 
  90    0.8781261 -1.86891e+01 
  91    0.8973545 -1.87450e+01 
  92    0.9170040 -1.87850e+01 
  93    0.9370838 -1.88402e+01 
  94    0.9576033 -1.88910e+01 
  95    0.9785721 -1.89515e+01 
  96    1.0000000 -1.90133e+01 
  97    1.0218971 -1.90786e+01 
  98    1.0442738 -1.91500e+01 
  99    1.0671404 -1.92185e+01 
 100    1.0905077 -1.92946e+01 
 101    1.1143867 -1.93695e+01 
 102    1.1387886 -1.94274e+01 
 103    1.1637249 -1.95137e+01 
 104    1.1892071 -1.96034e+01 
 105    1.2152474 -1.96934e+01 
 106    1.2418578 -1.97844e+01 
 107    1.2690510 -1.98727e+01 
 108    1.2968396 -1.99600e+01 
 109    1.3252366 -2.00471e+01 
 110    1.3542555 -2.01310e+01 
 111    1.3839099 -2.02156e+01 
 112    1.4142136 -2.02978e+01 
 113    1.4451808 -2.03770e+01 
 114    1.4768261 -2.04555e+01 
 115    1.5091644 -2.05324e+01 
 116    1.5422108 -2.06036e+01 
 117    1.5759808 -2.06684e+01 
 118    1.6104903 -2.07334e+01 
 119    1.6457555 -2.07898e+01 
 120    1.6817928 -2.08420e+01 
 121    1.7186193 -2.08917e+01 
 122    1.7562522 -2.09318e+01 
 123    1.7947091 -2.09667e+01 
 124    1.8340081 -2.09972e+01 
 125    1.8741676 -2.10214e+01 
 126    1.9152066 -2.10394e+01 
 127    1.9571441 -2.10520e+01 
 128    2.0000000 -2.10602e+01 
 129    2.0437943 -2.10642e+01 
 130    2.0885476 -2.10634e+01 
 131    2.1342808 -2.10599e+01 
 132    2.1810155 -2.10509e+01 
 133    2.2287735 -2.10396e+01 
 134    2.2775773 -2.10251e+01 
 135    2.3274497 -2.10056e+01 
 136    2.3784142 -2.09834e+01 
 137    2.4304947 -2.09589e+01 
 138    2.4837156 -2.09305e+01 
 139    2.5381019 -2.08988e+01 
 140    2.5936791 -2.08652e+01 
 141    2.6504733 -2.08270e+01 
 142    2.7085111 -2.07865e+01 
 143    2.7678198 -2.07432e+01 
 144    2.8284271 -2.06976e+01 
 145    2.8903616 -2.06481e+01 
 146    2.9536523 -2.05971e+01 
 147    3.0183289 -2.05440e+01 
 148    3.0844217 -2.04874e+01 
 149    3.1519617 -2.04282e+01 
 150    3.2209807 -2.03673e+01 
 151    3.2915110 -2.03025e+01 
 152    3.3635857 -2.02364e+01 
 153    3.4372386 -2.01691e+01 
 154    3.5125043 -2.00982e+01 
 155    3.5894182 -2.00248e+01 
 156    3.6680162 -1.99488e+01 
 157    3.7483353 -1.98713e+01 
 158    3.8304131 -1.97923e+01 
 159    3.9142882 -1.97104e+01 
 160    4.0000000 -1.96282e+01 
 161    4.0875886 -1.95446e+01 
 162    4.1770951 -1.94586e+01 
 163    4.2685616 -1.93743e+01 
 164    4.3620309 -1.92842e+01 
 165    4.4575470 -1.91880e+01 
 166    4.5551545 -1.90701e+01 
 167    4.6548994 -1.89340e+01 
 168    4.7568285 -1.87957e+01 
 169    4.8609894 -1.86396e+01 
 170    4.9674312 -1.84658e+01 
 171    5.0762038 -1.82614e+01 
 172    5.1873582 -1.80401e+01 
 173    5.3009466 -1.78024e+01 
 174    5.4170222 -1.75771e+01 
 175    5.5356395 -1.73395e+01 
 176    5.6568542 -1.71340e+01 
 177    5.7807232 -1.69469e+01 
 178    5.9073046 -1.67578e+01 
 179    6.0366577 -1.66117e+01 
 180    6.1688433 -1.64726e+01 
 181    6.3039234 -1.63528e+01 
 182    6.4419613 -1.62478e+01 
 183    6.5830219 -1.61711e+01 
 184    6.7271713 -1.61222e+01 
 185    6.8744772 -1.60844e+01 
 186    7.0250086 -1.60508e+01 
 187    7.1788363 -1.60175e+01 
 188    7.3360323 -1.59853e+01 
 189    7.4966705 -1.59539e+01 


# z-band (filter: z_LSST.dat)
   0    0.1250000 -1.47735e+01 
   1    0.1277371 -1.47958e+01 
   2    0.1305342 -1.48185e+01 
   3    0.1333926 -1.48417e+01 
   4    0.1363135 -1.48786e+01 
   5    0.1392983 -1.49027e+01 
   6    0.1423486 -1.49205e+01 
   7    0.1454656 -1.49287e+01 
   8    0.1486509 -1.49463e+01 
   9    0.1519059 -1.49675e+01 
  10    0.1552322 -1.49867e+01 
  11    0.1586314 -1.50032e+01 
  12    0.1621049 -1.50181e+01 
  13    0.1656546 -1.50362e+01 
  14    0.1692819 -1.50676e+01 
  15    0.1729887 -1.50861e+01 
  16    0.1767767 -1.51100e+01 
  17    0.1806476 -1.51334e+01 
  18    0.1846033 -1.51577e+01 
  19    0.1886456 -1.51827e+01 
  20    0.1927764 -1.52045e+01 
  21    0.1969976 -1.52265e+01 
  22    0.2013113 -1.52450e+01 
  23    0.2057194 -1.52676e+01 
  24    0.2102241 -1.52950e+01 
  25    0.2148274 -1.53202e+01 
  26    0.2195315 -1.53316e+01 
  27    0.2243386 -1.53481e+01 
  28    0.2292510 -1.53566e+01 
  29    0.2342710 -1.53793e+01 
  30    0.2394008 -1.53968e+01 
  31    0.2446430 -1.54114e+01 
  32    0.2500000 -1.54312e+01 
  33    0.2554743 -1.54489e+01 
  34    0.2610684 -1.54620e+01 
  35    0.2667851 -1.54844e+01 
  36    0.2726269 -1.54903e+01 
  37    0.2785967 -1.55032e+01 
  38    0.2846972 -1.55141e+01 
  39    0.2909312 -1.55320e+01 
  40    0.2973018 -1.55473e+01 
  41    0.3038118 -1.55483e+01 
  42    0.3104645 -1.55522e+01 
  43    0.3172627 -1.55511e+01 
  44    0.3242099 -1.55500e+01 
  45    0.3313092 -1.55281e+01 
  46    0.3385639 -1.55162e+01 
  47    0.3459775 -1.55030e+01 
  48    0.3535534 -1.54582e+01 
  49    0.3612952 -1.54094e+01 
  50    0.3692065 -1.53642e+01 
  51    0.3772911 -1.53096e+01 
  52    0.3855527 -1.52349e+01 
  53    0.3939952 -1.51975e+01 
  54    0.4026226 -1.51796e+01 
  55    0.4114389 -1.51598e+01 
  56    0.4204482 -1.51919e+01 
  57    0.4296548 -1.52850e+01 
  58    0.4390630 -1.53857e+01 
  59    0.4486773 -1.55325e+01 
  60    0.4585020 -1.56922e+01 
  61    0.4685419 -1.59523e+01 
  62    0.4788016 -1.62048e+01 
  63    0.4892860 -1.64499e+01 
  64    0.5000000 -1.67119e+01 
  65    0.5109486 -1.70422e+01 
  66    0.5221369 -1.73581e+01 
  67    0.5335702 -1.75102e+01 
  68    0.5452539 -1.76560e+01 
  69    0.5571934 -1.77185e+01 
  70    0.5693943 -1.77924e+01 
  71    0.5818624 -1.78240e+01 
  72    0.5946036 -1.78738e+01 
  73    0.6076237 -1.78548e+01 
  74    0.6209289 -1.78174e+01 
  75    0.6345255 -1.78196e+01 
  76    0.6484198 -1.78089e+01 
  77    0.6626183 -1.77565e+01 
  78    0.6771278 -1.76975e+01 
  79    0.6919549 -1.77168e+01 
  80    0.7071068 -1.77689e+01 
  81    0.7225904 -1.78140e+01 
  82    0.7384131 -1.78586e+01 
  83    0.7545822 -1.79052e+01 
  84    0.7711054 -1.79587e+01 
  85    0.7879904 -1.80278e+01 
  86    0.8052452 -1.81054e+01 
  87    0.8228777 -1.81763e+01 
  88    0.8408964 -1.82590e+01 
  89    0.8593096 -1.83493e+01 
  90    0.8781261 -1.84426e+01 
  91    0.8973545 -1.85459e+01 
  92    0.9170040 -1.86488e+01 
  93    0.9370838 -1.87604e+01 
  94    0.9576033 -1.88658e+01 
  95    0.9785721 -1.89807e+01 
  96    1.0000000 -1.90961e+01 
  97    1.0218971 -1.92145e+01 
  98    1.0442738 -1.93245e+01 
  99    1.0671404 -1.94369e+01 
 100    1.0905077 -1.95477e+01 
 101    1.1143867 -1.96528e+01 
 102    1.1387886 -1.97578e+01 
 103    1.1637249 -1.98600e+01 
 104    1.1892071 -1.99591e+01 
 105    1.2152474 -2.00574e+01 
 106    1.2418578 -2.01539e+01 
 107    1.2690510 -2.02443e+01 
 108    1.2968396 -2.03290e+01 
 109    1.3252366 -2.04095e+01 
 110    1.3542555 -2.04870e+01 
 111    1.3839099 -2.05613e+01 
 112    1.4142136 -2.06320e+01 
 113    1.4451808 -2.06963e+01 
 114    1.4768261 -2.07582e+01 
 115    1.5091644 -2.08166e+01 
 116    1.5422108 -2.08681e+01 
 117    1.5759808 -2.09135e+01 
 118    1.6104903 -2.09537e+01 
 119    1.6457555 -2.09853e+01 
 120    1.6817928 -2.10113e+01 
 121    1.7186193 -2.10330e+01 
 122    1.7562522 -2.10452e+01 
 123    1.7947091 -2.10516e+01 
 124    1.8340081 -2.10540e+01 
 125    1.8741676 -2.10494e+01 
 126    1.9152066 -2.10384e+01 
 127    1.9571441 -2.10232e+01 
 128    2.0000000 -2.10030e+01 
 129    2.0437943 -2.09801e+01 
 130    2.0885476 -2.09525e+01 
 131    2.1342808 -2.09228e+01 
 132    2.1810155 -2.08893e+01 
 133    2.2287735 -2.08526e+01 
 134    2.2775773 -2.08128e+01 
 135    2.3274497 -2.07708e+01 
 136    2.3784142 -2.07254e+01 
 137    2.4304947 -2.06784e+01 
 138    2.4837156 -2.06283e+01 
 139    2.5381019 -2.05752e+01 
 140    2.5936791 -2.05200e+01 
 141    2.6504733 -2.04623e+01 
 142    2.7085111 -2.04028e+01 
 143    2.7678198 -2.03401e+01 
 144    2.8284271 -2.02756e+01 
 145    2.8903616 -2.02082e+01 
 146    2.9536523 -2.01400e+01 
 147    3.0183289 -2.00690e+01 
 148    3.0844217 -1.99952e+01 
 149    3.1519617 -1.99188e+01 
 150    3.2209807 -1.98423e+01 
 151    3.2915110 -1.97630e+01 
 152    3.3635857 -1.96802e+01 
 153    3.4372386 -1.95953e+01 
 154    3.5125043 -1.95094e+01 
 155    3.5894182 -1.94208e+01 
 156    3.6680162 -1.93303e+01 
 157    3.7483353 -1.92378e+01 
 158    3.8304131 -1.91435e+01 
 159    3.9142882 -1.90477e+01 
 160    4.0000000 -1.89511e+01 
 161    4.0875886 -1.88537e+01 
 162    4.1770951 -1.87526e+01 
 163    4.2685616 -1.86530e+01 
 164    4.3620309 -1.85474e+01 
 165    4.4575470 -1.84347e+01 
 166    4.5551545 -1.82927e+01 
 167    4.6548994 -1.81305e+01 
 168    4.7568285 -1.79676e+01 
 169    4.8609894 -1.77756e+01 
 170    4.9674312 -1.75637e+01 
 171    5.0762038 -1.72985e+01 
 172    5.1873582 -1.70078e+01 
 173    5.3009466 -1.66585e+01 
 174    5.4170222 -1.63321e+01 
 175    5.5356395 -1.59937e+01 
 176    5.6568542 -1.57121e+01 
 177    5.7807232 -1.54581e+01 
 178    5.9073046 -1.51944e+01 
 179    6.0366577 -1.50018e+01 
 180    6.1688433 -1.48152e+01 
 181    6.3039234 -1.46541e+01 
 182    6.4419613 -1.45282e+01 
 183    6.5830219 -1.44400e+01 
 184    6.7271713 -1.44104e+01 
 185    6.8744772 -1.44070e+01 
 186    7.0250086 -1.44080e+01 
 187    7.1788363 -1.44101e+01 
 188    7.3360323 -1.44129e+01 
 189    7.4966705 -1.44151e+01 


# y-band (filter: y_LSST.dat)
   0    0.1250000 -1.44345e+01 
   1    0.1277371 -1.44551e+01 
   2    0.1305342 -1.44762e+01 
   3    0.1333926 -1.44978e+01 
   4    0.1363135 -1.45103e+01 
   5    0.1392983 -1.45284e+01 
   6    0.1423486 -1.45684e+01 
   7    0.1454656 -1.45929e+01 
   8    0.1486509 -1.46192e+01 
   9    0.1519059 -1.46340e+01 
  10    0.1552322 -1.46557e+01 
  11    0.1586314 -1.46811e+01 
  12    0.1621049 -1.47000e+01 
  13    0.1656546 -1.47178e+01 
  14    0.1692819 -1.47338e+01 
  15    0.1729887 -1.47552e+01 
  16    0.1767767 -1.47822e+01 
  17    0.1806476 -1.48082e+01 
  18    0.1846033 -1.48152e+01 
  19    0.1886456 -1.48318e+01 
  20    0.1927764 -1.48548e+01 
  21    0.1969976 -1.48791e+01 
  22    0.2013113 -1.49161e+01 
  23    0.2057194 -1.49401e+01 
  24    0.2102241 -1.49779e+01 
  25    0.2148274 -1.50068e+01 
  26    0.2195315 -1.50427e+01 
  27    0.2243386 -1.50780e+01 
  28    0.2292510 -1.51197e+01 
  29    0.2342710 -1.51544e+01 
  30    0.2394008 -1.51875e+01 
  31    0.2446430 -1.52327e+01 
  32    0.2500000 -1.52743e+01 
  33    0.2554743 -1.53233e+01 
  34    0.2610684 -1.53591e+01 
  35    0.2667851 -1.54084e+01 
  36    0.2726269 -1.54721e+01 
  37    0.2785967 -1.55431e+01 
  38    0.2846972 -1.56215e+01 
  39    0.2909312 -1.56748e+01 
  40    0.2973018 -1.57285e+01 
  41    0.3038118 -1.57801e+01 
  42    0.3104645 -1.58647e+01 
  43    0.3172627 -1.59110e+01 
  44    0.3242099 -1.59738e+01 
  45    0.3313092 -1.60248e+01 
  46    0.3385639 -1.60627e+01 
  47    0.3459775 -1.60996e+01 
  48    0.3535534 -1.61298e+01 
  49    0.3612952 -1.61354e+01 
  50    0.3692065 -1.61572e+01 
  51    0.3772911 -1.61745e+01 
  52    0.3855527 -1.62086e+01 
  53    0.3939952 -1.62593e+01 
  54    0.4026226 -1.63137e+01 
  55    0.4114389 -1.63862e+01 
  56    0.4204482 -1.65258e+01 
  57    0.4296548 -1.66302e+01 
  58    0.4390630 -1.67541e+01 
  59    0.4486773 -1.69037e+01 
  60    0.4585020 -1.70528e+01 
  61    0.4685419 -1.72563e+01 
  62    0.4788016 -1.74441e+01 
  63    0.4892860 -1.75595e+01 
  64    0.5000000 -1.76874e+01 
  65    0.5109486 -1.78108e+01 
  66    0.5221369 -1.79336e+01 
  67    0.5335702 -1.80391e+01 
  68    0.5452539 -1.81248e+01 
  69    0.5571934 -1.82403e+01 
  70    0.5693943 -1.83495e+01 
  71    0.5818624 -1.84336e+01 
  72    0.5946036 -1.85380e+01 
  73    0.6076237 -1.85993e+01 
  74    0.6209289 -1.86982e+01 
  75    0.6345255 -1.88186e+01 
  76    0.6484198 -1.89421e+01 
  77    0.6626183 -1.90663e+01 
  78    0.6771278 -1.91857e+01 
  79    0.6919549 -1.92960e+01 
  80    0.7071068 -1.94085e+01 
  81    0.7225904 -1.95201e+01 
  82    0.7384131 -1.96263e+01 
  83    0.7545822 -1.97302e+01 
  84    0.7711054 -1.98289e+01 
  85    0.7879904 -1.99238e+01 
  86    0.8052452 -2.00146e+01 
  87    0.8228777 -2.01038e+01 
  88    0.8408964 -2.01878e+01 
  89    0.8593096 -2.02675e+01 
  90    0.8781261 -2.03412e+01 
  91    0.8973545 -2.04153e+01 
  92    0.9170040 -2.04814e+01 
  93    0.9370838 -2.05466e+01 
  94    0.9576033 -2.06058e+01 
  95    0.9785721 -2.06626e+01 
  96    1.0000000 -2.07184e+01 
  97    1.0218971 -2.07702e+01 
  98    1.0442738 -2.08184e+01 
  99    1.0671404 -2.08652e+01 
 100    1.0905077 -2.09054e+01 
 101    1.1143867 -2.09421e+01 
 102    1.1387886 -2.09785e+01 
 103    1.1637249 -2.10110e+01 
 104    1.1892071 -2.10426e+01 
 105    1.2152474 -2.10712e+01 
 106    1.2418578 -2.10968e+01 
 107    1.2690510 -2.11192e+01 
 108    1.2968396 -2.11389e+01 
 109    1.3252366 -2.11550e+01 
 110    1.3542555 -2.11705e+01 
 111    1.3839099 -2.11821e+01 
 112    1.4142136 -2.11934e+01 
 113    1.4451808 -2.12015e+01 
 114    1.4768261 -2.12057e+01 
 115    1.5091644 -2.12096e+01 
 116    1.5422108 -2.12089e+01 
 117    1.5759808 -2.12016e+01 
 118    1.6104903 -2.11939e+01 
 119    1.6457555 -2.11767e+01 
 120    1.6817928 -2.11576e+01 
 121    1.7186193 -2.11357e+01 
 122    1.7562522 -2.11047e+01 
 123    1.7947091 -2.10719e+01 
 124    1.8340081 -2.10363e+01 
 125    1.8741676 -2.09942e+01 
 126    1.9152066 -2.09496e+01 
 127    1.9571441 -2.09003e+01 
 128    2.0000000 -2.08483e+01 
 129    2.0437943 -2.07960e+01 
 130    2.0885476 -2.07416e+01 
 131    2.1342808 -2.06847e+01 
 132    2.1810155 -2.06264e+01 
 133    2.2287735 -2.05656e+01 
 134    2.2775773 -2.05044e+01 
 135    2.3274497 -2.04397e+01 
 136    2.3784142 -2.03726e+01 
 137    2.4304947 -2.03053e+01 
 138    2.4837156 -2.02354e+01 
 139    2.5381019 -2.01670e+01 
 140    2.5936791 -2.00941e+01 
 141    2.6504733 -2.00182e+01 
 142    2.7085111 -1.99430e+01 
 143    2.7678198 -1.98656e+01 
 144    2.8284271 -1.97842e+01 
 145    2.8903616 -1.97039e+01 
 146    2.9536523 -1.96222e+01 
 147    3.0183289 -1.95399e+01 
 148    3.0844217 -1.94549e+01 
 149    3.1519617 -1.93690e+01 
 150    3.2209807 -1.92813e+01 
 151    3.2915110 -1.91890e+01 
 152    3.3635857 -1.90977e+01 
 153    3.4372386 -1.90069e+01 
 154    3.5125043 -1.89109e+01 
 155    3.5894182 -1.88159e+01 
 156    3.6680162 -1.87186e+01 
 157    3.7483353 -1.86165e+01 
 158    3.8304131 -1.85159e+01 
 159    3.9142882 -1.84136e+01 
 160    4.0000000 -1.83117e+01 
 161    4.0875886 -1.82081e+01 
 162    4.1770951 -1.81051e+01 
 163    4.2685616 -1.80002e+01 
 164    4.3620309 -1.78883e+01 
 165    4.4575470 -1.77702e+01 
 166    4.5551545 -1.76225e+01 
 167    4.6548994 -1.74508e+01 
 168    4.7568285 -1.72779e+01 
 169    4.8609894 -1.70804e+01 
 170    4.9674312 -1.68565e+01 
 171    5.0762038 -1.65724e+01 
 172    5.1873582 -1.62480e+01 
 173    5.3009466 -1.58464e+01 
 174    5.4170222 -1.54479e+01 
 175    5.5356395 -1.50344e+01 
 176    5.6568542 -1.46760e+01 
 177    5.7807232 -1.43408e+01 
 178    5.9073046 -1.39840e+01 
 179    6.0366577 -1.37049e+01 
 180    6.1688433 -1.34401e+01 
 181    6.3039234 -1.31767e+01 
 182    6.4419613 -1.29698e+01 
 183    6.5830219 -1.28036e+01 
 184    6.7271713 -1.27226e+01 
 185    6.8744772 -1.26695e+01 
 186    7.0250086 -1.26299e+01 
 187    7.1788363 -1.25982e+01 
 188    7.3360323 -1.25709e+01 
 189    7.4966705 -1.25569e+01 


# J-band (filter: J_2MASS.dat)
   0    0.1250000 -1.37321e+01 
   1    0.1277371 -1.37467e+01 
   2    0.1305342 -1.37617e+01 
   3    0.1333926 -1.37770e+01 
   4    0.1363135 -1.37867e+01 
   5    0.1392983 -1.38281e+01 
   6    0.1423486 -1.38389e+01 
   7    0.1454656 -1.38456e+01 
   8    0.1486509 -1.38634e+01 
   9    0.1519059 -1.38616e+01 
  10    0.1552322 -1.38766e+01 
  11    0.1586314 -1.38885e+01 
  12    0.1621049 -1.39026e+01 
  13    0.1656546 -1.39139e+01 
  14    0.1692819 -1.39616e+01 
  15    0.1729887 -1.39824e+01 
  16    0.1767767 -1.40132e+01 
  17    0.1806476 -1.40290e+01 
  18    0.1846033 -1.40549e+01 
  19    0.1886456 -1.40755e+01 
  20    0.1927764 -1.41258e+01 
  21    0.1969976 -1.41562e+01 
  22    0.2013113 -1.41838e+01 
  23    0.2057194 -1.42482e+01 
  24    0.2102241 -1.43591e+01 
  25    0.2148274 -1.44856e+01 
  26    0.2195315 -1.45403e+01 
  27    0.2243386 -1.46502e+01 
  28    0.2292510 -1.47848e+01 
  29    0.2342710 -1.49073e+01 
  30    0.2394008 -1.50612e+01 
  31    0.2446430 -1.52020e+01 
  32    0.2500000 -1.53340e+01 
  33    0.2554743 -1.54726e+01 
  34    0.2610684 -1.55992e+01 
  35    0.2667851 -1.57400e+01 
  36    0.2726269 -1.58406e+01 
  37    0.2785967 -1.60297e+01 
  38    0.2846972 -1.63136e+01 
  39    0.2909312 -1.64190e+01 
  40    0.2973018 -1.65346e+01 
  41    0.3038118 -1.66141e+01 
  42    0.3104645 -1.66854e+01 
  43    0.3172627 -1.67850e+01 
  44    0.3242099 -1.68624e+01 
  45    0.3313092 -1.69620e+01 
  46    0.3385639 -1.70256e+01 
  47    0.3459775 -1.71233e+01 
  48    0.3535534 -1.72166e+01 
  49    0.3612952 -1.72277e+01 
  50    0.3692065 -1.72353e+01 
  51    0.3772911 -1.73291e+01 
  52    0.3855527 -1.74491e+01 
  53    0.3939952 -1.75775e+01 
  54    0.4026226 -1.77268e+01 
  55    0.4114389 -1.79174e+01 
  56    0.4204482 -1.80495e+01 
  57    0.4296548 -1.81367e+01 
  58    0.4390630 -1.82370e+01 
  59    0.4486773 -1.83446e+01 
  60    0.4585020 -1.84415e+01 
  61    0.4685419 -1.85492e+01 
  62    0.4788016 -1.86415e+01 
  63    0.4892860 -1.87468e+01 
  64    0.5000000 -1.88364e+01 
  65    0.5109486 -1.89120e+01 
  66    0.5221369 -1.89814e+01 
  67    0.5335702 -1.90203e+01 
  68    0.5452539 -1.91167e+01 
  69    0.5571934 -1.92226e+01 
  70    0.5693943 -1.93205e+01 
  71    0.5818624 -1.94177e+01 
  72    0.5946036 -1.95061e+01 
  73    0.6076237 -1.95949e+01 
  74    0.6209289 -1.96797e+01 
  75    0.6345255 -1.97540e+01 
  76    0.6484198 -1.98329e+01 
  77    0.6626183 -1.99091e+01 
  78    0.6771278 -1.99827e+01 
  79    0.6919549 -2.00501e+01 
  80    0.7071068 -2.01151e+01 
  81    0.7225904 -2.01772e+01 
  82    0.7384131 -2.02359e+01 
  83    0.7545822 -2.02915e+01 
  84    0.7711054 -2.03472e+01 
  85    0.7879904 -2.03962e+01 
  86    0.8052452 -2.04480e+01 
  87    0.8228777 -2.04965e+01 
  88    0.8408964 -2.05408e+01 
  89    0.8593096 -2.05797e+01 
  90    0.8781261 -2.06199e+01 
  91    0.8973545 -2.06546e+01 
  92    0.9170040 -2.06874e+01 
  93    0.9370838 -2.07183e+01 
  94    0.9576033 -2.07455e+01 
  95    0.9785721 -2.07722e+01 
  96    1.0000000 -2.07949e+01 
  97    1.0218971 -2.08162e+01 
  98    1.0442738 -2.08323e+01 
  99    1.0671404 -2.08473e+01 
 100    1.0905077 -2.08597e+01 
 101    1.1143867 -2.08717e+01 
 102    1.1387886 -2.08800e+01 
 103    1.1637249 -2.08849e+01 
 104    1.1892071 -2.08878e+01 
 105    1.2152474 -2.08881e+01 
 106    1.2418578 -2.08876e+01 
 107    1.2690510 -2.08830e+01 
 108    1.2968396 -2.08763e+01 
 109    1.3252366 -2.08686e+01 
 110    1.3542555 -2.08592e+01 
 111    1.3839099 -2.08471e+01 
 112    1.4142136 -2.08332e+01 
 113    1.4451808 -2.08162e+01 
 114    1.4768261 -2.07979e+01 
 115    1.5091644 -2.07806e+01 
 116    1.5422108 -2.07592e+01 
 117    1.5759808 -2.07329e+01 
 118    1.6104903 -2.07050e+01 
 119    1.6457555 -2.06706e+01 
 120    1.6817928 -2.06321e+01 
 121    1.7186193 -2.05913e+01 
 122    1.7562522 -2.05444e+01 
 123    1.7947091 -2.04974e+01 
 124    1.8340081 -2.04453e+01 
 125    1.8741676 -2.03895e+01 
 126    1.9152066 -2.03313e+01 
 127    1.9571441 -2.02675e+01 
 128    2.0000000 -2.02027e+01 
 129    2.0437943 -2.01371e+01 
 130    2.0885476 -2.00685e+01 
 131    2.1342808 -1.99992e+01 
 132    2.1810155 -1.99276e+01 
 133    2.2287735 -1.98568e+01 
 134    2.2775773 -1.97835e+01 
 135    2.3274497 -1.97059e+01 
 136    2.3784142 -1.96304e+01 
 137    2.4304947 -1.95517e+01 
 138    2.4837156 -1.94719e+01 
 139    2.5381019 -1.93934e+01 
 140    2.5936791 -1.93102e+01 
 141    2.6504733 -1.92267e+01 
 142    2.7085111 -1.91421e+01 
 143    2.7678198 -1.90566e+01 
 144    2.8284271 -1.89722e+01 
 145    2.8903616 -1.88840e+01 
 146    2.9536523 -1.87934e+01 
 147    3.0183289 -1.87049e+01 
 148    3.0844217 -1.86124e+01 
 149    3.1519617 -1.85188e+01 
 150    3.2209807 -1.84236e+01 
 151    3.2915110 -1.83267e+01 
 152    3.3635857 -1.82304e+01 
 153    3.4372386 -1.81311e+01 
 154    3.5125043 -1.80300e+01 
 155    3.5894182 -1.79269e+01 
 156    3.6680162 -1.78231e+01 
 157    3.7483353 -1.77181e+01 
 158    3.8304131 -1.76126e+01 
 159    3.9142882 -1.75054e+01 
 160    4.0000000 -1.73969e+01 
 161    4.0875886 -1.72906e+01 
 162    4.1770951 -1.71807e+01 
 163    4.2685616 -1.70749e+01 
 164    4.3620309 -1.69582e+01 
 165    4.4575470 -1.68346e+01 
 166    4.5551545 -1.66811e+01 
 167    4.6548994 -1.65039e+01 
 168    4.7568285 -1.63275e+01 
 169    4.8609894 -1.61261e+01 
 170    4.9674312 -1.58935e+01 
 171    5.0762038 -1.55957e+01 
 172    5.1873582 -1.52694e+01 
 173    5.3009466 -1.48375e+01 
 174    5.4170222 -1.43784e+01 
 175    5.5356395 -1.39249e+01 
 176    5.6568542 -1.35131e+01 
 177    5.7807232 -1.31449e+01 
 178    5.9073046 -1.27420e+01 
 179    6.0366577 -1.24114e+01 
 180    6.1688433 -1.21053e+01 
 181    6.3039234 -1.18125e+01 
 182    6.4419613 -1.15763e+01 
 183    6.5830219 -1.13511e+01 
 184    6.7271713 -1.12228e+01 
 185    6.8744772 -1.11296e+01 
 186    7.0250086 -1.10773e+01 
 187    7.1788363 -1.10155e+01 
 188    7.3360323 -1.09573e+01 
 189    7.4966705 -1.09079e+01 


# H-band (filter: H_2MASS.dat)
   0    0.1250000 -1.30192e+01 
   1    0.1277371 -1.30200e+01 
   2    0.1305342 -1.30208e+01 
   3    0.1333926 -1.30216e+01 
   4    0.1363135 -1.30136e+01 
   5    0.1392983 -1.30216e+01 
   6    0.1423486 -1.30456e+01 
   7    0.1454656 -1.30559e+01 
   8    0.1486509 -1.30668e+01 
   9    0.1519059 -1.31222e+01 
  10    0.1552322 -1.31302e+01 
  11    0.1586314 -1.32331e+01 
  12    0.1621049 -1.32675e+01 
  13    0.1656546 -1.32764e+01 
  14    0.1692819 -1.33789e+01 
  15    0.1729887 -1.34862e+01 
  16    0.1767767 -1.35160e+01 
  17    0.1806476 -1.36204e+01 
  18    0.1846033 -1.36307e+01 
  19    0.1886456 -1.38200e+01 
  20    0.1927764 -1.39739e+01 
  21    0.1969976 -1.41174e+01 
  22    0.2013113 -1.42851e+01 
  23    0.2057194 -1.44677e+01 
  24    0.2102241 -1.46317e+01 
  25    0.2148274 -1.48639e+01 
  26    0.2195315 -1.50231e+01 
  27    0.2243386 -1.52393e+01 
  28    0.2292510 -1.54564e+01 
  29    0.2342710 -1.56353e+01 
  30    0.2394008 -1.58953e+01 
  31    0.2446430 -1.60822e+01 
  32    0.2500000 -1.62745e+01 
  33    0.2554743 -1.64939e+01 
  34    0.2610684 -1.66953e+01 
  35    0.2667851 -1.68685e+01 
  36    0.2726269 -1.70497e+01 
  37    0.2785967 -1.72302e+01 
  38    0.2846972 -1.74147e+01 
  39    0.2909312 -1.75863e+01 
  40    0.2973018 -1.77734e+01 
  41    0.3038118 -1.79582e+01 
  42    0.3104645 -1.81263e+01 
  43    0.3172627 -1.82741e+01 
  44    0.3242099 -1.84208e+01 
  45    0.3313092 -1.85621e+01 
  46    0.3385639 -1.87068e+01 
  47    0.3459775 -1.88349e+01 
  48    0.3535534 -1.89820e+01 
  49    0.3612952 -1.91066e+01 
  50    0.3692065 -1.92283e+01 
  51    0.3772911 -1.93422e+01 
  52    0.3855527 -1.94532e+01 
  53    0.3939952 -1.95575e+01 
  54    0.4026226 -1.96568e+01 
  55    0.4114389 -1.97514e+01 
  56    0.4204482 -1.98402e+01 
  57    0.4296548 -1.99306e+01 
  58    0.4390630 -2.00193e+01 
  59    0.4486773 -2.00971e+01 
  60    0.4585020 -2.01646e+01 
  61    0.4685419 -2.02314e+01 
  62    0.4788016 -2.02968e+01 
  63    0.4892860 -2.03524e+01 
  64    0.5000000 -2.04029e+01 
  65    0.5109486 -2.04516e+01 
  66    0.5221369 -2.04944e+01 
  67    0.5335702 -2.05374e+01 
  68    0.5452539 -2.05726e+01 
  69    0.5571934 -2.06026e+01 
  70    0.5693943 -2.06289e+01 
  71    0.5818624 -2.06547e+01 
  72    0.5946036 -2.06760e+01 
  73    0.6076237 -2.06942e+01 
  74    0.6209289 -2.07101e+01 
  75    0.6345255 -2.07238e+01 
  76    0.6484198 -2.07346e+01 
  77    0.6626183 -2.07417e+01 
  78    0.6771278 -2.07456e+01 
  79    0.6919549 -2.07441e+01 
  80    0.7071068 -2.07420e+01 
  81    0.7225904 -2.07361e+01 
  82    0.7384131 -2.07308e+01 
  83    0.7545822 -2.07209e+01 
  84    0.7711054 -2.07084e+01 
  85    0.7879904 -2.06927e+01 
  86    0.8052452 -2.06741e+01 
  87    0.8228777 -2.06561e+01 
  88    0.8408964 -2.06354e+01 
  89    0.8593096 -2.06109e+01 
  90    0.8781261 -2.05874e+01 
  91    0.8973545 -2.05589e+01 
  92    0.9170040 -2.05323e+01 
  93    0.9370838 -2.05030e+01 
  94    0.9576033 -2.04701e+01 
  95    0.9785721 -2.04388e+01 
  96    1.0000000 -2.04039e+01 
  97    1.0218971 -2.03696e+01 
  98    1.0442738 -2.03326e+01 
  99    1.0671404 -2.02941e+01 
 100    1.0905077 -2.02524e+01 
 101    1.1143867 -2.02124e+01 
 102    1.1387886 -2.01714e+01 
 103    1.1637249 -2.01282e+01 
 104    1.1892071 -2.00844e+01 
 105    1.2152474 -2.00402e+01 
 106    1.2418578 -1.99951e+01 
 107    1.2690510 -1.99498e+01 
 108    1.2968396 -1.99020e+01 
 109    1.3252366 -1.98532e+01 
 110    1.3542555 -1.98032e+01 
 111    1.3839099 -1.97517e+01 
 112    1.4142136 -1.97013e+01 
 113    1.4451808 -1.96498e+01 
 114    1.4768261 -1.95974e+01 
 115    1.5091644 -1.95417e+01 
 116    1.5422108 -1.94849e+01 
 117    1.5759808 -1.94253e+01 
 118    1.6104903 -1.93651e+01 
 119    1.6457555 -1.93005e+01 
 120    1.6817928 -1.92362e+01 
 121    1.7186193 -1.91673e+01 
 122    1.7562522 -1.90940e+01 
 123    1.7947091 -1.90179e+01 
 124    1.8340081 -1.89399e+01 
 125    1.8741676 -1.88570e+01 
 126    1.9152066 -1.87772e+01 
 127    1.9571441 -1.86980e+01 
 128    2.0000000 -1.86126e+01 
 129    2.0437943 -1.85256e+01 
 130    2.0885476 -1.84380e+01 
 131    2.1342808 -1.83511e+01 
 132    2.1810155 -1.82617e+01 
 133    2.2287735 -1.81749e+01 
 134    2.2775773 -1.80877e+01 
 135    2.3274497 -1.80023e+01 
 136    2.3784142 -1.79107e+01 
 137    2.4304947 -1.78226e+01 
 138    2.4837156 -1.77285e+01 
 139    2.5381019 -1.76341e+01 
 140    2.5936791 -1.75375e+01 
 141    2.6504733 -1.74420e+01 
 142    2.7085111 -1.73431e+01 
 143    2.7678198 -1.72447e+01 
 144    2.8284271 -1.71451e+01 
 145    2.8903616 -1.70451e+01 
 146    2.9536523 -1.69393e+01 
 147    3.0183289 -1.68339e+01 
 148    3.0844217 -1.67331e+01 
 149    3.1519617 -1.66270e+01 
 150    3.2209807 -1.65231e+01 
 151    3.2915110 -1.64229e+01 
 152    3.3635857 -1.63158e+01 
 153    3.4372386 -1.62086e+01 
 154    3.5125043 -1.61016e+01 
 155    3.5894182 -1.59910e+01 
 156    3.6680162 -1.58849e+01 
 157    3.7483353 -1.57738e+01 
 158    3.8304131 -1.56626e+01 
 159    3.9142882 -1.55536e+01 
 160    4.0000000 -1.54368e+01 
 161    4.0875886 -1.53262e+01 
 162    4.1770951 -1.52074e+01 
 163    4.2685616 -1.50929e+01 
 164    4.3620309 -1.49745e+01 
 165    4.4575470 -1.48543e+01 
 166    4.5551545 -1.46909e+01 
 167    4.6548994 -1.44947e+01 
 168    4.7568285 -1.43073e+01 
 169    4.8609894 -1.41017e+01 
 170    4.9674312 -1.38728e+01 
 171    5.0762038 -1.36088e+01 
 172    5.1873582 -1.33084e+01 
 173    5.3009466 -1.28998e+01 
 174    5.4170222 -1.25226e+01 
 175    5.5356395 -1.21236e+01 
 176    5.6568542 -1.17196e+01 
 177    5.7807232 -1.13883e+01 
 178    5.9073046 -1.10316e+01 
 179    6.0366577 -1.07256e+01 
 180    6.1688433 -1.05099e+01 
 181    6.3039234 -1.02940e+01 
 182    6.4419613 -1.01254e+01 
 183    6.5830219 -1.00129e+01 
 184    6.7271713 -9.93287e+00 
 185    6.8744772 -9.85943e+00 
 186    7.0250086 -9.83653e+00 
 187    7.1788363 -9.84377e+00 
 188    7.3360323 -9.86089e+00 
 189    7.4966705 -9.88053e+00 


# K-band (filter: Ks_mosfire.dat)
   0    0.1250000 -1.22736e+01 
   1    0.1277371 -1.22868e+01 
   2    0.1305342 -1.23003e+01 
   3    0.1333926 -1.23142e+01 
   4    0.1363135 -1.23204e+01 
   5    0.1392983 -1.23289e+01 
   6    0.1423486 -1.25459e+01 
   7    0.1454656 -1.26382e+01 
   8    0.1486509 -1.26619e+01 
   9    0.1519059 -1.27477e+01 
  10    0.1552322 -1.28518e+01 
  11    0.1586314 -1.28523e+01 
  12    0.1621049 -1.28886e+01 
  13    0.1656546 -1.30703e+01 
  14    0.1692819 -1.31980e+01 
  15    0.1729887 -1.34451e+01 
  16    0.1767767 -1.37926e+01 
  17    0.1806476 -1.39255e+01 
  18    0.1846033 -1.41356e+01 
  19    0.1886456 -1.42839e+01 
  20    0.1927764 -1.45405e+01 
  21    0.1969976 -1.48475e+01 
  22    0.2013113 -1.50387e+01 
  23    0.2057194 -1.52293e+01 
  24    0.2102241 -1.55094e+01 
  25    0.2148274 -1.57482e+01 
  26    0.2195315 -1.60038e+01 
  27    0.2243386 -1.61265e+01 
  28    0.2292510 -1.62306e+01 
  29    0.2342710 -1.64269e+01 
  30    0.2394008 -1.65514e+01 
  31    0.2446430 -1.67458e+01 
  32    0.2500000 -1.68926e+01 
  33    0.2554743 -1.70344e+01 
  34    0.2610684 -1.72270e+01 
  35    0.2667851 -1.74323e+01 
  36    0.2726269 -1.75537e+01 
  37    0.2785967 -1.77114e+01 
  38    0.2846972 -1.78608e+01 
  39    0.2909312 -1.80115e+01 
  40    0.2973018 -1.81605e+01 
  41    0.3038118 -1.82886e+01 
  42    0.3104645 -1.84508e+01 
  43    0.3172627 -1.85863e+01 
  44    0.3242099 -1.87132e+01 
  45    0.3313092 -1.88243e+01 
  46    0.3385639 -1.89349e+01 
  47    0.3459775 -1.90442e+01 
  48    0.3535534 -1.91637e+01 
  49    0.3612952 -1.92621e+01 
  50    0.3692065 -1.93530e+01 
  51    0.3772911 -1.94436e+01 
  52    0.3855527 -1.95293e+01 
  53    0.3939952 -1.96142e+01 
  54    0.4026226 -1.96820e+01 
  55    0.4114389 -1.97508e+01 
  56    0.4204482 -1.98081e+01 
  57    0.4296548 -1.98684e+01 
  58    0.4390630 -1.99243e+01 
  59    0.4486773 -1.99758e+01 
  60    0.4585020 -2.00222e+01 
  61    0.4685419 -2.00611e+01 
  62    0.4788016 -2.01036e+01 
  63    0.4892860 -2.01409e+01 
  64    0.5000000 -2.01670e+01 
  65    0.5109486 -2.01983e+01 
  66    0.5221369 -2.02233e+01 
  67    0.5335702 -2.02411e+01 
  68    0.5452539 -2.02615e+01 
  69    0.5571934 -2.02761e+01 
  70    0.5693943 -2.02879e+01 
  71    0.5818624 -2.02943e+01 
  72    0.5946036 -2.02980e+01 
  73    0.6076237 -2.03011e+01 
  74    0.6209289 -2.02999e+01 
  75    0.6345255 -2.02932e+01 
  76    0.6484198 -2.02869e+01 
  77    0.6626183 -2.02802e+01 
  78    0.6771278 -2.02712e+01 
  79    0.6919549 -2.02590e+01 
  80    0.7071068 -2.02432e+01 
  81    0.7225904 -2.02259e+01 
  82    0.7384131 -2.02070e+01 
  83    0.7545822 -2.01896e+01 
  84    0.7711054 -2.01687e+01 
  85    0.7879904 -2.01463e+01 
  86    0.8052452 -2.01200e+01 
  87    0.8228777 -2.00923e+01 
  88    0.8408964 -2.00639e+01 
  89    0.8593096 -2.00290e+01 
  90    0.8781261 -1.99954e+01 
  91    0.8973545 -1.99602e+01 
  92    0.9170040 -1.99249e+01 
  93    0.9370838 -1.98877e+01 
  94    0.9576033 -1.98490e+01 
  95    0.9785721 -1.98092e+01 
  96    1.0000000 -1.97662e+01 
  97    1.0218971 -1.97233e+01 
  98    1.0442738 -1.96793e+01 
  99    1.0671404 -1.96374e+01 
 100    1.0905077 -1.95942e+01 
 101    1.1143867 -1.95513e+01 
 102    1.1387886 -1.95067e+01 
 103    1.1637249 -1.94603e+01 
 104    1.1892071 -1.94115e+01 
 105    1.2152474 -1.93620e+01 
 106    1.2418578 -1.93131e+01 
 107    1.2690510 -1.92638e+01 
 108    1.2968396 -1.92086e+01 
 109    1.3252366 -1.91564e+01 
 110    1.3542555 -1.91004e+01 
 111    1.3839099 -1.90399e+01 
 112    1.4142136 -1.89797e+01 
 113    1.4451808 -1.89160e+01 
 114    1.4768261 -1.88582e+01 
 115    1.5091644 -1.87984e+01 
 116    1.5422108 -1.87421e+01 
 117    1.5759808 -1.86848e+01 
 118    1.6104903 -1.86235e+01 
 119    1.6457555 -1.85518e+01 
 120    1.6817928 -1.84817e+01 
 121    1.7186193 -1.84106e+01 
 122    1.7562522 -1.83278e+01 
 123    1.7947091 -1.82574e+01 
 124    1.8340081 -1.81783e+01 
 125    1.8741676 -1.81000e+01 
 126    1.9152066 -1.80176e+01 
 127    1.9571441 -1.79340e+01 
 128    2.0000000 -1.78454e+01 
 129    2.0437943 -1.77575e+01 
 130    2.0885476 -1.76697e+01 
 131    2.1342808 -1.75800e+01 
 132    2.1810155 -1.74944e+01 
 133    2.2287735 -1.74105e+01 
 134    2.2775773 -1.73151e+01 
 135    2.3274497 -1.72268e+01 
 136    2.3784142 -1.71294e+01 
 137    2.4304947 -1.70350e+01 
 138    2.4837156 -1.69430e+01 
 139    2.5381019 -1.68502e+01 
 140    2.5936791 -1.67546e+01 
 141    2.6504733 -1.66590e+01 
 142    2.7085111 -1.65626e+01 
 143    2.7678198 -1.64658e+01 
 144    2.8284271 -1.63664e+01 
 145    2.8903616 -1.62620e+01 
 146    2.9536523 -1.61704e+01 
 147    3.0183289 -1.60695e+01 
 148    3.0844217 -1.59712e+01 
 149    3.1519617 -1.58619e+01 
 150    3.2209807 -1.57579e+01 
 151    3.2915110 -1.56519e+01 
 152    3.3635857 -1.55483e+01 
 153    3.4372386 -1.54409e+01 
 154    3.5125043 -1.53406e+01 
 155    3.5894182 -1.52356e+01 
 156    3.6680162 -1.51311e+01 
 157    3.7483353 -1.50284e+01 
 158    3.8304131 -1.49098e+01 
 159    3.9142882 -1.47955e+01 
 160    4.0000000 -1.46801e+01 
 161    4.0875886 -1.45702e+01 
 162    4.1770951 -1.44453e+01 
 163    4.2685616 -1.43334e+01 
 164    4.3620309 -1.42265e+01 
 165    4.4575470 -1.41097e+01 
 166    4.5551545 -1.39427e+01 
 167    4.6548994 -1.37699e+01 
 168    4.7568285 -1.35806e+01 
 169    4.8609894 -1.33578e+01 
 170    4.9674312 -1.31147e+01 
 171    5.0762038 -1.28577e+01 
 172    5.1873582 -1.25327e+01 
 173    5.3009466 -1.21256e+01 
 174    5.4170222 -1.17251e+01 
 175    5.5356395 -1.13031e+01 
 176    5.6568542 -1.08619e+01 
 177    5.7807232 -1.04807e+01 
 178    5.9073046 -9.27740e+00 
 179    6.0366577 -8.95034e+00 
 180    6.1688433 -8.63304e+00 
 181    6.3039234 -8.11610e+00 
 182    6.4419613 -7.88268e+00 
 183    6.5830219 -6.94036e+00 
 184    6.7271713 -6.66166e+00 
 185    6.8744772 -5.09184e+00 
 186    7.0250086 -4.81123e+00 
 187    7.1788363 -4.11222e+00 
 188    7.3360323 -3.41557e+00 
 189    7.4966705 -2.85415e+00 


# S-band (filter: Spitzer_IRAC2.dat)
   0    0.1250000 -1.19962e+01 
   1    0.1277371 -1.25340e+01 
   2    0.1305342 -1.30835e+01 
   3    0.1333926 -1.36451e+01 
   4    0.1363135 -1.40737e+01 
   5    0.1392983 -1.45923e+01 
   6    0.1423486 -1.50442e+01 
   7    0.1454656 -1.52970e+01 
   8    0.1486509 -1.57572e+01 
   9    0.1519059 -1.61993e+01 
  10    0.1552322 -1.65093e+01 
  11    0.1586314 -1.67031e+01 
  12    0.1621049 -1.69096e+01 
  13    0.1656546 -1.71144e+01 
  14    0.1692819 -1.72648e+01 
  15    0.1729887 -1.74591e+01 
  16    0.1767767 -1.76076e+01 
  17    0.1806476 -1.77586e+01 
  18    0.1846033 -1.79060e+01 
  19    0.1886456 -1.80376e+01 
  20    0.1927764 -1.81647e+01 
  21    0.1969976 -1.82727e+01 
  22    0.2013113 -1.83624e+01 
  23    0.2057194 -1.84504e+01 
  24    0.2102241 -1.85426e+01 
  25    0.2148274 -1.86119e+01 
  26    0.2195315 -1.86821e+01 
  27    0.2243386 -1.87310e+01 
  28    0.2292510 -1.87801e+01 
  29    0.2342710 -1.88260e+01 
  30    0.2394008 -1.88751e+01 
  31    0.2446430 -1.89236e+01 
  32    0.2500000 -1.89698e+01 
  33    0.2554743 -1.90093e+01 
  34    0.2610684 -1.90581e+01 
  35    0.2667851 -1.90772e+01 
  36    0.2726269 -1.91078e+01 
  37    0.2785967 -1.91367e+01 
  38    0.2846972 -1.91535e+01 
  39    0.2909312 -1.91855e+01 
  40    0.2973018 -1.92086e+01 
  41    0.3038118 -1.92270e+01 
  42    0.3104645 -1.92415e+01 
  43    0.3172627 -1.92453e+01 
  44    0.3242099 -1.92326e+01 
  45    0.3313092 -1.92250e+01 
  46    0.3385639 -1.92121e+01 
  47    0.3459775 -1.92164e+01 
  48    0.3535534 -1.92039e+01 
  49    0.3612952 -1.91942e+01 
  50    0.3692065 -1.91755e+01 
  51    0.3772911 -1.91494e+01 
  52    0.3855527 -1.91365e+01 
  53    0.3939952 -1.91060e+01 
  54    0.4026226 -1.90701e+01 
  55    0.4114389 -1.90407e+01 
  56    0.4204482 -1.90199e+01 
  57    0.4296548 -1.90005e+01 
  58    0.4390630 -1.89730e+01 
  59    0.4486773 -1.89313e+01 
  60    0.4585020 -1.89031e+01 
  61    0.4685419 -1.88752e+01 
  62    0.4788016 -1.88346e+01 
  63    0.4892860 -1.87857e+01 
  64    0.5000000 -1.87372e+01 
  65    0.5109486 -1.86935e+01 
  66    0.5221369 -1.86487e+01 
  67    0.5335702 -1.86102e+01 
  68    0.5452539 -1.85693e+01 
  69    0.5571934 -1.85215e+01 
  70    0.5693943 -1.84731e+01 
  71    0.5818624 -1.84303e+01 
  72    0.5946036 -1.83738e+01 
  73    0.6076237 -1.83296e+01 
  74    0.6209289 -1.82912e+01 
  75    0.6345255 -1.82376e+01 
  76    0.6484198 -1.81856e+01 
  77    0.6626183 -1.81384e+01 
  78    0.6771278 -1.80850e+01 
  79    0.6919549 -1.80391e+01 
  80    0.7071068 -1.79888e+01 
  81    0.7225904 -1.79355e+01 
  82    0.7384131 -1.78757e+01 
  83    0.7545822 -1.78197e+01 
  84    0.7711054 -1.77684e+01 
  85    0.7879904 -1.77098e+01 
  86    0.8052452 -1.76446e+01 
  87    0.8228777 -1.75875e+01 
  88    0.8408964 -1.75330e+01 
  89    0.8593096 -1.74825e+01 
  90    0.8781261 -1.74115e+01 
  91    0.8973545 -1.73485e+01 
  92    0.9170040 -1.72682e+01 
  93    0.9370838 -1.72046e+01 
  94    0.9576033 -1.71550e+01 
  95    0.9785721 -1.70886e+01 
  96    1.0000000 -1.70248e+01 
  97    1.0218971 -1.69573e+01 
  98    1.0442738 -1.68966e+01 
  99    1.0671404 -1.68303e+01 
 100    1.0905077 -1.67574e+01 
 101    1.1143867 -1.66898e+01 
 102    1.1387886 -1.66258e+01 
 103    1.1637249 -1.65507e+01 
 104    1.1892071 -1.65059e+01 
 105    1.2152474 -1.64328e+01 
 106    1.2418578 -1.63680e+01 
 107    1.2690510 -1.63186e+01 
 108    1.2968396 -1.62539e+01 
 109    1.3252366 -1.61990e+01 
 110    1.3542555 -1.61237e+01 
 111    1.3839099 -1.60484e+01 
 112    1.4142136 -1.59620e+01 
 113    1.4451808 -1.58920e+01 
 114    1.4768261 -1.58361e+01 
 115    1.5091644 -1.57817e+01 
 116    1.5422108 -1.56802e+01 
 117    1.5759808 -1.56010e+01 
 118    1.6104903 -1.54987e+01 
 119    1.6457555 -1.54182e+01 
 120    1.6817928 -1.53417e+01 
 121    1.7186193 -1.52592e+01 
 122    1.7562522 -1.51494e+01 
 123    1.7947091 -1.50708e+01 
 124    1.8340081 -1.49886e+01 
 125    1.8741676 -1.48736e+01 
 126    1.9152066 -1.47772e+01 
 127    1.9571441 -1.46998e+01 
 128    2.0000000 -1.46164e+01 
 129    2.0437943 -1.45385e+01 
 130    2.0885476 -1.44813e+01 
 131    2.1342808 -1.43841e+01 
 132    2.1810155 -1.42939e+01 
 133    2.2287735 -1.42065e+01 
 134    2.2775773 -1.40911e+01 
 135    2.3274497 -1.40049e+01 
 136    2.3784142 -1.39086e+01 
 137    2.4304947 -1.38221e+01 
 138    2.4837156 -1.37411e+01 
 139    2.5381019 -1.36304e+01 
 140    2.5936791 -1.35334e+01 
 141    2.6504733 -1.34156e+01 
 142    2.7085111 -1.32761e+01 
 143    2.7678198 -1.31768e+01 
 144    2.8284271 -1.30781e+01 
 145    2.8903616 -1.29702e+01 
 146    2.9536523 -1.28171e+01 
 147    3.0183289 -1.26638e+01 
 148    3.0844217 -1.26004e+01 
 149    3.1519617 -1.24948e+01 
 150    3.2209807 -1.23725e+01 
 151    3.2915110 -1.23191e+01 
 152    3.3635857 -1.21838e+01 
 153    3.4372386 -1.21059e+01 
 154    3.5125043 -1.20521e+01 
 155    3.5894182 -1.18817e+01 
 156    3.6680162 -1.17840e+01 
 157    3.7483353 -1.16864e+01 
 158    3.8304131 -1.16363e+01 
 159    3.9142882 -1.15519e+01 
 160    4.0000000 -1.14055e+01 
 161    4.0875886 -1.12916e+01 
 162    4.1770951 -1.10597e+01 
 163    4.2685616 -1.09030e+01 
 164    4.3620309 -1.06650e+01 
 165    4.4575470 -1.05262e+01 
 166    4.5551545 -1.03379e+01 
 167    4.6548994 -1.02439e+01 
 168    4.7568285 -1.00121e+01 
 169    4.8609894 -9.60486e+00 
 170    4.9674312 -8.51275e+00 
 171    5.0762038 -7.98231e+00 
 172    5.1873582 -7.10973e+00 
 173    5.3009466 -5.90419e+00 
 174    5.4170222 -4.89565e+00 
 175    5.5356395 -3.86172e+00 
 176    5.6568542 -2.48305e+00 
 177    5.7807232 -1.46862e+00 
 178    5.9073046  3.83362e-01 
 179    6.0366577  8.23250e-01 
 180    6.1688433  1.26268e+00 
 181    6.3039234  1.71294e+00 
 182    6.4419613  1.64064e+00 
 183    6.5830219  1.95184e+00 
 184    6.7271713  1.77719e+00 
 185    6.8744772  1.61008e+00 
 186    7.0250086  1.36060e+00 
 187    7.1788363  8.58420e-01 
 188    7.3360323  2.23101e-01 
 189    7.4966705 -4.78893e-01 


