# 1:iteration 2:time bin[s] 3-k:equiv. isotropic luminosity in k-th angular bin [erg/s]
# bolometric luminosity going in angular bin
   0    0.1250000  2.13357e+41 
   1    0.1277371  2.20781e+41 
   2    0.1305342  2.28368e+41 
   3    0.1333926  2.36120e+41 
   4    0.1363135  2.44500e+41 
   5    0.1392983  2.53014e+41 
   6    0.1423486  2.61912e+41 
   7    0.1454656  2.71591e+41 
   8    0.1486509  2.81083e+41 
   9    0.1519059  2.90951e+41 
  10    0.1552322  3.00836e+41 
  11    0.1586314  3.10694e+41 
  12    0.1621049  3.19760e+41 
  13    0.1656546  3.28995e+41 
  14    0.1692819  3.37294e+41 
  15    0.1729887  3.45463e+41 
  16    0.1767767  3.51412e+41 
  17    0.1806476  3.56480e+41 
  18    0.1846033  3.60962e+41 
  19    0.1886456  3.63592e+41 
  20    0.1927764  3.65830e+41 
  21    0.1969976  3.66743e+41 
  22    0.2013113  3.66904e+41 
  23    0.2057194  3.66675e+41 
  24    0.2102241  3.65460e+41 
  25    0.2148274  3.63545e+41 
  26    0.2195315  3.60703e+41 
  27    0.2243386  3.57611e+41 
  28    0.2292510  3.52955e+41 
  29    0.2342710  3.47956e+41 
  30    0.2394008  3.42599e+41 
  31    0.2446430  3.36716e+41 
  32    0.2500000  3.30830e+41 
  33    0.2554743  3.24317e+41 
  34    0.2610684  3.18161e+41 
  35    0.2667851  3.11784e+41 
  36    0.2726269  3.04965e+41 
  37    0.2785967  2.98481e+41 
  38    0.2846972  2.92409e+41 
  39    0.2909312  2.86294e+41 
  40    0.2973018  2.81070e+41 
  41    0.3038118  2.76319e+41 
  42    0.3104645  2.71867e+41 
  43    0.3172627  2.67906e+41 
  44    0.3242099  2.64302e+41 
  45    0.3313092  2.60816e+41 
  46    0.3385639  2.57572e+41 
  47    0.3459775  2.54491e+41 
  48    0.3535534  2.52223e+41 
  49    0.3612952  2.49896e+41 
  50    0.3692065  2.47667e+41 
  51    0.3772911  2.45744e+41 
  52    0.3855527  2.43992e+41 
  53    0.3939952  2.42251e+41 
  54    0.4026226  2.40693e+41 
  55    0.4114389  2.38919e+41 
  56    0.4204482  2.37025e+41 
  57    0.4296548  2.35308e+41 
  58    0.4390630  2.33773e+41 
  59    0.4486773  2.32300e+41 
  60    0.4585020  2.30499e+41 
  61    0.4685419  2.29015e+41 
  62    0.4788016  2.27816e+41 
  63    0.4892860  2.26997e+41 
  64    0.5000000  2.26047e+41 
  65    0.5109486  2.25242e+41 
  66    0.5221369  2.25089e+41 
  67    0.5335702  2.25007e+41 
  68    0.5452539  2.25103e+41 
  69    0.5571934  2.25103e+41 
  70    0.5693943  2.25336e+41 
  71    0.5818624  2.26183e+41 
  72    0.5946036  2.27774e+41 
  73    0.6076237  2.28861e+41 
  74    0.6209289  2.29948e+41 
  75    0.6345255  2.31145e+41 
  76    0.6484198  2.32677e+41 
  77    0.6626183  2.34185e+41 
  78    0.6771278  2.36002e+41 
  79    0.6919549  2.37992e+41 
  80    0.7071068  2.40432e+41 
  81    0.7225904  2.42695e+41 
  82    0.7384131  2.44678e+41 
  83    0.7545822  2.46124e+41 
  84    0.7711054  2.47860e+41 
  85    0.7879904  2.49606e+41 
  86    0.8052452  2.50998e+41 
  87    0.8228777  2.52377e+41 
  88    0.8408964  2.53409e+41 
  89    0.8593096  2.54903e+41 
  90    0.8781261  2.56026e+41 
  91    0.8973545  2.57439e+41 
  92    0.9170040  2.58570e+41 
  93    0.9370838  2.59787e+41 
  94    0.9576033  2.61215e+41 
  95    0.9785721  2.63101e+41 
  96    1.0000000  2.65009e+41 
  97    1.0218971  2.67642e+41 
  98    1.0442738  2.73092e+41 
  99    1.0671404  2.79098e+41 
 100    1.0905077  2.87455e+41 
 101    1.1143867  2.95529e+41 
 102    1.1387886  3.01169e+41 
 103    1.1637249  3.06900e+41 
 104    1.1892071  3.08733e+41 
 105    1.2152474  3.10238e+41 
 106    1.2418578  3.12488e+41 
 107    1.2690510  3.13792e+41 
 108    1.2968396  3.16143e+41 
 109    1.3252366  3.15773e+41 
 110    1.3542555  3.16696e+41 
 111    1.3839099  3.15719e+41 
 112    1.4142136  3.13206e+41 
 113    1.4451808  3.09089e+41 
 114    1.4768261  3.05142e+41 
 115    1.5091644  3.03718e+41 
 116    1.5422108  3.02198e+41 
 117    1.5759808  3.01658e+41 
 118    1.6104903  3.00584e+41 
 119    1.6457555  2.99897e+41 
 120    1.6817928  2.98847e+41 
 121    1.7186193  2.97029e+41 
 122    1.7562522  2.94952e+41 
 123    1.7947091  2.92393e+41 
 124    1.8340081  2.90298e+41 
 125    1.8741676  2.88712e+41 
 126    1.9152066  2.86457e+41 
 127    1.9571441  2.83598e+41 
 128    2.0000000  2.80202e+41 
 129    2.0437943  2.75583e+41 
 130    2.0885476  2.69949e+41 
 131    2.1342808  2.63466e+41 
 132    2.1810155  2.55150e+41 
 133    2.2287735  2.45609e+41 
 134    2.2775773  2.35261e+41 
 135    2.3274497  2.23663e+41 
 136    2.3784142  2.11528e+41 
 137    2.4304947  1.98503e+41 
 138    2.4837156  1.85706e+41 
 139    2.5381019  1.72935e+41 
 140    2.5936791  1.59505e+41 
 141    2.6504733  1.47290e+41 
 142    2.7085111  1.35434e+41 
 143    2.7678198  1.23999e+41 
 144    2.8284271  1.13881e+41 
 145    2.8903616  1.04582e+41 
 146    2.9536523  9.60351e+40 
 147    3.0183289  8.82981e+40 
 148    3.0844217  8.11927e+40 
 149    3.1519617  7.45805e+40 
 150    3.2209807  6.84908e+40 
 151    3.2915110  6.26986e+40 
 152    3.3635857  5.71215e+40 
 153    3.4372386  5.17577e+40 
 154    3.5125043  4.65424e+40 
 155    3.5894182  4.15271e+40 
 156    3.6680162  3.66045e+40 
 157    3.7483353  3.20388e+40 
 158    3.8304131  2.77543e+40 
 159    3.9142882  2.35518e+40 
 160    4.0000000  1.99021e+40 
 161    4.0875886  1.65636e+40 
 162    4.1770951  1.34227e+40 
 163    4.2685616  1.08255e+40 
 164    4.3620309  8.57846e+39 
 165    4.4575470  6.64768e+39 
 166    4.5551545  5.13576e+39 
 167    4.6548994  3.90147e+39 
 168    4.7568285  2.91349e+39 
 169    4.8609894  2.16398e+39 
 170    4.9674312  1.58206e+39 
 171    5.0762038  1.14097e+39 
 172    5.1873582  8.33930e+38 
 173    5.3009466  5.97810e+38 
 174    5.4170222  4.27954e+38 
 175    5.5356395  3.16348e+38 
 176    5.6568542  2.31829e+38 
 177    5.7807232  1.72025e+38 
 178    5.9073046  1.32675e+38 
 179    6.0366577  1.02787e+38 
 180    6.1688433  8.14412e+37 
 181    6.3039234  6.62657e+37 
 182    6.4419613  5.47941e+37 
 183    6.5830219  4.57310e+37 
 184    6.7271713  3.90964e+37 
 185    6.8744772  3.38655e+37 
 186    7.0250086  2.92041e+37 
 187    7.1788363  2.54022e+37 
 188    7.3360323  2.21512e+37 
 189    7.4966705  1.96170e+37 


# g-band (filter: g_LSST.dat)
   0    0.1250000  3.72080e+26 
   1    0.1277371  3.73467e+26 
   2    0.1305342  3.74884e+26 
   3    0.1333926  3.76332e+26 
   4    0.1363135  3.77361e+26 
   5    0.1392983  3.77934e+26 
   6    0.1423486  3.78084e+26 
   7    0.1454656  3.77660e+26 
   8    0.1486509  3.76748e+26 
   9    0.1519059  3.75064e+26 
  10    0.1552322  3.73187e+26 
  11    0.1586314  3.71231e+26 
  12    0.1621049  3.68489e+26 
  13    0.1656546  3.65449e+26 
  14    0.1692819  3.61677e+26 
  15    0.1729887  3.58000e+26 
  16    0.1767767  3.53627e+26 
  17    0.1806476  3.49117e+26 
  18    0.1846033  3.44087e+26 
  19    0.1886456  3.38431e+26 
  20    0.1927764  3.32966e+26 
  21    0.1969976  3.26910e+26 
  22    0.2013113  3.20247e+26 
  23    0.2057194  3.13055e+26 
  24    0.2102241  3.05744e+26 
  25    0.2148274  2.97725e+26 
  26    0.2195315  2.89215e+26 
  27    0.2243386  2.80292e+26 
  28    0.2292510  2.71069e+26 
  29    0.2342710  2.61444e+26 
  30    0.2394008  2.51325e+26 
  31    0.2446430  2.41223e+26 
  32    0.2500000  2.30805e+26 
  33    0.2554743  2.20276e+26 
  34    0.2610684  2.09768e+26 
  35    0.2667851  1.99461e+26 
  36    0.2726269  1.89426e+26 
  37    0.2785967  1.79782e+26 
  38    0.2846972  1.70873e+26 
  39    0.2909312  1.62059e+26 
  40    0.2973018  1.53843e+26 
  41    0.3038118  1.46533e+26 
  42    0.3104645  1.40021e+26 
  43    0.3172627  1.33819e+26 
  44    0.3242099  1.28554e+26 
  45    0.3313092  1.23934e+26 
  46    0.3385639  1.19932e+26 
  47    0.3459775  1.16523e+26 
  48    0.3535534  1.13698e+26 
  49    0.3612952  1.11149e+26 
  50    0.3692065  1.09216e+26 
  51    0.3772911  1.07311e+26 
  52    0.3855527  1.05625e+26 
  53    0.3939952  1.04094e+26 
  54    0.4026226  1.02639e+26 
  55    0.4114389  1.01597e+26 
  56    0.4204482  1.00195e+26 
  57    0.4296548  9.90308e+25 
  58    0.4390630  9.77099e+25 
  59    0.4486773  9.65180e+25 
  60    0.4585020  9.51082e+25 
  61    0.4685419  9.40772e+25 
  62    0.4788016  9.29032e+25 
  63    0.4892860  9.15798e+25 
  64    0.5000000  9.01424e+25 
  65    0.5109486  8.83539e+25 
  66    0.5221369  8.64664e+25 
  67    0.5335702  8.44266e+25 
  68    0.5452539  8.24773e+25 
  69    0.5571934  8.11477e+25 
  70    0.5693943  7.98891e+25 
  71    0.5818624  7.82696e+25 
  72    0.5946036  7.65386e+25 
  73    0.6076237  7.40405e+25 
  74    0.6209289  7.18953e+25 
  75    0.6345255  6.94507e+25 
  76    0.6484198  6.70727e+25 
  77    0.6626183  6.48113e+25 
  78    0.6771278  6.20017e+25 
  79    0.6919549  5.97245e+25 
  80    0.7071068  5.95221e+25 
  81    0.7225904  5.80757e+25 
  82    0.7384131  5.71427e+25 
  83    0.7545822  5.66894e+25 
  84    0.7711054  5.69922e+25 
  85    0.7879904  5.74943e+25 
  86    0.8052452  5.85739e+25 
  87    0.8228777  6.02446e+25 
  88    0.8408964  6.20784e+25 
  89    0.8593096  6.67027e+25 
  90    0.8781261  7.13890e+25 
  91    0.8973545  7.71402e+25 
  92    0.9170040  8.22656e+25 
  93    0.9370838  8.82248e+25 
  94    0.9576033  9.50298e+25 
  95    0.9785721  1.02577e+26 
  96    1.0000000  1.11001e+26 
  97    1.0218971  1.21475e+26 
  98    1.0442738  1.34750e+26 
  99    1.0671404  1.49235e+26 
 100    1.0905077  1.67659e+26 
 101    1.1143867  1.86518e+26 
 102    1.1387886  2.07788e+26 
 103    1.1637249  2.31864e+26 
 104    1.1892071  2.55887e+26 
 105    1.2152474  2.78302e+26 
 106    1.2418578  3.02767e+26 
 107    1.2690510  3.24142e+26 
 108    1.2968396  3.45515e+26 
 109    1.3252366  3.66421e+26 
 110    1.3542555  3.84839e+26 
 111    1.3839099  4.00287e+26 
 112    1.4142136  4.12519e+26 
 113    1.4451808  4.19605e+26 
 114    1.4768261  4.23198e+26 
 115    1.5091644  4.24459e+26 
 116    1.5422108  4.24023e+26 
 117    1.5759808  4.24003e+26 
 118    1.6104903  4.22342e+26 
 119    1.6457555  4.20695e+26 
 120    1.6817928  4.17898e+26 
 121    1.7186193  4.13458e+26 
 122    1.7562522  4.08753e+26 
 123    1.7947091  4.03143e+26 
 124    1.8340081  3.98180e+26 
 125    1.8741676  3.93796e+26 
 126    1.9152066  3.86737e+26 
 127    1.9571441  3.76421e+26 
 128    2.0000000  3.64572e+26 
 129    2.0437943  3.46165e+26 
 130    2.0885476  3.24326e+26 
 131    2.1342808  3.00648e+26 
 132    2.1810155  2.74102e+26 
 133    2.2287735  2.47300e+26 
 134    2.2775773  2.17189e+26 
 135    2.3274497  1.89747e+26 
 136    2.3784142  1.62494e+26 
 137    2.4304947  1.33776e+26 
 138    2.4837156  1.09562e+26 
 139    2.5381019  8.72868e+25 
 140    2.5936791  6.76299e+25 
 141    2.6504733  5.20525e+25 
 142    2.7085111  3.94828e+25 
 143    2.7678198  2.96872e+25 
 144    2.8284271  2.22137e+25 
 145    2.8903616  1.63311e+25 
 146    2.9536523  1.18039e+25 
 147    3.0183289  8.67442e+24 
 148    3.0844217  6.22356e+24 
 149    3.1519617  4.48853e+24 
 150    3.2209807  3.31034e+24 
 151    3.2915110  2.41362e+24 
 152    3.3635857  1.75041e+24 
 153    3.4372386  1.27789e+24 
 154    3.5125043  9.14055e+23 
 155    3.5894182  6.44302e+23 
 156    3.6680162  4.59856e+23 
 157    3.7483353  3.19993e+23 
 158    3.8304131  2.21224e+23 
 159    3.9142882  1.54061e+23 
 160    4.0000000  1.03458e+23 
 161    4.0875886  6.81937e+22 
 162    4.1770951  4.61344e+22 
 163    4.2685616  3.01574e+22 
 164    4.3620309  1.89078e+22 
 165    4.4575470  1.23775e+22 
 166    4.5551545  7.93734e+21 
 167    4.6548994  4.86384e+21 
 168    4.7568285  2.95237e+21 
 169    4.8609894  1.71329e+21 
 170    4.9674312  1.07347e+21 
 171    5.0762038  6.28573e+20 
 172    5.1873582  3.53824e+20 
 173    5.3009466  2.37653e+20 
 174    5.4170222  1.17598e+20 
 175    5.5356395  7.27723e+19 
 176    5.6568542  4.62088e+19 
 177    5.7807232  1.76805e+19 
 178    5.9073046  1.15095e+19 
 179    6.0366577  6.99539e+18 
 180    6.1688433  4.41750e+18 
 181    6.3039234  3.05088e+18 
 182    6.4419613  1.95839e+18 
 183    6.5830219  1.25072e+18 
 184    6.7271713  8.58239e+17 
 185    6.8744772  5.69958e+17 
 186    7.0250086  3.44371e+17 
 187    7.1788363  1.80894e+17 
 188    7.3360323  9.10099e+16 
 189    7.4966705  3.49299e+16 


# r-band (filter: r_LSST.dat)
   0    0.1250000  3.78925e+26 
   1    0.1277371  3.84365e+26 
   2    0.1305342  3.89925e+26 
   3    0.1333926  3.95607e+26 
   4    0.1363135  4.01176e+26 
   5    0.1392983  4.06336e+26 
   6    0.1423486  4.11167e+26 
   7    0.1454656  4.15922e+26 
   8    0.1486509  4.20039e+26 
   9    0.1519059  4.23345e+26 
  10    0.1552322  4.26401e+26 
  11    0.1586314  4.29186e+26 
  12    0.1621049  4.31598e+26 
  13    0.1656546  4.33669e+26 
  14    0.1692819  4.35643e+26 
  15    0.1729887  4.37219e+26 
  16    0.1767767  4.38442e+26 
  17    0.1806476  4.39052e+26 
  18    0.1846033  4.39609e+26 
  19    0.1886456  4.39591e+26 
  20    0.1927764  4.39606e+26 
  21    0.1969976  4.39161e+26 
  22    0.2013113  4.38180e+26 
  23    0.2057194  4.37080e+26 
  24    0.2102241  4.35451e+26 
  25    0.2148274  4.33711e+26 
  26    0.2195315  4.31328e+26 
  27    0.2243386  4.28721e+26 
  28    0.2292510  4.25961e+26 
  29    0.2342710  4.22805e+26 
  30    0.2394008  4.19285e+26 
  31    0.2446430  4.15206e+26 
  32    0.2500000  4.11438e+26 
  33    0.2554743  4.07242e+26 
  34    0.2610684  4.03732e+26 
  35    0.2667851  3.99336e+26 
  36    0.2726269  3.95481e+26 
  37    0.2785967  3.91566e+26 
  38    0.2846972  3.87344e+26 
  39    0.2909312  3.83480e+26 
  40    0.2973018  3.79761e+26 
  41    0.3038118  3.76624e+26 
  42    0.3104645  3.73069e+26 
  43    0.3172627  3.69922e+26 
  44    0.3242099  3.68092e+26 
  45    0.3313092  3.65820e+26 
  46    0.3385639  3.64352e+26 
  47    0.3459775  3.62977e+26 
  48    0.3535534  3.62183e+26 
  49    0.3612952  3.62549e+26 
  50    0.3692065  3.63836e+26 
  51    0.3772911  3.65973e+26 
  52    0.3855527  3.68040e+26 
  53    0.3939952  3.71945e+26 
  54    0.4026226  3.77587e+26 
  55    0.4114389  3.82255e+26 
  56    0.4204482  3.85428e+26 
  57    0.4296548  3.89560e+26 
  58    0.4390630  3.94128e+26 
  59    0.4486773  4.00522e+26 
  60    0.4585020  4.06359e+26 
  61    0.4685419  4.11418e+26 
  62    0.4788016  4.18004e+26 
  63    0.4892860  4.27497e+26 
  64    0.5000000  4.37789e+26 
  65    0.5109486  4.49091e+26 
  66    0.5221369  4.66734e+26 
  67    0.5335702  4.84099e+26 
  68    0.5452539  5.02125e+26 
  69    0.5571934  5.18964e+26 
  70    0.5693943  5.36634e+26 
  71    0.5818624  5.60568e+26 
  72    0.5946036  5.89050e+26 
  73    0.6076237  6.14771e+26 
  74    0.6209289  6.40835e+26 
  75    0.6345255  6.66615e+26 
  76    0.6484198  6.94409e+26 
  77    0.6626183  7.21288e+26 
  78    0.6771278  7.54026e+26 
  79    0.6919549  7.87738e+26 
  80    0.7071068  8.19352e+26 
  81    0.7225904  8.51651e+26 
  82    0.7384131  8.78909e+26 
  83    0.7545822  8.99906e+26 
  84    0.7711054  9.23384e+26 
  85    0.7879904  9.42607e+26 
  86    0.8052452  9.59398e+26 
  87    0.8228777  9.73682e+26 
  88    0.8408964  9.85226e+26 
  89    0.8593096  9.95944e+26 
  90    0.8781261  9.99891e+26 
  91    0.8973545  1.00430e+27 
  92    0.9170040  1.00632e+27 
  93    0.9370838  1.00844e+27 
  94    0.9576033  1.01000e+27 
  95    0.9785721  1.01368e+27 
  96    1.0000000  1.01561e+27 
  97    1.0218971  1.02032e+27 
  98    1.0442738  1.04502e+27 
  99    1.0671404  1.07359e+27 
 100    1.0905077  1.11975e+27 
 101    1.1143867  1.16498e+27 
 102    1.1387886  1.18957e+27 
 103    1.1637249  1.20988e+27 
 104    1.1892071  1.19735e+27 
 105    1.2152474  1.18160e+27 
 106    1.2418578  1.17061e+27 
 107    1.2690510  1.15090e+27 
 108    1.2968396  1.14065e+27 
 109    1.3252366  1.10827e+27 
 110    1.3542555  1.08806e+27 
 111    1.3839099  1.05689e+27 
 112    1.4142136  1.01347e+27 
 113    1.4451808  9.64297e+26 
 114    1.4768261  9.18081e+26 
 115    1.5091644  8.96788e+26 
 116    1.5422108  8.78335e+26 
 117    1.5759808  8.68160e+26 
 118    1.6104903  8.58009e+26 
 119    1.6457555  8.51582e+26 
 120    1.6817928  8.45085e+26 
 121    1.7186193  8.35041e+26 
 122    1.7562522  8.24577e+26 
 123    1.7947091  8.10918e+26 
 124    1.8340081  8.00799e+26 
 125    1.8741676  7.95626e+26 
 126    1.9152066  7.90574e+26 
 127    1.9571441  7.85604e+26 
 128    2.0000000  7.79104e+26 
 129    2.0437943  7.73564e+26 
 130    2.0885476  7.65461e+26 
 131    2.1342808  7.54343e+26 
 132    2.1810155  7.33989e+26 
 133    2.2287735  7.06204e+26 
 134    2.2775773  6.77773e+26 
 135    2.3274497  6.38380e+26 
 136    2.3784142  5.96293e+26 
 137    2.4304947  5.49933e+26 
 138    2.4837156  5.01565e+26 
 139    2.5381019  4.52461e+26 
 140    2.5936791  3.96162e+26 
 141    2.6504733  3.45344e+26 
 142    2.7085111  2.94837e+26 
 143    2.7678198  2.45236e+26 
 144    2.8284271  2.03674e+26 
 145    2.8903616  1.67036e+26 
 146    2.9536523  1.35343e+26 
 147    3.0183289  1.08959e+26 
 148    3.0844217  8.70668e+25 
 149    3.1519617  6.89138e+25 
 150    3.2209807  5.45334e+25 
 151    3.2915110  4.28990e+25 
 152    3.3635857  3.35154e+25 
 153    3.4372386  2.60355e+25 
 154    3.5125043  2.00926e+25 
 155    3.5894182  1.53058e+25 
 156    3.6680162  1.15615e+25 
 157    3.7483353  8.64201e+24 
 158    3.8304131  6.34499e+24 
 159    3.9142882  4.63544e+24 
 160    4.0000000  3.34334e+24 
 161    4.0875886  2.37614e+24 
 162    4.1770951  1.70480e+24 
 163    4.2685616  1.19961e+24 
 164    4.3620309  8.40204e+23 
 165    4.4575470  5.95090e+23 
 166    4.5551545  4.11458e+23 
 167    4.6548994  2.81042e+23 
 168    4.7568285  1.92432e+23 
 169    4.8609894  1.28055e+23 
 170    4.9674312  8.60693e+22 
 171    5.0762038  5.67453e+22 
 172    5.1873582  3.88069e+22 
 173    5.3009466  2.53161e+22 
 174    5.4170222  1.64109e+22 
 175    5.5356395  1.10722e+22 
 176    5.6568542  6.70878e+21 
 177    5.7807232  4.28752e+21 
 178    5.9073046  2.77299e+21 
 179    6.0366577  1.73048e+21 
 180    6.1688433  1.10592e+21 
 181    6.3039234  6.88698e+20 
 182    6.4419613  4.48790e+20 
 183    6.5830219  3.28109e+20 
 184    6.7271713  2.01822e+20 
 185    6.8744772  1.53591e+20 
 186    7.0250086  6.74851e+19 
 187    7.1788363  4.20713e+19 
 188    7.3360323  2.28443e+19 
 189    7.4966705  1.06846e+19 


# i-band (filter: i_LSST.dat)
   0    0.1250000  2.45757e+26 
   1    0.1277371  2.50813e+26 
   2    0.1305342  2.55980e+26 
   3    0.1333926  2.61260e+26 
   4    0.1363135  2.66155e+26 
   5    0.1392983  2.71243e+26 
   6    0.1423486  2.76188e+26 
   7    0.1454656  2.80832e+26 
   8    0.1486509  2.85083e+26 
   9    0.1519059  2.89730e+26 
  10    0.1552322  2.93714e+26 
  11    0.1586314  2.98034e+26 
  12    0.1621049  3.02428e+26 
  13    0.1656546  3.06398e+26 
  14    0.1692819  3.10707e+26 
  15    0.1729887  3.15286e+26 
  16    0.1767767  3.19292e+26 
  17    0.1806476  3.22698e+26 
  18    0.1846033  3.26161e+26 
  19    0.1886456  3.28591e+26 
  20    0.1927764  3.30241e+26 
  21    0.1969976  3.31710e+26 
  22    0.2013113  3.32314e+26 
  23    0.2057194  3.32004e+26 
  24    0.2102241  3.30832e+26 
  25    0.2148274  3.29010e+26 
  26    0.2195315  3.26181e+26 
  27    0.2243386  3.22251e+26 
  28    0.2292510  3.17480e+26 
  29    0.2342710  3.12575e+26 
  30    0.2394008  3.06865e+26 
  31    0.2446430  3.00784e+26 
  32    0.2500000  2.94911e+26 
  33    0.2554743  2.88615e+26 
  34    0.2610684  2.82772e+26 
  35    0.2667851  2.78031e+26 
  36    0.2726269  2.73292e+26 
  37    0.2785967  2.69976e+26 
  38    0.2846972  2.69189e+26 
  39    0.2909312  2.69219e+26 
  40    0.2973018  2.69837e+26 
  41    0.3038118  2.72181e+26 
  42    0.3104645  2.74232e+26 
  43    0.3172627  2.79319e+26 
  44    0.3242099  2.85028e+26 
  45    0.3313092  2.91495e+26 
  46    0.3385639  2.98848e+26 
  47    0.3459775  3.07571e+26 
  48    0.3535534  3.21504e+26 
  49    0.3612952  3.32193e+26 
  50    0.3692065  3.42753e+26 
  51    0.3772911  3.54981e+26 
  52    0.3855527  3.68010e+26 
  53    0.3939952  3.81039e+26 
  54    0.4026226  3.95133e+26 
  55    0.4114389  4.08413e+26 
  56    0.4204482  4.21421e+26 
  57    0.4296548  4.35101e+26 
  58    0.4390630  4.48442e+26 
  59    0.4486773  4.62111e+26 
  60    0.4585020  4.72724e+26 
  61    0.4685419  4.87222e+26 
  62    0.4788016  5.02264e+26 
  63    0.4892860  5.16949e+26 
  64    0.5000000  5.28663e+26 
  65    0.5109486  5.41842e+26 
  66    0.5221369  5.54274e+26 
  67    0.5335702  5.67365e+26 
  68    0.5452539  5.81239e+26 
  69    0.5571934  5.94431e+26 
  70    0.5693943  6.08402e+26 
  71    0.5818624  6.21371e+26 
  72    0.5946036  6.35171e+26 
  73    0.6076237  6.48428e+26 
  74    0.6209289  6.60191e+26 
  75    0.6345255  6.72794e+26 
  76    0.6484198  6.86395e+26 
  77    0.6626183  6.98696e+26 
  78    0.6771278  7.11307e+26 
  79    0.6919549  7.22497e+26 
  80    0.7071068  7.32830e+26 
  81    0.7225904  7.43133e+26 
  82    0.7384131  7.51595e+26 
  83    0.7545822  7.58773e+26 
  84    0.7711054  7.65232e+26 
  85    0.7879904  7.70119e+26 
  86    0.8052452  7.73799e+26 
  87    0.8228777  7.76571e+26 
  88    0.8408964  7.76674e+26 
  89    0.8593096  7.76596e+26 
  90    0.8781261  7.74865e+26 
  91    0.8973545  7.71184e+26 
  92    0.9170040  7.66781e+26 
  93    0.9370838  7.61320e+26 
  94    0.9576033  7.55207e+26 
  95    0.9785721  7.47926e+26 
  96    1.0000000  7.39988e+26 
  97    1.0218971  7.31923e+26 
  98    1.0442738  7.21585e+26 
  99    1.0671404  7.09604e+26 
 100    1.0905077  6.92234e+26 
 101    1.1143867  6.69779e+26 
 102    1.1387886  6.42481e+26 
 103    1.1637249  6.13768e+26 
 104    1.1892071  5.80245e+26 
 105    1.2152474  5.47146e+26 
 106    1.2418578  5.10904e+26 
 107    1.2690510  4.79188e+26 
 108    1.2968396  4.47624e+26 
 109    1.3252366  4.12673e+26 
 110    1.3542555  3.82298e+26 
 111    1.3839099  3.50625e+26 
 112    1.4142136  3.21792e+26 
 113    1.4451808  2.94492e+26 
 114    1.4768261  2.72368e+26 
 115    1.5091644  2.54108e+26 
 116    1.5422108  2.39439e+26 
 117    1.5759808  2.27203e+26 
 118    1.6104903  2.14590e+26 
 119    1.6457555  2.04937e+26 
 120    1.6817928  1.95853e+26 
 121    1.7186193  1.88070e+26 
 122    1.7562522  1.81427e+26 
 123    1.7947091  1.76916e+26 
 124    1.8340081  1.74699e+26 
 125    1.8741676  1.73139e+26 
 126    1.9152066  1.71669e+26 
 127    1.9571441  1.70057e+26 
 128    2.0000000  1.68667e+26 
 129    2.0437943  1.67046e+26 
 130    2.0885476  1.65279e+26 
 131    2.1342808  1.63293e+26 
 132    2.1810155  1.60716e+26 
 133    2.2287735  1.57607e+26 
 134    2.2775773  1.54330e+26 
 135    2.3274497  1.50450e+26 
 136    2.3784142  1.46233e+26 
 137    2.4304947  1.41711e+26 
 138    2.4837156  1.37142e+26 
 139    2.5381019  1.32613e+26 
 140    2.5936791  1.27632e+26 
 141    2.6504733  1.23258e+26 
 142    2.7085111  1.19143e+26 
 143    2.7678198  1.15135e+26 
 144    2.8284271  1.11760e+26 
 145    2.8903616  1.08710e+26 
 146    2.9536523  1.05637e+26 
 147    3.0183289  1.02805e+26 
 148    3.0844217  9.93263e+25 
 149    3.1519617  9.54224e+25 
 150    3.2209807  9.15390e+25 
 151    3.2915110  8.62844e+25 
 152    3.3635857  8.03848e+25 
 153    3.4372386  7.40042e+25 
 154    3.5125043  6.70095e+25 
 155    3.5894182  5.99790e+25 
 156    3.6680162  5.21706e+25 
 157    3.7483353  4.50588e+25 
 158    3.8304131  3.81831e+25 
 159    3.9142882  3.11358e+25 
 160    4.0000000  2.52830e+25 
 161    4.0875886  1.99479e+25 
 162    4.1770951  1.52587e+25 
 163    4.2685616  1.15585e+25 
 164    4.3620309  8.60671e+24 
 165    4.4575470  6.35349e+24 
 166    4.5551545  4.64917e+24 
 167    4.6548994  3.34924e+24 
 168    4.7568285  2.40651e+24 
 169    4.8609894  1.70782e+24 
 170    4.9674312  1.19377e+24 
 171    5.0762038  8.32134e+23 
 172    5.1873582  5.94394e+23 
 173    5.3009466  4.09679e+23 
 174    5.4170222  2.75806e+23 
 175    5.5356395  1.89335e+23 
 176    5.6568542  1.27065e+23 
 177    5.7807232  8.40053e+22 
 178    5.9073046  5.71226e+22 
 179    6.0366577  3.73629e+22 
 180    6.1688433  2.41244e+22 
 181    6.3039234  1.60047e+22 
 182    6.4419613  1.00225e+22 
 183    6.5830219  6.16656e+21 
 184    6.7271713  3.82399e+21 
 185    6.8744772  2.31038e+21 
 186    7.0250086  1.26789e+21 
 187    7.1788363  7.08205e+20 
 188    7.3360323  2.96751e+20 
 189    7.4966705  1.14859e+20 


# z-band (filter: z_LSST.dat)
   0    0.1250000  2.00878e+26 
   1    0.1277371  2.05362e+26 
   2    0.1305342  2.09944e+26 
   3    0.1333926  2.14627e+26 
   4    0.1363135  2.19496e+26 
   5    0.1392983  2.24040e+26 
   6    0.1423486  2.29212e+26 
   7    0.1454656  2.34208e+26 
   8    0.1486509  2.38279e+26 
   9    0.1519059  2.42987e+26 
  10    0.1552322  2.47526e+26 
  11    0.1586314  2.51948e+26 
  12    0.1621049  2.56000e+26 
  13    0.1656546  2.59980e+26 
  14    0.1692819  2.64083e+26 
  15    0.1729887  2.67685e+26 
  16    0.1767767  2.71974e+26 
  17    0.1806476  2.74671e+26 
  18    0.1846033  2.76841e+26 
  19    0.1886456  2.78356e+26 
  20    0.1927764  2.78995e+26 
  21    0.1969976  2.78979e+26 
  22    0.2013113  2.77531e+26 
  23    0.2057194  2.75676e+26 
  24    0.2102241  2.73064e+26 
  25    0.2148274  2.69509e+26 
  26    0.2195315  2.64285e+26 
  27    0.2243386  2.57686e+26 
  28    0.2292510  2.49141e+26 
  29    0.2342710  2.41640e+26 
  30    0.2394008  2.32990e+26 
  31    0.2446430  2.24142e+26 
  32    0.2500000  2.14903e+26 
  33    0.2554743  2.05538e+26 
  34    0.2610684  1.96455e+26 
  35    0.2667851  1.86922e+26 
  36    0.2726269  1.77243e+26 
  37    0.2785967  1.67812e+26 
  38    0.2846972  1.59947e+26 
  39    0.2909312  1.52646e+26 
  40    0.2973018  1.45984e+26 
  41    0.3038118  1.39718e+26 
  42    0.3104645  1.34121e+26 
  43    0.3172627  1.29047e+26 
  44    0.3242099  1.25017e+26 
  45    0.3313092  1.21767e+26 
  46    0.3385639  1.18570e+26 
  47    0.3459775  1.16593e+26 
  48    0.3535534  1.15152e+26 
  49    0.3612952  1.14199e+26 
  50    0.3692065  1.13076e+26 
  51    0.3772911  1.12658e+26 
  52    0.3855527  1.12256e+26 
  53    0.3939952  1.11340e+26 
  54    0.4026226  1.11355e+26 
  55    0.4114389  1.11421e+26 
  56    0.4204482  1.11369e+26 
  57    0.4296548  1.10740e+26 
  58    0.4390630  1.10977e+26 
  59    0.4486773  1.11029e+26 
  60    0.4585020  1.10673e+26 
  61    0.4685419  1.09931e+26 
  62    0.4788016  1.10109e+26 
  63    0.4892860  1.10224e+26 
  64    0.5000000  1.10618e+26 
  65    0.5109486  1.11042e+26 
  66    0.5221369  1.11491e+26 
  67    0.5335702  1.11888e+26 
  68    0.5452539  1.12322e+26 
  69    0.5571934  1.12914e+26 
  70    0.5693943  1.13358e+26 
  71    0.5818624  1.14570e+26 
  72    0.5946036  1.16099e+26 
  73    0.6076237  1.17779e+26 
  74    0.6209289  1.19282e+26 
  75    0.6345255  1.22029e+26 
  76    0.6484198  1.24657e+26 
  77    0.6626183  1.27719e+26 
  78    0.6771278  1.31295e+26 
  79    0.6919549  1.35298e+26 
  80    0.7071068  1.40408e+26 
  81    0.7225904  1.45825e+26 
  82    0.7384131  1.51593e+26 
  83    0.7545822  1.57553e+26 
  84    0.7711054  1.63952e+26 
  85    0.7879904  1.71047e+26 
  86    0.8052452  1.77665e+26 
  87    0.8228777  1.84673e+26 
  88    0.8408964  1.91594e+26 
  89    0.8593096  1.98691e+26 
  90    0.8781261  2.05943e+26 
  91    0.8973545  2.13162e+26 
  92    0.9170040  2.20321e+26 
  93    0.9370838  2.27638e+26 
  94    0.9576033  2.34504e+26 
  95    0.9785721  2.41403e+26 
  96    1.0000000  2.48163e+26 
  97    1.0218971  2.54365e+26 
  98    1.0442738  2.60616e+26 
  99    1.0671404  2.66299e+26 
 100    1.0905077  2.70322e+26 
 101    1.1143867  2.73126e+26 
 102    1.1387886  2.75333e+26 
 103    1.1637249  2.77173e+26 
 104    1.1892071  2.79139e+26 
 105    1.2152474  2.80990e+26 
 106    1.2418578  2.82169e+26 
 107    1.2690510  2.83932e+26 
 108    1.2968396  2.85753e+26 
 109    1.3252366  2.87073e+26 
 110    1.3542555  2.87811e+26 
 111    1.3839099  2.87955e+26 
 112    1.4142136  2.88684e+26 
 113    1.4451808  2.88154e+26 
 114    1.4768261  2.87855e+26 
 115    1.5091644  2.86842e+26 
 116    1.5422108  2.85063e+26 
 117    1.5759808  2.83106e+26 
 118    1.6104903  2.80054e+26 
 119    1.6457555  2.76919e+26 
 120    1.6817928  2.73039e+26 
 121    1.7186193  2.68787e+26 
 122    1.7562522  2.64341e+26 
 123    1.7947091  2.59695e+26 
 124    1.8340081  2.55183e+26 
 125    1.8741676  2.50108e+26 
 126    1.9152066  2.44451e+26 
 127    1.9571441  2.38495e+26 
 128    2.0000000  2.32225e+26 
 129    2.0437943  2.25051e+26 
 130    2.0885476  2.17396e+26 
 131    2.1342808  2.09201e+26 
 132    2.1810155  2.00026e+26 
 133    2.2287735  1.90356e+26 
 134    2.2775773  1.80017e+26 
 135    2.3274497  1.69314e+26 
 136    2.3784142  1.58465e+26 
 137    2.4304947  1.47506e+26 
 138    2.4837156  1.37234e+26 
 139    2.5381019  1.27405e+26 
 140    2.5936791  1.17416e+26 
 141    2.6504733  1.08912e+26 
 142    2.7085111  1.01010e+26 
 143    2.7678198  9.36236e+25 
 144    2.8284271  8.77827e+25 
 145    2.8903616  8.27294e+25 
 146    2.9536523  7.86865e+25 
 147    3.0183289  7.54894e+25 
 148    3.0844217  7.31261e+25 
 149    3.1519617  7.13096e+25 
 150    3.2209807  7.00334e+25 
 151    3.2915110  6.89154e+25 
 152    3.3635857  6.75867e+25 
 153    3.4372386  6.63234e+25 
 154    3.5125043  6.39307e+25 
 155    3.5894182  6.09496e+25 
 156    3.6680162  5.78045e+25 
 157    3.7483353  5.38038e+25 
 158    3.8304131  4.95219e+25 
 159    3.9142882  4.46682e+25 
 160    4.0000000  3.98812e+25 
 161    4.0875886  3.50538e+25 
 162    4.1770951  2.96338e+25 
 163    4.2685616  2.48787e+25 
 164    4.3620309  2.03753e+25 
 165    4.4575470  1.61683e+25 
 166    4.5551545  1.27944e+25 
 167    4.6548994  9.94672e+24 
 168    4.7568285  7.55881e+24 
 169    4.8609894  5.70077e+24 
 170    4.9674312  4.24184e+24 
 171    5.0762038  3.10038e+24 
 172    5.1873582  2.26614e+24 
 173    5.3009466  1.61710e+24 
 174    5.4170222  1.14985e+24 
 175    5.5356395  8.27598e+23 
 176    5.6568542  5.84938e+23 
 177    5.7807232  4.06080e+23 
 178    5.9073046  2.84996e+23 
 179    6.0366577  1.95446e+23 
 180    6.1688433  1.31475e+23 
 181    6.3039234  8.99635e+22 
 182    6.4419613  5.95880e+22 
 183    6.5830219  3.85022e+22 
 184    6.7271713  2.51788e+22 
 185    6.8744772  1.57675e+22 
 186    7.0250086  8.89540e+21 
 187    7.1788363  4.54138e+21 
 188    7.3360323  1.69499e+21 
 189    7.4966705  3.90513e+20 


# y-band (filter: y_LSST.dat)
   0    0.1250000  1.71821e+26 
   1    0.1277371  1.81142e+26 
   2    0.1305342  1.90667e+26 
   3    0.1333926  2.00400e+26 
   4    0.1363135  2.08523e+26 
   5    0.1392983  2.18377e+26 
   6    0.1423486  2.37408e+26 
   7    0.1454656  2.54956e+26 
   8    0.1486509  2.71729e+26 
   9    0.1519059  2.94066e+26 
  10    0.1552322  3.19192e+26 
  11    0.1586314  3.36834e+26 
  12    0.1621049  3.54313e+26 
  13    0.1656546  3.75611e+26 
  14    0.1692819  3.96915e+26 
  15    0.1729887  4.20079e+26 
  16    0.1767767  4.39046e+26 
  17    0.1806476  4.54207e+26 
  18    0.1846033  4.65374e+26 
  19    0.1886456  4.75129e+26 
  20    0.1927764  4.85174e+26 
  21    0.1969976  4.87778e+26 
  22    0.2013113  4.89552e+26 
  23    0.2057194  4.96210e+26 
  24    0.2102241  4.96243e+26 
  25    0.2148274  4.95747e+26 
  26    0.2195315  4.93160e+26 
  27    0.2243386  4.89822e+26 
  28    0.2292510  4.93008e+26 
  29    0.2342710  4.93606e+26 
  30    0.2394008  4.90377e+26 
  31    0.2446430  4.84870e+26 
  32    0.2500000  4.78787e+26 
  33    0.2554743  4.72866e+26 
  34    0.2610684  4.63559e+26 
  35    0.2667851  4.52447e+26 
  36    0.2726269  4.40588e+26 
  37    0.2785967  4.26783e+26 
  38    0.2846972  4.14019e+26 
  39    0.2909312  4.00039e+26 
  40    0.2973018  3.82510e+26 
  41    0.3038118  3.66808e+26 
  42    0.3104645  3.55756e+26 
  43    0.3172627  3.43559e+26 
  44    0.3242099  3.33629e+26 
  45    0.3313092  3.22185e+26 
  46    0.3385639  3.13544e+26 
  47    0.3459775  3.05907e+26 
  48    0.3535534  2.98489e+26 
  49    0.3612952  2.92741e+26 
  50    0.3692065  2.87000e+26 
  51    0.3772911  2.80967e+26 
  52    0.3855527  2.74996e+26 
  53    0.3939952  2.69148e+26 
  54    0.4026226  2.62739e+26 
  55    0.4114389  2.56116e+26 
  56    0.4204482  2.49058e+26 
  57    0.4296548  2.42929e+26 
  58    0.4390630  2.37789e+26 
  59    0.4486773  2.31959e+26 
  60    0.4585020  2.26783e+26 
  61    0.4685419  2.21630e+26 
  62    0.4788016  2.16639e+26 
  63    0.4892860  2.12278e+26 
  64    0.5000000  2.08564e+26 
  65    0.5109486  2.04685e+26 
  66    0.5221369  2.01315e+26 
  67    0.5335702  1.97959e+26 
  68    0.5452539  1.95169e+26 
  69    0.5571934  1.91863e+26 
  70    0.5693943  1.88966e+26 
  71    0.5818624  1.86337e+26 
  72    0.5946036  1.84483e+26 
  73    0.6076237  1.82456e+26 
  74    0.6209289  1.80872e+26 
  75    0.6345255  1.78301e+26 
  76    0.6484198  1.76830e+26 
  77    0.6626183  1.75661e+26 
  78    0.6771278  1.74413e+26 
  79    0.6919549  1.73530e+26 
  80    0.7071068  1.73964e+26 
  81    0.7225904  1.74650e+26 
  82    0.7384131  1.75115e+26 
  83    0.7545822  1.76077e+26 
  84    0.7711054  1.77384e+26 
  85    0.7879904  1.79162e+26 
  86    0.8052452  1.81906e+26 
  87    0.8228777  1.85275e+26 
  88    0.8408964  1.88771e+26 
  89    0.8593096  1.93475e+26 
  90    0.8781261  1.98891e+26 
  91    0.8973545  2.05672e+26 
  92    0.9170040  2.13246e+26 
  93    0.9370838  2.21157e+26 
  94    0.9576033  2.31175e+26 
  95    0.9785721  2.41716e+26 
  96    1.0000000  2.53098e+26 
  97    1.0218971  2.65971e+26 
  98    1.0442738  2.79463e+26 
  99    1.0671404  2.93981e+26 
 100    1.0905077  3.09279e+26 
 101    1.1143867  3.24651e+26 
 102    1.1387886  3.41776e+26 
 103    1.1637249  3.59455e+26 
 104    1.1892071  3.78417e+26 
 105    1.2152474  3.97708e+26 
 106    1.2418578  4.17434e+26 
 107    1.2690510  4.36731e+26 
 108    1.2968396  4.55833e+26 
 109    1.3252366  4.75174e+26 
 110    1.3542555  4.92410e+26 
 111    1.3839099  5.08610e+26 
 112    1.4142136  5.25010e+26 
 113    1.4451808  5.40038e+26 
 114    1.4768261  5.52533e+26 
 115    1.5091644  5.63063e+26 
 116    1.5422108  5.70272e+26 
 117    1.5759808  5.75338e+26 
 118    1.6104903  5.79297e+26 
 119    1.6457555  5.81273e+26 
 120    1.6817928  5.81320e+26 
 121    1.7186193  5.79974e+26 
 122    1.7562522  5.77413e+26 
 123    1.7947091  5.73790e+26 
 124    1.8340081  5.67999e+26 
 125    1.8741676  5.60856e+26 
 126    1.9152066  5.52049e+26 
 127    1.9571441  5.42365e+26 
 128    2.0000000  5.31751e+26 
 129    2.0437943  5.18852e+26 
 130    2.0885476  5.04456e+26 
 131    2.1342808  4.88440e+26 
 132    2.1810155  4.70274e+26 
 133    2.2287735  4.49928e+26 
 134    2.2775773  4.27635e+26 
 135    2.3274497  4.02404e+26 
 136    2.3784142  3.75544e+26 
 137    2.4304947  3.47156e+26 
 138    2.4837156  3.17555e+26 
 139    2.5381019  2.87795e+26 
 140    2.5936791  2.56835e+26 
 141    2.6504733  2.27957e+26 
 142    2.7085111  2.00124e+26 
 143    2.7678198  1.72132e+26 
 144    2.8284271  1.48164e+26 
 145    2.8903616  1.26326e+26 
 146    2.9536523  1.06881e+26 
 147    3.0183289  8.97549e+25 
 148    3.0844217  7.58905e+25 
 149    3.1519617  6.42660e+25 
 150    3.2209807  5.51556e+25 
 151    3.2915110  4.78411e+25 
 152    3.3635857  4.21561e+25 
 153    3.4372386  3.79885e+25 
 154    3.5125043  3.45307e+25 
 155    3.5894182  3.18043e+25 
 156    3.6680162  2.96017e+25 
 157    3.7483353  2.75436e+25 
 158    3.8304131  2.55890e+25 
 159    3.9142882  2.37342e+25 
 160    4.0000000  2.17980e+25 
 161    4.0875886  1.98876e+25 
 162    4.1770951  1.79230e+25 
 163    4.2685616  1.59656e+25 
 164    4.3620309  1.40476e+25 
 165    4.4575470  1.20766e+25 
 166    4.5551545  1.03415e+25 
 167    4.6548994  8.71899e+24 
 168    4.7568285  7.12499e+24 
 169    4.8609894  5.78966e+24 
 170    4.9674312  4.64362e+24 
 171    5.0762038  3.64854e+24 
 172    5.1873582  2.81067e+24 
 173    5.3009466  2.13581e+24 
 174    5.4170222  1.60018e+24 
 175    5.5356395  1.19403e+24 
 176    5.6568542  8.76656e+23 
 177    5.7807232  6.40380e+23 
 178    5.9073046  4.73080e+23 
 179    6.0366577  3.40897e+23 
 180    6.1688433  2.46364e+23 
 181    6.3039234  1.76217e+23 
 182    6.4419613  1.23121e+23 
 183    6.5830219  8.22000e+22 
 184    6.7271713  5.63979e+22 
 185    6.8744772  3.68608e+22 
 186    7.0250086  2.13074e+22 
 187    7.1788363  1.12283e+22 
 188    7.3360323  4.28951e+21 
 189    7.4966705  6.53241e+20 


# J-band (filter: J_2MASS.dat)
   0    0.1250000  1.41913e+26 
   1    0.1277371  1.63999e+26 
   2    0.1305342  1.86568e+26 
   3    0.1333926  2.09631e+26 
   4    0.1363135  2.31035e+26 
   5    0.1392983  2.56032e+26 
   6    0.1423486  2.80131e+26 
   7    0.1454656  3.08808e+26 
   8    0.1486509  3.35485e+26 
   9    0.1519059  3.64759e+26 
  10    0.1552322  3.98937e+26 
  11    0.1586314  4.28808e+26 
  12    0.1621049  4.62801e+26 
  13    0.1656546  5.05436e+26 
  14    0.1692819  5.37376e+26 
  15    0.1729887  5.67189e+26 
  16    0.1767767  5.87618e+26 
  17    0.1806476  6.08295e+26 
  18    0.1846033  6.32108e+26 
  19    0.1886456  6.56158e+26 
  20    0.1927764  6.75507e+26 
  21    0.1969976  6.91561e+26 
  22    0.2013113  7.06336e+26 
  23    0.2057194  7.30226e+26 
  24    0.2102241  7.52163e+26 
  25    0.2148274  7.74519e+26 
  26    0.2195315  7.95832e+26 
  27    0.2243386  8.24538e+26 
  28    0.2292510  8.29853e+26 
  29    0.2342710  8.30489e+26 
  30    0.2394008  8.36157e+26 
  31    0.2446430  8.38131e+26 
  32    0.2500000  8.45386e+26 
  33    0.2554743  8.47723e+26 
  34    0.2610684  8.58658e+26 
  35    0.2667851  8.66117e+26 
  36    0.2726269  8.64366e+26 
  37    0.2785967  8.66462e+26 
  38    0.2846972  8.68738e+26 
  39    0.2909312  8.73818e+26 
  40    0.2973018  8.93756e+26 
  41    0.3038118  9.14836e+26 
  42    0.3104645  9.34503e+26 
  43    0.3172627  9.54216e+26 
  44    0.3242099  9.70580e+26 
  45    0.3313092  9.87809e+26 
  46    0.3385639  1.00461e+27 
  47    0.3459775  1.01739e+27 
  48    0.3535534  1.03028e+27 
  49    0.3612952  1.04303e+27 
  50    0.3692065  1.05246e+27 
  51    0.3772911  1.05944e+27 
  52    0.3855527  1.06772e+27 
  53    0.3939952  1.07272e+27 
  54    0.4026226  1.07634e+27 
  55    0.4114389  1.07799e+27 
  56    0.4204482  1.07960e+27 
  57    0.4296548  1.07867e+27 
  58    0.4390630  1.07597e+27 
  59    0.4486773  1.07324e+27 
  60    0.4585020  1.06855e+27 
  61    0.4685419  1.06297e+27 
  62    0.4788016  1.05710e+27 
  63    0.4892860  1.04954e+27 
  64    0.5000000  1.03965e+27 
  65    0.5109486  1.02902e+27 
  66    0.5221369  1.01751e+27 
  67    0.5335702  1.00561e+27 
  68    0.5452539  9.92951e+26 
  69    0.5571934  9.79131e+26 
  70    0.5693943  9.63866e+26 
  71    0.5818624  9.48502e+26 
  72    0.5946036  9.34131e+26 
  73    0.6076237  9.18135e+26 
  74    0.6209289  9.01945e+26 
  75    0.6345255  8.85936e+26 
  76    0.6484198  8.70793e+26 
  77    0.6626183  8.55593e+26 
  78    0.6771278  8.41230e+26 
  79    0.6919549  8.25424e+26 
  80    0.7071068  8.09816e+26 
  81    0.7225904  7.93981e+26 
  82    0.7384131  7.80292e+26 
  83    0.7545822  7.67526e+26 
  84    0.7711054  7.53571e+26 
  85    0.7879904  7.41634e+26 
  86    0.8052452  7.29044e+26 
  87    0.8228777  7.17726e+26 
  88    0.8408964  7.07301e+26 
  89    0.8593096  6.96048e+26 
  90    0.8781261  6.86159e+26 
  91    0.8973545  6.77611e+26 
  92    0.9170040  6.71175e+26 
  93    0.9370838  6.64574e+26 
  94    0.9576033  6.58911e+26 
  95    0.9785721  6.53522e+26 
  96    1.0000000  6.49915e+26 
  97    1.0218971  6.47397e+26 
  98    1.0442738  6.45544e+26 
  99    1.0671404  6.43186e+26 
 100    1.0905077  6.40638e+26 
 101    1.1143867  6.38926e+26 
 102    1.1387886  6.37767e+26 
 103    1.1637249  6.36764e+26 
 104    1.1892071  6.36168e+26 
 105    1.2152474  6.37582e+26 
 106    1.2418578  6.39164e+26 
 107    1.2690510  6.42773e+26 
 108    1.2968396  6.46412e+26 
 109    1.3252366  6.50919e+26 
 110    1.3542555  6.55857e+26 
 111    1.3839099  6.61727e+26 
 112    1.4142136  6.68943e+26 
 113    1.4451808  6.76517e+26 
 114    1.4768261  6.84551e+26 
 115    1.5091644  6.93130e+26 
 116    1.5422108  7.01556e+26 
 117    1.5759808  7.09672e+26 
 118    1.6104903  7.16976e+26 
 119    1.6457555  7.24124e+26 
 120    1.6817928  7.30686e+26 
 121    1.7186193  7.37133e+26 
 122    1.7562522  7.43372e+26 
 123    1.7947091  7.49524e+26 
 124    1.8340081  7.55509e+26 
 125    1.8741676  7.60992e+26 
 126    1.9152066  7.66667e+26 
 127    1.9571441  7.72532e+26 
 128    2.0000000  7.78377e+26 
 129    2.0437943  7.84476e+26 
 130    2.0885476  7.91334e+26 
 131    2.1342808  7.97963e+26 
 132    2.1810155  8.03306e+26 
 133    2.2287735  8.07212e+26 
 134    2.2775773  8.11369e+26 
 135    2.3274497  8.12680e+26 
 136    2.3784142  8.12398e+26 
 137    2.4304947  8.11549e+26 
 138    2.4837156  8.06780e+26 
 139    2.5381019  7.99461e+26 
 140    2.5936791  7.89421e+26 
 141    2.6504733  7.74406e+26 
 142    2.7085111  7.54339e+26 
 143    2.7678198  7.31483e+26 
 144    2.8284271  7.01506e+26 
 145    2.8903616  6.66564e+26 
 146    2.9536523  6.27235e+26 
 147    3.0183289  5.83642e+26 
 148    3.0844217  5.35992e+26 
 149    3.1519617  4.86190e+26 
 150    3.2209807  4.32417e+26 
 151    3.2915110  3.80461e+26 
 152    3.3635857  3.29550e+26 
 153    3.4372386  2.77137e+26 
 154    3.5125043  2.31462e+26 
 155    3.5894182  1.89270e+26 
 156    3.6680162  1.49434e+26 
 157    3.7483353  1.17184e+26 
 158    3.8304131  8.93567e+25 
 159    3.9142882  6.60971e+25 
 160    4.0000000  4.81456e+25 
 161    4.0875886  3.39311e+25 
 162    4.1770951  2.35980e+25 
 163    4.2685616  1.59322e+25 
 164    4.3620309  1.04553e+25 
 165    4.4575470  6.99119e+24 
 166    4.5551545  4.52516e+24 
 167    4.6548994  2.89785e+24 
 168    4.7568285  1.95996e+24 
 169    4.8609894  1.30312e+24 
 170    4.9674312  8.83693e+23 
 171    5.0762038  6.20158e+23 
 172    5.1873582  4.55717e+23 
 173    5.3009466  3.35458e+23 
 174    5.4170222  2.47758e+23 
 175    5.5356395  1.96374e+23 
 176    5.6568542  1.54390e+23 
 177    5.7807232  1.22543e+23 
 178    5.9073046  9.93615e+22 
 179    6.0366577  8.06295e+22 
 180    6.1688433  6.60362e+22 
 181    6.3039234  5.34570e+22 
 182    6.4419613  4.36986e+22 
 183    6.5830219  3.48489e+22 
 184    6.7271713  2.75467e+22 
 185    6.8744772  2.13425e+22 
 186    7.0250086  1.56607e+22 
 187    7.1788363  1.06714e+22 
 188    7.3360323  6.56877e+21 
 189    7.4966705  3.13380e+21 


# H-band (filter: H_2MASS.dat)
   0    0.1250000  1.95971e+26 
   1    0.1277371  2.28837e+26 
   2    0.1305342  2.62422e+26 
   3    0.1333926  2.96743e+26 
   4    0.1363135  3.37096e+26 
   5    0.1392983  3.78080e+26 
   6    0.1423486  4.23735e+26 
   7    0.1454656  4.74581e+26 
   8    0.1486509  5.23011e+26 
   9    0.1519059  5.78078e+26 
  10    0.1552322  6.32348e+26 
  11    0.1586314  6.89875e+26 
  12    0.1621049  7.48311e+26 
  13    0.1656546  8.01035e+26 
  14    0.1692819  8.50580e+26 
  15    0.1729887  8.96168e+26 
  16    0.1767767  9.37807e+26 
  17    0.1806476  9.80072e+26 
  18    0.1846033  1.01806e+27 
  19    0.1886456  1.05166e+27 
  20    0.1927764  1.08331e+27 
  21    0.1969976  1.10745e+27 
  22    0.2013113  1.12973e+27 
  23    0.2057194  1.14459e+27 
  24    0.2102241  1.16071e+27 
  25    0.2148274  1.16904e+27 
  26    0.2195315  1.17363e+27 
  27    0.2243386  1.18078e+27 
  28    0.2292510  1.17911e+27 
  29    0.2342710  1.17717e+27 
  30    0.2394008  1.16978e+27 
  31    0.2446430  1.16043e+27 
  32    0.2500000  1.15199e+27 
  33    0.2554743  1.13698e+27 
  34    0.2610684  1.12613e+27 
  35    0.2667851  1.11085e+27 
  36    0.2726269  1.09236e+27 
  37    0.2785967  1.07512e+27 
  38    0.2846972  1.05997e+27 
  39    0.2909312  1.03783e+27 
  40    0.2973018  1.01761e+27 
  41    0.3038118  9.94446e+26 
  42    0.3104645  9.73419e+26 
  43    0.3172627  9.54520e+26 
  44    0.3242099  9.31710e+26 
  45    0.3313092  9.07199e+26 
  46    0.3385639  8.80641e+26 
  47    0.3459775  8.54877e+26 
  48    0.3535534  8.32620e+26 
  49    0.3612952  8.08969e+26 
  50    0.3692065  7.84869e+26 
  51    0.3772911  7.61988e+26 
  52    0.3855527  7.39441e+26 
  53    0.3939952  7.18341e+26 
  54    0.4026226  6.95612e+26 
  55    0.4114389  6.70769e+26 
  56    0.4204482  6.48060e+26 
  57    0.4296548  6.29437e+26 
  58    0.4390630  6.11409e+26 
  59    0.4486773  5.92242e+26 
  60    0.4585020  5.73941e+26 
  61    0.4685419  5.57118e+26 
  62    0.4788016  5.40376e+26 
  63    0.4892860  5.24956e+26 
  64    0.5000000  5.09238e+26 
  65    0.5109486  4.95087e+26 
  66    0.5221369  4.82022e+26 
  67    0.5335702  4.69642e+26 
  68    0.5452539  4.57985e+26 
  69    0.5571934  4.45820e+26 
  70    0.5693943  4.34498e+26 
  71    0.5818624  4.25309e+26 
  72    0.5946036  4.16940e+26 
  73    0.6076237  4.07750e+26 
  74    0.6209289  3.98739e+26 
  75    0.6345255  3.90698e+26 
  76    0.6484198  3.84015e+26 
  77    0.6626183  3.77118e+26 
  78    0.6771278  3.71203e+26 
  79    0.6919549  3.65124e+26 
  80    0.7071068  3.60121e+26 
  81    0.7225904  3.55135e+26 
  82    0.7384131  3.50808e+26 
  83    0.7545822  3.46530e+26 
  84    0.7711054  3.42474e+26 
  85    0.7879904  3.38437e+26 
  86    0.8052452  3.34975e+26 
  87    0.8228777  3.32107e+26 
  88    0.8408964  3.28906e+26 
  89    0.8593096  3.26430e+26 
  90    0.8781261  3.24147e+26 
  91    0.8973545  3.21918e+26 
  92    0.9170040  3.20365e+26 
  93    0.9370838  3.18603e+26 
  94    0.9576033  3.18311e+26 
  95    0.9785721  3.17552e+26 
  96    1.0000000  3.17176e+26 
  97    1.0218971  3.17098e+26 
  98    1.0442738  3.16740e+26 
  99    1.0671404  3.17240e+26 
 100    1.0905077  3.16781e+26 
 101    1.1143867  3.17511e+26 
 102    1.1387886  3.17925e+26 
 103    1.1637249  3.18531e+26 
 104    1.1892071  3.19443e+26 
 105    1.2152474  3.20717e+26 
 106    1.2418578  3.22254e+26 
 107    1.2690510  3.24576e+26 
 108    1.2968396  3.26887e+26 
 109    1.3252366  3.30015e+26 
 110    1.3542555  3.34088e+26 
 111    1.3839099  3.37959e+26 
 112    1.4142136  3.42833e+26 
 113    1.4451808  3.47518e+26 
 114    1.4768261  3.53106e+26 
 115    1.5091644  3.58923e+26 
 116    1.5422108  3.65035e+26 
 117    1.5759808  3.70969e+26 
 118    1.6104903  3.76789e+26 
 119    1.6457555  3.82675e+26 
 120    1.6817928  3.88492e+26 
 121    1.7186193  3.94000e+26 
 122    1.7562522  3.98667e+26 
 123    1.7947091  4.02916e+26 
 124    1.8340081  4.07233e+26 
 125    1.8741676  4.10811e+26 
 126    1.9152066  4.13570e+26 
 127    1.9571441  4.15860e+26 
 128    2.0000000  4.17625e+26 
 129    2.0437943  4.19543e+26 
 130    2.0885476  4.20838e+26 
 131    2.1342808  4.21760e+26 
 132    2.1810155  4.22370e+26 
 133    2.2287735  4.22346e+26 
 134    2.2775773  4.21883e+26 
 135    2.3274497  4.21081e+26 
 136    2.3784142  4.19218e+26 
 137    2.4304947  4.17600e+26 
 138    2.4837156  4.15255e+26 
 139    2.5381019  4.12433e+26 
 140    2.5936791  4.09133e+26 
 141    2.6504733  4.05566e+26 
 142    2.7085111  4.01827e+26 
 143    2.7678198  3.97850e+26 
 144    2.8284271  3.94409e+26 
 145    2.8903616  3.91506e+26 
 146    2.9536523  3.89375e+26 
 147    3.0183289  3.87413e+26 
 148    3.0844217  3.86887e+26 
 149    3.1519617  3.86490e+26 
 150    3.2209807  3.86775e+26 
 151    3.2915110  3.85817e+26 
 152    3.3635857  3.81696e+26 
 153    3.4372386  3.76981e+26 
 154    3.5125043  3.64871e+26 
 155    3.5894182  3.49125e+26 
 156    3.6680162  3.31755e+26 
 157    3.7483353  3.08770e+26 
 158    3.8304131  2.83922e+26 
 159    3.9142882  2.55151e+26 
 160    4.0000000  2.26627e+26 
 161    4.0875886  1.97618e+26 
 162    4.1770951  1.65316e+26 
 163    4.2685616  1.37279e+26 
 164    4.3620309  1.11058e+26 
 165    4.4575470  8.63429e+25 
 166    4.5551545  6.68484e+25 
 167    4.6548994  5.03070e+25 
 168    4.7568285  3.66642e+25 
 169    4.8609894  2.63926e+25 
 170    4.9674312  1.84400e+25 
 171    5.0762038  1.24818e+25 
 172    5.1873582  8.56335e+24 
 173    5.3009466  5.62279e+24 
 174    5.4170222  3.62227e+24 
 175    5.5356395  2.44302e+24 
 176    5.6568542  1.57923e+24 
 177    5.7807232  1.01983e+24 
 178    5.9073046  6.98716e+23 
 179    6.0366577  4.67820e+23 
 180    6.1688433  3.20619e+23 
 181    6.3039234  2.23954e+23 
 182    6.4419613  1.54613e+23 
 183    6.5830219  1.04121e+23 
 184    6.7271713  7.32965e+22 
 185    6.8744772  4.98949e+22 
 186    7.0250086  3.09998e+22 
 187    7.1788363  1.90744e+22 
 188    7.3360323  9.60400e+21 
 189    7.4966705  3.68100e+21 


# K-band (filter: Ks_mosfire.dat)
   0    0.1250000  1.82047e+26 
   1    0.1277371  2.07759e+26 
   2    0.1305342  2.34035e+26 
   3    0.1333926  2.60885e+26 
   4    0.1363135  2.94937e+26 
   5    0.1392983  3.31154e+26 
   6    0.1423486  3.70421e+26 
   7    0.1454656  4.14914e+26 
   8    0.1486509  4.56267e+26 
   9    0.1519059  5.02027e+26 
  10    0.1552322  5.52768e+26 
  11    0.1586314  5.98026e+26 
  12    0.1621049  6.45359e+26 
  13    0.1656546  6.82667e+26 
  14    0.1692819  7.25493e+26 
  15    0.1729887  7.67759e+26 
  16    0.1767767  7.96613e+26 
  17    0.1806476  8.20079e+26 
  18    0.1846033  8.46387e+26 
  19    0.1886456  8.63318e+26 
  20    0.1927764  8.83071e+26 
  21    0.1969976  8.98509e+26 
  22    0.2013113  9.12915e+26 
  23    0.2057194  9.22815e+26 
  24    0.2102241  9.26862e+26 
  25    0.2148274  9.28899e+26 
  26    0.2195315  9.25764e+26 
  27    0.2243386  9.20738e+26 
  28    0.2292510  9.15666e+26 
  29    0.2342710  9.07124e+26 
  30    0.2394008  8.95372e+26 
  31    0.2446430  8.85915e+26 
  32    0.2500000  8.71357e+26 
  33    0.2554743  8.52647e+26 
  34    0.2610684  8.29910e+26 
  35    0.2667851  8.08851e+26 
  36    0.2726269  7.90016e+26 
  37    0.2785967  7.67827e+26 
  38    0.2846972  7.42086e+26 
  39    0.2909312  7.18072e+26 
  40    0.2973018  6.93068e+26 
  41    0.3038118  6.70208e+26 
  42    0.3104645  6.48180e+26 
  43    0.3172627  6.22699e+26 
  44    0.3242099  5.98866e+26 
  45    0.3313092  5.75738e+26 
  46    0.3385639  5.53134e+26 
  47    0.3459775  5.31356e+26 
  48    0.3535534  5.10274e+26 
  49    0.3612952  4.88895e+26 
  50    0.3692065  4.69068e+26 
  51    0.3772911  4.51033e+26 
  52    0.3855527  4.30483e+26 
  53    0.3939952  4.11511e+26 
  54    0.4026226  3.92208e+26 
  55    0.4114389  3.73757e+26 
  56    0.4204482  3.58023e+26 
  57    0.4296548  3.40164e+26 
  58    0.4390630  3.25678e+26 
  59    0.4486773  3.09901e+26 
  60    0.4585020  2.94645e+26 
  61    0.4685419  2.81784e+26 
  62    0.4788016  2.69272e+26 
  63    0.4892860  2.55968e+26 
  64    0.5000000  2.46151e+26 
  65    0.5109486  2.36503e+26 
  66    0.5221369  2.27022e+26 
  67    0.5335702  2.17822e+26 
  68    0.5452539  2.09636e+26 
  69    0.5571934  2.02185e+26 
  70    0.5693943  1.94173e+26 
  71    0.5818624  1.87448e+26 
  72    0.5946036  1.82164e+26 
  73    0.6076237  1.76340e+26 
  74    0.6209289  1.70662e+26 
  75    0.6345255  1.65866e+26 
  76    0.6484198  1.60778e+26 
  77    0.6626183  1.55282e+26 
  78    0.6771278  1.50980e+26 
  79    0.6919549  1.46419e+26 
  80    0.7071068  1.42911e+26 
  81    0.7225904  1.39037e+26 
  82    0.7384131  1.35336e+26 
  83    0.7545822  1.31198e+26 
  84    0.7711054  1.27449e+26 
  85    0.7879904  1.24115e+26 
  86    0.8052452  1.20632e+26 
  87    0.8228777  1.17114e+26 
  88    0.8408964  1.13908e+26 
  89    0.8593096  1.11434e+26 
  90    0.8781261  1.08489e+26 
  91    0.8973545  1.05937e+26 
  92    0.9170040  1.02457e+26 
  93    0.9370838  9.99732e+25 
  94    0.9576033  9.73260e+25 
  95    0.9785721  9.47623e+25 
  96    1.0000000  9.22494e+25 
  97    1.0218971  8.96198e+25 
  98    1.0442738  8.72109e+25 
  99    1.0671404  8.47008e+25 
 100    1.0905077  8.21532e+25 
 101    1.1143867  7.93025e+25 
 102    1.1387886  7.64742e+25 
 103    1.1637249  7.36444e+25 
 104    1.1892071  7.13791e+25 
 105    1.2152474  6.91912e+25 
 106    1.2418578  6.67922e+25 
 107    1.2690510  6.47711e+25 
 108    1.2968396  6.29120e+25 
 109    1.3252366  6.10889e+25 
 110    1.3542555  5.96035e+25 
 111    1.3839099  5.80368e+25 
 112    1.4142136  5.66473e+25 
 113    1.4451808  5.53797e+25 
 114    1.4768261  5.43840e+25 
 115    1.5091644  5.34940e+25 
 116    1.5422108  5.26062e+25 
 117    1.5759808  5.16677e+25 
 118    1.6104903  5.08846e+25 
 119    1.6457555  5.01950e+25 
 120    1.6817928  4.96211e+25 
 121    1.7186193  4.90920e+25 
 122    1.7562522  4.83594e+25 
 123    1.7947091  4.77933e+25 
 124    1.8340081  4.75957e+25 
 125    1.8741676  4.73082e+25 
 126    1.9152066  4.70206e+25 
 127    1.9571441  4.68099e+25 
 128    2.0000000  4.65781e+25 
 129    2.0437943  4.65145e+25 
 130    2.0885476  4.62554e+25 
 131    2.1342808  4.61359e+25 
 132    2.1810155  4.59762e+25 
 133    2.2287735  4.56155e+25 
 134    2.2775773  4.54420e+25 
 135    2.3274497  4.50399e+25 
 136    2.3784142  4.44537e+25 
 137    2.4304947  4.39316e+25 
 138    2.4837156  4.32961e+25 
 139    2.5381019  4.25230e+25 
 140    2.5936791  4.18104e+25 
 141    2.6504733  4.09627e+25 
 142    2.7085111  4.00773e+25 
 143    2.7678198  3.90471e+25 
 144    2.8284271  3.79822e+25 
 145    2.8903616  3.69260e+25 
 146    2.9536523  3.58043e+25 
 147    3.0183289  3.45962e+25 
 148    3.0844217  3.32147e+25 
 149    3.1519617  3.17732e+25 
 150    3.2209807  3.01930e+25 
 151    3.2915110  2.85368e+25 
 152    3.3635857  2.67621e+25 
 153    3.4372386  2.49357e+25 
 154    3.5125043  2.31447e+25 
 155    3.5894182  2.13697e+25 
 156    3.6680162  1.94943e+25 
 157    3.7483353  1.77628e+25 
 158    3.8304131  1.60821e+25 
 159    3.9142882  1.44408e+25 
 160    4.0000000  1.29337e+25 
 161    4.0875886  1.15158e+25 
 162    4.1770951  1.01927e+25 
 163    4.2685616  8.94304e+24 
 164    4.3620309  7.80848e+24 
 165    4.4575470  6.74429e+24 
 166    4.5551545  5.79503e+24 
 167    4.6548994  4.94141e+24 
 168    4.7568285  4.11645e+24 
 169    4.8609894  3.42457e+24 
 170    4.9674312  2.79093e+24 
 171    5.0762038  2.23813e+24 
 172    5.1873582  1.75588e+24 
 173    5.3009466  1.34959e+24 
 174    5.4170222  1.03067e+24 
 175    5.5356395  7.83159e+23 
 176    5.6568542  5.83707e+23 
 177    5.7807232  4.35298e+23 
 178    5.9073046  3.22571e+23 
 179    6.0366577  2.32277e+23 
 180    6.1688433  1.68705e+23 
 181    6.3039234  1.23623e+23 
 182    6.4419613  9.29030e+22 
 183    6.5830219  6.86607e+22 
 184    6.7271713  5.07625e+22 
 185    6.8744772  3.87323e+22 
 186    7.0250086  2.66945e+22 
 187    7.1788363  1.70050e+22 
 188    7.3360323  9.31880e+21 
 189    7.4966705  4.37214e+21 


# S-band (filter: Spitzer_IRAC2.dat)
   0    0.1250000  2.49402e+26 
   1    0.1277371  2.62497e+26 
   2    0.1305342  2.75879e+26 
   3    0.1333926  2.89554e+26 
   4    0.1363135  3.02882e+26 
   5    0.1392983  3.18244e+26 
   6    0.1423486  3.33797e+26 
   7    0.1454656  3.49934e+26 
   8    0.1486509  3.64876e+26 
   9    0.1519059  3.79147e+26 
  10    0.1552322  3.88271e+26 
  11    0.1586314  4.00073e+26 
  12    0.1621049  4.04050e+26 
  13    0.1656546  4.06208e+26 
  14    0.1692819  4.08843e+26 
  15    0.1729887  4.05773e+26 
  16    0.1767767  4.00736e+26 
  17    0.1806476  3.86867e+26 
  18    0.1846033  3.76678e+26 
  19    0.1886456  3.58332e+26 
  20    0.1927764  3.45325e+26 
  21    0.1969976  3.27998e+26 
  22    0.2013113  3.12111e+26 
  23    0.2057194  2.98432e+26 
  24    0.2102241  2.81656e+26 
  25    0.2148274  2.68137e+26 
  26    0.2195315  2.53418e+26 
  27    0.2243386  2.39378e+26 
  28    0.2292510  2.24140e+26 
  29    0.2342710  2.11242e+26 
  30    0.2394008  1.99563e+26 
  31    0.2446430  1.88984e+26 
  32    0.2500000  1.76316e+26 
  33    0.2554743  1.66004e+26 
  34    0.2610684  1.55720e+26 
  35    0.2667851  1.45310e+26 
  36    0.2726269  1.35567e+26 
  37    0.2785967  1.26127e+26 
  38    0.2846972  1.16301e+26 
  39    0.2909312  1.07137e+26 
  40    0.2973018  1.00468e+26 
  41    0.3038118  9.52295e+25 
  42    0.3104645  8.90249e+25 
  43    0.3172627  8.22591e+25 
  44    0.3242099  7.73828e+25 
  45    0.3313092  7.07042e+25 
  46    0.3385639  6.60568e+25 
  47    0.3459775  6.09684e+25 
  48    0.3535534  5.59304e+25 
  49    0.3612952  5.16310e+25 
  50    0.3692065  4.79548e+25 
  51    0.3772911  4.50975e+25 
  52    0.3855527  4.15557e+25 
  53    0.3939952  3.81620e+25 
  54    0.4026226  3.49988e+25 
  55    0.4114389  3.24633e+25 
  56    0.4204482  2.91829e+25 
  57    0.4296548  2.73762e+25 
  58    0.4390630  2.59435e+25 
  59    0.4486773  2.41398e+25 
  60    0.4585020  2.22458e+25 
  61    0.4685419  2.07885e+25 
  62    0.4788016  1.96183e+25 
  63    0.4892860  1.84316e+25 
  64    0.5000000  1.68693e+25 
  65    0.5109486  1.57665e+25 
  66    0.5221369  1.47368e+25 
  67    0.5335702  1.39371e+25 
  68    0.5452539  1.32216e+25 
  69    0.5571934  1.22505e+25 
  70    0.5693943  1.12601e+25 
  71    0.5818624  1.05878e+25 
  72    0.5946036  1.00794e+25 
  73    0.6076237  9.73451e+24 
  74    0.6209289  9.13066e+24 
  75    0.6345255  8.65583e+24 
  76    0.6484198  8.07540e+24 
  77    0.6626183  7.74503e+24 
  78    0.6771278  7.44129e+24 
  79    0.6919549  6.96382e+24 
  80    0.7071068  6.61374e+24 
  81    0.7225904  6.43086e+24 
  82    0.7384131  6.35244e+24 
  83    0.7545822  6.15111e+24 
  84    0.7711054  5.92878e+24 
  85    0.7879904  5.65297e+24 
  86    0.8052452  5.41661e+24 
  87    0.8228777  5.32682e+24 
  88    0.8408964  5.22735e+24 
  89    0.8593096  5.08127e+24 
  90    0.8781261  4.92245e+24 
  91    0.8973545  4.81924e+24 
  92    0.9170040  4.70862e+24 
  93    0.9370838  4.53098e+24 
  94    0.9576033  4.38281e+24 
  95    0.9785721  4.21469e+24 
  96    1.0000000  4.11529e+24 
  97    1.0218971  4.09391e+24 
  98    1.0442738  3.95570e+24 
  99    1.0671404  3.93479e+24 
 100    1.0905077  3.89438e+24 
 101    1.1143867  3.75796e+24 
 102    1.1387886  3.66959e+24 
 103    1.1637249  3.55923e+24 
 104    1.1892071  3.47485e+24 
 105    1.2152474  3.36880e+24 
 106    1.2418578  3.28634e+24 
 107    1.2690510  3.20342e+24 
 108    1.2968396  3.04005e+24 
 109    1.3252366  2.92002e+24 
 110    1.3542555  2.81017e+24 
 111    1.3839099  2.65879e+24 
 112    1.4142136  2.56316e+24 
 113    1.4451808  2.44985e+24 
 114    1.4768261  2.37295e+24 
 115    1.5091644  2.28423e+24 
 116    1.5422108  2.19976e+24 
 117    1.5759808  2.08936e+24 
 118    1.6104903  2.02399e+24 
 119    1.6457555  1.96703e+24 
 120    1.6817928  1.92976e+24 
 121    1.7186193  1.82282e+24 
 122    1.7562522  1.79314e+24 
 123    1.7947091  1.76386e+24 
 124    1.8340081  1.69469e+24 
 125    1.8741676  1.65678e+24 
 126    1.9152066  1.62603e+24 
 127    1.9571441  1.58826e+24 
 128    2.0000000  1.56207e+24 
 129    2.0437943  1.54005e+24 
 130    2.0885476  1.50204e+24 
 131    2.1342808  1.49018e+24 
 132    2.1810155  1.47085e+24 
 133    2.2287735  1.46706e+24 
 134    2.2775773  1.44339e+24 
 135    2.3274497  1.40355e+24 
 136    2.3784142  1.39907e+24 
 137    2.4304947  1.42194e+24 
 138    2.4837156  1.42016e+24 
 139    2.5381019  1.43298e+24 
 140    2.5936791  1.44745e+24 
 141    2.6504733  1.43248e+24 
 142    2.7085111  1.42706e+24 
 143    2.7678198  1.42973e+24 
 144    2.8284271  1.44462e+24 
 145    2.8903616  1.43383e+24 
 146    2.9536523  1.43774e+24 
 147    3.0183289  1.44543e+24 
 148    3.0844217  1.45065e+24 
 149    3.1519617  1.43094e+24 
 150    3.2209807  1.42332e+24 
 151    3.2915110  1.38771e+24 
 152    3.3635857  1.36024e+24 
 153    3.4372386  1.32368e+24 
 154    3.5125043  1.28470e+24 
 155    3.5894182  1.21983e+24 
 156    3.6680162  1.16209e+24 
 157    3.7483353  1.11976e+24 
 158    3.8304131  1.07553e+24 
 159    3.9142882  1.01245e+24 
 160    4.0000000  9.65570e+23 
 161    4.0875886  9.06197e+23 
 162    4.1770951  8.62736e+23 
 163    4.2685616  8.34220e+23 
 164    4.3620309  8.01534e+23 
 165    4.4575470  7.78563e+23 
 166    4.5551545  7.58839e+23 
 167    4.6548994  7.42847e+23 
 168    4.7568285  7.31522e+23 
 169    4.8609894  7.20966e+23 
 170    4.9674312  7.04208e+23 
 171    5.0762038  6.97097e+23 
 172    5.1873582  6.84345e+23 
 173    5.3009466  6.72421e+23 
 174    5.4170222  6.51680e+23 
 175    5.5356395  6.33510e+23 
 176    5.6568542  6.12398e+23 
 177    5.7807232  5.89019e+23 
 178    5.9073046  5.63801e+23 
 179    6.0366577  5.40198e+23 
 180    6.1688433  5.11698e+23 
 181    6.3039234  4.81669e+23 
 182    6.4419613  4.53441e+23 
 183    6.5830219  4.23335e+23 
 184    6.7271713  3.95067e+23 
 185    6.8744772  3.67667e+23 
 186    7.0250086  3.41013e+23 
 187    7.1788363  3.14516e+23 
 188    7.3360323  2.88390e+23 
 189    7.4966705  2.63511e+23 


