# 1:iteration 2:time bin[s] 3-k:equiv. isotropic luminosity in k-th angular bin [erg/s]
# bolometric luminosity going in angular bin
   0    0.1250000  1.85478e+41 
   1    0.1277371  1.86679e+41 
   2    0.1305342  1.87907e+41 
   3    0.1333926  1.89161e+41 
   4    0.1363135  1.90139e+41 
   5    0.1392983  1.90891e+41 
   6    0.1423486  1.91356e+41 
   7    0.1454656  1.91676e+41 
   8    0.1486509  1.91722e+41 
   9    0.1519059  1.91583e+41 
  10    0.1552322  1.91379e+41 
  11    0.1586314  1.91034e+41 
  12    0.1621049  1.90628e+41 
  13    0.1656546  1.90130e+41 
  14    0.1692819  1.89549e+41 
  15    0.1729887  1.88908e+41 
  16    0.1767767  1.88190e+41 
  17    0.1806476  1.87363e+41 
  18    0.1846033  1.86475e+41 
  19    0.1886456  1.85369e+41 
  20    0.1927764  1.84129e+41 
  21    0.1969976  1.82784e+41 
  22    0.2013113  1.81142e+41 
  23    0.2057194  1.79326e+41 
  24    0.2102241  1.77330e+41 
  25    0.2148274  1.75061e+41 
  26    0.2195315  1.72567e+41 
  27    0.2243386  1.69873e+41 
  28    0.2292510  1.66927e+41 
  29    0.2342710  1.63801e+41 
  30    0.2394008  1.60487e+41 
  31    0.2446430  1.57034e+41 
  32    0.2500000  1.53520e+41 
  33    0.2554743  1.49849e+41 
  34    0.2610684  1.46216e+41 
  35    0.2667851  1.42593e+41 
  36    0.2726269  1.38994e+41 
  37    0.2785967  1.35368e+41 
  38    0.2846972  1.31855e+41 
  39    0.2909312  1.28414e+41 
  40    0.2973018  1.25022e+41 
  41    0.3038118  1.21731e+41 
  42    0.3104645  1.18474e+41 
  43    0.3172627  1.15304e+41 
  44    0.3242099  1.12202e+41 
  45    0.3313092  1.09192e+41 
  46    0.3385639  1.06197e+41 
  47    0.3459775  1.03331e+41 
  48    0.3535534  1.00563e+41 
  49    0.3612952  9.78278e+40 
  50    0.3692065  9.52934e+40 
  51    0.3772911  9.28461e+40 
  52    0.3855527  9.04940e+40 
  53    0.3939952  8.84321e+40 
  54    0.4026226  8.66586e+40 
  55    0.4114389  8.49900e+40 
  56    0.4204482  8.36982e+40 
  57    0.4296548  8.25122e+40 
  58    0.4390630  8.14490e+40 
  59    0.4486773  8.04898e+40 
  60    0.4585020  7.94706e+40 
  61    0.4685419  7.85121e+40 
  62    0.4788016  7.76975e+40 
  63    0.4892860  7.69625e+40 
  64    0.5000000  7.62637e+40 
  65    0.5109486  7.55147e+40 
  66    0.5221369  7.48797e+40 
  67    0.5335702  7.42522e+40 
  68    0.5452539  7.35653e+40 
  69    0.5571934  7.29601e+40 
  70    0.5693943  7.23466e+40 
  71    0.5818624  7.19319e+40 
  72    0.5946036  7.16159e+40 
  73    0.6076237  7.14141e+40 
  74    0.6209289  7.12048e+40 
  75    0.6345255  7.10496e+40 
  76    0.6484198  7.09128e+40 
  77    0.6626183  7.08213e+40 
  78    0.6771278  7.06918e+40 
  79    0.6919549  7.05018e+40 
  80    0.7071068  7.03267e+40 
  81    0.7225904  7.01901e+40 
  82    0.7384131  7.00499e+40 
  83    0.7545822  6.98801e+40 
  84    0.7711054  6.96429e+40 
  85    0.7879904  6.94515e+40 
  86    0.8052452  6.92388e+40 
  87    0.8228777  6.89927e+40 
  88    0.8408964  6.87545e+40 
  89    0.8593096  6.84953e+40 
  90    0.8781261  6.83194e+40 
  91    0.8973545  6.82823e+40 
  92    0.9170040  6.83099e+40 
  93    0.9370838  6.83189e+40 
  94    0.9576033  6.84189e+40 
  95    0.9785721  6.85940e+40 
  96    1.0000000  6.88321e+40 
  97    1.0218971  6.91001e+40 
  98    1.0442738  6.93811e+40 
  99    1.0671404  6.97198e+40 
 100    1.0905077  6.99828e+40 
 101    1.1143867  7.01406e+40 
 102    1.1387886  6.98313e+40 
 103    1.1637249  6.95312e+40 
 104    1.1892071  6.90321e+40 
 105    1.2152474  6.86945e+40 
 106    1.2418578  6.82391e+40 
 107    1.2690510  6.80275e+40 
 108    1.2968396  6.78635e+40 
 109    1.3252366  6.75708e+40 
 110    1.3542555  6.75120e+40 
 111    1.3839099  6.74052e+40 
 112    1.4142136  6.74379e+40 
 113    1.4451808  6.74078e+40 
 114    1.4768261  6.76022e+40 
 115    1.5091644  6.79491e+40 
 116    1.5422108  6.81551e+40 
 117    1.5759808  6.82967e+40 
 118    1.6104903  6.83510e+40 
 119    1.6457555  6.82768e+40 
 120    1.6817928  6.81060e+40 
 121    1.7186193  6.78320e+40 
 122    1.7562522  6.75060e+40 
 123    1.7947091  6.71527e+40 
 124    1.8340081  6.67317e+40 
 125    1.8741676  6.62400e+40 
 126    1.9152066  6.55682e+40 
 127    1.9571441  6.46670e+40 
 128    2.0000000  6.36921e+40 
 129    2.0437943  6.23369e+40 
 130    2.0885476  6.07895e+40 
 131    2.1342808  5.91145e+40 
 132    2.1810155  5.71531e+40 
 133    2.2287735  5.50592e+40 
 134    2.2775773  5.26922e+40 
 135    2.3274497  5.02161e+40 
 136    2.3784142  4.75935e+40 
 137    2.4304947  4.47926e+40 
 138    2.4837156  4.19780e+40 
 139    2.5381019  3.91152e+40 
 140    2.5936791  3.62282e+40 
 141    2.6504733  3.33419e+40 
 142    2.7085111  3.04384e+40 
 143    2.7678198  2.75294e+40 
 144    2.8284271  2.46677e+40 
 145    2.8903616  2.18984e+40 
 146    2.9536523  1.92520e+40 
 147    3.0183289  1.66217e+40 
 148    3.0844217  1.42663e+40 
 149    3.1519617  1.20710e+40 
 150    3.2209807  9.96366e+39 
 151    3.2915110  8.17881e+39 
 152    3.3635857  6.58332e+39 
 153    3.4372386  5.17870e+39 
 154    3.5125043  4.04464e+39 
 155    3.5894182  3.10909e+39 
 156    3.6680162  2.36189e+39 
 157    3.7483353  1.78033e+39 
 158    3.8304131  1.32077e+39 
 159    3.9142882  9.82265e+38 
 160    4.0000000  7.24171e+38 
 161    4.0875886  5.33258e+38 
 162    4.1770951  4.03678e+38 
 163    4.2685616  3.07375e+38 
 164    4.3620309  2.38809e+38 
 165    4.4575470  1.92072e+38 
 166    4.5551545  1.56543e+38 
 167    4.6548994  1.30561e+38 
 168    4.7568285  1.11833e+38 
 169    4.8609894  9.71419e+37 
 170    4.9674312  8.56608e+37 
 171    5.0762038  7.62616e+37 
 172    5.1873582  6.87127e+37 
 173    5.3009466  6.22341e+37 
 174    5.4170222  5.67225e+37 
 175    5.5356395  5.19709e+37 
 176    5.6568542  4.78254e+37 
 177    5.7807232  4.41430e+37 
 178    5.9073046  4.08425e+37 
 179    6.0366577  3.78984e+37 
 180    6.1688433  3.52207e+37 
 181    6.3039234  3.27691e+37 
 182    6.4419613  3.05627e+37 
 183    6.5830219  2.85357e+37 
 184    6.7271713  2.66434e+37 
 185    6.8744772  2.49273e+37 
 186    7.0250086  2.32406e+37 
 187    7.1788363  2.16093e+37 
 188    7.3360323  2.00464e+37 
 189    7.4966705  1.85940e+37 


# g-band (filter: g_LSST.dat)
   0    0.1250000  3.71326e+26 
   1    0.1277371  3.72884e+26 
   2    0.1305342  3.74476e+26 
   3    0.1333926  3.76103e+26 
   4    0.1363135  3.77212e+26 
   5    0.1392983  3.77894e+26 
   6    0.1423486  3.77781e+26 
   7    0.1454656  3.77216e+26 
   8    0.1486509  3.76117e+26 
   9    0.1519059  3.74521e+26 
  10    0.1552322  3.72562e+26 
  11    0.1586314  3.70147e+26 
  12    0.1621049  3.67204e+26 
  13    0.1656546  3.63670e+26 
  14    0.1692819  3.59678e+26 
  15    0.1729887  3.55372e+26 
  16    0.1767767  3.50472e+26 
  17    0.1806476  3.45208e+26 
  18    0.1846033  3.39626e+26 
  19    0.1886456  3.33473e+26 
  20    0.1927764  3.26886e+26 
  21    0.1969976  3.19792e+26 
  22    0.2013113  3.12127e+26 
  23    0.2057194  3.03985e+26 
  24    0.2102241  2.95377e+26 
  25    0.2148274  2.86157e+26 
  26    0.2195315  2.76392e+26 
  27    0.2243386  2.66213e+26 
  28    0.2292510  2.55429e+26 
  29    0.2342710  2.44213e+26 
  30    0.2394008  2.32543e+26 
  31    0.2446430  2.20566e+26 
  32    0.2500000  2.08477e+26 
  33    0.2554743  1.96004e+26 
  34    0.2610684  1.83728e+26 
  35    0.2667851  1.71495e+26 
  36    0.2726269  1.59566e+26 
  37    0.2785967  1.47525e+26 
  38    0.2846972  1.36197e+26 
  39    0.2909312  1.25153e+26 
  40    0.2973018  1.14422e+26 
  41    0.3038118  1.04392e+26 
  42    0.3104645  9.48400e+25 
  43    0.3172627  8.56989e+25 
  44    0.3242099  7.72547e+25 
  45    0.3313092  6.93915e+25 
  46    0.3385639  6.18890e+25 
  47    0.3459775  5.51579e+25 
  48    0.3535534  4.89065e+25 
  49    0.3612952  4.30970e+25 
  50    0.3692065  3.80587e+25 
  51    0.3772911  3.35411e+25 
  52    0.3855527  2.93434e+25 
  53    0.3939952  2.57379e+25 
  54    0.4026226  2.25207e+25 
  55    0.4114389  1.96608e+25 
  56    0.4204482  1.71879e+25 
  57    0.4296548  1.49917e+25 
  58    0.4390630  1.31046e+25 
  59    0.4486773  1.14701e+25 
  60    0.4585020  1.00904e+25 
  61    0.4685419  8.85886e+24 
  62    0.4788016  7.74669e+24 
  63    0.4892860  6.80839e+24 
  64    0.5000000  5.99866e+24 
  65    0.5109486  5.30656e+24 
  66    0.5221369  4.73318e+24 
  67    0.5335702  4.23122e+24 
  68    0.5452539  3.82750e+24 
  69    0.5571934  3.48852e+24 
  70    0.5693943  3.18949e+24 
  71    0.5818624  2.93740e+24 
  72    0.5946036  2.72306e+24 
  73    0.6076237  2.53466e+24 
  74    0.6209289  2.36380e+24 
  75    0.6345255  2.21971e+24 
  76    0.6484198  2.08849e+24 
  77    0.6626183  1.96914e+24 
  78    0.6771278  1.85691e+24 
  79    0.6919549  1.76122e+24 
  80    0.7071068  1.67310e+24 
  81    0.7225904  1.59684e+24 
  82    0.7384131  1.52941e+24 
  83    0.7545822  1.46579e+24 
  84    0.7711054  1.40825e+24 
  85    0.7879904  1.35993e+24 
  86    0.8052452  1.31508e+24 
  87    0.8228777  1.27403e+24 
  88    0.8408964  1.24240e+24 
  89    0.8593096  1.21371e+24 
  90    0.8781261  1.19219e+24 
  91    0.8973545  1.17601e+24 
  92    0.9170040  1.16748e+24 
  93    0.9370838  1.16273e+24 
  94    0.9576033  1.16572e+24 
  95    0.9785721  1.18400e+24 
  96    1.0000000  1.20203e+24 
  97    1.0218971  1.23302e+24 
  98    1.0442738  1.27452e+24 
  99    1.0671404  1.32990e+24 
 100    1.0905077  1.40862e+24 
 101    1.1143867  1.49383e+24 
 102    1.1387886  1.60585e+24 
 103    1.1637249  1.73320e+24 
 104    1.1892071  1.89141e+24 
 105    1.2152474  2.06009e+24 
 106    1.2418578  2.24718e+24 
 107    1.2690510  2.43554e+24 
 108    1.2968396  2.63696e+24 
 109    1.3252366  2.85105e+24 
 110    1.3542555  3.06273e+24 
 111    1.3839099  3.26495e+24 
 112    1.4142136  3.47435e+24 
 113    1.4451808  3.69773e+24 
 114    1.4768261  3.92342e+24 
 115    1.5091644  4.14544e+24 
 116    1.5422108  4.38616e+24 
 117    1.5759808  4.65883e+24 
 118    1.6104903  4.94054e+24 
 119    1.6457555  5.26940e+24 
 120    1.6817928  5.58204e+24 
 121    1.7186193  5.89944e+24 
 122    1.7562522  6.19022e+24 
 123    1.7947091  6.44597e+24 
 124    1.8340081  6.62588e+24 
 125    1.8741676  6.78505e+24 
 126    1.9152066  6.73878e+24 
 127    1.9571441  6.57228e+24 
 128    2.0000000  6.33532e+24 
 129    2.0437943  5.94786e+24 
 130    2.0885476  5.50267e+24 
 131    2.1342808  4.94810e+24 
 132    2.1810155  4.41837e+24 
 133    2.2287735  3.88033e+24 
 134    2.2775773  3.25249e+24 
 135    2.3274497  2.71302e+24 
 136    2.3784142  2.19221e+24 
 137    2.4304947  1.71118e+24 
 138    2.4837156  1.32126e+24 
 139    2.5381019  1.00624e+24 
 140    2.5936791  7.63665e+23 
 141    2.6504733  5.75949e+23 
 142    2.7085111  4.33186e+23 
 143    2.7678198  3.24136e+23 
 144    2.8284271  2.40513e+23 
 145    2.8903616  1.75648e+23 
 146    2.9536523  1.25917e+23 
 147    3.0183289  9.22781e+22 
 148    3.0844217  6.56496e+22 
 149    3.1519617  4.58524e+22 
 150    3.2209807  3.34938e+22 
 151    3.2915110  2.37845e+22 
 152    3.3635857  1.71222e+22 
 153    3.4372386  1.25475e+22 
 154    3.5125043  8.90565e+21 
 155    3.5894182  6.43344e+21 
 156    3.6680162  4.73105e+21 
 157    3.7483353  3.48435e+21 
 158    3.8304131  2.58793e+21 
 159    3.9142882  1.96151e+21 
 160    4.0000000  1.47703e+21 
 161    4.0875886  1.09158e+21 
 162    4.1770951  8.39989e+20 
 163    4.2685616  6.34999e+20 
 164    4.3620309  4.85693e+20 
 165    4.4575470  3.70355e+20 
 166    4.5551545  2.82327e+20 
 167    4.6548994  2.15744e+20 
 168    4.7568285  1.60128e+20 
 169    4.8609894  1.21941e+20 
 170    4.9674312  9.19051e+19 
 171    5.0762038  6.92649e+19 
 172    5.1873582  5.16394e+19 
 173    5.3009466  3.70801e+19 
 174    5.4170222  2.71343e+19 
 175    5.5356395  2.00981e+19 
 176    5.6568542  1.44461e+19 
 177    5.7807232  9.89299e+18 
 178    5.9073046  7.24590e+18 
 179    6.0366577  5.10277e+18 
 180    6.1688433  3.63824e+18 
 181    6.3039234  2.57101e+18 
 182    6.4419613  1.82660e+18 
 183    6.5830219  1.20634e+18 
 184    6.7271713  8.76843e+17 
 185    6.8744772  6.34378e+17 
 186    7.0250086  3.87090e+17 
 187    7.1788363  2.19726e+17 
 188    7.3360323  1.01240e+17 
 189    7.4966705  2.42555e+16 


# r-band (filter: r_LSST.dat)
   0    0.1250000  3.78751e+26 
   1    0.1277371  3.84284e+26 
   2    0.1305342  3.89938e+26 
   3    0.1333926  3.95715e+26 
   4    0.1363135  4.00935e+26 
   5    0.1392983  4.06020e+26 
   6    0.1423486  4.10520e+26 
   7    0.1454656  4.14818e+26 
   8    0.1486509  4.18682e+26 
   9    0.1519059  4.22062e+26 
  10    0.1552322  4.24981e+26 
  11    0.1586314  4.27428e+26 
  12    0.1621049  4.29503e+26 
  13    0.1656546  4.30977e+26 
  14    0.1692819  4.32142e+26 
  15    0.1729887  4.32990e+26 
  16    0.1767767  4.33571e+26 
  17    0.1806476  4.33640e+26 
  18    0.1846033  4.33430e+26 
  19    0.1886456  4.32800e+26 
  20    0.1927764  4.31733e+26 
  21    0.1969976  4.30514e+26 
  22    0.2013113  4.28719e+26 
  23    0.2057194  4.26732e+26 
  24    0.2102241  4.24261e+26 
  25    0.2148274  4.21443e+26 
  26    0.2195315  4.18199e+26 
  27    0.2243386  4.14642e+26 
  28    0.2292510  4.10483e+26 
  29    0.2342710  4.05983e+26 
  30    0.2394008  4.01072e+26 
  31    0.2446430  3.95726e+26 
  32    0.2500000  3.89962e+26 
  33    0.2554743  3.83809e+26 
  34    0.2610684  3.77189e+26 
  35    0.2667851  3.70149e+26 
  36    0.2726269  3.62881e+26 
  37    0.2785967  3.55280e+26 
  38    0.2846972  3.47231e+26 
  39    0.2909312  3.38966e+26 
  40    0.2973018  3.30414e+26 
  41    0.3038118  3.21563e+26 
  42    0.3104645  3.12434e+26 
  43    0.3172627  3.03074e+26 
  44    0.3242099  2.93752e+26 
  45    0.3313092  2.84343e+26 
  46    0.3385639  2.74719e+26 
  47    0.3459775  2.65360e+26 
  48    0.3535534  2.56236e+26 
  49    0.3612952  2.46972e+26 
  50    0.3692065  2.38020e+26 
  51    0.3772911  2.29261e+26 
  52    0.3855527  2.20817e+26 
  53    0.3939952  2.13587e+26 
  54    0.4026226  2.07550e+26 
  55    0.4114389  2.01815e+26 
  56    0.4204482  1.97680e+26 
  57    0.4296548  1.93929e+26 
  58    0.4390630  1.90341e+26 
  59    0.4486773  1.86801e+26 
  60    0.4585020  1.82109e+26 
  61    0.4685419  1.77556e+26 
  62    0.4788016  1.73728e+26 
  63    0.4892860  1.69666e+26 
  64    0.5000000  1.66208e+26 
  65    0.5109486  1.62293e+26 
  66    0.5221369  1.59788e+26 
  67    0.5335702  1.57534e+26 
  68    0.5452539  1.54819e+26 
  69    0.5571934  1.52887e+26 
  70    0.5693943  1.50842e+26 
  71    0.5818624  1.50976e+26 
  72    0.5946036  1.51963e+26 
  73    0.6076237  1.53960e+26 
  74    0.6209289  1.56197e+26 
  75    0.6345255  1.58925e+26 
  76    0.6484198  1.61779e+26 
  77    0.6626183  1.64758e+26 
  78    0.6771278  1.67503e+26 
  79    0.6919549  1.69581e+26 
  80    0.7071068  1.71750e+26 
  81    0.7225904  1.74220e+26 
  82    0.7384131  1.76656e+26 
  83    0.7545822  1.78731e+26 
  84    0.7711054  1.80184e+26 
  85    0.7879904  1.81892e+26 
  86    0.8052452  1.83169e+26 
  87    0.8228777  1.84233e+26 
  88    0.8408964  1.84909e+26 
  89    0.8593096  1.85225e+26 
  90    0.8781261  1.86045e+26 
  91    0.8973545  1.87715e+26 
  92    0.9170040  1.89397e+26 
  93    0.9370838  1.90742e+26 
  94    0.9576033  1.92157e+26 
  95    0.9785721  1.93733e+26 
  96    1.0000000  1.95475e+26 
  97    1.0218971  1.97112e+26 
  98    1.0442738  1.99338e+26 
  99    1.0671404  2.02120e+26 
 100    1.0905077  2.05273e+26 
 101    1.1143867  2.07546e+26 
 102    1.1387886  2.04910e+26 
 103    1.1637249  2.02346e+26 
 104    1.1892071  1.96918e+26 
 105    1.2152474  1.92292e+26 
 106    1.2418578  1.86981e+26 
 107    1.2690510  1.82493e+26 
 108    1.2968396  1.78373e+26 
 109    1.3252366  1.72341e+26 
 110    1.3542555  1.67939e+26 
 111    1.3839099  1.62351e+26 
 112    1.4142136  1.57117e+26 
 113    1.4451808  1.51550e+26 
 114    1.4768261  1.48187e+26 
 115    1.5091644  1.46203e+26 
 116    1.5422108  1.43799e+26 
 117    1.5759808  1.41279e+26 
 118    1.6104903  1.38413e+26 
 119    1.6457555  1.35152e+26 
 120    1.6817928  1.31441e+26 
 121    1.7186193  1.27317e+26 
 122    1.7562522  1.23164e+26 
 123    1.7947091  1.19130e+26 
 124    1.8340081  1.14998e+26 
 125    1.8741676  1.10645e+26 
 126    1.9152066  1.05791e+26 
 127    1.9571441  1.00310e+26 
 128    2.0000000  9.47726e+25 
 129    2.0437943  8.83914e+25 
 130    2.0885476  8.18897e+25 
 131    2.1342808  7.52225e+25 
 132    2.1810155  6.86493e+25 
 133    2.2287735  6.22737e+25 
 134    2.2775773  5.52704e+25 
 135    2.3274497  4.88699e+25 
 136    2.3784142  4.24896e+25 
 137    2.4304947  3.62065e+25 
 138    2.4837156  3.06448e+25 
 139    2.5381019  2.56504e+25 
 140    2.5936791  2.12315e+25 
 141    2.6504733  1.75106e+25 
 142    2.7085111  1.42998e+25 
 143    2.7678198  1.14315e+25 
 144    2.8284271  9.12908e+24 
 145    2.8903616  7.16743e+24 
 146    2.9536523  5.50224e+24 
 147    3.0183289  4.15660e+24 
 148    3.0844217  3.08773e+24 
 149    3.1519617  2.24854e+24 
 150    3.2209807  1.64670e+24 
 151    3.2915110  1.18234e+24 
 152    3.3635857  8.36408e+23 
 153    3.4372386  6.04550e+23 
 154    3.5125043  4.30563e+23 
 155    3.5894182  3.06293e+23 
 156    3.6680162  2.23605e+23 
 157    3.7483353  1.61906e+23 
 158    3.8304131  1.17692e+23 
 159    3.9142882  8.79671e+22 
 160    4.0000000  6.51863e+22 
 161    4.0875886  4.88139e+22 
 162    4.1770951  3.76897e+22 
 163    4.2685616  2.89350e+22 
 164    4.3620309  2.26418e+22 
 165    4.4575470  1.78516e+22 
 166    4.5551545  1.41091e+22 
 167    4.6548994  1.11727e+22 
 168    4.7568285  8.85365e+21 
 169    4.8609894  7.02492e+21 
 170    4.9674312  5.57415e+21 
 171    5.0762038  4.38318e+21 
 172    5.1873582  3.45498e+21 
 173    5.3009466  2.71241e+21 
 174    5.4170222  2.11683e+21 
 175    5.5356395  1.64371e+21 
 176    5.6568542  1.27273e+21 
 177    5.7807232  9.72137e+20 
 178    5.9073046  7.40662e+20 
 179    6.0366577  5.59615e+20 
 180    6.1688433  4.19596e+20 
 181    6.3039234  3.13689e+20 
 182    6.4419613  2.32287e+20 
 183    6.5830219  1.69875e+20 
 184    6.7271713  1.25298e+20 
 185    6.8744772  9.09808e+19 
 186    7.0250086  6.13093e+19 
 187    7.1788363  3.91780e+19 
 188    7.3360323  2.17884e+19 
 189    7.4966705  1.04744e+19 


# i-band (filter: i_LSST.dat)
   0    0.1250000  2.45915e+26 
   1    0.1277371  2.50598e+26 
   2    0.1305342  2.55385e+26 
   3    0.1333926  2.60276e+26 
   4    0.1363135  2.65024e+26 
   5    0.1392983  2.69510e+26 
   6    0.1423486  2.74003e+26 
   7    0.1454656  2.78451e+26 
   8    0.1486509  2.82721e+26 
   9    0.1519059  2.86690e+26 
  10    0.1552322  2.90576e+26 
  11    0.1586314  2.94438e+26 
  12    0.1621049  2.98152e+26 
  13    0.1656546  3.01628e+26 
  14    0.1692819  3.04880e+26 
  15    0.1729887  3.07950e+26 
  16    0.1767767  3.10685e+26 
  17    0.1806476  3.13052e+26 
  18    0.1846033  3.15192e+26 
  19    0.1886456  3.16482e+26 
  20    0.1927764  3.17084e+26 
  21    0.1969976  3.17396e+26 
  22    0.2013113  3.16711e+26 
  23    0.2057194  3.15252e+26 
  24    0.2102241  3.13205e+26 
  25    0.2148274  3.10193e+26 
  26    0.2195315  3.06572e+26 
  27    0.2243386  3.02288e+26 
  28    0.2292510  2.97157e+26 
  29    0.2342710  2.91455e+26 
  30    0.2394008  2.85204e+26 
  31    0.2446430  2.78536e+26 
  32    0.2500000  2.71832e+26 
  33    0.2554743  2.64815e+26 
  34    0.2610684  2.57969e+26 
  35    0.2667851  2.51413e+26 
  36    0.2726269  2.44933e+26 
  37    0.2785967  2.38486e+26 
  38    0.2846972  2.32521e+26 
  39    0.2909312  2.26859e+26 
  40    0.2973018  2.21526e+26 
  41    0.3038118  2.16591e+26 
  42    0.3104645  2.11960e+26 
  43    0.3172627  2.07745e+26 
  44    0.3242099  2.03810e+26 
  45    0.3313092  2.00176e+26 
  46    0.3385639  1.96746e+26 
  47    0.3459775  1.93616e+26 
  48    0.3535534  1.90920e+26 
  49    0.3612952  1.88466e+26 
  50    0.3692065  1.86684e+26 
  51    0.3772911  1.85419e+26 
  52    0.3855527  1.84579e+26 
  53    0.3939952  1.84989e+26 
  54    0.4026226  1.86470e+26 
  55    0.4114389  1.88542e+26 
  56    0.4204482  1.92392e+26 
  57    0.4296548  1.96655e+26 
  58    0.4390630  2.01647e+26 
  59    0.4486773  2.07558e+26 
  60    0.4585020  2.13768e+26 
  61    0.4685419  2.19999e+26 
  62    0.4788016  2.26892e+26 
  63    0.4892860  2.33991e+26 
  64    0.5000000  2.40307e+26 
  65    0.5109486  2.46194e+26 
  66    0.5221369  2.50728e+26 
  67    0.5335702  2.54543e+26 
  68    0.5452539  2.57754e+26 
  69    0.5571934  2.60097e+26 
  70    0.5693943  2.61857e+26 
  71    0.5818624  2.62851e+26 
  72    0.5946036  2.63131e+26 
  73    0.6076237  2.63166e+26 
  74    0.6209289  2.62457e+26 
  75    0.6345255  2.61062e+26 
  76    0.6484198  2.59330e+26 
  77    0.6626183  2.57741e+26 
  78    0.6771278  2.55759e+26 
  79    0.6919549  2.53641e+26 
  80    0.7071068  2.51296e+26 
  81    0.7225904  2.48673e+26 
  82    0.7384131  2.45842e+26 
  83    0.7545822  2.42812e+26 
  84    0.7711054  2.39546e+26 
  85    0.7879904  2.35991e+26 
  86    0.8052452  2.32373e+26 
  87    0.8228777  2.28567e+26 
  88    0.8408964  2.24790e+26 
  89    0.8593096  2.20830e+26 
  90    0.8781261  2.16807e+26 
  91    0.8973545  2.12742e+26 
  92    0.9170040  2.08677e+26 
  93    0.9370838  2.04572e+26 
  94    0.9576033  2.00576e+26 
  95    0.9785721  1.96643e+26 
  96    1.0000000  1.92737e+26 
  97    1.0218971  1.88731e+26 
  98    1.0442738  1.83487e+26 
  99    1.0671404  1.77715e+26 
 100    1.0905077  1.69504e+26 
 101    1.1143867  1.60487e+26 
 102    1.1387886  1.51317e+26 
 103    1.1637249  1.41801e+26 
 104    1.1892071  1.33214e+26 
 105    1.2152474  1.25301e+26 
 106    1.2418578  1.16251e+26 
 107    1.2690510  1.09228e+26 
 108    1.2968396  1.02166e+26 
 109    1.3252366  9.56382e+25 
 110    1.3542555  9.02932e+25 
 111    1.3839099  8.61019e+25 
 112    1.4142136  8.35693e+25 
 113    1.4451808  8.14537e+25 
 114    1.4768261  7.99942e+25 
 115    1.5091644  7.88558e+25 
 116    1.5422108  7.76475e+25 
 117    1.5759808  7.64589e+25 
 118    1.6104903  7.52090e+25 
 119    1.6457555  7.39258e+25 
 120    1.6817928  7.26797e+25 
 121    1.7186193  7.13774e+25 
 122    1.7562522  7.02131e+25 
 123    1.7947091  6.90956e+25 
 124    1.8340081  6.80652e+25 
 125    1.8741676  6.70524e+25 
 126    1.9152066  6.60362e+25 
 127    1.9571441  6.48641e+25 
 128    2.0000000  6.37276e+25 
 129    2.0437943  6.23062e+25 
 130    2.0885476  6.08327e+25 
 131    2.1342808  5.93645e+25 
 132    2.1810155  5.78286e+25 
 133    2.2287735  5.63656e+25 
 134    2.2775773  5.47218e+25 
 135    2.3274497  5.32866e+25 
 136    2.3784142  5.17677e+25 
 137    2.4304947  5.01997e+25 
 138    2.4837156  4.85424e+25 
 139    2.5381019  4.66709e+25 
 140    2.5936791  4.48395e+25 
 141    2.6504733  4.24127e+25 
 142    2.7085111  3.96877e+25 
 143    2.7678198  3.68638e+25 
 144    2.8284271  3.35764e+25 
 145    2.8903616  3.02518e+25 
 146    2.9536523  2.69328e+25 
 147    3.0183289  2.32144e+25 
 148    3.0844217  1.99143e+25 
 149    3.1519617  1.66874e+25 
 150    3.2209807  1.34341e+25 
 151    3.2915110  1.07279e+25 
 152    3.3635857  8.30093e+24 
 153    3.4372386  6.28165e+24 
 154    3.5125043  4.67142e+24 
 155    3.5894182  3.41615e+24 
 156    3.6680162  2.50318e+24 
 157    3.7483353  1.80766e+24 
 158    3.8304131  1.28730e+24 
 159    3.9142882  9.29510e+23 
 160    4.0000000  6.62304e+23 
 161    4.0875886  4.71559e+23 
 162    4.1770951  3.44028e+23 
 163    4.2685616  2.49662e+23 
 164    4.3620309  1.83245e+23 
 165    4.4575470  1.36938e+23 
 166    4.5551545  1.02206e+23 
 167    4.6548994  7.72884e+22 
 168    4.7568285  5.94413e+22 
 169    4.8609894  4.56296e+22 
 170    4.9674312  3.54118e+22 
 171    5.0762038  2.77596e+22 
 172    5.1873582  2.19708e+22 
 173    5.3009466  1.73438e+22 
 174    5.4170222  1.36667e+22 
 175    5.5356395  1.08399e+22 
 176    5.6568542  8.58014e+21 
 177    5.7807232  6.74330e+21 
 178    5.9073046  5.30419e+21 
 179    6.0366577  4.14503e+21 
 180    6.1688433  3.21751e+21 
 181    6.3039234  2.47721e+21 
 182    6.4419613  1.90571e+21 
 183    6.5830219  1.44373e+21 
 184    6.7271713  1.09225e+21 
 185    6.8744772  8.20511e+20 
 186    7.0250086  5.82105e+20 
 187    7.1788363  3.90879e+20 
 188    7.3360323  2.34615e+20 
 189    7.4966705  1.25661e+20 


# z-band (filter: z_LSST.dat)
   0    0.1250000  1.99978e+26 
   1    0.1277371  2.04500e+26 
   2    0.1305342  2.09122e+26 
   3    0.1333926  2.13844e+26 
   4    0.1363135  2.18099e+26 
   5    0.1392983  2.22515e+26 
   6    0.1423486  2.26753e+26 
   7    0.1454656  2.30857e+26 
   8    0.1486509  2.34694e+26 
   9    0.1519059  2.38149e+26 
  10    0.1552322  2.41830e+26 
  11    0.1586314  2.45406e+26 
  12    0.1621049  2.48804e+26 
  13    0.1656546  2.51973e+26 
  14    0.1692819  2.54879e+26 
  15    0.1729887  2.57760e+26 
  16    0.1767767  2.60018e+26 
  17    0.1806476  2.61758e+26 
  18    0.1846033  2.63157e+26 
  19    0.1886456  2.63655e+26 
  20    0.1927764  2.63276e+26 
  21    0.1969976  2.62393e+26 
  22    0.2013113  2.59857e+26 
  23    0.2057194  2.56036e+26 
  24    0.2102241  2.51661e+26 
  25    0.2148274  2.45548e+26 
  26    0.2195315  2.38423e+26 
  27    0.2243386  2.30470e+26 
  28    0.2292510  2.21648e+26 
  29    0.2342710  2.12010e+26 
  30    0.2394008  2.01690e+26 
  31    0.2446430  1.91367e+26 
  32    0.2500000  1.80994e+26 
  33    0.2554743  1.70191e+26 
  34    0.2610684  1.60364e+26 
  35    0.2667851  1.51057e+26 
  36    0.2726269  1.42197e+26 
  37    0.2785967  1.33808e+26 
  38    0.2846972  1.26379e+26 
  39    0.2909312  1.19470e+26 
  40    0.2973018  1.13295e+26 
  41    0.3038118  1.07783e+26 
  42    0.3104645  1.02849e+26 
  43    0.3172627  9.84038e+25 
  44    0.3242099  9.44759e+25 
  45    0.3313092  9.08850e+25 
  46    0.3385639  8.75196e+25 
  47    0.3459775  8.44228e+25 
  48    0.3535534  8.15549e+25 
  49    0.3612952  7.88226e+25 
  50    0.3692065  7.63957e+25 
  51    0.3772911  7.41185e+25 
  52    0.3855527  7.19458e+25 
  53    0.3939952  7.00665e+25 
  54    0.4026226  6.83404e+25 
  55    0.4114389  6.67084e+25 
  56    0.4204482  6.53421e+25 
  57    0.4296548  6.41373e+25 
  58    0.4390630  6.30809e+25 
  59    0.4486773  6.22072e+25 
  60    0.4585020  6.15282e+25 
  61    0.4685419  6.10759e+25 
  62    0.4788016  6.07034e+25 
  63    0.4892860  6.05728e+25 
  64    0.5000000  6.06564e+25 
  65    0.5109486  6.08843e+25 
  66    0.5221369  6.13615e+25 
  67    0.5335702  6.19276e+25 
  68    0.5452539  6.27446e+25 
  69    0.5571934  6.38269e+25 
  70    0.5693943  6.50993e+25 
  71    0.5818624  6.65234e+25 
  72    0.5946036  6.80734e+25 
  73    0.6076237  6.98064e+25 
  74    0.6209289  7.16616e+25 
  75    0.6345255  7.35832e+25 
  76    0.6484198  7.55641e+25 
  77    0.6626183  7.76349e+25 
  78    0.6771278  7.96259e+25 
  79    0.6919549  8.16587e+25 
  80    0.7071068  8.36208e+25 
  81    0.7225904  8.55963e+25 
  82    0.7384131  8.74139e+25 
  83    0.7545822  8.90430e+25 
  84    0.7711054  9.06533e+25 
  85    0.7879904  9.20015e+25 
  86    0.8052452  9.32330e+25 
  87    0.8228777  9.42981e+25 
  88    0.8408964  9.50872e+25 
  89    0.8593096  9.57348e+25 
  90    0.8781261  9.61355e+25 
  91    0.8973545  9.64212e+25 
  92    0.9170040  9.65945e+25 
  93    0.9370838  9.65423e+25 
  94    0.9576033  9.64171e+25 
  95    0.9785721  9.62276e+25 
  96    1.0000000  9.59732e+25 
  97    1.0218971  9.54851e+25 
  98    1.0442738  9.43036e+25 
  99    1.0671404  9.28962e+25 
 100    1.0905077  9.05022e+25 
 101    1.1143867  8.77606e+25 
 102    1.1387886  8.51389e+25 
 103    1.1637249  8.22702e+25 
 104    1.1892071  7.97170e+25 
 105    1.2152474  7.73426e+25 
 106    1.2418578  7.45110e+25 
 107    1.2690510  7.23098e+25 
 108    1.2968396  6.99696e+25 
 109    1.3252366  6.79608e+25 
 110    1.3542555  6.62076e+25 
 111    1.3839099  6.48660e+25 
 112    1.4142136  6.39748e+25 
 113    1.4451808  6.31579e+25 
 114    1.4768261  6.24668e+25 
 115    1.5091644  6.17280e+25 
 116    1.5422108  6.10096e+25 
 117    1.5759808  6.03103e+25 
 118    1.6104903  5.95033e+25 
 119    1.6457555  5.87195e+25 
 120    1.6817928  5.79132e+25 
 121    1.7186193  5.70636e+25 
 122    1.7562522  5.62263e+25 
 123    1.7947091  5.53909e+25 
 124    1.8340081  5.45713e+25 
 125    1.8741676  5.37729e+25 
 126    1.9152066  5.27817e+25 
 127    1.9571441  5.15975e+25 
 128    2.0000000  5.03046e+25 
 129    2.0437943  4.85868e+25 
 130    2.0885476  4.67289e+25 
 131    2.1342808  4.47628e+25 
 132    2.1810155  4.26113e+25 
 133    2.2287735  4.04388e+25 
 134    2.2775773  3.80647e+25 
 135    2.3274497  3.58870e+25 
 136    2.3784142  3.37596e+25 
 137    2.4304947  3.15578e+25 
 138    2.4837156  2.96866e+25 
 139    2.5381019  2.79813e+25 
 140    2.5936791  2.64842e+25 
 141    2.6504733  2.52513e+25 
 142    2.7085111  2.40760e+25 
 143    2.7678198  2.30501e+25 
 144    2.8284271  2.18994e+25 
 145    2.8903616  2.07121e+25 
 146    2.9536523  1.94999e+25 
 147    3.0183289  1.82622e+25 
 148    3.0844217  1.68837e+25 
 149    3.1519617  1.54574e+25 
 150    3.2209807  1.38991e+25 
 151    3.2915110  1.23577e+25 
 152    3.3635857  1.08016e+25 
 153    3.4372386  9.15785e+24 
 154    3.5125043  7.71781e+24 
 155    3.5894182  6.38795e+24 
 156    3.6680162  5.14097e+24 
 157    3.7483353  4.12552e+24 
 158    3.8304131  3.23076e+24 
 159    3.9142882  2.47527e+24 
 160    4.0000000  1.87512e+24 
 161    4.0875886  1.39071e+24 
 162    4.1770951  1.02684e+24 
 163    4.2685616  7.56726e+23 
 164    4.3620309  5.54515e+23 
 165    4.4575470  4.11933e+23 
 166    4.5551545  3.03398e+23 
 167    4.6548994  2.23220e+23 
 168    4.7568285  1.65779e+23 
 169    4.8609894  1.22505e+23 
 170    4.9674312  9.16199e+22 
 171    5.0762038  6.87004e+22 
 172    5.1873582  5.28106e+22 
 173    5.3009466  3.99454e+22 
 174    5.4170222  3.07507e+22 
 175    5.5356395  2.37776e+22 
 176    5.6568542  1.84215e+22 
 177    5.7807232  1.42944e+22 
 178    5.9073046  1.10659e+22 
 179    6.0366577  8.54275e+21 
 180    6.1688433  6.61521e+21 
 181    6.3039234  5.07964e+21 
 182    6.4419613  3.88218e+21 
 183    6.5830219  2.95989e+21 
 184    6.7271713  2.26686e+21 
 185    6.8744772  1.71307e+21 
 186    7.0250086  1.23965e+21 
 187    7.1788363  8.47272e+20 
 188    7.3360323  5.30761e+20 
 189    7.4966705  3.02619e+20 


# y-band (filter: y_LSST.dat)
   0    0.1250000  1.70786e+26 
   1    0.1277371  1.74871e+26 
   2    0.1305342  1.79045e+26 
   3    0.1333926  1.83311e+26 
   4    0.1363135  1.87330e+26 
   5    0.1392983  1.91620e+26 
   6    0.1423486  1.95900e+26 
   7    0.1454656  2.00434e+26 
   8    0.1486509  2.05084e+26 
   9    0.1519059  2.09940e+26 
  10    0.1552322  2.14816e+26 
  11    0.1586314  2.19931e+26 
  12    0.1621049  2.25240e+26 
  13    0.1656546  2.30851e+26 
  14    0.1692819  2.36512e+26 
  15    0.1729887  2.42495e+26 
  16    0.1767767  2.48711e+26 
  17    0.1806476  2.54778e+26 
  18    0.1846033  2.60996e+26 
  19    0.1886456  2.66758e+26 
  20    0.1927764  2.72200e+26 
  21    0.1969976  2.77860e+26 
  22    0.2013113  2.82718e+26 
  23    0.2057194  2.86763e+26 
  24    0.2102241  2.90461e+26 
  25    0.2148274  2.92614e+26 
  26    0.2195315  2.93984e+26 
  27    0.2243386  2.94512e+26 
  28    0.2292510  2.93266e+26 
  29    0.2342710  2.90674e+26 
  30    0.2394008  2.87224e+26 
  31    0.2446430  2.82201e+26 
  32    0.2500000  2.76071e+26 
  33    0.2554743  2.68720e+26 
  34    0.2610684  2.60565e+26 
  35    0.2667851  2.51770e+26 
  36    0.2726269  2.42582e+26 
  37    0.2785967  2.32612e+26 
  38    0.2846972  2.22575e+26 
  39    0.2909312  2.12633e+26 
  40    0.2973018  2.02495e+26 
  41    0.3038118  1.93107e+26 
  42    0.3104645  1.83888e+26 
  43    0.3172627  1.74940e+26 
  44    0.3242099  1.66658e+26 
  45    0.3313092  1.58865e+26 
  46    0.3385639  1.51376e+26 
  47    0.3459775  1.44416e+26 
  48    0.3535534  1.37830e+26 
  49    0.3612952  1.31614e+26 
  50    0.3692065  1.26016e+26 
  51    0.3772911  1.20720e+26 
  52    0.3855527  1.15650e+26 
  53    0.3939952  1.10897e+26 
  54    0.4026226  1.06455e+26 
  55    0.4114389  1.02263e+26 
  56    0.4204482  9.84082e+25 
  57    0.4296548  9.47690e+25 
  58    0.4390630  9.14120e+25 
  59    0.4486773  8.82700e+25 
  60    0.4585020  8.54025e+25 
  61    0.4685419  8.27565e+25 
  62    0.4788016  8.01908e+25 
  63    0.4892860  7.79404e+25 
  64    0.5000000  7.58267e+25 
  65    0.5109486  7.38743e+25 
  66    0.5221369  7.21284e+25 
  67    0.5335702  7.04356e+25 
  68    0.5452539  6.88516e+25 
  69    0.5571934  6.72648e+25 
  70    0.5693943  6.58184e+25 
  71    0.5818624  6.44264e+25 
  72    0.5946036  6.31279e+25 
  73    0.6076237  6.19064e+25 
  74    0.6209289  6.07958e+25 
  75    0.6345255  5.97304e+25 
  76    0.6484198  5.87196e+25 
  77    0.6626183  5.78082e+25 
  78    0.6771278  5.70311e+25 
  79    0.6919549  5.63072e+25 
  80    0.7071068  5.58044e+25 
  81    0.7225904  5.53698e+25 
  82    0.7384131  5.50841e+25 
  83    0.7545822  5.49388e+25 
  84    0.7711054  5.49756e+25 
  85    0.7879904  5.51706e+25 
  86    0.8052452  5.55356e+25 
  87    0.8228777  5.60695e+25 
  88    0.8408964  5.68673e+25 
  89    0.8593096  5.79192e+25 
  90    0.8781261  5.90734e+25 
  91    0.8973545  6.05671e+25 
  92    0.9170040  6.21825e+25 
  93    0.9370838  6.40919e+25 
  94    0.9576033  6.62553e+25 
  95    0.9785721  6.86162e+25 
  96    1.0000000  7.11393e+25 
  97    1.0218971  7.38334e+25 
  98    1.0442738  7.66606e+25 
  99    1.0671404  7.96740e+25 
 100    1.0905077  8.28901e+25 
 101    1.1143867  8.61998e+25 
 102    1.1387886  8.97979e+25 
 103    1.1637249  9.34600e+25 
 104    1.1892071  9.71404e+25 
 105    1.2152474  1.00701e+26 
 106    1.2418578  1.04456e+26 
 107    1.2690510  1.07835e+26 
 108    1.2968396  1.11115e+26 
 109    1.3252366  1.14386e+26 
 110    1.3542555  1.17095e+26 
 111    1.3839099  1.19451e+26 
 112    1.4142136  1.21628e+26 
 113    1.4451808  1.23231e+26 
 114    1.4768261  1.24360e+26 
 115    1.5091644  1.25177e+26 
 116    1.5422108  1.25570e+26 
 117    1.5759808  1.25651e+26 
 118    1.6104903  1.25463e+26 
 119    1.6457555  1.25085e+26 
 120    1.6817928  1.24372e+26 
 121    1.7186193  1.23488e+26 
 122    1.7562522  1.22319e+26 
 123    1.7947091  1.20885e+26 
 124    1.8340081  1.19012e+26 
 125    1.8741676  1.16982e+26 
 126    1.9152066  1.14160e+26 
 127    1.9571441  1.10611e+26 
 128    2.0000000  1.06542e+26 
 129    2.0437943  1.01199e+26 
 130    2.0885476  9.49932e+25 
 131    2.1342808  8.82442e+25 
 132    2.1810155  8.07359e+25 
 133    2.2287735  7.30065e+25 
 134    2.2775773  6.45745e+25 
 135    2.3274497  5.66824e+25 
 136    2.3784142  4.89956e+25 
 137    2.4304947  4.09923e+25 
 138    2.4837156  3.41838e+25 
 139    2.5381019  2.79381e+25 
 140    2.5936791  2.22393e+25 
 141    2.6504733  1.76836e+25 
 142    2.7085111  1.38796e+25 
 143    2.7678198  1.08215e+25 
 144    2.8284271  8.52147e+24 
 145    2.8903616  6.75214e+24 
 146    2.9536523  5.42046e+24 
 147    3.0183289  4.52934e+24 
 148    3.0844217  3.84127e+24 
 149    3.1519617  3.33292e+24 
 150    3.2209807  3.00576e+24 
 151    3.2915110  2.72065e+24 
 152    3.3635857  2.49139e+24 
 153    3.4372386  2.30840e+24 
 154    3.5125043  2.12146e+24 
 155    3.5894182  1.94518e+24 
 156    3.6680162  1.75741e+24 
 157    3.7483353  1.57559e+24 
 158    3.8304131  1.39875e+24 
 159    3.9142882  1.21255e+24 
 160    4.0000000  1.04288e+24 
 161    4.0875886  8.84345e+23 
 162    4.1770951  7.33679e+23 
 163    4.2685616  6.07569e+23 
 164    4.3620309  4.95832e+23 
 165    4.4575470  3.96366e+23 
 166    4.5551545  3.18338e+23 
 167    4.6548994  2.51049e+23 
 168    4.7568285  1.96136e+23 
 169    4.8609894  1.53799e+23 
 170    4.9674312  1.19151e+23 
 171    5.0762038  9.19068e+22 
 172    5.1873582  7.15877e+22 
 173    5.3009466  5.56759e+22 
 174    5.4170222  4.29063e+22 
 175    5.5356395  3.32102e+22 
 176    5.6568542  2.56881e+22 
 177    5.7807232  1.98441e+22 
 178    5.9073046  1.53075e+22 
 179    6.0366577  1.17352e+22 
 180    6.1688433  9.05988e+21 
 181    6.3039234  6.97563e+21 
 182    6.4419613  5.32394e+21 
 183    6.5830219  4.04563e+21 
 184    6.7271713  3.08864e+21 
 185    6.8744772  2.36509e+21 
 186    7.0250086  1.72147e+21 
 187    7.1788363  1.20996e+21 
 188    7.3360323  7.88030e+20 
 189    7.4966705  4.83134e+20 


# J-band (filter: J_2MASS.dat)
   0    0.1250000  1.11550e+26 
   1    0.1277371  1.13717e+26 
   2    0.1305342  1.15930e+26 
   3    0.1333926  1.18193e+26 
   4    0.1363135  1.20351e+26 
   5    0.1392983  1.22089e+26 
   6    0.1423486  1.23848e+26 
   7    0.1454656  1.25668e+26 
   8    0.1486509  1.27186e+26 
   9    0.1519059  1.29002e+26 
  10    0.1552322  1.31068e+26 
  11    0.1586314  1.33480e+26 
  12    0.1621049  1.36388e+26 
  13    0.1656546  1.39917e+26 
  14    0.1692819  1.43943e+26 
  15    0.1729887  1.48222e+26 
  16    0.1767767  1.53109e+26 
  17    0.1806476  1.58438e+26 
  18    0.1846033  1.64236e+26 
  19    0.1886456  1.70573e+26 
  20    0.1927764  1.77174e+26 
  21    0.1969976  1.84147e+26 
  22    0.2013113  1.91262e+26 
  23    0.2057194  1.98879e+26 
  24    0.2102241  2.06946e+26 
  25    0.2148274  2.15486e+26 
  26    0.2195315  2.23956e+26 
  27    0.2243386  2.32733e+26 
  28    0.2292510  2.41822e+26 
  29    0.2342710  2.51248e+26 
  30    0.2394008  2.60751e+26 
  31    0.2446430  2.70516e+26 
  32    0.2500000  2.80459e+26 
  33    0.2554743  2.90598e+26 
  34    0.2610684  3.00589e+26 
  35    0.2667851  3.10522e+26 
  36    0.2726269  3.20108e+26 
  37    0.2785967  3.29895e+26 
  38    0.2846972  3.38992e+26 
  39    0.2909312  3.47711e+26 
  40    0.2973018  3.56159e+26 
  41    0.3038118  3.63364e+26 
  42    0.3104645  3.69728e+26 
  43    0.3172627  3.75597e+26 
  44    0.3242099  3.79966e+26 
  45    0.3313092  3.83724e+26 
  46    0.3385639  3.86531e+26 
  47    0.3459775  3.88193e+26 
  48    0.3535534  3.88913e+26 
  49    0.3612952  3.88857e+26 
  50    0.3692065  3.87854e+26 
  51    0.3772911  3.85797e+26 
  52    0.3855527  3.83250e+26 
  53    0.3939952  3.79610e+26 
  54    0.4026226  3.75433e+26 
  55    0.4114389  3.70724e+26 
  56    0.4204482  3.65357e+26 
  57    0.4296548  3.59194e+26 
  58    0.4390630  3.52751e+26 
  59    0.4486773  3.45787e+26 
  60    0.4585020  3.38808e+26 
  61    0.4685419  3.31647e+26 
  62    0.4788016  3.24129e+26 
  63    0.4892860  3.17085e+26 
  64    0.5000000  3.09989e+26 
  65    0.5109486  3.02976e+26 
  66    0.5221369  2.96547e+26 
  67    0.5335702  2.90269e+26 
  68    0.5452539  2.84286e+26 
  69    0.5571934  2.78886e+26 
  70    0.5693943  2.73904e+26 
  71    0.5818624  2.69200e+26 
  72    0.5946036  2.65081e+26 
  73    0.6076237  2.61387e+26 
  74    0.6209289  2.57832e+26 
  75    0.6345255  2.54867e+26 
  76    0.6484198  2.52172e+26 
  77    0.6626183  2.49851e+26 
  78    0.6771278  2.47841e+26 
  79    0.6919549  2.46199e+26 
  80    0.7071068  2.44726e+26 
  81    0.7225904  2.43714e+26 
  82    0.7384131  2.42930e+26 
  83    0.7545822  2.42267e+26 
  84    0.7711054  2.41753e+26 
  85    0.7879904  2.41471e+26 
  86    0.8052452  2.41559e+26 
  87    0.8228777  2.41825e+26 
  88    0.8408964  2.42635e+26 
  89    0.8593096  2.43606e+26 
  90    0.8781261  2.44889e+26 
  91    0.8973545  2.46394e+26 
  92    0.9170040  2.48556e+26 
  93    0.9370838  2.50861e+26 
  94    0.9576033  2.53789e+26 
  95    0.9785721  2.57136e+26 
  96    1.0000000  2.60939e+26 
  97    1.0218971  2.65046e+26 
  98    1.0442738  2.69392e+26 
  99    1.0671404  2.73949e+26 
 100    1.0905077  2.78823e+26 
 101    1.1143867  2.83904e+26 
 102    1.1387886  2.89566e+26 
 103    1.1637249  2.95418e+26 
 104    1.1892071  3.01684e+26 
 105    1.2152474  3.08131e+26 
 106    1.2418578  3.14704e+26 
 107    1.2690510  3.21430e+26 
 108    1.2968396  3.28060e+26 
 109    1.3252366  3.35056e+26 
 110    1.3542555  3.41980e+26 
 111    1.3839099  3.48844e+26 
 112    1.4142136  3.55668e+26 
 113    1.4451808  3.62034e+26 
 114    1.4768261  3.67882e+26 
 115    1.5091644  3.73595e+26 
 116    1.5422108  3.78351e+26 
 117    1.5759808  3.82623e+26 
 118    1.6104903  3.86545e+26 
 119    1.6457555  3.89593e+26 
 120    1.6817928  3.92531e+26 
 121    1.7186193  3.95030e+26 
 122    1.7562522  3.97291e+26 
 123    1.7947091  3.99585e+26 
 124    1.8340081  4.01839e+26 
 125    1.8741676  4.03872e+26 
 126    1.9152066  4.05903e+26 
 127    1.9571441  4.07432e+26 
 128    2.0000000  4.08860e+26 
 129    2.0437943  4.08826e+26 
 130    2.0885476  4.07674e+26 
 131    2.1342808  4.05999e+26 
 132    2.1810155  4.01200e+26 
 133    2.2287735  3.94453e+26 
 134    2.2775773  3.86287e+26 
 135    2.3274497  3.74142e+26 
 136    2.3784142  3.59315e+26 
 137    2.4304947  3.42118e+26 
 138    2.4837156  3.21332e+26 
 139    2.5381019  2.98257e+26 
 140    2.5936791  2.73038e+26 
 141    2.6504733  2.46484e+26 
 142    2.7085111  2.19403e+26 
 143    2.7678198  1.90879e+26 
 144    2.8284271  1.64450e+26 
 145    2.8903616  1.39266e+26 
 146    2.9536523  1.15661e+26 
 147    3.0183289  9.29020e+25 
 148    3.0844217  7.40159e+25 
 149    3.1519617  5.73956e+25 
 150    3.2209807  4.30666e+25 
 151    3.2915110  3.18028e+25 
 152    3.3635857  2.26481e+25 
 153    3.4372386  1.59079e+25 
 154    3.5125043  1.07948e+25 
 155    3.5894182  7.10989e+24 
 156    3.6680162  4.80814e+24 
 157    3.7483353  3.13326e+24 
 158    3.8304131  2.04360e+24 
 159    3.9142882  1.42326e+24 
 160    4.0000000  9.77849e+23 
 161    4.0875886  6.99439e+23 
 162    4.1770951  5.31574e+23 
 163    4.2685616  4.09483e+23 
 164    4.3620309  3.25259e+23 
 165    4.4575470  2.65609e+23 
 166    4.5551545  2.18548e+23 
 167    4.6548994  1.81787e+23 
 168    4.7568285  1.52853e+23 
 169    4.8609894  1.29768e+23 
 170    4.9674312  1.09850e+23 
 171    5.0762038  9.30680e+22 
 172    5.1873582  7.91195e+22 
 173    5.3009466  6.68619e+22 
 174    5.4170222  5.66295e+22 
 175    5.5356395  4.78081e+22 
 176    5.6568542  4.03565e+22 
 177    5.7807232  3.41051e+22 
 178    5.9073046  2.84404e+22 
 179    6.0366577  2.37235e+22 
 180    6.1688433  1.96652e+22 
 181    6.3039234  1.62553e+22 
 182    6.4419613  1.34272e+22 
 183    6.5830219  1.10174e+22 
 184    6.7271713  8.98596e+21 
 185    6.8744772  7.33031e+21 
 186    7.0250086  5.80373e+21 
 187    7.1788363  4.45882e+21 
 188    7.3360323  3.28440e+21 
 189    7.4966705  2.35060e+21 


# H-band (filter: H_2MASS.dat)
   0    0.1250000  1.01234e+26 
   1    0.1277371  1.00103e+26 
   2    0.1305342  9.89463e+25 
   3    0.1333926  9.77646e+25 
   4    0.1363135  9.62674e+25 
   5    0.1392983  9.41608e+25 
   6    0.1423486  9.18981e+25 
   7    0.1454656  8.93803e+25 
   8    0.1486509  8.64238e+25 
   9    0.1519059  8.39855e+25 
  10    0.1552322  8.19895e+25 
  11    0.1586314  7.98733e+25 
  12    0.1621049  7.84462e+25 
  13    0.1656546  7.76116e+25 
  14    0.1692819  7.74449e+25 
  15    0.1729887  7.76651e+25 
  16    0.1767767  7.83800e+25 
  17    0.1806476  7.97586e+25 
  18    0.1846033  8.16117e+25 
  19    0.1886456  8.38090e+25 
  20    0.1927764  8.62818e+25 
  21    0.1969976  8.90605e+25 
  22    0.2013113  9.23652e+25 
  23    0.2057194  9.60485e+25 
  24    0.2102241  9.97814e+25 
  25    0.2148274  1.04052e+26 
  26    0.2195315  1.08212e+26 
  27    0.2243386  1.12862e+26 
  28    0.2292510  1.17654e+26 
  29    0.2342710  1.22456e+26 
  30    0.2394008  1.27361e+26 
  31    0.2446430  1.32184e+26 
  32    0.2500000  1.37241e+26 
  33    0.2554743  1.42405e+26 
  34    0.2610684  1.47270e+26 
  35    0.2667851  1.52012e+26 
  36    0.2726269  1.56654e+26 
  37    0.2785967  1.61090e+26 
  38    0.2846972  1.65480e+26 
  39    0.2909312  1.69527e+26 
  40    0.2973018  1.73340e+26 
  41    0.3038118  1.76804e+26 
  42    0.3104645  1.79949e+26 
  43    0.3172627  1.82702e+26 
  44    0.3242099  1.84941e+26 
  45    0.3313092  1.86928e+26 
  46    0.3385639  1.88684e+26 
  47    0.3459775  1.90237e+26 
  48    0.3535534  1.91619e+26 
  49    0.3612952  1.92728e+26 
  50    0.3692065  1.93739e+26 
  51    0.3772911  1.94599e+26 
  52    0.3855527  1.95433e+26 
  53    0.3939952  1.96325e+26 
  54    0.4026226  1.97158e+26 
  55    0.4114389  1.98094e+26 
  56    0.4204482  1.99026e+26 
  57    0.4296548  1.99787e+26 
  58    0.4390630  2.00739e+26 
  59    0.4486773  2.01597e+26 
  60    0.4585020  2.02174e+26 
  61    0.4685419  2.02691e+26 
  62    0.4788016  2.03208e+26 
  63    0.4892860  2.03489e+26 
  64    0.5000000  2.03478e+26 
  65    0.5109486  2.03449e+26 
  66    0.5221369  2.03133e+26 
  67    0.5335702  2.02499e+26 
  68    0.5452539  2.01644e+26 
  69    0.5571934  2.00595e+26 
  70    0.5693943  1.99215e+26 
  71    0.5818624  1.97737e+26 
  72    0.5946036  1.96109e+26 
  73    0.6076237  1.94337e+26 
  74    0.6209289  1.92396e+26 
  75    0.6345255  1.90368e+26 
  76    0.6484198  1.88247e+26 
  77    0.6626183  1.86035e+26 
  78    0.6771278  1.83714e+26 
  79    0.6919549  1.81523e+26 
  80    0.7071068  1.79404e+26 
  81    0.7225904  1.77193e+26 
  82    0.7384131  1.75152e+26 
  83    0.7545822  1.73174e+26 
  84    0.7711054  1.71258e+26 
  85    0.7879904  1.69628e+26 
  86    0.8052452  1.67947e+26 
  87    0.8228777  1.66444e+26 
  88    0.8408964  1.65041e+26 
  89    0.8593096  1.63662e+26 
  90    0.8781261  1.62452e+26 
  91    0.8973545  1.61289e+26 
  92    0.9170040  1.60360e+26 
  93    0.9370838  1.59458e+26 
  94    0.9576033  1.58628e+26 
  95    0.9785721  1.58055e+26 
  96    1.0000000  1.57574e+26 
  97    1.0218971  1.57257e+26 
  98    1.0442738  1.57106e+26 
  99    1.0671404  1.57067e+26 
 100    1.0905077  1.57290e+26 
 101    1.1143867  1.57712e+26 
 102    1.1387886  1.58282e+26 
 103    1.1637249  1.59028e+26 
 104    1.1892071  1.59924e+26 
 105    1.2152474  1.61207e+26 
 106    1.2418578  1.62564e+26 
 107    1.2690510  1.64259e+26 
 108    1.2968396  1.65931e+26 
 109    1.3252366  1.67822e+26 
 110    1.3542555  1.70010e+26 
 111    1.3839099  1.72312e+26 
 112    1.4142136  1.74857e+26 
 113    1.4451808  1.77557e+26 
 114    1.4768261  1.80433e+26 
 115    1.5091644  1.83451e+26 
 116    1.5422108  1.86458e+26 
 117    1.5759808  1.89365e+26 
 118    1.6104903  1.92349e+26 
 119    1.6457555  1.94956e+26 
 120    1.6817928  1.97502e+26 
 121    1.7186193  1.99993e+26 
 122    1.7562522  2.02148e+26 
 123    1.7947091  2.04196e+26 
 124    1.8340081  2.05963e+26 
 125    1.8741676  2.07460e+26 
 126    1.9152066  2.08728e+26 
 127    1.9571441  2.09449e+26 
 128    2.0000000  2.09954e+26 
 129    2.0437943  2.09786e+26 
 130    2.0885476  2.09132e+26 
 131    2.1342808  2.08309e+26 
 132    2.1810155  2.06727e+26 
 133    2.2287735  2.04893e+26 
 134    2.2775773  2.02566e+26 
 135    2.3274497  1.99989e+26 
 136    2.3784142  1.97278e+26 
 137    2.4304947  1.94207e+26 
 138    2.4837156  1.91192e+26 
 139    2.5381019  1.88027e+26 
 140    2.5936791  1.84616e+26 
 141    2.6504733  1.80691e+26 
 142    2.7085111  1.75676e+26 
 143    2.7678198  1.70316e+26 
 144    2.8284271  1.62569e+26 
 145    2.8903616  1.53710e+26 
 146    2.9536523  1.44105e+26 
 147    3.0183289  1.33481e+26 
 148    3.0844217  1.21960e+26 
 149    3.1519617  1.09955e+26 
 150    3.2209807  9.65953e+25 
 151    3.2915110  8.40270e+25 
 152    3.3635857  7.16534e+25 
 153    3.4372386  5.89323e+25 
 154    3.5125043  4.81309e+25 
 155    3.5894182  3.84799e+25 
 156    3.6680162  2.97589e+25 
 157    3.7483353  2.28230e+25 
 158    3.8304131  1.69645e+25 
 159    3.9142882  1.23069e+25 
 160    4.0000000  8.73662e+24 
 161    4.0875886  6.01603e+24 
 162    4.1770951  4.18531e+24 
 163    4.2685616  2.84139e+24 
 164    4.3620309  1.91594e+24 
 165    4.4575470  1.33665e+24 
 166    4.5551545  9.13588e+23 
 167    4.6548994  6.35753e+23 
 168    4.7568285  4.63630e+23 
 169    4.8609894  3.38075e+23 
 170    4.9674312  2.52985e+23 
 171    5.0762038  1.88246e+23 
 172    5.1873582  1.43491e+23 
 173    5.3009466  1.08196e+23 
 174    5.4170222  8.18244e+22 
 175    5.5356395  6.27707e+22 
 176    5.6568542  4.81190e+22 
 177    5.7807232  3.70744e+22 
 178    5.9073046  2.91801e+22 
 179    6.0366577  2.28913e+22 
 180    6.1688433  1.81143e+22 
 181    6.3039234  1.47145e+22 
 182    6.4419613  1.19155e+22 
 183    6.5830219  9.81954e+21 
 184    6.7271713  8.11316e+21 
 185    6.8744772  6.70837e+21 
 186    7.0250086  5.41794e+21 
 187    7.1788363  4.26609e+21 
 188    7.3360323  3.22154e+21 
 189    7.4966705  2.37743e+21 


# K-band (filter: Ks_mosfire.dat)
   0    0.1250000  5.72191e+25 
   1    0.1277371  5.69593e+25 
   2    0.1305342  5.66937e+25 
   3    0.1333926  5.64224e+25 
   4    0.1363135  5.57249e+25 
   5    0.1392983  5.44361e+25 
   6    0.1423486  5.27173e+25 
   7    0.1454656  5.14329e+25 
   8    0.1486509  4.93002e+25 
   9    0.1519059  4.69115e+25 
  10    0.1552322  4.45541e+25 
  11    0.1586314  4.24592e+25 
  12    0.1621049  4.09526e+25 
  13    0.1656546  3.96835e+25 
  14    0.1692819  3.85657e+25 
  15    0.1729887  3.76682e+25 
  16    0.1767767  3.75765e+25 
  17    0.1806476  3.73781e+25 
  18    0.1846033  3.76375e+25 
  19    0.1886456  3.81028e+25 
  20    0.1927764  3.87203e+25 
  21    0.1969976  3.97603e+25 
  22    0.2013113  4.10804e+25 
  23    0.2057194  4.23701e+25 
  24    0.2102241  4.38097e+25 
  25    0.2148274  4.55515e+25 
  26    0.2195315  4.73333e+25 
  27    0.2243386  4.91755e+25 
  28    0.2292510  5.10849e+25 
  29    0.2342710  5.31777e+25 
  30    0.2394008  5.53941e+25 
  31    0.2446430  5.74150e+25 
  32    0.2500000  5.99219e+25 
  33    0.2554743  6.24082e+25 
  34    0.2610684  6.49329e+25 
  35    0.2667851  6.74766e+25 
  36    0.2726269  6.98963e+25 
  37    0.2785967  7.23834e+25 
  38    0.2846972  7.46602e+25 
  39    0.2909312  7.67857e+25 
  40    0.2973018  7.90260e+25 
  41    0.3038118  8.11592e+25 
  42    0.3104645  8.29097e+25 
  43    0.3172627  8.46323e+25 
  44    0.3242099  8.59935e+25 
  45    0.3313092  8.69742e+25 
  46    0.3385639  8.78883e+25 
  47    0.3459775  8.85098e+25 
  48    0.3535534  8.89706e+25 
  49    0.3612952  8.92136e+25 
  50    0.3692065  8.93767e+25 
  51    0.3772911  8.92448e+25 
  52    0.3855527  8.89454e+25 
  53    0.3939952  8.84242e+25 
  54    0.4026226  8.79876e+25 
  55    0.4114389  8.73546e+25 
  56    0.4204482  8.67292e+25 
  57    0.4296548  8.62173e+25 
  58    0.4390630  8.55735e+25 
  59    0.4486773  8.50841e+25 
  60    0.4585020  8.46825e+25 
  61    0.4685419  8.42601e+25 
  62    0.4788016  8.39307e+25 
  63    0.4892860  8.38764e+25 
  64    0.5000000  8.38889e+25 
  65    0.5109486  8.39241e+25 
  66    0.5221369  8.40544e+25 
  67    0.5335702  8.42706e+25 
  68    0.5452539  8.45592e+25 
  69    0.5571934  8.48342e+25 
  70    0.5693943  8.49591e+25 
  71    0.5818624  8.51522e+25 
  72    0.5946036  8.51131e+25 
  73    0.6076237  8.49382e+25 
  74    0.6209289  8.46612e+25 
  75    0.6345255  8.40190e+25 
  76    0.6484198  8.31778e+25 
  77    0.6626183  8.22213e+25 
  78    0.6771278  8.09532e+25 
  79    0.6919549  7.94532e+25 
  80    0.7071068  7.78630e+25 
  81    0.7225904  7.60314e+25 
  82    0.7384131  7.40210e+25 
  83    0.7545822  7.18988e+25 
  84    0.7711054  6.96543e+25 
  85    0.7879904  6.73678e+25 
  86    0.8052452  6.51158e+25 
  87    0.8228777  6.28106e+25 
  88    0.8408964  6.05454e+25 
  89    0.8593096  5.83727e+25 
  90    0.8781261  5.61819e+25 
  91    0.8973545  5.41388e+25 
  92    0.9170040  5.22042e+25 
  93    0.9370838  5.02986e+25 
  94    0.9576033  4.86490e+25 
  95    0.9785721  4.70390e+25 
  96    1.0000000  4.55345e+25 
  97    1.0218971  4.41935e+25 
  98    1.0442738  4.28989e+25 
  99    1.0671404  4.17149e+25 
 100    1.0905077  4.06084e+25 
 101    1.1143867  3.96056e+25 
 102    1.1387886  3.87475e+25 
 103    1.1637249  3.79428e+25 
 104    1.1892071  3.71728e+25 
 105    1.2152474  3.64292e+25 
 106    1.2418578  3.57761e+25 
 107    1.2690510  3.51572e+25 
 108    1.2968396  3.45589e+25 
 109    1.3252366  3.40282e+25 
 110    1.3542555  3.35037e+25 
 111    1.3839099  3.30277e+25 
 112    1.4142136  3.25190e+25 
 113    1.4451808  3.20465e+25 
 114    1.4768261  3.15397e+25 
 115    1.5091644  3.10317e+25 
 116    1.5422108  3.05283e+25 
 117    1.5759808  3.00545e+25 
 118    1.6104903  2.95247e+25 
 119    1.6457555  2.90256e+25 
 120    1.6817928  2.85079e+25 
 121    1.7186193  2.79797e+25 
 122    1.7562522  2.74787e+25 
 123    1.7947091  2.69389e+25 
 124    1.8340081  2.64316e+25 
 125    1.8741676  2.59520e+25 
 126    1.9152066  2.54511e+25 
 127    1.9571441  2.48808e+25 
 128    2.0000000  2.43386e+25 
 129    2.0437943  2.36798e+25 
 130    2.0885476  2.30103e+25 
 131    2.1342808  2.23290e+25 
 132    2.1810155  2.15804e+25 
 133    2.2287735  2.08316e+25 
 134    2.2775773  1.99937e+25 
 135    2.3274497  1.91125e+25 
 136    2.3784142  1.81881e+25 
 137    2.4304947  1.71728e+25 
 138    2.4837156  1.61459e+25 
 139    2.5381019  1.50817e+25 
 140    2.5936791  1.39903e+25 
 141    2.6504733  1.29060e+25 
 142    2.7085111  1.18030e+25 
 143    2.7678198  1.06631e+25 
 144    2.8284271  9.55730e+24 
 145    2.8903616  8.47860e+24 
 146    2.9536523  7.46741e+24 
 147    3.0183289  6.47359e+24 
 148    3.0844217  5.59185e+24 
 149    3.1519617  4.78599e+24 
 150    3.2209807  4.01885e+24 
 151    3.2915110  3.37228e+24 
 152    3.3635857  2.79886e+24 
 153    3.4372386  2.30336e+24 
 154    3.5125043  1.89111e+24 
 155    3.5894182  1.55412e+24 
 156    3.6680162  1.27820e+24 
 157    3.7483353  1.04837e+24 
 158    3.8304131  8.59710e+23 
 159    3.9142882  7.04209e+23 
 160    4.0000000  5.77492e+23 
 161    4.0875886  4.74517e+23 
 162    4.1770951  3.85850e+23 
 163    4.2685616  3.15210e+23 
 164    4.3620309  2.58093e+23 
 165    4.4575470  2.10639e+23 
 166    4.5551545  1.71906e+23 
 167    4.6548994  1.40795e+23 
 168    4.7568285  1.14992e+23 
 169    4.8609894  9.45667e+22 
 170    4.9674312  7.71003e+22 
 171    5.0762038  6.37767e+22 
 172    5.1873582  5.22320e+22 
 173    5.3009466  4.24432e+22 
 174    5.4170222  3.48649e+22 
 175    5.5356395  2.84535e+22 
 176    5.6568542  2.35080e+22 
 177    5.7807232  1.91489e+22 
 178    5.9073046  1.58601e+22 
 179    6.0366577  1.31579e+22 
 180    6.1688433  1.10567e+22 
 181    6.3039234  9.31556e+21 
 182    6.4419613  7.90449e+21 
 183    6.5830219  6.70997e+21 
 184    6.7271713  5.74851e+21 
 185    6.8744772  4.97385e+21 
 186    7.0250086  4.21957e+21 
 187    7.1788363  3.52816e+21 
 188    7.3360323  2.90215e+21 
 189    7.4966705  2.36931e+21 


# S-band (filter: Spitzer_IRAC2.dat)
   0    0.1250000  8.82537e+24 
   1    0.1277371  8.92255e+24 
   2    0.1305342  9.02186e+24 
   3    0.1333926  9.12334e+24 
   4    0.1363135  9.04857e+24 
   5    0.1392983  9.19470e+24 
   6    0.1423486  9.18182e+24 
   7    0.1454656  9.12285e+24 
   8    0.1486509  9.08374e+24 
   9    0.1519059  8.92528e+24 
  10    0.1552322  8.73762e+24 
  11    0.1586314  8.50563e+24 
  12    0.1621049  8.31178e+24 
  13    0.1656546  8.09692e+24 
  14    0.1692819  7.77324e+24 
  15    0.1729887  7.56251e+24 
  16    0.1767767  7.47103e+24 
  17    0.1806476  7.25557e+24 
  18    0.1846033  6.95229e+24 
  19    0.1886456  6.72242e+24 
  20    0.1927764  6.38003e+24 
  21    0.1969976  6.22985e+24 
  22    0.2013113  6.06872e+24 
  23    0.2057194  5.86364e+24 
  24    0.2102241  5.77594e+24 
  25    0.2148274  5.58656e+24 
  26    0.2195315  5.55374e+24 
  27    0.2243386  5.39860e+24 
  28    0.2292510  5.13782e+24 
  29    0.2342710  5.02404e+24 
  30    0.2394008  4.90572e+24 
  31    0.2446430  4.77484e+24 
  32    0.2500000  4.73760e+24 
  33    0.2554743  4.61311e+24 
  34    0.2610684  4.49007e+24 
  35    0.2667851  4.42134e+24 
  36    0.2726269  4.29058e+24 
  37    0.2785967  4.19797e+24 
  38    0.2846972  4.03861e+24 
  39    0.2909312  4.01298e+24 
  40    0.2973018  3.94652e+24 
  41    0.3038118  3.86422e+24 
  42    0.3104645  3.88876e+24 
  43    0.3172627  3.82137e+24 
  44    0.3242099  3.79469e+24 
  45    0.3313092  3.78935e+24 
  46    0.3385639  3.73791e+24 
  47    0.3459775  3.68472e+24 
  48    0.3535534  3.69423e+24 
  49    0.3612952  3.66753e+24 
  50    0.3692065  3.71301e+24 
  51    0.3772911  3.71078e+24 
  52    0.3855527  3.74030e+24 
  53    0.3939952  3.77755e+24 
  54    0.4026226  3.81536e+24 
  55    0.4114389  3.90749e+24 
  56    0.4204482  3.99757e+24 
  57    0.4296548  4.07312e+24 
  58    0.4390630  4.19153e+24 
  59    0.4486773  4.31009e+24 
  60    0.4585020  4.42468e+24 
  61    0.4685419  4.58482e+24 
  62    0.4788016  4.74022e+24 
  63    0.4892860  4.93338e+24 
  64    0.5000000  5.11716e+24 
  65    0.5109486  5.27724e+24 
  66    0.5221369  5.44073e+24 
  67    0.5335702  5.57802e+24 
  68    0.5452539  5.73694e+24 
  69    0.5571934  5.88686e+24 
  70    0.5693943  6.01299e+24 
  71    0.5818624  6.10444e+24 
  72    0.5946036  6.18478e+24 
  73    0.6076237  6.22574e+24 
  74    0.6209289  6.23816e+24 
  75    0.6345255  6.22724e+24 
  76    0.6484198  6.18668e+24 
  77    0.6626183  6.13651e+24 
  78    0.6771278  6.06145e+24 
  79    0.6919549  5.97234e+24 
  80    0.7071068  5.86035e+24 
  81    0.7225904  5.71962e+24 
  82    0.7384131  5.57356e+24 
  83    0.7545822  5.43727e+24 
  84    0.7711054  5.26592e+24 
  85    0.7879904  5.09535e+24 
  86    0.8052452  4.92975e+24 
  87    0.8228777  4.73107e+24 
  88    0.8408964  4.56796e+24 
  89    0.8593096  4.40149e+24 
  90    0.8781261  4.21875e+24 
  91    0.8973545  4.06671e+24 
  92    0.9170040  3.91307e+24 
  93    0.9370838  3.76888e+24 
  94    0.9576033  3.62850e+24 
  95    0.9785721  3.50120e+24 
  96    1.0000000  3.39943e+24 
  97    1.0218971  3.29348e+24 
  98    1.0442738  3.19421e+24 
  99    1.0671404  3.10025e+24 
 100    1.0905077  3.01542e+24 
 101    1.1143867  2.94045e+24 
 102    1.1387886  2.88617e+24 
 103    1.1637249  2.81365e+24 
 104    1.1892071  2.74439e+24 
 105    1.2152474  2.68847e+24 
 106    1.2418578  2.62236e+24 
 107    1.2690510  2.54555e+24 
 108    1.2968396  2.47819e+24 
 109    1.3252366  2.41214e+24 
 110    1.3542555  2.35579e+24 
 111    1.3839099  2.29654e+24 
 112    1.4142136  2.23806e+24 
 113    1.4451808  2.17089e+24 
 114    1.4768261  2.10253e+24 
 115    1.5091644  2.04530e+24 
 116    1.5422108  2.01019e+24 
 117    1.5759808  1.96421e+24 
 118    1.6104903  1.91905e+24 
 119    1.6457555  1.87776e+24 
 120    1.6817928  1.82929e+24 
 121    1.7186193  1.78773e+24 
 122    1.7562522  1.74112e+24 
 123    1.7947091  1.70790e+24 
 124    1.8340081  1.68153e+24 
 125    1.8741676  1.65249e+24 
 126    1.9152066  1.61784e+24 
 127    1.9571441  1.56968e+24 
 128    2.0000000  1.53680e+24 
 129    2.0437943  1.50685e+24 
 130    2.0885476  1.47736e+24 
 131    2.1342808  1.45418e+24 
 132    2.1810155  1.43625e+24 
 133    2.2287735  1.41666e+24 
 134    2.2775773  1.39980e+24 
 135    2.3274497  1.38502e+24 
 136    2.3784142  1.36450e+24 
 137    2.4304947  1.35151e+24 
 138    2.4837156  1.34233e+24 
 139    2.5381019  1.33302e+24 
 140    2.5936791  1.31782e+24 
 141    2.6504733  1.29557e+24 
 142    2.7085111  1.27702e+24 
 143    2.7678198  1.24973e+24 
 144    2.8284271  1.21178e+24 
 145    2.8903616  1.17794e+24 
 146    2.9536523  1.14149e+24 
 147    3.0183289  1.10244e+24 
 148    3.0844217  1.07106e+24 
 149    3.1519617  1.04009e+24 
 150    3.2209807  1.00526e+24 
 151    3.2915110  9.80564e+23 
 152    3.3635857  9.60059e+23 
 153    3.4372386  9.43454e+23 
 154    3.5125043  9.29644e+23 
 155    3.5894182  9.23258e+23 
 156    3.6680162  9.23013e+23 
 157    3.7483353  9.23526e+23 
 158    3.8304131  9.26779e+23 
 159    3.9142882  9.29077e+23 
 160    4.0000000  9.29909e+23 
 161    4.0875886  9.29511e+23 
 162    4.1770951  9.27866e+23 
 163    4.2685616  9.20641e+23 
 164    4.3620309  9.10944e+23 
 165    4.4575470  9.00561e+23 
 166    4.5551545  8.85584e+23 
 167    4.6548994  8.67289e+23 
 168    4.7568285  8.46627e+23 
 169    4.8609894  8.22829e+23 
 170    4.9674312  7.95787e+23 
 171    5.0762038  7.66644e+23 
 172    5.1873582  7.35595e+23 
 173    5.3009466  7.03808e+23 
 174    5.4170222  6.71024e+23 
 175    5.5356395  6.37330e+23 
 176    5.6568542  6.03258e+23 
 177    5.7807232  5.69590e+23 
 178    5.9073046  5.35815e+23 
 179    6.0366577  5.03778e+23 
 180    6.1688433  4.72455e+23 
 181    6.3039234  4.41660e+23 
 182    6.4419613  4.13302e+23 
 183    6.5830219  3.86225e+23 
 184    6.7271713  3.60113e+23 
 185    6.8744772  3.36054e+23 
 186    7.0250086  3.12292e+23 
 187    7.1788363  2.89065e+23 
 188    7.3360323  2.66754e+23 
 189    7.4966705  2.45824e+23 


