# 1:iteration 2:time bin[s] 3-k:AB magnitude for k-th angular bin
# g-band (filter: g_LSST.dat)
   0    0.1250000 -1.40319e+01 
   1    0.1277371 -1.40544e+01 
   2    0.1305342 -1.40774e+01 
   3    0.1333926 -1.41010e+01 
   4    0.1363135 -1.40889e+01 
   5    0.1392983 -1.41019e+01 
   6    0.1423486 -1.41091e+01 
   7    0.1454656 -1.41542e+01 
   8    0.1486509 -1.41580e+01 
   9    0.1519059 -1.41831e+01 
  10    0.1552322 -1.41687e+01 
  11    0.1586314 -1.41805e+01 
  12    0.1621049 -1.42267e+01 
  13    0.1656546 -1.42256e+01 
  14    0.1692819 -1.42111e+01 
  15    0.1729887 -1.42181e+01 
  16    0.1767767 -1.42515e+01 
  17    0.1806476 -1.42700e+01 
  18    0.1846033 -1.42943e+01 
  19    0.1886456 -1.43007e+01 
  20    0.1927764 -1.43387e+01 
  21    0.1969976 -1.43481e+01 
  22    0.2013113 -1.43974e+01 
  23    0.2057194 -1.43912e+01 
  24    0.2102241 -1.44053e+01 
  25    0.2148274 -1.44373e+01 
  26    0.2195315 -1.44759e+01 
  27    0.2243386 -1.44862e+01 
  28    0.2292510 -1.45208e+01 
  29    0.2342710 -1.45583e+01 
  30    0.2394008 -1.45691e+01 
  31    0.2446430 -1.46048e+01 
  32    0.2500000 -1.46197e+01 
  33    0.2554743 -1.46557e+01 
  34    0.2610684 -1.46722e+01 
  35    0.2667851 -1.47148e+01 
  36    0.2726269 -1.47192e+01 
  37    0.2785967 -1.47360e+01 
  38    0.2846972 -1.47175e+01 
  39    0.2909312 -1.47512e+01 
  40    0.2973018 -1.47276e+01 
  41    0.3038118 -1.47176e+01 
  42    0.3104645 -1.47454e+01 
  43    0.3172627 -1.47409e+01 
  44    0.3242099 -1.47759e+01 
  45    0.3313092 -1.48022e+01 
  46    0.3385639 -1.48117e+01 
  47    0.3459775 -1.48158e+01 
  48    0.3535534 -1.48371e+01 
  49    0.3612952 -1.48648e+01 
  50    0.3692065 -1.48897e+01 
  51    0.3772911 -1.49126e+01 
  52    0.3855527 -1.49448e+01 
  53    0.3939952 -1.49998e+01 
  54    0.4026226 -1.50537e+01 
  55    0.4114389 -1.51115e+01 
  56    0.4204482 -1.51791e+01 
  57    0.4296548 -1.52518e+01 
  58    0.4390630 -1.53443e+01 
  59    0.4486773 -1.54474e+01 
  60    0.4585020 -1.55626e+01 
  61    0.4685419 -1.56867e+01 
  62    0.4788016 -1.58380e+01 
  63    0.4892860 -1.59915e+01 
  64    0.5000000 -1.61382e+01 
  65    0.5109486 -1.62960e+01 
  66    0.5221369 -1.64348e+01 
  67    0.5335702 -1.65831e+01 
  68    0.5452539 -1.67269e+01 
  69    0.5571934 -1.68718e+01 
  70    0.5693943 -1.70152e+01 
  71    0.5818624 -1.71499e+01 
  72    0.5946036 -1.72790e+01 
  73    0.6076237 -1.74020e+01 
  74    0.6209289 -1.75139e+01 
  75    0.6345255 -1.76161e+01 
  76    0.6484198 -1.77197e+01 
  77    0.6626183 -1.78206e+01 
  78    0.6771278 -1.79163e+01 
  79    0.6919549 -1.80122e+01 
  80    0.7071068 -1.81043e+01 
  81    0.7225904 -1.81921e+01 
  82    0.7384131 -1.82764e+01 
  83    0.7545822 -1.83607e+01 
  84    0.7711054 -1.84450e+01 
  85    0.7879904 -1.85294e+01 
  86    0.8052452 -1.86180e+01 
  87    0.8228777 -1.87027e+01 
  88    0.8408964 -1.87873e+01 
  89    0.8593096 -1.88736e+01 
  90    0.8781261 -1.89600e+01 
  91    0.8973545 -1.90477e+01 
  92    0.9170040 -1.91382e+01 
  93    0.9370838 -1.92283e+01 
  94    0.9576033 -1.93190e+01 
  95    0.9785721 -1.94123e+01 
  96    1.0000000 -1.95047e+01 
  97    1.0218971 -1.95952e+01 
  98    1.0442738 -1.96831e+01 
  99    1.0671404 -1.97741e+01 
 100    1.0905077 -1.98532e+01 
 101    1.1143867 -1.99403e+01 
 102    1.1387886 -1.99845e+01 
 103    1.1637249 -2.00042e+01 
 104    1.1892071 -1.99798e+01 
 105    1.2152474 -1.99743e+01 
 106    1.2418578 -1.99610e+01 
 107    1.2690510 -1.99662e+01 
 108    1.2968396 -1.99790e+01 
 109    1.3252366 -1.99699e+01 
 110    1.3542555 -1.99865e+01 
 111    1.3839099 -2.00007e+01 
 112    1.4142136 -2.00196e+01 
 113    1.4451808 -2.00345e+01 
 114    1.4768261 -2.00693e+01 
 115    1.5091644 -2.01461e+01 
 116    1.5422108 -2.02228e+01 
 117    1.5759808 -2.02960e+01 
 118    1.6104903 -2.03657e+01 
 119    1.6457555 -2.04298e+01 
 120    1.6817928 -2.04913e+01 
 121    1.7186193 -2.05687e+01 
 122    1.7562522 -2.06731e+01 
 123    1.7947091 -2.07554e+01 
 124    1.8340081 -2.08108e+01 
 125    1.8741676 -2.08645e+01 
 126    1.9152066 -2.08819e+01 
 127    1.9571441 -2.08983e+01 
 128    2.0000000 -2.09175e+01 
 129    2.0437943 -2.09292e+01 
 130    2.0885476 -2.09433e+01 
 131    2.1342808 -2.09406e+01 
 132    2.1810155 -2.09514e+01 
 133    2.2287735 -2.09355e+01 
 134    2.2775773 -2.09122e+01 
 135    2.3274497 -2.08937e+01 
 136    2.3784142 -2.08830e+01 
 137    2.4304947 -2.08887e+01 
 138    2.4837156 -2.08971e+01 
 139    2.5381019 -2.08957e+01 
 140    2.5936791 -2.08905e+01 
 141    2.6504733 -2.08703e+01 
 142    2.7085111 -2.08453e+01 
 143    2.7678198 -2.08159e+01 
 144    2.8284271 -2.07751e+01 
 145    2.8903616 -2.07267e+01 
 146    2.9536523 -2.06689e+01 
 147    3.0183289 -2.05978e+01 
 148    3.0844217 -2.05104e+01 
 149    3.1519617 -2.03997e+01 
 150    3.2209807 -2.02760e+01 
 151    3.2915110 -2.01102e+01 
 152    3.3635857 -1.99002e+01 
 153    3.4372386 -1.96618e+01 
 154    3.5125043 -1.93162e+01 
 155    3.5894182 -1.88816e+01 
 156    3.6680162 -1.84110e+01 
 157    3.7483353 -1.78823e+01 
 158    3.8304131 -1.73829e+01 
 159    3.9142882 -1.68361e+01 
 160    4.0000000 -1.63616e+01 
 161    4.0875886 -1.59091e+01 
 162    4.1770951 -1.54093e+01 
 163    4.2685616 -1.49869e+01 
 164    4.3620309 -1.45992e+01 
 165    4.4575470 -1.42690e+01 
 166    4.5551545 -1.40109e+01 
 167    4.6548994 -1.38387e+01 
 168    4.7568285 -1.37310e+01 
 169    4.8609894 -1.36895e+01 
 170    4.9674312 -1.36832e+01 
 171    5.0762038 -1.37082e+01 
 172    5.1873582 -1.37647e+01 
 173    5.3009466 -1.38585e+01 
 174    5.4170222 -1.39828e+01 
 175    5.5356395 -1.41458e+01 
 176    5.6568542 -1.43115e+01 
 177    5.7807232 -1.44942e+01 
 178    5.9073046 -1.46924e+01 
 179    6.0366577 -1.48857e+01 
 180    6.1688433 -1.50814e+01 
 181    6.3039234 -1.52780e+01 
 182    6.4419613 -1.54608e+01 
 183    6.5830219 -1.56314e+01 
 184    6.7271713 -1.57953e+01 
 185    6.8744772 -1.59359e+01 
 186    7.0250086 -1.60784e+01 
 187    7.1788363 -1.62188e+01 
 188    7.3360323 -1.63516e+01 
 189    7.4966705 -1.64688e+01 


# r-band (filter: r_LSST.dat)
   0    0.1250000 -1.42156e+01 
   1    0.1277371 -1.42319e+01 
   2    0.1305342 -1.42486e+01 
   3    0.1333926 -1.42656e+01 
   4    0.1363135 -1.42911e+01 
   5    0.1392983 -1.42946e+01 
   6    0.1423486 -1.43212e+01 
   7    0.1454656 -1.42983e+01 
   8    0.1486509 -1.43133e+01 
   9    0.1519059 -1.43537e+01 
  10    0.1552322 -1.43837e+01 
  11    0.1586314 -1.44036e+01 
  12    0.1621049 -1.43859e+01 
  13    0.1656546 -1.44133e+01 
  14    0.1692819 -1.44511e+01 
  15    0.1729887 -1.44823e+01 
  16    0.1767767 -1.44866e+01 
  17    0.1806476 -1.45264e+01 
  18    0.1846033 -1.45709e+01 
  19    0.1886456 -1.46558e+01 
  20    0.1927764 -1.47389e+01 
  21    0.1969976 -1.47963e+01 
  22    0.2013113 -1.48490e+01 
  23    0.2057194 -1.49358e+01 
  24    0.2102241 -1.50648e+01 
  25    0.2148274 -1.52109e+01 
  26    0.2195315 -1.53360e+01 
  27    0.2243386 -1.54833e+01 
  28    0.2292510 -1.56294e+01 
  29    0.2342710 -1.57414e+01 
  30    0.2394008 -1.58669e+01 
  31    0.2446430 -1.59757e+01 
  32    0.2500000 -1.60729e+01 
  33    0.2554743 -1.61753e+01 
  34    0.2610684 -1.62082e+01 
  35    0.2667851 -1.61894e+01 
  36    0.2726269 -1.61229e+01 
  37    0.2785967 -1.60769e+01 
  38    0.2846972 -1.60708e+01 
  39    0.2909312 -1.61010e+01 
  40    0.2973018 -1.61105e+01 
  41    0.3038118 -1.61729e+01 
  42    0.3104645 -1.62418e+01 
  43    0.3172627 -1.63038e+01 
  44    0.3242099 -1.64008e+01 
  45    0.3313092 -1.65136e+01 
  46    0.3385639 -1.66991e+01 
  47    0.3459775 -1.68821e+01 
  48    0.3535534 -1.70937e+01 
  49    0.3612952 -1.72893e+01 
  50    0.3692065 -1.74910e+01 
  51    0.3772911 -1.76774e+01 
  52    0.3855527 -1.78503e+01 
  53    0.3939952 -1.79999e+01 
  54    0.4026226 -1.81331e+01 
  55    0.4114389 -1.82717e+01 
  56    0.4204482 -1.83749e+01 
  57    0.4296548 -1.84850e+01 
  58    0.4390630 -1.85826e+01 
  59    0.4486773 -1.86676e+01 
  60    0.4585020 -1.87527e+01 
  61    0.4685419 -1.88338e+01 
  62    0.4788016 -1.88911e+01 
  63    0.4892860 -1.89647e+01 
  64    0.5000000 -1.90437e+01 
  65    0.5109486 -1.91207e+01 
  66    0.5221369 -1.91975e+01 
  67    0.5335702 -1.92816e+01 
  68    0.5452539 -1.93756e+01 
  69    0.5571934 -1.94541e+01 
  70    0.5693943 -1.95078e+01 
  71    0.5818624 -1.95691e+01 
  72    0.5946036 -1.96312e+01 
  73    0.6076237 -1.97284e+01 
  74    0.6209289 -1.98117e+01 
  75    0.6345255 -1.98992e+01 
  76    0.6484198 -2.00001e+01 
  77    0.6626183 -2.01030e+01 
  78    0.6771278 -2.02136e+01 
  79    0.6919549 -2.03188e+01 
  80    0.7071068 -2.04129e+01 
  81    0.7225904 -2.05363e+01 
  82    0.7384131 -2.06596e+01 
  83    0.7545822 -2.07946e+01 
  84    0.7711054 -2.09175e+01 
  85    0.7879904 -2.10249e+01 
  86    0.8052452 -2.11309e+01 
  87    0.8228777 -2.12363e+01 
  88    0.8408964 -2.13362e+01 
  89    0.8593096 -2.14336e+01 
  90    0.8781261 -2.15314e+01 
  91    0.8973545 -2.16264e+01 
  92    0.9170040 -2.17188e+01 
  93    0.9370838 -2.18115e+01 
  94    0.9576033 -2.19028e+01 
  95    0.9785721 -2.19889e+01 
  96    1.0000000 -2.20741e+01 
  97    1.0218971 -2.21572e+01 
  98    1.0442738 -2.22365e+01 
  99    1.0671404 -2.23102e+01 
 100    1.0905077 -2.23561e+01 
 101    1.1143867 -2.23326e+01 
 102    1.1387886 -2.22508e+01 
 103    1.1637249 -2.21941e+01 
 104    1.1892071 -2.21565e+01 
 105    1.2152474 -2.21439e+01 
 106    1.2418578 -2.21007e+01 
 107    1.2690510 -2.21087e+01 
 108    1.2968396 -2.21176e+01 
 109    1.3252366 -2.21159e+01 
 110    1.3542555 -2.21344e+01 
 111    1.3839099 -2.21456e+01 
 112    1.4142136 -2.22079e+01 
 113    1.4451808 -2.22720e+01 
 114    1.4768261 -2.23829e+01 
 115    1.5091644 -2.24787e+01 
 116    1.5422108 -2.25485e+01 
 117    1.5759808 -2.25948e+01 
 118    1.6104903 -2.26285e+01 
 119    1.6457555 -2.26253e+01 
 120    1.6817928 -2.25874e+01 
 121    1.7186193 -2.25193e+01 
 122    1.7562522 -2.23517e+01 
 123    1.7947091 -2.21723e+01 
 124    1.8340081 -2.20077e+01 
 125    1.8741676 -2.18150e+01 
 126    1.9152066 -2.16533e+01 
 127    1.9571441 -2.14960e+01 
 128    2.0000000 -2.13118e+01 
 129    2.0437943 -2.11699e+01 
 130    2.0885476 -2.10269e+01 
 131    2.1342808 -2.09050e+01 
 132    2.1810155 -2.07953e+01 
 133    2.2287735 -2.07224e+01 
 134    2.2775773 -2.06927e+01 
 135    2.3274497 -2.06658e+01 
 136    2.3784142 -2.06378e+01 
 137    2.4304947 -2.06091e+01 
 138    2.4837156 -2.05743e+01 
 139    2.5381019 -2.05366e+01 
 140    2.5936791 -2.04974e+01 
 141    2.6504733 -2.04545e+01 
 142    2.7085111 -2.04074e+01 
 143    2.7678198 -2.03543e+01 
 144    2.8284271 -2.02908e+01 
 145    2.8903616 -2.02198e+01 
 146    2.9536523 -2.01390e+01 
 147    3.0183289 -2.00516e+01 
 148    3.0844217 -1.99426e+01 
 149    3.1519617 -1.98132e+01 
 150    3.2209807 -1.96684e+01 
 151    3.2915110 -1.94658e+01 
 152    3.3635857 -1.91941e+01 
 153    3.4372386 -1.88816e+01 
 154    3.5125043 -1.84132e+01 
 155    3.5894182 -1.78498e+01 
 156    3.6680162 -1.72504e+01 
 157    3.7483353 -1.66165e+01 
 158    3.8304131 -1.60460e+01 
 159    3.9142882 -1.54067e+01 
 160    4.0000000 -1.48981e+01 
 161    4.0875886 -1.44196e+01 
 162    4.1770951 -1.39212e+01 
 163    4.2685616 -1.35214e+01 
 164    4.3620309 -1.31659e+01 
 165    4.4575470 -1.29226e+01 
 166    4.5551545 -1.27430e+01 
 167    4.6548994 -1.26467e+01 
 168    4.7568285 -1.26190e+01 
 169    4.8609894 -1.25963e+01 
 170    4.9674312 -1.25785e+01 
 171    5.0762038 -1.25620e+01 
 172    5.1873582 -1.25612e+01 
 173    5.3009466 -1.25328e+01 
 174    5.4170222 -1.25129e+01 
 175    5.5356395 -1.24913e+01 
 176    5.6568542 -1.24820e+01 
 177    5.7807232 -1.24902e+01 
 178    5.9073046 -1.24946e+01 
 179    6.0366577 -1.25418e+01 
 180    6.1688433 -1.26309e+01 
 181    6.3039234 -1.27274e+01 
 182    6.4419613 -1.28808e+01 
 183    6.5830219 -1.30475e+01 
 184    6.7271713 -1.32414e+01 
 185    6.8744772 -1.34554e+01 
 186    7.0250086 -1.36828e+01 
 187    7.1788363 -1.39501e+01 
 188    7.3360323 -1.42343e+01 
 189    7.4966705 -1.45333e+01 


# i-band (filter: i_LSST.dat)
   0    0.1250000 -1.37858e+01 
   1    0.1277371 -1.38266e+01 
   2    0.1305342 -1.38683e+01 
   3    0.1333926 -1.39110e+01 
   4    0.1363135 -1.39992e+01 
   5    0.1392983 -1.40282e+01 
   6    0.1423486 -1.40729e+01 
   7    0.1454656 -1.41921e+01 
   8    0.1486509 -1.43169e+01 
   9    0.1519059 -1.44378e+01 
  10    0.1552322 -1.45718e+01 
  11    0.1586314 -1.47045e+01 
  12    0.1621049 -1.48035e+01 
  13    0.1656546 -1.50286e+01 
  14    0.1692819 -1.52760e+01 
  15    0.1729887 -1.55160e+01 
  16    0.1767767 -1.57428e+01 
  17    0.1806476 -1.59785e+01 
  18    0.1846033 -1.62099e+01 
  19    0.1886456 -1.63806e+01 
  20    0.1927764 -1.65707e+01 
  21    0.1969976 -1.67749e+01 
  22    0.2013113 -1.69294e+01 
  23    0.2057194 -1.70851e+01 
  24    0.2102241 -1.71821e+01 
  25    0.2148274 -1.71890e+01 
  26    0.2195315 -1.71823e+01 
  27    0.2243386 -1.71875e+01 
  28    0.2292510 -1.71811e+01 
  29    0.2342710 -1.71724e+01 
  30    0.2394008 -1.71349e+01 
  31    0.2446430 -1.70969e+01 
  32    0.2500000 -1.70163e+01 
  33    0.2554743 -1.69340e+01 
  34    0.2610684 -1.67512e+01 
  35    0.2667851 -1.65633e+01 
  36    0.2726269 -1.64376e+01 
  37    0.2785967 -1.62922e+01 
  38    0.2846972 -1.61951e+01 
  39    0.2909312 -1.61114e+01 
  40    0.2973018 -1.60159e+01 
  41    0.3038118 -1.59601e+01 
  42    0.3104645 -1.59403e+01 
  43    0.3172627 -1.59240e+01 
  44    0.3242099 -1.59586e+01 
  45    0.3313092 -1.60150e+01 
  46    0.3385639 -1.61434e+01 
  47    0.3459775 -1.62759e+01 
  48    0.3535534 -1.64186e+01 
  49    0.3612952 -1.65713e+01 
  50    0.3692065 -1.67376e+01 
  51    0.3772911 -1.69042e+01 
  52    0.3855527 -1.70663e+01 
  53    0.3939952 -1.72365e+01 
  54    0.4026226 -1.74060e+01 
  55    0.4114389 -1.75832e+01 
  56    0.4204482 -1.77549e+01 
  57    0.4296548 -1.79253e+01 
  58    0.4390630 -1.81074e+01 
  59    0.4486773 -1.82895e+01 
  60    0.4585020 -1.84684e+01 
  61    0.4685419 -1.86434e+01 
  62    0.4788016 -1.88140e+01 
  63    0.4892860 -1.89780e+01 
  64    0.5000000 -1.91463e+01 
  65    0.5109486 -1.93115e+01 
  66    0.5221369 -1.94651e+01 
  67    0.5335702 -1.96127e+01 
  68    0.5452539 -1.97630e+01 
  69    0.5571934 -1.99021e+01 
  70    0.5693943 -2.00353e+01 
  71    0.5818624 -2.01654e+01 
  72    0.5946036 -2.02866e+01 
  73    0.6076237 -2.04022e+01 
  74    0.6209289 -2.05137e+01 
  75    0.6345255 -2.06151e+01 
  76    0.6484198 -2.07118e+01 
  77    0.6626183 -2.08047e+01 
  78    0.6771278 -2.08910e+01 
  79    0.6919549 -2.09719e+01 
  80    0.7071068 -2.10473e+01 
  81    0.7225904 -2.11198e+01 
  82    0.7384131 -2.11857e+01 
  83    0.7545822 -2.12448e+01 
  84    0.7711054 -2.13020e+01 
  85    0.7879904 -2.13529e+01 
  86    0.8052452 -2.14002e+01 
  87    0.8228777 -2.14438e+01 
  88    0.8408964 -2.14817e+01 
  89    0.8593096 -2.15156e+01 
  90    0.8781261 -2.15465e+01 
  91    0.8973545 -2.15719e+01 
  92    0.9170040 -2.15938e+01 
  93    0.9370838 -2.16144e+01 
  94    0.9576033 -2.16286e+01 
  95    0.9785721 -2.16412e+01 
  96    1.0000000 -2.16505e+01 
  97    1.0218971 -2.16564e+01 
  98    1.0442738 -2.16584e+01 
  99    1.0671404 -2.16582e+01 
 100    1.0905077 -2.16529e+01 
 101    1.1143867 -2.16411e+01 
 102    1.1387886 -2.16170e+01 
 103    1.1637249 -2.15911e+01 
 104    1.1892071 -2.15599e+01 
 105    1.2152474 -2.15293e+01 
 106    1.2418578 -2.14951e+01 
 107    1.2690510 -2.14641e+01 
 108    1.2968396 -2.14334e+01 
 109    1.3252366 -2.13964e+01 
 110    1.3542555 -2.13630e+01 
 111    1.3839099 -2.13282e+01 
 112    1.4142136 -2.12953e+01 
 113    1.4451808 -2.12610e+01 
 114    1.4768261 -2.12316e+01 
 115    1.5091644 -2.12049e+01 
 116    1.5422108 -2.11751e+01 
 117    1.5759808 -2.11397e+01 
 118    1.6104903 -2.11025e+01 
 119    1.6457555 -2.10579e+01 
 120    1.6817928 -2.10088e+01 
 121    1.7186193 -2.09572e+01 
 122    1.7562522 -2.08994e+01 
 123    1.7947091 -2.08392e+01 
 124    1.8340081 -2.07748e+01 
 125    1.8741676 -2.07064e+01 
 126    1.9152066 -2.06359e+01 
 127    1.9571441 -2.05637e+01 
 128    2.0000000 -2.04884e+01 
 129    2.0437943 -2.04142e+01 
 130    2.0885476 -2.03372e+01 
 131    2.1342808 -2.02606e+01 
 132    2.1810155 -2.01834e+01 
 133    2.2287735 -2.01046e+01 
 134    2.2775773 -2.00256e+01 
 135    2.3274497 -1.99425e+01 
 136    2.3784142 -1.98579e+01 
 137    2.4304947 -1.97723e+01 
 138    2.4837156 -1.96830e+01 
 139    2.5381019 -1.95910e+01 
 140    2.5936791 -1.94972e+01 
 141    2.6504733 -1.93982e+01 
 142    2.7085111 -1.92944e+01 
 143    2.7678198 -1.91837e+01 
 144    2.8284271 -1.90578e+01 
 145    2.8903616 -1.89262e+01 
 146    2.9536523 -1.87811e+01 
 147    3.0183289 -1.86260e+01 
 148    3.0844217 -1.84436e+01 
 149    3.1519617 -1.82318e+01 
 150    3.2209807 -1.79988e+01 
 151    3.2915110 -1.76867e+01 
 152    3.3635857 -1.72938e+01 
 153    3.4372386 -1.68652e+01 
 154    3.5125043 -1.63109e+01 
 155    3.5894182 -1.57417e+01 
 156    3.6680162 -1.51250e+01 
 157    3.7483353 -1.45814e+01 
 158    3.8304131 -1.40617e+01 
 159    3.9142882 -1.34944e+01 
 160    4.0000000 -1.30464e+01 
 161    4.0875886 -1.26072e+01 
 162    4.1770951 -1.22174e+01 
 163    4.2685616 -1.18979e+01 
 164    4.3620309 -1.16196e+01 
 165    4.4575470 -1.14298e+01 
 166    4.5551545 -1.13143e+01 
 167    4.6548994 -1.12460e+01 
 168    4.7568285 -1.12049e+01 
 169    4.8609894 -1.11360e+01 
 170    4.9674312 -1.11089e+01 
 171    5.0762038 -1.10458e+01 
 172    5.1873582 -1.10050e+01 
 173    5.3009466 -1.09836e+01 
 174    5.4170222 -1.09290e+01 
 175    5.5356395 -1.08957e+01 
 176    5.6568542 -1.08916e+01 
 177    5.7807232 -1.08838e+01 
 178    5.9073046 -1.08975e+01 
 179    6.0366577 -1.09031e+01 
 180    6.1688433 -1.09356e+01 
 181    6.3039234 -1.09903e+01 
 182    6.4419613 -1.10114e+01 
 183    6.5830219 -1.10653e+01 
 184    6.7271713 -1.11280e+01 
 185    6.8744772 -1.12022e+01 
 186    7.0250086 -1.12919e+01 
 187    7.1788363 -1.13736e+01 
 188    7.3360323 -1.14562e+01 
 189    7.4966705 -1.15304e+01 


# z-band (filter: z_LSST.dat)
   0    0.1250000 -1.37603e+01 
   1    0.1277371 -1.38477e+01 
   2    0.1305342 -1.39370e+01 
   3    0.1333926 -1.40283e+01 
   4    0.1363135 -1.42554e+01 
   5    0.1392983 -1.44403e+01 
   6    0.1423486 -1.45903e+01 
   7    0.1454656 -1.47905e+01 
   8    0.1486509 -1.50798e+01 
   9    0.1519059 -1.53577e+01 
  10    0.1552322 -1.56221e+01 
  11    0.1586314 -1.59025e+01 
  12    0.1621049 -1.61605e+01 
  13    0.1656546 -1.64033e+01 
  14    0.1692819 -1.64026e+01 
  15    0.1729887 -1.64678e+01 
  16    0.1767767 -1.64789e+01 
  17    0.1806476 -1.64804e+01 
  18    0.1846033 -1.64534e+01 
  19    0.1886456 -1.64643e+01 
  20    0.1927764 -1.64419e+01 
  21    0.1969976 -1.63777e+01 
  22    0.2013113 -1.63480e+01 
  23    0.2057194 -1.63130e+01 
  24    0.2102241 -1.62592e+01 
  25    0.2148274 -1.62253e+01 
  26    0.2195315 -1.63229e+01 
  27    0.2243386 -1.63716e+01 
  28    0.2292510 -1.63994e+01 
  29    0.2342710 -1.64625e+01 
  30    0.2394008 -1.65023e+01 
  31    0.2446430 -1.65414e+01 
  32    0.2500000 -1.65420e+01 
  33    0.2554743 -1.65568e+01 
  34    0.2610684 -1.64565e+01 
  35    0.2667851 -1.63663e+01 
  36    0.2726269 -1.63113e+01 
  37    0.2785967 -1.62125e+01 
  38    0.2846972 -1.61514e+01 
  39    0.2909312 -1.61392e+01 
  40    0.2973018 -1.61120e+01 
  41    0.3038118 -1.61271e+01 
  42    0.3104645 -1.61548e+01 
  43    0.3172627 -1.62078e+01 
  44    0.3242099 -1.62852e+01 
  45    0.3313092 -1.64191e+01 
  46    0.3385639 -1.66221e+01 
  47    0.3459775 -1.68311e+01 
  48    0.3535534 -1.70538e+01 
  49    0.3612952 -1.72823e+01 
  50    0.3692065 -1.75094e+01 
  51    0.3772911 -1.77329e+01 
  52    0.3855527 -1.79531e+01 
  53    0.3939952 -1.81701e+01 
  54    0.4026226 -1.83817e+01 
  55    0.4114389 -1.85883e+01 
  56    0.4204482 -1.87945e+01 
  57    0.4296548 -1.89819e+01 
  58    0.4390630 -1.91575e+01 
  59    0.4486773 -1.93298e+01 
  60    0.4585020 -1.94918e+01 
  61    0.4685419 -1.96507e+01 
  62    0.4788016 -1.97998e+01 
  63    0.4892860 -1.99381e+01 
  64    0.5000000 -2.00661e+01 
  65    0.5109486 -2.01930e+01 
  66    0.5221369 -2.03132e+01 
  67    0.5335702 -2.04227e+01 
  68    0.5452539 -2.05251e+01 
  69    0.5571934 -2.06180e+01 
  70    0.5693943 -2.07089e+01 
  71    0.5818624 -2.07950e+01 
  72    0.5946036 -2.08753e+01 
  73    0.6076237 -2.09455e+01 
  74    0.6209289 -2.10139e+01 
  75    0.6345255 -2.10735e+01 
  76    0.6484198 -2.11286e+01 
  77    0.6626183 -2.11806e+01 
  78    0.6771278 -2.12264e+01 
  79    0.6919549 -2.12687e+01 
  80    0.7071068 -2.13053e+01 
  81    0.7225904 -2.13390e+01 
  82    0.7384131 -2.13668e+01 
  83    0.7545822 -2.13893e+01 
  84    0.7711054 -2.14081e+01 
  85    0.7879904 -2.14247e+01 
  86    0.8052452 -2.14383e+01 
  87    0.8228777 -2.14483e+01 
  88    0.8408964 -2.14551e+01 
  89    0.8593096 -2.14579e+01 
  90    0.8781261 -2.14583e+01 
  91    0.8973545 -2.14548e+01 
  92    0.9170040 -2.14501e+01 
  93    0.9370838 -2.14416e+01 
  94    0.9576033 -2.14316e+01 
  95    0.9785721 -2.14177e+01 
  96    1.0000000 -2.14026e+01 
  97    1.0218971 -2.13840e+01 
  98    1.0442738 -2.13628e+01 
  99    1.0671404 -2.13413e+01 
 100    1.0905077 -2.13149e+01 
 101    1.1143867 -2.12856e+01 
 102    1.1387886 -2.12475e+01 
 103    1.1637249 -2.12063e+01 
 104    1.1892071 -2.11610e+01 
 105    1.2152474 -2.11178e+01 
 106    1.2418578 -2.10718e+01 
 107    1.2690510 -2.10290e+01 
 108    1.2968396 -2.09850e+01 
 109    1.3252366 -2.09376e+01 
 110    1.3542555 -2.08917e+01 
 111    1.3839099 -2.08458e+01 
 112    1.4142136 -2.08009e+01 
 113    1.4451808 -2.07549e+01 
 114    1.4768261 -2.07114e+01 
 115    1.5091644 -2.06716e+01 
 116    1.5422108 -2.06286e+01 
 117    1.5759808 -2.05818e+01 
 118    1.6104903 -2.05308e+01 
 119    1.6457555 -2.04745e+01 
 120    1.6817928 -2.04147e+01 
 121    1.7186193 -2.03532e+01 
 122    1.7562522 -2.02860e+01 
 123    1.7947091 -2.02153e+01 
 124    1.8340081 -2.01409e+01 
 125    1.8741676 -2.00641e+01 
 126    1.9152066 -1.99878e+01 
 127    1.9571441 -1.99071e+01 
 128    2.0000000 -1.98235e+01 
 129    2.0437943 -1.97408e+01 
 130    2.0885476 -1.96583e+01 
 131    2.1342808 -1.95732e+01 
 132    2.1810155 -1.94862e+01 
 133    2.2287735 -1.93987e+01 
 134    2.2775773 -1.93107e+01 
 135    2.3274497 -1.92217e+01 
 136    2.3784142 -1.91332e+01 
 137    2.4304947 -1.90393e+01 
 138    2.4837156 -1.89433e+01 
 139    2.5381019 -1.88442e+01 
 140    2.5936791 -1.87421e+01 
 141    2.6504733 -1.86370e+01 
 142    2.7085111 -1.85256e+01 
 143    2.7678198 -1.84082e+01 
 144    2.8284271 -1.82784e+01 
 145    2.8903616 -1.81393e+01 
 146    2.9536523 -1.79852e+01 
 147    3.0183289 -1.78220e+01 
 148    3.0844217 -1.76250e+01 
 149    3.1519617 -1.74060e+01 
 150    3.2209807 -1.71649e+01 
 151    3.2915110 -1.68444e+01 
 152    3.3635857 -1.64480e+01 
 153    3.4372386 -1.60149e+01 
 154    3.5125043 -1.54472e+01 
 155    3.5894182 -1.48233e+01 
 156    3.6680162 -1.41865e+01 
 157    3.7483353 -1.36125e+01 
 158    3.8304131 -1.30682e+01 
 159    3.9142882 -1.24206e+01 
 160    4.0000000 -1.19407e+01 
 161    4.0875886 -1.14517e+01 
 162    4.1770951 -1.09870e+01 
 163    4.2685616 -1.06108e+01 
 164    4.3620309 -1.01999e+01 
 165    4.4575470 -9.95115e+00 
 166    4.5551545 -9.81864e+00 
 167    4.6548994 -9.77266e+00 
 168    4.7568285 -9.61822e+00 
 169    4.8609894 -9.44025e+00 
 170    4.9674312 -9.32787e+00 
 171    5.0762038 -9.29670e+00 
 172    5.1873582 -9.15787e+00 
 173    5.3009466 -9.09959e+00 
 174    5.4170222 -8.97569e+00 
 175    5.5356395 -8.91354e+00 
 176    5.6568542 -8.93123e+00 
 177    5.7807232 -8.73918e+00 
 178    5.9073046 -8.65851e+00 
 179    6.0366577 -8.61846e+00 
 180    6.1688433 -8.67958e+00 
 181    6.3039234 -8.77276e+00 
 182    6.4419613 -8.88950e+00 
 183    6.5830219 -8.93124e+00 
 184    6.7271713 -9.11538e+00 
 185    6.8744772 -9.23237e+00 
 186    7.0250086 -9.42074e+00 
 187    7.1788363 -9.62652e+00 
 188    7.3360323 -9.88444e+00 
 189    7.4966705 -1.01190e+01 


# y-band (filter: y_LSST.dat)
   0    0.1250000 -1.44048e+01 
   1    0.1277371 -1.44372e+01 
   2    0.1305342 -1.44702e+01 
   3    0.1333926 -1.45040e+01 
   4    0.1363135 -1.46177e+01 
   5    0.1392983 -1.47849e+01 
   6    0.1423486 -1.48493e+01 
   7    0.1454656 -1.50461e+01 
   8    0.1486509 -1.53376e+01 
   9    0.1519059 -1.55352e+01 
  10    0.1552322 -1.57744e+01 
  11    0.1586314 -1.60033e+01 
  12    0.1621049 -1.61806e+01 
  13    0.1656546 -1.63699e+01 
  14    0.1692819 -1.64927e+01 
  15    0.1729887 -1.66176e+01 
  16    0.1767767 -1.67700e+01 
  17    0.1806476 -1.69215e+01 
  18    0.1846033 -1.70850e+01 
  19    0.1886456 -1.72463e+01 
  20    0.1927764 -1.74025e+01 
  21    0.1969976 -1.76109e+01 
  22    0.2013113 -1.78079e+01 
  23    0.2057194 -1.80118e+01 
  24    0.2102241 -1.82162e+01 
  25    0.2148274 -1.84037e+01 
  26    0.2195315 -1.85897e+01 
  27    0.2243386 -1.87759e+01 
  28    0.2292510 -1.89586e+01 
  29    0.2342710 -1.91265e+01 
  30    0.2394008 -1.92867e+01 
  31    0.2446430 -1.94412e+01 
  32    0.2500000 -1.95689e+01 
  33    0.2554743 -1.96945e+01 
  34    0.2610684 -1.97673e+01 
  35    0.2667851 -1.98111e+01 
  36    0.2726269 -1.98697e+01 
  37    0.2785967 -1.99138e+01 
  38    0.2846972 -1.99675e+01 
  39    0.2909312 -2.00255e+01 
  40    0.2973018 -2.00589e+01 
  41    0.3038118 -2.01183e+01 
  42    0.3104645 -2.01688e+01 
  43    0.3172627 -2.02196e+01 
  44    0.3242099 -2.02750e+01 
  45    0.3313092 -2.03300e+01 
  46    0.3385639 -2.04255e+01 
  47    0.3459775 -2.05226e+01 
  48    0.3535534 -2.06153e+01 
  49    0.3612952 -2.07050e+01 
  50    0.3692065 -2.07848e+01 
  51    0.3772911 -2.08610e+01 
  52    0.3855527 -2.09360e+01 
  53    0.3939952 -2.10013e+01 
  54    0.4026226 -2.10644e+01 
  55    0.4114389 -2.11252e+01 
  56    0.4204482 -2.11803e+01 
  57    0.4296548 -2.12360e+01 
  58    0.4390630 -2.12827e+01 
  59    0.4486773 -2.13275e+01 
  60    0.4585020 -2.13674e+01 
  61    0.4685419 -2.14052e+01 
  62    0.4788016 -2.14412e+01 
  63    0.4892860 -2.14725e+01 
  64    0.5000000 -2.15013e+01 
  65    0.5109486 -2.15268e+01 
  66    0.5221369 -2.15486e+01 
  67    0.5335702 -2.15679e+01 
  68    0.5452539 -2.15845e+01 
  69    0.5571934 -2.15966e+01 
  70    0.5693943 -2.16085e+01 
  71    0.5818624 -2.16177e+01 
  72    0.5946036 -2.16232e+01 
  73    0.6076237 -2.16256e+01 
  74    0.6209289 -2.16253e+01 
  75    0.6345255 -2.16248e+01 
  76    0.6484198 -2.16188e+01 
  77    0.6626183 -2.16118e+01 
  78    0.6771278 -2.16028e+01 
  79    0.6919549 -2.15913e+01 
  80    0.7071068 -2.15788e+01 
  81    0.7225904 -2.15627e+01 
  82    0.7384131 -2.15443e+01 
  83    0.7545822 -2.15232e+01 
  84    0.7711054 -2.15017e+01 
  85    0.7879904 -2.14793e+01 
  86    0.8052452 -2.14550e+01 
  87    0.8228777 -2.14275e+01 
  88    0.8408964 -2.13991e+01 
  89    0.8593096 -2.13680e+01 
  90    0.8781261 -2.13358e+01 
  91    0.8973545 -2.13034e+01 
  92    0.9170040 -2.12688e+01 
  93    0.9370838 -2.12344e+01 
  94    0.9576033 -2.11974e+01 
  95    0.9785721 -2.11578e+01 
  96    1.0000000 -2.11189e+01 
  97    1.0218971 -2.10764e+01 
  98    1.0442738 -2.10331e+01 
  99    1.0671404 -2.09888e+01 
 100    1.0905077 -2.09446e+01 
 101    1.1143867 -2.08984e+01 
 102    1.1387886 -2.08461e+01 
 103    1.1637249 -2.07938e+01 
 104    1.1892071 -2.07394e+01 
 105    1.2152474 -2.06854e+01 
 106    1.2418578 -2.06302e+01 
 107    1.2690510 -2.05756e+01 
 108    1.2968396 -2.05212e+01 
 109    1.3252366 -2.04667e+01 
 110    1.3542555 -2.04138e+01 
 111    1.3839099 -2.03592e+01 
 112    1.4142136 -2.03050e+01 
 113    1.4451808 -2.02506e+01 
 114    1.4768261 -2.01968e+01 
 115    1.5091644 -2.01431e+01 
 116    1.5422108 -2.00888e+01 
 117    1.5759808 -2.00293e+01 
 118    1.6104903 -1.99665e+01 
 119    1.6457555 -1.99018e+01 
 120    1.6817928 -1.98315e+01 
 121    1.7186193 -1.97581e+01 
 122    1.7562522 -1.96811e+01 
 123    1.7947091 -1.96007e+01 
 124    1.8340081 -1.95169e+01 
 125    1.8741676 -1.94288e+01 
 126    1.9152066 -1.93434e+01 
 127    1.9571441 -1.92558e+01 
 128    2.0000000 -1.91640e+01 
 129    2.0437943 -1.90759e+01 
 130    2.0885476 -1.89841e+01 
 131    2.1342808 -1.88943e+01 
 132    2.1810155 -1.88023e+01 
 133    2.2287735 -1.87086e+01 
 134    2.2775773 -1.86134e+01 
 135    2.3274497 -1.85211e+01 
 136    2.3784142 -1.84244e+01 
 137    2.4304947 -1.83257e+01 
 138    2.4837156 -1.82245e+01 
 139    2.5381019 -1.81236e+01 
 140    2.5936791 -1.80173e+01 
 141    2.6504733 -1.79082e+01 
 142    2.7085111 -1.77961e+01 
 143    2.7678198 -1.76732e+01 
 144    2.8284271 -1.75378e+01 
 145    2.8903616 -1.73977e+01 
 146    2.9536523 -1.72415e+01 
 147    3.0183289 -1.70790e+01 
 148    3.0844217 -1.68888e+01 
 149    3.1519617 -1.66724e+01 
 150    3.2209807 -1.64301e+01 
 151    3.2915110 -1.60978e+01 
 152    3.3635857 -1.57013e+01 
 153    3.4372386 -1.52739e+01 
 154    3.5125043 -1.47433e+01 
 155    3.5894182 -1.41061e+01 
 156    3.6680162 -1.34918e+01 
 157    3.7483353 -1.28546e+01 
 158    3.8304131 -1.23839e+01 
 159    3.9142882 -1.17281e+01 
 160    4.0000000 -1.13049e+01 
 161    4.0875886 -1.08024e+01 
 162    4.1770951 -1.03225e+01 
 163    4.2685616 -1.00616e+01 
 164    4.3620309 -8.53854e+00 
 165    4.4575470 -8.19071e+00 
 166    4.5551545 -8.14683e+00 
 167    4.6548994 -8.11645e+00 
 168    4.7568285 -8.07240e+00 
 169    4.8609894 -8.11842e+00 
 170    4.9674312 -7.93267e+00 
 171    5.0762038 -7.89219e+00 
 172    5.1873582 -7.83633e+00 
 173    5.3009466 -7.80546e+00 
 174    5.4170222 -7.75695e+00 
 175    5.5356395 -7.88702e+00 
 176    5.6568542 -8.73727e+00 
 177    5.7807232 -8.69046e+00 
 178    5.9073046 -8.72497e+00 
 179    6.0366577 -8.77351e+00 
 180    6.1688433 -8.68793e+00 
 181    6.3039234 -8.67090e+00 
 182    6.4419613 -8.70028e+00 
 183    6.5830219 -8.66199e+00 
 184    6.7271713 -8.68863e+00 
 185    6.8744772 -8.77548e+00 
 186    7.0250086 -8.67271e+00 
 187    7.1788363 -8.59755e+00 
 188    7.3360323 -8.51180e+00 
 189    7.4966705 -8.45282e+00 


# J-band (filter: J_2MASS.dat)
   0    0.1250000 -1.64962e+01 
   1    0.1277371 -1.64997e+01 
   2    0.1305342 -1.65033e+01 
   3    0.1333926 -1.65069e+01 
   4    0.1363135 -1.65971e+01 
   5    0.1392983 -1.66416e+01 
   6    0.1423486 -1.67311e+01 
   7    0.1454656 -1.68284e+01 
   8    0.1486509 -1.70151e+01 
   9    0.1519059 -1.72175e+01 
  10    0.1552322 -1.73802e+01 
  11    0.1586314 -1.75567e+01 
  12    0.1621049 -1.77438e+01 
  13    0.1656546 -1.79198e+01 
  14    0.1692819 -1.80962e+01 
  15    0.1729887 -1.82710e+01 
  16    0.1767767 -1.84256e+01 
  17    0.1806476 -1.85923e+01 
  18    0.1846033 -1.87477e+01 
  19    0.1886456 -1.88972e+01 
  20    0.1927764 -1.90378e+01 
  21    0.1969976 -1.91758e+01 
  22    0.2013113 -1.93184e+01 
  23    0.2057194 -1.94408e+01 
  24    0.2102241 -1.95652e+01 
  25    0.2148274 -1.96762e+01 
  26    0.2195315 -1.97907e+01 
  27    0.2243386 -1.99012e+01 
  28    0.2292510 -2.00022e+01 
  29    0.2342710 -2.00954e+01 
  30    0.2394008 -2.01846e+01 
  31    0.2446430 -2.02719e+01 
  32    0.2500000 -2.03508e+01 
  33    0.2554743 -2.04202e+01 
  34    0.2610684 -2.04539e+01 
  35    0.2667851 -2.04695e+01 
  36    0.2726269 -2.04910e+01 
  37    0.2785967 -2.05029e+01 
  38    0.2846972 -2.05237e+01 
  39    0.2909312 -2.05482e+01 
  40    0.2973018 -2.05569e+01 
  41    0.3038118 -2.05781e+01 
  42    0.3104645 -2.05970e+01 
  43    0.3172627 -2.06169e+01 
  44    0.3242099 -2.06359e+01 
  45    0.3313092 -2.06615e+01 
  46    0.3385639 -2.07077e+01 
  47    0.3459775 -2.07578e+01 
  48    0.3535534 -2.08069e+01 
  49    0.3612952 -2.08552e+01 
  50    0.3692065 -2.08965e+01 
  51    0.3772911 -2.09347e+01 
  52    0.3855527 -2.09728e+01 
  53    0.3939952 -2.10048e+01 
  54    0.4026226 -2.10371e+01 
  55    0.4114389 -2.10672e+01 
  56    0.4204482 -2.10916e+01 
  57    0.4296548 -2.11175e+01 
  58    0.4390630 -2.11367e+01 
  59    0.4486773 -2.11540e+01 
  60    0.4585020 -2.11681e+01 
  61    0.4685419 -2.11817e+01 
  62    0.4788016 -2.11914e+01 
  63    0.4892860 -2.11969e+01 
  64    0.5000000 -2.12024e+01 
  65    0.5109486 -2.12051e+01 
  66    0.5221369 -2.12027e+01 
  67    0.5335702 -2.12014e+01 
  68    0.5452539 -2.11966e+01 
  69    0.5571934 -2.11870e+01 
  70    0.5693943 -2.11773e+01 
  71    0.5818624 -2.11654e+01 
  72    0.5946036 -2.11502e+01 
  73    0.6076237 -2.11340e+01 
  74    0.6209289 -2.11160e+01 
  75    0.6345255 -2.10976e+01 
  76    0.6484198 -2.10747e+01 
  77    0.6626183 -2.10512e+01 
  78    0.6771278 -2.10283e+01 
  79    0.6919549 -2.10001e+01 
  80    0.7071068 -2.09699e+01 
  81    0.7225904 -2.09392e+01 
  82    0.7384131 -2.09081e+01 
  83    0.7545822 -2.08755e+01 
  84    0.7711054 -2.08402e+01 
  85    0.7879904 -2.08061e+01 
  86    0.8052452 -2.07679e+01 
  87    0.8228777 -2.07287e+01 
  88    0.8408964 -2.06900e+01 
  89    0.8593096 -2.06468e+01 
  90    0.8781261 -2.06032e+01 
  91    0.8973545 -2.05602e+01 
  92    0.9170040 -2.05163e+01 
  93    0.9370838 -2.04716e+01 
  94    0.9576033 -2.04242e+01 
  95    0.9785721 -2.03772e+01 
  96    1.0000000 -2.03288e+01 
  97    1.0218971 -2.02791e+01 
  98    1.0442738 -2.02289e+01 
  99    1.0671404 -2.01779e+01 
 100    1.0905077 -2.01247e+01 
 101    1.1143867 -2.00724e+01 
 102    1.1387886 -2.00160e+01 
 103    1.1637249 -1.99582e+01 
 104    1.1892071 -1.99000e+01 
 105    1.2152474 -1.98421e+01 
 106    1.2418578 -1.97833e+01 
 107    1.2690510 -1.97232e+01 
 108    1.2968396 -1.96617e+01 
 109    1.3252366 -1.96012e+01 
 110    1.3542555 -1.95422e+01 
 111    1.3839099 -1.94822e+01 
 112    1.4142136 -1.94241e+01 
 113    1.4451808 -1.93640e+01 
 114    1.4768261 -1.93035e+01 
 115    1.5091644 -1.92448e+01 
 116    1.5422108 -1.91814e+01 
 117    1.5759808 -1.91183e+01 
 118    1.6104903 -1.90514e+01 
 119    1.6457555 -1.89815e+01 
 120    1.6817928 -1.89075e+01 
 121    1.7186193 -1.88296e+01 
 122    1.7562522 -1.87504e+01 
 123    1.7947091 -1.86653e+01 
 124    1.8340081 -1.85747e+01 
 125    1.8741676 -1.84853e+01 
 126    1.9152066 -1.83964e+01 
 127    1.9571441 -1.83060e+01 
 128    2.0000000 -1.82113e+01 
 129    2.0437943 -1.81180e+01 
 130    2.0885476 -1.80270e+01 
 131    2.1342808 -1.79320e+01 
 132    2.1810155 -1.78388e+01 
 133    2.2287735 -1.77432e+01 
 134    2.2775773 -1.76456e+01 
 135    2.3274497 -1.75520e+01 
 136    2.3784142 -1.74610e+01 
 137    2.4304947 -1.73627e+01 
 138    2.4837156 -1.72601e+01 
 139    2.5381019 -1.71548e+01 
 140    2.5936791 -1.70490e+01 
 141    2.6504733 -1.69389e+01 
 142    2.7085111 -1.68186e+01 
 143    2.7678198 -1.66959e+01 
 144    2.8284271 -1.65631e+01 
 145    2.8903616 -1.64124e+01 
 146    2.9536523 -1.62518e+01 
 147    3.0183289 -1.60897e+01 
 148    3.0844217 -1.58982e+01 
 149    3.1519617 -1.56864e+01 
 150    3.2209807 -1.54418e+01 
 151    3.2915110 -1.51231e+01 
 152    3.3635857 -1.47331e+01 
 153    3.4372386 -1.42692e+01 
 154    3.5125043 -1.36625e+01 
 155    3.5894182 -1.31233e+01 
 156    3.6680162 -1.24952e+01 
 157    3.7483353 -1.18335e+01 
 158    3.8304131 -1.13178e+01 
 159    3.9142882 -1.07598e+01 
 160    4.0000000 -1.02166e+01 
 161    4.0875886 -9.63167e+00 
 162    4.1770951 -8.61763e+00 
 163    4.2685616 -8.30662e+00 
 164    4.3620309 -7.93779e+00 
 165    4.4575470 -7.76053e+00 
 166    4.5551545 -7.18089e+00 
 167    4.6548994 -6.37241e+00 
 168    4.7568285 -6.02534e+00 
 169    4.8609894 -6.22115e+00 
 170    4.9674312 -5.65635e+00 
 171    5.0762038 -5.28410e+00 
 172    5.1873582 -5.10723e+00 
 173    5.3009466 -5.07682e+00 
 174    5.4170222 -5.46346e+00 
 175    5.5356395 -5.52276e+00 
 176    5.6568542 -5.57955e+00 
 177    5.7807232 -5.40771e+00 
 178    5.9073046 -5.94182e+00 
 179    6.0366577 -6.46179e+00 
 180    6.1688433 -6.46207e+00 
 181    6.3039234 -6.56787e+00 
 182    6.4419613 -6.95713e+00 
 183    6.5830219 -7.38855e+00 
 184    6.7271713 -7.50651e+00 
 185    6.8744772 -7.78850e+00 
 186    7.0250086 -7.88126e+00 
 187    7.1788363 -8.01572e+00 
 188    7.3360323 -8.21023e+00 
 189    7.4966705 -8.38077e+00 


# H-band (filter: H_2MASS.dat)
   0    0.1250000 -1.93064e+01 
   1    0.1277371 -1.93179e+01 
   2    0.1305342 -1.93296e+01 
   3    0.1333926 -1.93416e+01 
   4    0.1363135 -1.93906e+01 
   5    0.1392983 -1.94470e+01 
   6    0.1423486 -1.95046e+01 
   7    0.1454656 -1.95651e+01 
   8    0.1486509 -1.96898e+01 
   9    0.1519059 -1.98119e+01 
  10    0.1552322 -1.99196e+01 
  11    0.1586314 -2.00372e+01 
  12    0.1621049 -2.01414e+01 
  13    0.1656546 -2.02468e+01 
  14    0.1692819 -2.03478e+01 
  15    0.1729887 -2.04412e+01 
  16    0.1767767 -2.05261e+01 
  17    0.1806476 -2.06053e+01 
  18    0.1846033 -2.06790e+01 
  19    0.1886456 -2.07480e+01 
  20    0.1927764 -2.08024e+01 
  21    0.1969976 -2.08545e+01 
  22    0.2013113 -2.09031e+01 
  23    0.2057194 -2.09479e+01 
  24    0.2102241 -2.09876e+01 
  25    0.2148274 -2.10214e+01 
  26    0.2195315 -2.10544e+01 
  27    0.2243386 -2.10850e+01 
  28    0.2292510 -2.11062e+01 
  29    0.2342710 -2.11221e+01 
  30    0.2394008 -2.11375e+01 
  31    0.2446430 -2.11508e+01 
  32    0.2500000 -2.11629e+01 
  33    0.2554743 -2.11661e+01 
  34    0.2610684 -2.11563e+01 
  35    0.2667851 -2.11316e+01 
  36    0.2726269 -2.11104e+01 
  37    0.2785967 -2.10871e+01 
  38    0.2846972 -2.10619e+01 
  39    0.2909312 -2.10361e+01 
  40    0.2973018 -2.10078e+01 
  41    0.3038118 -2.09826e+01 
  42    0.3104645 -2.09590e+01 
  43    0.3172627 -2.09305e+01 
  44    0.3242099 -2.09039e+01 
  45    0.3313092 -2.08754e+01 
  46    0.3385639 -2.08542e+01 
  47    0.3459775 -2.08372e+01 
  48    0.3535534 -2.08170e+01 
  49    0.3612952 -2.07912e+01 
  50    0.3692065 -2.07701e+01 
  51    0.3772911 -2.07501e+01 
  52    0.3855527 -2.07246e+01 
  53    0.3939952 -2.06955e+01 
  54    0.4026226 -2.06635e+01 
  55    0.4114389 -2.06335e+01 
  56    0.4204482 -2.05993e+01 
  57    0.4296548 -2.05631e+01 
  58    0.4390630 -2.05330e+01 
  59    0.4486773 -2.04970e+01 
  60    0.4585020 -2.04606e+01 
  61    0.4685419 -2.04242e+01 
  62    0.4788016 -2.03833e+01 
  63    0.4892860 -2.03411e+01 
  64    0.5000000 -2.02992e+01 
  65    0.5109486 -2.02588e+01 
  66    0.5221369 -2.02173e+01 
  67    0.5335702 -2.01731e+01 
  68    0.5452539 -2.01263e+01 
  69    0.5571934 -2.00802e+01 
  70    0.5693943 -2.00314e+01 
  71    0.5818624 -1.99779e+01 
  72    0.5946036 -1.99274e+01 
  73    0.6076237 -1.98769e+01 
  74    0.6209289 -1.98247e+01 
  75    0.6345255 -1.97735e+01 
  76    0.6484198 -1.97171e+01 
  77    0.6626183 -1.96577e+01 
  78    0.6771278 -1.95993e+01 
  79    0.6919549 -1.95428e+01 
  80    0.7071068 -1.94848e+01 
  81    0.7225904 -1.94294e+01 
  82    0.7384131 -1.93679e+01 
  83    0.7545822 -1.93142e+01 
  84    0.7711054 -1.92609e+01 
  85    0.7879904 -1.92038e+01 
  86    0.8052452 -1.91440e+01 
  87    0.8228777 -1.90830e+01 
  88    0.8408964 -1.90279e+01 
  89    0.8593096 -1.89656e+01 
  90    0.8781261 -1.89064e+01 
  91    0.8973545 -1.88476e+01 
  92    0.9170040 -1.87944e+01 
  93    0.9370838 -1.87301e+01 
  94    0.9576033 -1.86703e+01 
  95    0.9785721 -1.85998e+01 
  96    1.0000000 -1.85309e+01 
  97    1.0218971 -1.84655e+01 
  98    1.0442738 -1.84032e+01 
  99    1.0671404 -1.83349e+01 
 100    1.0905077 -1.82677e+01 
 101    1.1143867 -1.82094e+01 
 102    1.1387886 -1.81376e+01 
 103    1.1637249 -1.80674e+01 
 104    1.1892071 -1.80013e+01 
 105    1.2152474 -1.79385e+01 
 106    1.2418578 -1.78717e+01 
 107    1.2690510 -1.78063e+01 
 108    1.2968396 -1.77448e+01 
 109    1.3252366 -1.76852e+01 
 110    1.3542555 -1.76194e+01 
 111    1.3839099 -1.75571e+01 
 112    1.4142136 -1.74911e+01 
 113    1.4451808 -1.74181e+01 
 114    1.4768261 -1.73617e+01 
 115    1.5091644 -1.72996e+01 
 116    1.5422108 -1.72367e+01 
 117    1.5759808 -1.71580e+01 
 118    1.6104903 -1.70859e+01 
 119    1.6457555 -1.70138e+01 
 120    1.6817928 -1.69358e+01 
 121    1.7186193 -1.68466e+01 
 122    1.7562522 -1.67707e+01 
 123    1.7947091 -1.66814e+01 
 124    1.8340081 -1.65963e+01 
 125    1.8741676 -1.65078e+01 
 126    1.9152066 -1.64089e+01 
 127    1.9571441 -1.63042e+01 
 128    2.0000000 -1.62103e+01 
 129    2.0437943 -1.61129e+01 
 130    2.0885476 -1.60248e+01 
 131    2.1342808 -1.59297e+01 
 132    2.1810155 -1.58330e+01 
 133    2.2287735 -1.57372e+01 
 134    2.2775773 -1.56371e+01 
 135    2.3274497 -1.55252e+01 
 136    2.3784142 -1.54167e+01 
 137    2.4304947 -1.53062e+01 
 138    2.4837156 -1.52112e+01 
 139    2.5381019 -1.51147e+01 
 140    2.5936791 -1.49914e+01 
 141    2.6504733 -1.48677e+01 
 142    2.7085111 -1.47339e+01 
 143    2.7678198 -1.46072e+01 
 144    2.8284271 -1.44853e+01 
 145    2.8903616 -1.43418e+01 
 146    2.9536523 -1.42037e+01 
 147    3.0183289 -1.40663e+01 
 148    3.0844217 -1.38636e+01 
 149    3.1519617 -1.36465e+01 
 150    3.2209807 -1.33541e+01 
 151    3.2915110 -1.30574e+01 
 152    3.3635857 -1.25737e+01 
 153    3.4372386 -1.20097e+01 
 154    3.5125043 -1.14634e+01 
 155    3.5894182 -1.10118e+01 
 156    3.6680162 -9.18864e+00 
 157    3.7483353 -8.36603e+00 
 158    3.8304131 -7.73996e+00 
 159    3.9142882 -7.19245e+00 
 160    4.0000000 -5.93320e+00 
 161    4.0875886 -5.55712e+00 
 162    4.1770951 -5.11999e+00 
 163    4.2685616 -4.68519e+00 
 164    4.3620309 -4.32079e+00 
 165    4.4575470 -4.40113e+00 
 166    4.5551545 -4.05540e+00 
 167    4.6548994 -3.19620e+00 
 168    4.7568285 -3.51514e+00 
 169    4.8609894 -2.59858e+00 
 170    4.9674312 -2.84960e+00 
 171    5.0762038 -2.96896e+00 
 172    5.1873582 -2.01662e+00 
 173    5.3009466 -1.61553e+00 
 174    5.4170222 -9.09830e-01 
 175    5.5356395 -7.74186e-01 
 176    5.6568542 -8.63547e-01 
 177    5.7807232  2.27586e+00 
 178    5.9073046  3.32497e+00 
 179    6.0366577  5.18423e+00 
 180    6.1688433  5.60352e+00 
 181    6.3039234  6.13553e+00 
 182    6.4419613  6.51834e+00 
 183    6.5830219  5.87820e+00 
 184    6.7271713  5.53319e+00 
 185    6.8744772  5.33667e+00 
 186    7.0250086  5.45651e+00 
 187    7.1788363  5.13919e+00 
 188    7.3360323  3.65128e+00 
 189    7.4966705  1.96012e+00 


# K-band (filter: Ks_mosfire.dat)
   0    0.1250000 -1.93843e+01 
   1    0.1277371 -1.93973e+01 
   2    0.1305342 -1.94106e+01 
   3    0.1333926 -1.94242e+01 
   4    0.1363135 -1.94595e+01 
   5    0.1392983 -1.95056e+01 
   6    0.1423486 -1.95509e+01 
   7    0.1454656 -1.96020e+01 
   8    0.1486509 -1.97124e+01 
   9    0.1519059 -1.97918e+01 
  10    0.1552322 -1.98920e+01 
  11    0.1586314 -1.99727e+01 
  12    0.1621049 -2.00487e+01 
  13    0.1656546 -2.01174e+01 
  14    0.1692819 -2.01826e+01 
  15    0.1729887 -2.02486e+01 
  16    0.1767767 -2.03100e+01 
  17    0.1806476 -2.03604e+01 
  18    0.1846033 -2.04054e+01 
  19    0.1886456 -2.04445e+01 
  20    0.1927764 -2.04833e+01 
  21    0.1969976 -2.05168e+01 
  22    0.2013113 -2.05468e+01 
  23    0.2057194 -2.05763e+01 
  24    0.2102241 -2.05984e+01 
  25    0.2148274 -2.06215e+01 
  26    0.2195315 -2.06442e+01 
  27    0.2243386 -2.06561e+01 
  28    0.2292510 -2.06671e+01 
  29    0.2342710 -2.06743e+01 
  30    0.2394008 -2.06802e+01 
  31    0.2446430 -2.06821e+01 
  32    0.2500000 -2.06797e+01 
  33    0.2554743 -2.06752e+01 
  34    0.2610684 -2.06543e+01 
  35    0.2667851 -2.06303e+01 
  36    0.2726269 -2.05985e+01 
  37    0.2785967 -2.05659e+01 
  38    0.2846972 -2.05324e+01 
  39    0.2909312 -2.05004e+01 
  40    0.2973018 -2.04664e+01 
  41    0.3038118 -2.04343e+01 
  42    0.3104645 -2.04034e+01 
  43    0.3172627 -2.03679e+01 
  44    0.3242099 -2.03392e+01 
  45    0.3313092 -2.03031e+01 
  46    0.3385639 -2.02793e+01 
  47    0.3459775 -2.02522e+01 
  48    0.3535534 -2.02259e+01 
  49    0.3612952 -2.01999e+01 
  50    0.3692065 -2.01683e+01 
  51    0.3772911 -2.01395e+01 
  52    0.3855527 -2.01026e+01 
  53    0.3939952 -2.00663e+01 
  54    0.4026226 -2.00271e+01 
  55    0.4114389 -1.99885e+01 
  56    0.4204482 -1.99475e+01 
  57    0.4296548 -1.99115e+01 
  58    0.4390630 -1.98708e+01 
  59    0.4486773 -1.98307e+01 
  60    0.4585020 -1.97887e+01 
  61    0.4685419 -1.97474e+01 
  62    0.4788016 -1.97038e+01 
  63    0.4892860 -1.96528e+01 
  64    0.5000000 -1.96074e+01 
  65    0.5109486 -1.95588e+01 
  66    0.5221369 -1.95171e+01 
  67    0.5335702 -1.94711e+01 
  68    0.5452539 -1.94236e+01 
  69    0.5571934 -1.93651e+01 
  70    0.5693943 -1.93106e+01 
  71    0.5818624 -1.92567e+01 
  72    0.5946036 -1.91981e+01 
  73    0.6076237 -1.91424e+01 
  74    0.6209289 -1.90938e+01 
  75    0.6345255 -1.90413e+01 
  76    0.6484198 -1.89887e+01 
  77    0.6626183 -1.89373e+01 
  78    0.6771278 -1.88814e+01 
  79    0.6919549 -1.88188e+01 
  80    0.7071068 -1.87681e+01 
  81    0.7225904 -1.87145e+01 
  82    0.7384131 -1.86593e+01 
  83    0.7545822 -1.85984e+01 
  84    0.7711054 -1.85431e+01 
  85    0.7879904 -1.84751e+01 
  86    0.8052452 -1.84103e+01 
  87    0.8228777 -1.83461e+01 
  88    0.8408964 -1.82821e+01 
  89    0.8593096 -1.82140e+01 
  90    0.8781261 -1.81421e+01 
  91    0.8973545 -1.80784e+01 
  92    0.9170040 -1.80124e+01 
  93    0.9370838 -1.79478e+01 
  94    0.9576033 -1.78741e+01 
  95    0.9785721 -1.78144e+01 
  96    1.0000000 -1.77569e+01 
  97    1.0218971 -1.76801e+01 
  98    1.0442738 -1.76163e+01 
  99    1.0671404 -1.75526e+01 
 100    1.0905077 -1.74856e+01 
 101    1.1143867 -1.74247e+01 
 102    1.1387886 -1.73608e+01 
 103    1.1637249 -1.72928e+01 
 104    1.1892071 -1.72292e+01 
 105    1.2152474 -1.71706e+01 
 106    1.2418578 -1.71026e+01 
 107    1.2690510 -1.70321e+01 
 108    1.2968396 -1.69706e+01 
 109    1.3252366 -1.69153e+01 
 110    1.3542555 -1.68471e+01 
 111    1.3839099 -1.67739e+01 
 112    1.4142136 -1.67002e+01 
 113    1.4451808 -1.66133e+01 
 114    1.4768261 -1.65441e+01 
 115    1.5091644 -1.64638e+01 
 116    1.5422108 -1.64007e+01 
 117    1.5759808 -1.63252e+01 
 118    1.6104903 -1.62549e+01 
 119    1.6457555 -1.61740e+01 
 120    1.6817928 -1.60956e+01 
 121    1.7186193 -1.60102e+01 
 122    1.7562522 -1.59306e+01 
 123    1.7947091 -1.58447e+01 
 124    1.8340081 -1.57578e+01 
 125    1.8741676 -1.56680e+01 
 126    1.9152066 -1.55849e+01 
 127    1.9571441 -1.55087e+01 
 128    2.0000000 -1.54029e+01 
 129    2.0437943 -1.53403e+01 
 130    2.0885476 -1.52535e+01 
 131    2.1342808 -1.51589e+01 
 132    2.1810155 -1.50594e+01 
 133    2.2287735 -1.49627e+01 
 134    2.2775773 -1.48468e+01 
 135    2.3274497 -1.47252e+01 
 136    2.3784142 -1.46161e+01 
 137    2.4304947 -1.45210e+01 
 138    2.4837156 -1.43675e+01 
 139    2.5381019 -1.42487e+01 
 140    2.5936791 -1.41397e+01 
 141    2.6504733 -1.40024e+01 
 142    2.7085111 -1.38810e+01 
 143    2.7678198 -1.37728e+01 
 144    2.8284271 -1.36311e+01 
 145    2.8903616 -1.34820e+01 
 146    2.9536523 -1.33573e+01 
 147    3.0183289 -1.32195e+01 
 148    3.0844217 -1.30220e+01 
 149    3.1519617 -1.27596e+01 
 150    3.2209807 -1.24652e+01 
 151    3.2915110 -1.20652e+01 
 152    3.3635857 -1.15735e+01 
 153    3.4372386 -1.11808e+01 
 154    3.5125043 -1.06785e+01 
 155    3.5894182 -9.88522e+00 
 156    3.6680162 -9.28739e+00 
 157    3.7483353 -8.10307e+00 
 158    3.8304131 -7.40037e+00 
 159    3.9142882 -6.34083e+00 
 160    4.0000000 -5.83699e+00 
 161    4.0875886 -4.89688e+00 
 162    4.1770951 -4.02895e+00 
 163    4.2685616 -3.28196e+00 
 164    4.3620309 -2.64345e+00 
 165    4.4575470 -1.94435e+00 
 166    4.5551545 -1.40046e+00 
 167    4.6548994 -1.05832e+00 
 168    4.7568285 -6.60119e-01 
 169    4.8609894 -6.13875e-01 
 170    4.9674312 -3.47827e-01 
 171    5.0762038 -3.69370e-01 
 172    5.1873582  0.00000e+00 
 173    5.3009466  0.00000e+00 
 174    5.4170222  0.00000e+00 
 175    5.5356395  0.00000e+00 
 176    5.6568542  0.00000e+00 
 177    5.7807232  0.00000e+00 
 178    5.9073046  0.00000e+00 
 179    6.0366577  0.00000e+00 
 180    6.1688433  5.45307e-01 
 181    6.3039234  6.14701e-01 
 182    6.4419613  1.67369e-01 
 183    6.5830219  3.67487e-01 
 184    6.7271713  1.58757e+00 
 185    6.8744772  2.17248e+00 
 186    7.0250086  2.96771e+00 
 187    7.1788363  3.79098e+00 
 188    7.3360323  4.76190e+00 
 189    7.4966705  5.99324e+00 


# S-band (filter: Spitzer_IRAC2.dat)
   0    0.1250000 -1.92100e+01 
   1    0.1277371 -1.92080e+01 
   2    0.1305342 -1.92059e+01 
   3    0.1333926 -1.92038e+01 
   4    0.1363135 -1.92078e+01 
   5    0.1392983 -1.91865e+01 
   6    0.1423486 -1.91743e+01 
   7    0.1454656 -1.91525e+01 
   8    0.1486509 -1.91448e+01 
   9    0.1519059 -1.91368e+01 
  10    0.1552322 -1.91479e+01 
  11    0.1586314 -1.91364e+01 
  12    0.1621049 -1.91363e+01 
  13    0.1656546 -1.91073e+01 
  14    0.1692819 -1.90844e+01 
  15    0.1729887 -1.90710e+01 
  16    0.1767767 -1.90624e+01 
  17    0.1806476 -1.90429e+01 
  18    0.1846033 -1.90271e+01 
  19    0.1886456 -1.90141e+01 
  20    0.1927764 -1.89815e+01 
  21    0.1969976 -1.89476e+01 
  22    0.2013113 -1.88927e+01 
  23    0.2057194 -1.88504e+01 
  24    0.2102241 -1.88153e+01 
  25    0.2148274 -1.87990e+01 
  26    0.2195315 -1.87469e+01 
  27    0.2243386 -1.86931e+01 
  28    0.2292510 -1.86590e+01 
  29    0.2342710 -1.86247e+01 
  30    0.2394008 -1.85813e+01 
  31    0.2446430 -1.85286e+01 
  32    0.2500000 -1.84853e+01 
  33    0.2554743 -1.84607e+01 
  34    0.2610684 -1.84183e+01 
  35    0.2667851 -1.83739e+01 
  36    0.2726269 -1.82947e+01 
  37    0.2785967 -1.82287e+01 
  38    0.2846972 -1.81975e+01 
  39    0.2909312 -1.81613e+01 
  40    0.2973018 -1.81032e+01 
  41    0.3038118 -1.80485e+01 
  42    0.3104645 -1.79816e+01 
  43    0.3172627 -1.79270e+01 
  44    0.3242099 -1.78705e+01 
  45    0.3313092 -1.77859e+01 
  46    0.3385639 -1.77316e+01 
  47    0.3459775 -1.76926e+01 
  48    0.3535534 -1.76749e+01 
  49    0.3612952 -1.76217e+01 
  50    0.3692065 -1.75784e+01 
  51    0.3772911 -1.75081e+01 
  52    0.3855527 -1.74349e+01 
  53    0.3939952 -1.73868e+01 
  54    0.4026226 -1.73435e+01 
  55    0.4114389 -1.72753e+01 
  56    0.4204482 -1.72172e+01 
  57    0.4296548 -1.71770e+01 
  58    0.4390630 -1.71176e+01 
  59    0.4486773 -1.70500e+01 
  60    0.4585020 -1.69489e+01 
  61    0.4685419 -1.68657e+01 
  62    0.4788016 -1.67835e+01 
  63    0.4892860 -1.67234e+01 
  64    0.5000000 -1.66742e+01 
  65    0.5109486 -1.65914e+01 
  66    0.5221369 -1.65202e+01 
  67    0.5335702 -1.64491e+01 
  68    0.5452539 -1.64060e+01 
  69    0.5571934 -1.63633e+01 
  70    0.5693943 -1.62867e+01 
  71    0.5818624 -1.62190e+01 
  72    0.5946036 -1.61806e+01 
  73    0.6076237 -1.61041e+01 
  74    0.6209289 -1.60425e+01 
  75    0.6345255 -1.59467e+01 
  76    0.6484198 -1.58495e+01 
  77    0.6626183 -1.57662e+01 
  78    0.6771278 -1.57160e+01 
  79    0.6919549 -1.56281e+01 
  80    0.7071068 -1.55654e+01 
  81    0.7225904 -1.54870e+01 
  82    0.7384131 -1.53897e+01 
  83    0.7545822 -1.53269e+01 
  84    0.7711054 -1.52253e+01 
  85    0.7879904 -1.51733e+01 
  86    0.8052452 -1.51516e+01 
  87    0.8228777 -1.50893e+01 
  88    0.8408964 -1.50311e+01 
  89    0.8593096 -1.49768e+01 
  90    0.8781261 -1.48898e+01 
  91    0.8973545 -1.48362e+01 
  92    0.9170040 -1.47928e+01 
  93    0.9370838 -1.47554e+01 
  94    0.9576033 -1.46914e+01 
  95    0.9785721 -1.46632e+01 
  96    1.0000000 -1.45899e+01 
  97    1.0218971 -1.44125e+01 
  98    1.0442738 -1.43118e+01 
  99    1.0671404 -1.41997e+01 
 100    1.0905077 -1.41254e+01 
 101    1.1143867 -1.40812e+01 
 102    1.1387886 -1.40481e+01 
 103    1.1637249 -1.39525e+01 
 104    1.1892071 -1.38697e+01 
 105    1.2152474 -1.37643e+01 
 106    1.2418578 -1.36969e+01 
 107    1.2690510 -1.36759e+01 
 108    1.2968396 -1.36664e+01 
 109    1.3252366 -1.36222e+01 
 110    1.3542555 -1.35834e+01 
 111    1.3839099 -1.35244e+01 
 112    1.4142136 -1.35032e+01 
 113    1.4451808 -1.34385e+01 
 114    1.4768261 -1.33655e+01 
 115    1.5091644 -1.32702e+01 
 116    1.5422108 -1.30356e+01 
 117    1.5759808 -1.28693e+01 
 118    1.6104903 -1.27923e+01 
 119    1.6457555 -1.24277e+01 
 120    1.6817928 -1.23110e+01 
 121    1.7186193 -1.21009e+01 
 122    1.7562522 -1.20405e+01 
 123    1.7947091 -1.17164e+01 
 124    1.8340081 -1.14944e+01 
 125    1.8741676 -1.12000e+01 
 126    1.9152066 -1.10421e+01 
 127    1.9571441 -1.09758e+01 
 128    2.0000000 -1.07262e+01 
 129    2.0437943 -1.01594e+01 
 130    2.0885476 -9.65992e+00 
 131    2.1342808 -9.20892e+00 
 132    2.1810155 -8.30753e+00 
 133    2.2287735 -7.45088e+00 
 134    2.2775773 -6.79132e+00 
 135    2.3274497 -6.37669e+00 
 136    2.3784142 -6.29698e+00 
 137    2.4304947 -5.53281e+00 
 138    2.4837156 -4.99065e+00 
 139    2.5381019 -4.03166e+00 
 140    2.5936791 -3.42276e+00 
 141    2.6504733 -2.87426e+00 
 142    2.7085111 -2.28325e+00 
 143    2.7678198 -1.88371e+00 
 144    2.8284271 -1.66159e+00 
 145    2.8903616 -1.52537e+00 
 146    2.9536523 -1.37617e+00 
 147    3.0183289 -8.24073e-01 
 148    3.0844217 -2.78545e-01 
 149    3.1519617 -1.59760e-01 
 150    3.2209807  0.00000e+00 
 151    3.2915110  0.00000e+00 
 152    3.3635857  0.00000e+00 
 153    3.4372386  0.00000e+00 
 154    3.5125043  0.00000e+00 
 155    3.5894182  0.00000e+00 
 156    3.6680162  0.00000e+00 
 157    3.7483353  0.00000e+00 
 158    3.8304131  0.00000e+00 
 159    3.9142882  0.00000e+00 
 160    4.0000000  0.00000e+00 
 161    4.0875886  0.00000e+00 
 162    4.1770951  0.00000e+00 
 163    4.2685616  0.00000e+00 
 164    4.3620309  0.00000e+00 
 165    4.4575470  0.00000e+00 
 166    4.5551545  0.00000e+00 
 167    4.6548994  0.00000e+00 
 168    4.7568285  0.00000e+00 
 169    4.8609894  0.00000e+00 
 170    4.9674312  0.00000e+00 
 171    5.0762038  0.00000e+00 
 172    5.1873582  0.00000e+00 
 173    5.3009466  0.00000e+00 
 174    5.4170222  0.00000e+00 
 175    5.5356395  0.00000e+00 
 176    5.6568542  0.00000e+00 
 177    5.7807232  0.00000e+00 
 178    5.9073046  0.00000e+00 
 179    6.0366577  0.00000e+00 
 180    6.1688433  0.00000e+00 
 181    6.3039234  0.00000e+00 
 182    6.4419613  0.00000e+00 
 183    6.5830219  0.00000e+00 
 184    6.7271713  0.00000e+00 
 185    6.8744772  0.00000e+00 
 186    7.0250086  0.00000e+00 
 187    7.1788363  0.00000e+00 
 188    7.3360323  0.00000e+00 
 189    7.4966705  0.00000e+00 


