# 1:iteration 2:time bin[s] 3-k:AB magnitude for k-th angular bin
# g-band (filter: g_LSST.dat)
   0    0.1250000 -1.48806e+01 
   1    0.1277371 -1.48863e+01 
   2    0.1305342 -1.48921e+01 
   3    0.1333926 -1.48981e+01 
   4    0.1363135 -1.49021e+01 
   5    0.1392983 -1.49054e+01 
   6    0.1423486 -1.49078e+01 
   7    0.1454656 -1.49087e+01 
   8    0.1486509 -1.49081e+01 
   9    0.1519059 -1.49061e+01 
  10    0.1552322 -1.49023e+01 
  11    0.1586314 -1.48983e+01 
  12    0.1621049 -1.48926e+01 
  13    0.1656546 -1.48864e+01 
  14    0.1692819 -1.48782e+01 
  15    0.1729887 -1.48692e+01 
  16    0.1767767 -1.48594e+01 
  17    0.1806476 -1.48484e+01 
  18    0.1846033 -1.48364e+01 
  19    0.1886456 -1.48231e+01 
  20    0.1927764 -1.48089e+01 
  21    0.1969976 -1.47941e+01 
  22    0.2013113 -1.47783e+01 
  23    0.2057194 -1.47603e+01 
  24    0.2102241 -1.47413e+01 
  25    0.2148274 -1.47208e+01 
  26    0.2195315 -1.46982e+01 
  27    0.2243386 -1.46750e+01 
  28    0.2292510 -1.46478e+01 
  29    0.2342710 -1.46190e+01 
  30    0.2394008 -1.45882e+01 
  31    0.2446430 -1.45546e+01 
  32    0.2500000 -1.45185e+01 
  33    0.2554743 -1.44791e+01 
  34    0.2610684 -1.44375e+01 
  35    0.2667851 -1.43961e+01 
  36    0.2726269 -1.43528e+01 
  37    0.2785967 -1.43096e+01 
  38    0.2846972 -1.42702e+01 
  39    0.2909312 -1.42318e+01 
  40    0.2973018 -1.41936e+01 
  41    0.3038118 -1.41561e+01 
  42    0.3104645 -1.41190e+01 
  43    0.3172627 -1.40843e+01 
  44    0.3242099 -1.40527e+01 
  45    0.3313092 -1.40231e+01 
  46    0.3385639 -1.39925e+01 
  47    0.3459775 -1.39635e+01 
  48    0.3535534 -1.39355e+01 
  49    0.3612952 -1.39077e+01 
  50    0.3692065 -1.38811e+01 
  51    0.3772911 -1.38544e+01 
  52    0.3855527 -1.38279e+01 
  53    0.3939952 -1.37993e+01 
  54    0.4026226 -1.37690e+01 
  55    0.4114389 -1.37413e+01 
  56    0.4204482 -1.37142e+01 
  57    0.4296548 -1.36890e+01 
  58    0.4390630 -1.36646e+01 
  59    0.4486773 -1.36380e+01 
  60    0.4585020 -1.36150e+01 
  61    0.4685419 -1.35908e+01 
  62    0.4788016 -1.35657e+01 
  63    0.4892860 -1.35432e+01 
  64    0.5000000 -1.35151e+01 
  65    0.5109486 -1.34899e+01 
  66    0.5221369 -1.34570e+01 
  67    0.5335702 -1.34224e+01 
  68    0.5452539 -1.33863e+01 
  69    0.5571934 -1.33608e+01 
  70    0.5693943 -1.33352e+01 
  71    0.5818624 -1.33014e+01 
  72    0.5946036 -1.32658e+01 
  73    0.6076237 -1.32258e+01 
  74    0.6209289 -1.31839e+01 
  75    0.6345255 -1.31348e+01 
  76    0.6484198 -1.30826e+01 
  77    0.6626183 -1.30321e+01 
  78    0.6771278 -1.29768e+01 
  79    0.6919549 -1.29290e+01 
  80    0.7071068 -1.29201e+01 
  81    0.7225904 -1.28919e+01 
  82    0.7384131 -1.28778e+01 
  83    0.7545822 -1.28719e+01 
  84    0.7711054 -1.28765e+01 
  85    0.7879904 -1.28890e+01 
  86    0.8052452 -1.29058e+01 
  87    0.8228777 -1.29388e+01 
  88    0.8408964 -1.29758e+01 
  89    0.8593096 -1.30496e+01 
  90    0.8781261 -1.31241e+01 
  91    0.8973545 -1.32156e+01 
  92    0.9170040 -1.32855e+01 
  93    0.9370838 -1.33653e+01 
  94    0.9576033 -1.34509e+01 
  95    0.9785721 -1.35409e+01 
  96    1.0000000 -1.36370e+01 
  97    1.0218971 -1.37384e+01 
  98    1.0442738 -1.38520e+01 
  99    1.0671404 -1.39687e+01 
 100    1.0905077 -1.40912e+01 
 101    1.1143867 -1.42014e+01 
 102    1.1387886 -1.43117e+01 
 103    1.1637249 -1.44262e+01 
 104    1.1892071 -1.45345e+01 
 105    1.2152474 -1.46360e+01 
 106    1.2418578 -1.47373e+01 
 107    1.2690510 -1.48248e+01 
 108    1.2968396 -1.49077e+01 
 109    1.3252366 -1.49830e+01 
 110    1.3542555 -1.50498e+01 
 111    1.3839099 -1.51090e+01 
 112    1.4142136 -1.51583e+01 
 113    1.4451808 -1.51948e+01 
 114    1.4768261 -1.52207e+01 
 115    1.5091644 -1.52423e+01 
 116    1.5422108 -1.52568e+01 
 117    1.5759808 -1.52719e+01 
 118    1.6104903 -1.52828e+01 
 119    1.6457555 -1.52902e+01 
 120    1.6817928 -1.52951e+01 
 121    1.7186193 -1.52948e+01 
 122    1.7562522 -1.52924e+01 
 123    1.7947091 -1.52868e+01 
 124    1.8340081 -1.52789e+01 
 125    1.8741676 -1.52727e+01 
 126    1.9152066 -1.52589e+01 
 127    1.9571441 -1.52359e+01 
 128    2.0000000 -1.52077e+01 
 129    2.0437943 -1.51588e+01 
 130    2.0885476 -1.50914e+01 
 131    2.1342808 -1.50137e+01 
 132    2.1810155 -1.49003e+01 
 133    2.2287735 -1.47654e+01 
 134    2.2775773 -1.46144e+01 
 135    2.3274497 -1.44344e+01 
 136    2.3784142 -1.42365e+01 
 137    2.4304947 -1.40147e+01 
 138    2.4837156 -1.37744e+01 
 139    2.5381019 -1.35136e+01 
 140    2.5936791 -1.32340e+01 
 141    2.6504733 -1.29388e+01 
 142    2.7085111 -1.26337e+01 
 143    2.7678198 -1.23212e+01 
 144    2.8284271 -1.20106e+01 
 145    2.8903616 -1.16972e+01 
 146    2.9536523 -1.13786e+01 
 147    3.0183289 -1.10527e+01 
 148    3.0844217 -1.07228e+01 
 149    3.1519617 -1.03885e+01 
 150    3.2209807 -1.00492e+01 
 151    3.2915110 -9.71426e+00 
 152    3.3635857 -9.37042e+00 
 153    3.4372386 -9.02332e+00 
 154    3.5125043 -8.67474e+00 
 155    3.5894182 -8.32885e+00 
 156    3.6680162 -7.96849e+00 
 157    3.7483353 -7.61646e+00 
 158    3.8304131 -7.27413e+00 
 159    3.9142882 -6.92095e+00 
 160    4.0000000 -6.59590e+00 
 161    4.0875886 -6.28098e+00 
 162    4.1770951 -5.97610e+00 
 163    4.2685616 -5.70515e+00 
 164    4.3620309 -5.45592e+00 
 165    4.4575470 -5.21901e+00 
 166    4.5551545 -5.01743e+00 
 167    4.6548994 -4.83305e+00 
 168    4.7568285 -4.67185e+00 
 169    4.8609894 -4.53726e+00 
 170    4.9674312 -4.41265e+00 
 171    5.0762038 -4.31148e+00 
 172    5.1873582 -4.22154e+00 
 173    5.3009466 -4.14422e+00 
 174    5.4170222 -4.07133e+00 
 175    5.5356395 -4.00684e+00 
 176    5.6568542 -3.94602e+00 
 177    5.7807232 -3.89119e+00 
 178    5.9073046 -3.83499e+00 
 179    6.0366577 -3.78217e+00 
 180    6.1688433 -3.72762e+00 
 181    6.3039234 -3.67543e+00 
 182    6.4419613 -3.62373e+00 
 183    6.5830219 -3.57083e+00 
 184    6.7271713 -3.51849e+00 
 185    6.8744772 -3.46637e+00 
 186    7.0250086 -3.41310e+00 
 187    7.1788363 -3.35881e+00 
 188    7.3360323 -3.30401e+00 
 189    7.4966705 -3.24922e+00 


# r-band (filter: r_LSST.dat)
   0    0.1250000 -1.49160e+01 
   1    0.1277371 -1.49325e+01 
   2    0.1305342 -1.49494e+01 
   3    0.1333926 -1.49666e+01 
   4    0.1363135 -1.49824e+01 
   5    0.1392983 -1.49967e+01 
   6    0.1423486 -1.50096e+01 
   7    0.1454656 -1.50215e+01 
   8    0.1486509 -1.50323e+01 
   9    0.1519059 -1.50432e+01 
  10    0.1552322 -1.50527e+01 
  11    0.1586314 -1.50612e+01 
  12    0.1621049 -1.50679e+01 
  13    0.1656546 -1.50749e+01 
  14    0.1692819 -1.50808e+01 
  15    0.1729887 -1.50861e+01 
  16    0.1767767 -1.50901e+01 
  17    0.1806476 -1.50944e+01 
  18    0.1846033 -1.50971e+01 
  19    0.1886456 -1.50985e+01 
  20    0.1927764 -1.50991e+01 
  21    0.1969976 -1.50984e+01 
  22    0.2013113 -1.50970e+01 
  23    0.2057194 -1.50952e+01 
  24    0.2102241 -1.50920e+01 
  25    0.2148274 -1.50876e+01 
  26    0.2195315 -1.50822e+01 
  27    0.2243386 -1.50764e+01 
  28    0.2292510 -1.50708e+01 
  29    0.2342710 -1.50617e+01 
  30    0.2394008 -1.50537e+01 
  31    0.2446430 -1.50437e+01 
  32    0.2500000 -1.50329e+01 
  33    0.2554743 -1.50220e+01 
  34    0.2610684 -1.50093e+01 
  35    0.2667851 -1.49971e+01 
  36    0.2726269 -1.49850e+01 
  37    0.2785967 -1.49725e+01 
  38    0.2846972 -1.49597e+01 
  39    0.2909312 -1.49444e+01 
  40    0.2973018 -1.49297e+01 
  41    0.3038118 -1.49168e+01 
  42    0.3104645 -1.49029e+01 
  43    0.3172627 -1.48896e+01 
  44    0.3242099 -1.48799e+01 
  45    0.3313092 -1.48706e+01 
  46    0.3385639 -1.48631e+01 
  47    0.3459775 -1.48562e+01 
  48    0.3535534 -1.48512e+01 
  49    0.3612952 -1.48463e+01 
  50    0.3692065 -1.48471e+01 
  51    0.3772911 -1.48500e+01 
  52    0.3855527 -1.48542e+01 
  53    0.3939952 -1.48619e+01 
  54    0.4026226 -1.48756e+01 
  55    0.4114389 -1.48864e+01 
  56    0.4204482 -1.48942e+01 
  57    0.4296548 -1.49011e+01 
  58    0.4390630 -1.49095e+01 
  59    0.4486773 -1.49216e+01 
  60    0.4585020 -1.49331e+01 
  61    0.4685419 -1.49440e+01 
  62    0.4788016 -1.49580e+01 
  63    0.4892860 -1.49798e+01 
  64    0.5000000 -1.50009e+01 
  65    0.5109486 -1.50265e+01 
  66    0.5221369 -1.50640e+01 
  67    0.5335702 -1.51013e+01 
  68    0.5452539 -1.51415e+01 
  69    0.5571934 -1.51782e+01 
  70    0.5693943 -1.52159e+01 
  71    0.5818624 -1.52645e+01 
  72    0.5946036 -1.53165e+01 
  73    0.6076237 -1.53663e+01 
  74    0.6209289 -1.54136e+01 
  75    0.6345255 -1.54578e+01 
  76    0.6484198 -1.55054e+01 
  77    0.6626183 -1.55468e+01 
  78    0.6771278 -1.55927e+01 
  79    0.6919549 -1.56385e+01 
  80    0.7071068 -1.56819e+01 
  81    0.7225904 -1.57251e+01 
  82    0.7384131 -1.57623e+01 
  83    0.7545822 -1.57902e+01 
  84    0.7711054 -1.58198e+01 
  85    0.7879904 -1.58434e+01 
  86    0.8052452 -1.58632e+01 
  87    0.8228777 -1.58807e+01 
  88    0.8408964 -1.58941e+01 
  89    0.8593096 -1.59062e+01 
  90    0.8781261 -1.59103e+01 
  91    0.8973545 -1.59154e+01 
  92    0.9170040 -1.59188e+01 
  93    0.9370838 -1.59214e+01 
  94    0.9576033 -1.59241e+01 
  95    0.9785721 -1.59279e+01 
  96    1.0000000 -1.59305e+01 
  97    1.0218971 -1.59369e+01 
  98    1.0442738 -1.59623e+01 
  99    1.0671404 -1.59900e+01 
 100    1.0905077 -1.60323e+01 
 101    1.1143867 -1.60729e+01 
 102    1.1387886 -1.60953e+01 
 103    1.1637249 -1.61151e+01 
 104    1.1892071 -1.61039e+01 
 105    1.2152474 -1.60879e+01 
 106    1.2418578 -1.60761e+01 
 107    1.2690510 -1.60555e+01 
 108    1.2968396 -1.60432e+01 
 109    1.3252366 -1.60098e+01 
 110    1.3542555 -1.59889e+01 
 111    1.3839099 -1.59600e+01 
 112    1.4142136 -1.59190e+01 
 113    1.4451808 -1.58700e+01 
 114    1.4768261 -1.58226e+01 
 115    1.5091644 -1.57974e+01 
 116    1.5422108 -1.57752e+01 
 117    1.5759808 -1.57626e+01 
 118    1.6104903 -1.57502e+01 
 119    1.6457555 -1.57434e+01 
 120    1.6817928 -1.57367e+01 
 121    1.7186193 -1.57258e+01 
 122    1.7562522 -1.57152e+01 
 123    1.7947091 -1.57015e+01 
 124    1.8340081 -1.56918e+01 
 125    1.8741676 -1.56898e+01 
 126    1.9152066 -1.56875e+01 
 127    1.9571441 -1.56864e+01 
 128    2.0000000 -1.56840e+01 
 129    2.0437943 -1.56834e+01 
 130    2.0885476 -1.56791e+01 
 131    2.1342808 -1.56713e+01 
 132    2.1810155 -1.56501e+01 
 133    2.2287735 -1.56159e+01 
 134    2.2775773 -1.55791e+01 
 135    2.3274497 -1.55169e+01 
 136    2.3784142 -1.54401e+01 
 137    2.4304947 -1.53545e+01 
 138    2.4837156 -1.52446e+01 
 139    2.5381019 -1.51183e+01 
 140    2.5936791 -1.49738e+01 
 141    2.6504733 -1.48120e+01 
 142    2.7085111 -1.46363e+01 
 143    2.7678198 -1.44468e+01 
 144    2.8284271 -1.42518e+01 
 145    2.8903616 -1.40498e+01 
 146    2.9536523 -1.38414e+01 
 147    3.0183289 -1.36243e+01 
 148    3.0844217 -1.34016e+01 
 149    3.1519617 -1.31705e+01 
 150    3.2209807 -1.29354e+01 
 151    3.2915110 -1.26883e+01 
 152    3.3635857 -1.24312e+01 
 153    3.4372386 -1.21676e+01 
 154    3.5125043 -1.18882e+01 
 155    3.5894182 -1.16001e+01 
 156    3.6680162 -1.13010e+01 
 157    3.7483353 -1.09927e+01 
 158    3.8304131 -1.06779e+01 
 159    3.9142882 -1.03496e+01 
 160    4.0000000 -1.00184e+01 
 161    4.0875886 -9.68384e+00 
 162    4.1770951 -9.34648e+00 
 163    4.2685616 -9.01005e+00 
 164    4.3620309 -8.68354e+00 
 165    4.4575470 -8.35476e+00 
 166    4.5551545 -8.04985e+00 
 167    4.6548994 -7.75885e+00 
 168    4.7568285 -7.46885e+00 
 169    4.8609894 -7.21349e+00 
 170    4.9674312 -6.98110e+00 
 171    5.0762038 -6.76658e+00 
 172    5.1873582 -6.56799e+00 
 173    5.3009466 -6.39581e+00 
 174    5.4170222 -6.23941e+00 
 175    5.5356395 -6.10792e+00 
 176    5.6568542 -5.99174e+00 
 177    5.7807232 -5.89406e+00 
 178    5.9073046 -5.80380e+00 
 179    6.0366577 -5.72693e+00 
 180    6.1688433 -5.65985e+00 
 181    6.3039234 -5.59849e+00 
 182    6.4419613 -5.54048e+00 
 183    6.5830219 -5.48675e+00 
 184    6.7271713 -5.43735e+00 
 185    6.8744772 -5.38990e+00 
 186    7.0250086 -5.34301e+00 
 187    7.1788363 -5.29528e+00 
 188    7.3360323 -5.24820e+00 
 189    7.4966705 -5.20173e+00 


# i-band (filter: i_LSST.dat)
   0    0.1250000 -1.44862e+01 
   1    0.1277371 -1.45081e+01 
   2    0.1305342 -1.45304e+01 
   3    0.1333926 -1.45533e+01 
   4    0.1363135 -1.45751e+01 
   5    0.1392983 -1.45964e+01 
   6    0.1423486 -1.46197e+01 
   7    0.1454656 -1.46391e+01 
   8    0.1486509 -1.46574e+01 
   9    0.1519059 -1.46768e+01 
  10    0.1552322 -1.46967e+01 
  11    0.1586314 -1.47168e+01 
  12    0.1621049 -1.47345e+01 
  13    0.1656546 -1.47534e+01 
  14    0.1692819 -1.47736e+01 
  15    0.1729887 -1.47933e+01 
  16    0.1767767 -1.48142e+01 
  17    0.1806476 -1.48340e+01 
  18    0.1846033 -1.48530e+01 
  19    0.1886456 -1.48703e+01 
  20    0.1927764 -1.48875e+01 
  21    0.1969976 -1.49037e+01 
  22    0.2013113 -1.49159e+01 
  23    0.2057194 -1.49251e+01 
  24    0.2102241 -1.49339e+01 
  25    0.2148274 -1.49387e+01 
  26    0.2195315 -1.49399e+01 
  27    0.2243386 -1.49376e+01 
  28    0.2292510 -1.49338e+01 
  29    0.2342710 -1.49277e+01 
  30    0.2394008 -1.49184e+01 
  31    0.2446430 -1.49081e+01 
  32    0.2500000 -1.48946e+01 
  33    0.2554743 -1.48781e+01 
  34    0.2610684 -1.48660e+01 
  35    0.2667851 -1.48631e+01 
  36    0.2726269 -1.48573e+01 
  37    0.2785967 -1.48573e+01 
  38    0.2846972 -1.48723e+01 
  39    0.2909312 -1.48924e+01 
  40    0.2973018 -1.49179e+01 
  41    0.3038118 -1.49506e+01 
  42    0.3104645 -1.49730e+01 
  43    0.3172627 -1.50051e+01 
  44    0.3242099 -1.50294e+01 
  45    0.3313092 -1.50459e+01 
  46    0.3385639 -1.50674e+01 
  47    0.3459775 -1.50799e+01 
  48    0.3535534 -1.51079e+01 
  49    0.3612952 -1.51180e+01 
  50    0.3692065 -1.51254e+01 
  51    0.3772911 -1.51311e+01 
  52    0.3855527 -1.51292e+01 
  53    0.3939952 -1.51270e+01 
  54    0.4026226 -1.51358e+01 
  55    0.4114389 -1.51424e+01 
  56    0.4204482 -1.51468e+01 
  57    0.4296548 -1.51622e+01 
  58    0.4390630 -1.51801e+01 
  59    0.4486773 -1.51934e+01 
  60    0.4585020 -1.52054e+01 
  61    0.4685419 -1.52231e+01 
  62    0.4788016 -1.52457e+01 
  63    0.4892860 -1.52678e+01 
  64    0.5000000 -1.52874e+01 
  65    0.5109486 -1.53085e+01 
  66    0.5221369 -1.53274e+01 
  67    0.5335702 -1.53497e+01 
  68    0.5452539 -1.53725e+01 
  69    0.5571934 -1.53947e+01 
  70    0.5693943 -1.54172e+01 
  71    0.5818624 -1.54397e+01 
  72    0.5946036 -1.54616e+01 
  73    0.6076237 -1.54832e+01 
  74    0.6209289 -1.55024e+01 
  75    0.6345255 -1.55219e+01 
  76    0.6484198 -1.55424e+01 
  77    0.6626183 -1.55632e+01 
  78    0.6771278 -1.55809e+01 
  79    0.6919549 -1.55965e+01 
  80    0.7071068 -1.56119e+01 
  81    0.7225904 -1.56258e+01 
  82    0.7384131 -1.56367e+01 
  83    0.7545822 -1.56474e+01 
  84    0.7711054 -1.56560e+01 
  85    0.7879904 -1.56613e+01 
  86    0.8052452 -1.56654e+01 
  87    0.8228777 -1.56674e+01 
  88    0.8408964 -1.56660e+01 
  89    0.8593096 -1.56634e+01 
  90    0.8781261 -1.56594e+01 
  91    0.8973545 -1.56521e+01 
  92    0.9170040 -1.56430e+01 
  93    0.9370838 -1.56323e+01 
  94    0.9576033 -1.56202e+01 
  95    0.9785721 -1.56048e+01 
  96    1.0000000 -1.55887e+01 
  97    1.0218971 -1.55739e+01 
  98    1.0442738 -1.55554e+01 
  99    1.0671404 -1.55334e+01 
 100    1.0905077 -1.55010e+01 
 101    1.1143867 -1.54567e+01 
 102    1.1387886 -1.53998e+01 
 103    1.1637249 -1.53389e+01 
 104    1.1892071 -1.52608e+01 
 105    1.2152474 -1.51806e+01 
 106    1.2418578 -1.50920e+01 
 107    1.2690510 -1.50080e+01 
 108    1.2968396 -1.49238e+01 
 109    1.3252366 -1.48291e+01 
 110    1.3542555 -1.47409e+01 
 111    1.3839099 -1.46356e+01 
 112    1.4142136 -1.45312e+01 
 113    1.4451808 -1.44198e+01 
 114    1.4768261 -1.43213e+01 
 115    1.5091644 -1.42315e+01 
 116    1.5422108 -1.41571e+01 
 117    1.5759808 -1.40917e+01 
 118    1.6104903 -1.40227e+01 
 119    1.6457555 -1.39709e+01 
 120    1.6817928 -1.39218e+01 
 121    1.7186193 -1.38760e+01 
 122    1.7562522 -1.38377e+01 
 123    1.7947091 -1.38117e+01 
 124    1.8340081 -1.37975e+01 
 125    1.8741676 -1.37912e+01 
 126    1.9152066 -1.37853e+01 
 127    1.9571441 -1.37799e+01 
 128    2.0000000 -1.37748e+01 
 129    2.0437943 -1.37689e+01 
 130    2.0885476 -1.37612e+01 
 131    2.1342808 -1.37525e+01 
 132    2.1810155 -1.37391e+01 
 133    2.2287735 -1.37209e+01 
 134    2.2775773 -1.37022e+01 
 135    2.3274497 -1.36768e+01 
 136    2.3784142 -1.36485e+01 
 137    2.4304947 -1.36172e+01 
 138    2.4837156 -1.35853e+01 
 139    2.5381019 -1.35503e+01 
 140    2.5936791 -1.35130e+01 
 141    2.6504733 -1.34785e+01 
 142    2.7085111 -1.34446e+01 
 143    2.7678198 -1.34109e+01 
 144    2.8284271 -1.33844e+01 
 145    2.8903616 -1.33605e+01 
 146    2.9536523 -1.33390e+01 
 147    3.0183289 -1.33197e+01 
 148    3.0844217 -1.33011e+01 
 149    3.1519617 -1.32798e+01 
 150    3.2209807 -1.32592e+01 
 151    3.2915110 -1.32258e+01 
 152    3.3635857 -1.31806e+01 
 153    3.4372386 -1.31296e+01 
 154    3.5125043 -1.30487e+01 
 155    3.5894182 -1.29444e+01 
 156    3.6680162 -1.28268e+01 
 157    3.7483353 -1.26730e+01 
 158    3.8304131 -1.24975e+01 
 159    3.9142882 -1.23002e+01 
 160    4.0000000 -1.20756e+01 
 161    4.0875886 -1.18284e+01 
 162    4.1770951 -1.15583e+01 
 163    4.2685616 -1.12718e+01 
 164    4.3620309 -1.09718e+01 
 165    4.4575470 -1.06549e+01 
 166    4.5551545 -1.03312e+01 
 167    4.6548994 -1.00015e+01 
 168    4.7568285 -9.66021e+00 
 169    4.8609894 -9.32070e+00 
 170    4.9674312 -8.98881e+00 
 171    5.0762038 -8.65903e+00 
 172    5.1873582 -8.32531e+00 
 173    5.3009466 -8.01506e+00 
 174    5.4170222 -7.72231e+00 
 175    5.5356395 -7.43826e+00 
 176    5.6568542 -7.17695e+00 
 177    5.7807232 -6.94038e+00 
 178    5.9073046 -6.71629e+00 
 179    6.0366577 -6.52390e+00 
 180    6.1688433 -6.35102e+00 
 181    6.3039234 -6.19566e+00 
 182    6.4419613 -6.06189e+00 
 183    6.5830219 -5.94656e+00 
 184    6.7271713 -5.84755e+00 
 185    6.8744772 -5.76146e+00 
 186    7.0250086 -5.67716e+00 
 187    7.1788363 -5.60024e+00 
 188    7.3360323 -5.53107e+00 
 189    7.4966705 -5.47021e+00 


# z-band (filter: z_LSST.dat)
   0    0.1250000 -1.41061e+01 
   1    0.1277371 -1.41281e+01 
   2    0.1305342 -1.41505e+01 
   3    0.1333926 -1.41734e+01 
   4    0.1363135 -1.41959e+01 
   5    0.1392983 -1.42175e+01 
   6    0.1423486 -1.42366e+01 
   7    0.1454656 -1.42587e+01 
   8    0.1486509 -1.42789e+01 
   9    0.1519059 -1.43010e+01 
  10    0.1552322 -1.43193e+01 
  11    0.1586314 -1.43395e+01 
  12    0.1621049 -1.43608e+01 
  13    0.1656546 -1.43839e+01 
  14    0.1692819 -1.44079e+01 
  15    0.1729887 -1.44306e+01 
  16    0.1767767 -1.44594e+01 
  17    0.1806476 -1.44860e+01 
  18    0.1846033 -1.45136e+01 
  19    0.1886456 -1.45428e+01 
  20    0.1927764 -1.45693e+01 
  21    0.1969976 -1.45949e+01 
  22    0.2013113 -1.46185e+01 
  23    0.2057194 -1.46485e+01 
  24    0.2102241 -1.46812e+01 
  25    0.2148274 -1.47223e+01 
  26    0.2195315 -1.47598e+01 
  27    0.2243386 -1.47878e+01 
  28    0.2292510 -1.48053e+01 
  29    0.2342710 -1.48526e+01 
  30    0.2394008 -1.48897e+01 
  31    0.2446430 -1.49203e+01 
  32    0.2500000 -1.49461e+01 
  33    0.2554743 -1.49742e+01 
  34    0.2610684 -1.49977e+01 
  35    0.2667851 -1.50315e+01 
  36    0.2726269 -1.50592e+01 
  37    0.2785967 -1.50758e+01 
  38    0.2846972 -1.50917e+01 
  39    0.2909312 -1.50916e+01 
  40    0.2973018 -1.50748e+01 
  41    0.3038118 -1.50147e+01 
  42    0.3104645 -1.49558e+01 
  43    0.3172627 -1.48929e+01 
  44    0.3242099 -1.48222e+01 
  45    0.3313092 -1.47546e+01 
  46    0.3385639 -1.46617e+01 
  47    0.3459775 -1.45672e+01 
  48    0.3535534 -1.44736e+01 
  49    0.3612952 -1.43777e+01 
  50    0.3692065 -1.42846e+01 
  51    0.3772911 -1.41942e+01 
  52    0.3855527 -1.41244e+01 
  53    0.3939952 -1.40610e+01 
  54    0.4026226 -1.40031e+01 
  55    0.4114389 -1.39496e+01 
  56    0.4204482 -1.39069e+01 
  57    0.4296548 -1.38610e+01 
  58    0.4390630 -1.38270e+01 
  59    0.4486773 -1.37950e+01 
  60    0.4585020 -1.37644e+01 
  61    0.4685419 -1.37295e+01 
  62    0.4788016 -1.37093e+01 
  63    0.4892860 -1.36927e+01 
  64    0.5000000 -1.36764e+01 
  65    0.5109486 -1.36633e+01 
  66    0.5221369 -1.36553e+01 
  67    0.5335702 -1.36426e+01 
  68    0.5452539 -1.36367e+01 
  69    0.5571934 -1.36333e+01 
  70    0.5693943 -1.36339e+01 
  71    0.5818624 -1.36372e+01 
  72    0.5946036 -1.36439e+01 
  73    0.6076237 -1.36586e+01 
  74    0.6209289 -1.36676e+01 
  75    0.6345255 -1.36822e+01 
  76    0.6484198 -1.36973e+01 
  77    0.6626183 -1.37166e+01 
  78    0.6771278 -1.37413e+01 
  79    0.6919549 -1.37666e+01 
  80    0.7071068 -1.37979e+01 
  81    0.7225904 -1.38288e+01 
  82    0.7384131 -1.38590e+01 
  83    0.7545822 -1.38972e+01 
  84    0.7711054 -1.39373e+01 
  85    0.7879904 -1.39776e+01 
  86    0.8052452 -1.40178e+01 
  87    0.8228777 -1.40596e+01 
  88    0.8408964 -1.40997e+01 
  89    0.8593096 -1.41361e+01 
  90    0.8781261 -1.41742e+01 
  91    0.8973545 -1.42111e+01 
  92    0.9170040 -1.42464e+01 
  93    0.9370838 -1.42801e+01 
  94    0.9576033 -1.43133e+01 
  95    0.9785721 -1.43426e+01 
  96    1.0000000 -1.43713e+01 
  97    1.0218971 -1.43990e+01 
  98    1.0442738 -1.44233e+01 
  99    1.0671404 -1.44462e+01 
 100    1.0905077 -1.44599e+01 
 101    1.1143867 -1.44675e+01 
 102    1.1387886 -1.44734e+01 
 103    1.1637249 -1.44765e+01 
 104    1.1892071 -1.44767e+01 
 105    1.2152474 -1.44752e+01 
 106    1.2418578 -1.44699e+01 
 107    1.2690510 -1.44668e+01 
 108    1.2968396 -1.44609e+01 
 109    1.3252366 -1.44520e+01 
 110    1.3542555 -1.44447e+01 
 111    1.3839099 -1.44306e+01 
 112    1.4142136 -1.44184e+01 
 113    1.4451808 -1.44013e+01 
 114    1.4768261 -1.43851e+01 
 115    1.5091644 -1.43673e+01 
 116    1.5422108 -1.43491e+01 
 117    1.5759808 -1.43298e+01 
 118    1.6104903 -1.43077e+01 
 119    1.6457555 -1.42871e+01 
 120    1.6817928 -1.42651e+01 
 121    1.7186193 -1.42408e+01 
 122    1.7562522 -1.42158e+01 
 123    1.7947091 -1.41920e+01 
 124    1.8340081 -1.41696e+01 
 125    1.8741676 -1.41478e+01 
 126    1.9152066 -1.41239e+01 
 127    1.9571441 -1.40994e+01 
 128    2.0000000 -1.40719e+01 
 129    2.0437943 -1.40427e+01 
 130    2.0885476 -1.40091e+01 
 131    2.1342808 -1.39734e+01 
 132    2.1810155 -1.39303e+01 
 133    2.2287735 -1.38803e+01 
 134    2.2775773 -1.38275e+01 
 135    2.3274497 -1.37639e+01 
 136    2.3784142 -1.36931e+01 
 137    2.4304947 -1.36190e+01 
 138    2.4837156 -1.35410e+01 
 139    2.5381019 -1.34629e+01 
 140    2.5936791 -1.33803e+01 
 141    2.6504733 -1.33057e+01 
 142    2.7085111 -1.32356e+01 
 143    2.7678198 -1.31639e+01 
 144    2.8284271 -1.31075e+01 
 145    2.8903616 -1.30572e+01 
 146    2.9536523 -1.30140e+01 
 147    3.0183289 -1.29799e+01 
 148    3.0844217 -1.29533e+01 
 149    3.1519617 -1.29352e+01 
 150    3.2209807 -1.29259e+01 
 151    3.2915110 -1.29204e+01 
 152    3.3635857 -1.29178e+01 
 153    3.4372386 -1.29169e+01 
 154    3.5125043 -1.29092e+01 
 155    3.5894182 -1.28904e+01 
 156    3.6680162 -1.28669e+01 
 157    3.7483353 -1.28120e+01 
 158    3.8304131 -1.27384e+01 
 159    3.9142882 -1.26578e+01 
 160    4.0000000 -1.25439e+01 
 161    4.0875886 -1.24114e+01 
 162    4.1770951 -1.22580e+01 
 163    4.2685616 -1.20742e+01 
 164    4.3620309 -1.18672e+01 
 165    4.4575470 -1.16378e+01 
 166    4.5551545 -1.13816e+01 
 167    4.6548994 -1.11080e+01 
 168    4.7568285 -1.08222e+01 
 169    4.8609894 -1.05237e+01 
 170    4.9674312 -1.02168e+01 
 171    5.0762038 -9.89483e+00 
 172    5.1873582 -9.56431e+00 
 173    5.3009466 -9.22601e+00 
 174    5.4170222 -8.88336e+00 
 175    5.5356395 -8.53510e+00 
 176    5.6568542 -8.20015e+00 
 177    5.7807232 -7.86247e+00 
 178    5.9073046 -7.53927e+00 
 179    6.0366577 -7.22101e+00 
 180    6.1688433 -6.92461e+00 
 181    6.3039234 -6.62594e+00 
 182    6.4419613 -6.36210e+00 
 183    6.5830219 -6.12036e+00 
 184    6.7271713 -5.88982e+00 
 185    6.8744772 -5.69931e+00 
 186    7.0250086 -5.50728e+00 
 187    7.1788363 -5.32545e+00 
 188    7.3360323 -5.15792e+00 
 189    7.4966705 -5.01627e+00 


# y-band (filter: y_LSST.dat)
   0    0.1250000 -1.38612e+01 
   1    0.1277371 -1.39107e+01 
   2    0.1305342 -1.39612e+01 
   3    0.1333926 -1.40129e+01 
   4    0.1363135 -1.40525e+01 
   5    0.1392983 -1.40996e+01 
   6    0.1423486 -1.41811e+01 
   7    0.1454656 -1.42518e+01 
   8    0.1486509 -1.43277e+01 
   9    0.1519059 -1.44207e+01 
  10    0.1552322 -1.44978e+01 
  11    0.1586314 -1.45733e+01 
  12    0.1621049 -1.46365e+01 
  13    0.1656546 -1.47106e+01 
  14    0.1692819 -1.47751e+01 
  15    0.1729887 -1.48533e+01 
  16    0.1767767 -1.49220e+01 
  17    0.1806476 -1.49772e+01 
  18    0.1846033 -1.50116e+01 
  19    0.1886456 -1.50542e+01 
  20    0.1927764 -1.50894e+01 
  21    0.1969976 -1.51084e+01 
  22    0.2013113 -1.51300e+01 
  23    0.2057194 -1.51561e+01 
  24    0.2102241 -1.51754e+01 
  25    0.2148274 -1.51970e+01 
  26    0.2195315 -1.52285e+01 
  27    0.2243386 -1.52563e+01 
  28    0.2292510 -1.53311e+01 
  29    0.2342710 -1.54001e+01 
  30    0.2394008 -1.54656e+01 
  31    0.2446430 -1.55315e+01 
  32    0.2500000 -1.55931e+01 
  33    0.2554743 -1.56637e+01 
  34    0.2610684 -1.57147e+01 
  35    0.2667851 -1.57346e+01 
  36    0.2726269 -1.57542e+01 
  37    0.2785967 -1.57631e+01 
  38    0.2846972 -1.57662e+01 
  39    0.2909312 -1.57638e+01 
  40    0.2973018 -1.57317e+01 
  41    0.3038118 -1.57084e+01 
  42    0.3104645 -1.56854e+01 
  43    0.3172627 -1.56487e+01 
  44    0.3242099 -1.56130e+01 
  45    0.3313092 -1.55686e+01 
  46    0.3385639 -1.55347e+01 
  47    0.3459775 -1.55074e+01 
  48    0.3535534 -1.54734e+01 
  49    0.3612952 -1.54403e+01 
  50    0.3692065 -1.54058e+01 
  51    0.3772911 -1.53611e+01 
  52    0.3855527 -1.53089e+01 
  53    0.3939952 -1.52542e+01 
  54    0.4026226 -1.51953e+01 
  55    0.4114389 -1.51356e+01 
  56    0.4204482 -1.50787e+01 
  57    0.4296548 -1.50184e+01 
  58    0.4390630 -1.49544e+01 
  59    0.4486773 -1.48911e+01 
  60    0.4585020 -1.48304e+01 
  61    0.4685419 -1.47727e+01 
  62    0.4788016 -1.47128e+01 
  63    0.4892860 -1.46592e+01 
  64    0.5000000 -1.46100e+01 
  65    0.5109486 -1.45577e+01 
  66    0.5221369 -1.45124e+01 
  67    0.5335702 -1.44649e+01 
  68    0.5452539 -1.44209e+01 
  69    0.5571934 -1.43804e+01 
  70    0.5693943 -1.43454e+01 
  71    0.5818624 -1.43119e+01 
  72    0.5946036 -1.42827e+01 
  73    0.6076237 -1.42561e+01 
  74    0.6209289 -1.42307e+01 
  75    0.6345255 -1.42072e+01 
  76    0.6484198 -1.41855e+01 
  77    0.6626183 -1.41708e+01 
  78    0.6771278 -1.41562e+01 
  79    0.6919549 -1.41420e+01 
  80    0.7071068 -1.41304e+01 
  81    0.7225904 -1.41230e+01 
  82    0.7384131 -1.41176e+01 
  83    0.7545822 -1.41176e+01 
  84    0.7711054 -1.41188e+01 
  85    0.7879904 -1.41232e+01 
  86    0.8052452 -1.41334e+01 
  87    0.8228777 -1.41448e+01 
  88    0.8408964 -1.41618e+01 
  89    0.8593096 -1.41817e+01 
  90    0.8781261 -1.42068e+01 
  91    0.8973545 -1.42392e+01 
  92    0.9170040 -1.42744e+01 
  93    0.9370838 -1.43129e+01 
  94    0.9576033 -1.43555e+01 
  95    0.9785721 -1.44000e+01 
  96    1.0000000 -1.44468e+01 
  97    1.0218971 -1.44943e+01 
  98    1.0442738 -1.45431e+01 
  99    1.0671404 -1.45952e+01 
 100    1.0905077 -1.46437e+01 
 101    1.1143867 -1.46909e+01 
 102    1.1387886 -1.47376e+01 
 103    1.1637249 -1.47842e+01 
 104    1.1892071 -1.48275e+01 
 105    1.2152474 -1.48677e+01 
 106    1.2418578 -1.49049e+01 
 107    1.2690510 -1.49359e+01 
 108    1.2968396 -1.49652e+01 
 109    1.3252366 -1.49922e+01 
 110    1.3542555 -1.50118e+01 
 111    1.3839099 -1.50269e+01 
 112    1.4142136 -1.50397e+01 
 113    1.4451808 -1.50454e+01 
 114    1.4768261 -1.50477e+01 
 115    1.5091644 -1.50452e+01 
 116    1.5422108 -1.50397e+01 
 117    1.5759808 -1.50318e+01 
 118    1.6104903 -1.50209e+01 
 119    1.6457555 -1.50104e+01 
 120    1.6817928 -1.49986e+01 
 121    1.7186193 -1.49843e+01 
 122    1.7562522 -1.49708e+01 
 123    1.7947091 -1.49559e+01 
 124    1.8340081 -1.49413e+01 
 125    1.8741676 -1.49268e+01 
 126    1.9152066 -1.49119e+01 
 127    1.9571441 -1.48957e+01 
 128    2.0000000 -1.48791e+01 
 129    2.0437943 -1.48609e+01 
 130    2.0885476 -1.48404e+01 
 131    2.1342808 -1.48186e+01 
 132    2.1810155 -1.47931e+01 
 133    2.2287735 -1.47626e+01 
 134    2.2775773 -1.47291e+01 
 135    2.3274497 -1.46838e+01 
 136    2.3784142 -1.46281e+01 
 137    2.4304947 -1.45672e+01 
 138    2.4837156 -1.44860e+01 
 139    2.5381019 -1.43894e+01 
 140    2.5936791 -1.42848e+01 
 141    2.6504733 -1.41576e+01 
 142    2.7085111 -1.40162e+01 
 143    2.7678198 -1.38616e+01 
 144    2.8284271 -1.36952e+01 
 145    2.8903616 -1.35256e+01 
 146    2.9536523 -1.33559e+01 
 147    3.0183289 -1.31775e+01 
 148    3.0844217 -1.30167e+01 
 149    3.1519617 -1.28650e+01 
 150    3.2209807 -1.27161e+01 
 151    3.2915110 -1.25936e+01 
 152    3.3635857 -1.24834e+01 
 153    3.4372386 -1.23871e+01 
 154    3.5125043 -1.23062e+01 
 155    3.5894182 -1.22341e+01 
 156    3.6680162 -1.21770e+01 
 157    3.7483353 -1.21160e+01 
 158    3.8304131 -1.20541e+01 
 159    3.9142882 -1.19964e+01 
 160    4.0000000 -1.19246e+01 
 161    4.0875886 -1.18412e+01 
 162    4.1770951 -1.17528e+01 
 163    4.2685616 -1.16415e+01 
 164    4.3620309 -1.15111e+01 
 165    4.4575470 -1.13641e+01 
 166    4.5551545 -1.11923e+01 
 167    4.6548994 -1.09986e+01 
 168    4.7568285 -1.07878e+01 
 169    4.8609894 -1.05518e+01 
 170    4.9674312 -1.03018e+01 
 171    5.0762038 -1.00337e+01 
 172    5.1873582 -9.75268e+00 
 173    5.3009466 -9.46100e+00 
 174    5.4170222 -9.16724e+00 
 175    5.5356395 -8.85502e+00 
 176    5.6568542 -8.53130e+00 
 177    5.7807232 -8.20802e+00 
 178    5.9073046 -7.87270e+00 
 179    6.0366577 -7.52259e+00 
 180    6.1688433 -7.19220e+00 
 181    6.3039234 -6.85858e+00 
 182    6.4419613 -6.50735e+00 
 183    6.5830219 -6.19534e+00 
 184    6.7271713 -5.88124e+00 
 185    6.8744772 -5.60432e+00 
 186    7.0250086 -5.31009e+00 
 187    7.1788363 -5.01462e+00 
 188    7.3360323 -4.73273e+00 
 189    7.4966705 -4.48607e+00 


# J-band (filter: J_2MASS.dat)
   0    0.1250000 -1.35056e+01 
   1    0.1277371 -1.36649e+01 
   2    0.1305342 -1.38277e+01 
   3    0.1333926 -1.39941e+01 
   4    0.1363135 -1.41298e+01 
   5    0.1392983 -1.42798e+01 
   6    0.1423486 -1.44236e+01 
   7    0.1454656 -1.45527e+01 
   8    0.1486509 -1.46692e+01 
   9    0.1519059 -1.47802e+01 
  10    0.1552322 -1.48846e+01 
  11    0.1586314 -1.49770e+01 
  12    0.1621049 -1.50775e+01 
  13    0.1656546 -1.51706e+01 
  14    0.1692819 -1.52426e+01 
  15    0.1729887 -1.53008e+01 
  16    0.1767767 -1.53482e+01 
  17    0.1806476 -1.53861e+01 
  18    0.1846033 -1.54289e+01 
  19    0.1886456 -1.54689e+01 
  20    0.1927764 -1.55024e+01 
  21    0.1969976 -1.55252e+01 
  22    0.2013113 -1.55509e+01 
  23    0.2057194 -1.55827e+01 
  24    0.2102241 -1.56095e+01 
  25    0.2148274 -1.56443e+01 
  26    0.2195315 -1.56705e+01 
  27    0.2243386 -1.57127e+01 
  28    0.2292510 -1.57157e+01 
  29    0.2342710 -1.57108e+01 
  30    0.2394008 -1.57133e+01 
  31    0.2446430 -1.57107e+01 
  32    0.2500000 -1.57122e+01 
  33    0.2554743 -1.57100e+01 
  34    0.2610684 -1.57197e+01 
  35    0.2667851 -1.57214e+01 
  36    0.2726269 -1.57128e+01 
  37    0.2785967 -1.57071e+01 
  38    0.2846972 -1.57069e+01 
  39    0.2909312 -1.57080e+01 
  40    0.2973018 -1.57329e+01 
  41    0.3038118 -1.57574e+01 
  42    0.3104645 -1.57808e+01 
  43    0.3172627 -1.58022e+01 
  44    0.3242099 -1.58248e+01 
  45    0.3313092 -1.58412e+01 
  46    0.3385639 -1.58582e+01 
  47    0.3459775 -1.58754e+01 
  48    0.3535534 -1.58907e+01 
  49    0.3612952 -1.59018e+01 
  50    0.3692065 -1.59078e+01 
  51    0.3772911 -1.59151e+01 
  52    0.3855527 -1.59216e+01 
  53    0.3939952 -1.59246e+01 
  54    0.4026226 -1.59280e+01 
  55    0.4114389 -1.59303e+01 
  56    0.4204482 -1.59290e+01 
  57    0.4296548 -1.59281e+01 
  58    0.4390630 -1.59252e+01 
  59    0.4486773 -1.59210e+01 
  60    0.4585020 -1.59132e+01 
  61    0.4685419 -1.59061e+01 
  62    0.4788016 -1.58992e+01 
  63    0.4892860 -1.58884e+01 
  64    0.5000000 -1.58768e+01 
  65    0.5109486 -1.58642e+01 
  66    0.5221369 -1.58481e+01 
  67    0.5335702 -1.58311e+01 
  68    0.5452539 -1.58134e+01 
  69    0.5571934 -1.57933e+01 
  70    0.5693943 -1.57744e+01 
  71    0.5818624 -1.57543e+01 
  72    0.5946036 -1.57329e+01 
  73    0.6076237 -1.57113e+01 
  74    0.6209289 -1.56881e+01 
  75    0.6345255 -1.56649e+01 
  76    0.6484198 -1.56405e+01 
  77    0.6626183 -1.56134e+01 
  78    0.6771278 -1.55891e+01 
  79    0.6919549 -1.55648e+01 
  80    0.7071068 -1.55391e+01 
  81    0.7225904 -1.55140e+01 
  82    0.7384131 -1.54889e+01 
  83    0.7545822 -1.54625e+01 
  84    0.7711054 -1.54373e+01 
  85    0.7879904 -1.54100e+01 
  86    0.8052452 -1.53832e+01 
  87    0.8228777 -1.53565e+01 
  88    0.8408964 -1.53306e+01 
  89    0.8593096 -1.53081e+01 
  90    0.8781261 -1.52819e+01 
  91    0.8973545 -1.52585e+01 
  92    0.9170040 -1.52368e+01 
  93    0.9370838 -1.52153e+01 
  94    0.9576033 -1.51955e+01 
  95    0.9785721 -1.51777e+01 
  96    1.0000000 -1.51609e+01 
  97    1.0218971 -1.51478e+01 
  98    1.0442738 -1.51331e+01 
  99    1.0671404 -1.51184e+01 
 100    1.0905077 -1.51007e+01 
 101    1.1143867 -1.50819e+01 
 102    1.1387886 -1.50653e+01 
 103    1.1637249 -1.50480e+01 
 104    1.1892071 -1.50337e+01 
 105    1.2152474 -1.50214e+01 
 106    1.2418578 -1.50083e+01 
 107    1.2690510 -1.49991e+01 
 108    1.2968396 -1.49925e+01 
 109    1.3252366 -1.49861e+01 
 110    1.3542555 -1.49835e+01 
 111    1.3839099 -1.49823e+01 
 112    1.4142136 -1.49855e+01 
 113    1.4451808 -1.49890e+01 
 114    1.4768261 -1.49941e+01 
 115    1.5091644 -1.49995e+01 
 116    1.5422108 -1.50043e+01 
 117    1.5759808 -1.50079e+01 
 118    1.6104903 -1.50118e+01 
 119    1.6457555 -1.50137e+01 
 120    1.6817928 -1.50144e+01 
 121    1.7186193 -1.50143e+01 
 122    1.7562522 -1.50129e+01 
 123    1.7947091 -1.50106e+01 
 124    1.8340081 -1.50073e+01 
 125    1.8741676 -1.50033e+01 
 126    1.9152066 -1.49990e+01 
 127    1.9571441 -1.49941e+01 
 128    2.0000000 -1.49891e+01 
 129    2.0437943 -1.49862e+01 
 130    2.0885476 -1.49841e+01 
 131    2.1342808 -1.49820e+01 
 132    2.1810155 -1.49832e+01 
 133    2.2287735 -1.49866e+01 
 134    2.2775773 -1.49917e+01 
 135    2.3274497 -1.50013e+01 
 136    2.3784142 -1.50140e+01 
 137    2.4304947 -1.50290e+01 
 138    2.4837156 -1.50472e+01 
 139    2.5381019 -1.50662e+01 
 140    2.5936791 -1.50874e+01 
 141    2.6504733 -1.51063e+01 
 142    2.7085111 -1.51218e+01 
 143    2.7678198 -1.51374e+01 
 144    2.8284271 -1.51415e+01 
 145    2.8903616 -1.51372e+01 
 146    2.9536523 -1.51212e+01 
 147    3.0183289 -1.50983e+01 
 148    3.0844217 -1.50515e+01 
 149    3.1519617 -1.49866e+01 
 150    3.2209807 -1.49080e+01 
 151    3.2915110 -1.47973e+01 
 152    3.3635857 -1.46607e+01 
 153    3.4372386 -1.45050e+01 
 154    3.5125043 -1.43099e+01 
 155    3.5894182 -1.40842e+01 
 156    3.6680162 -1.38345e+01 
 157    3.7483353 -1.35427e+01 
 158    3.8304131 -1.32231e+01 
 159    3.9142882 -1.28752e+01 
 160    4.0000000 -1.24965e+01 
 161    4.0875886 -1.21004e+01 
 162    4.1770951 -1.16784e+01 
 163    4.2685616 -1.12491e+01 
 164    4.3620309 -1.08216e+01 
 165    4.4575470 -1.03802e+01 
 166    4.5551545 -9.96426e+00 
 167    4.6548994 -9.56052e+00 
 168    4.7568285 -9.16175e+00 
 169    4.8609894 -8.79674e+00 
 170    4.9674312 -8.45624e+00 
 171    5.0762038 -8.13564e+00 
 172    5.1873582 -7.83807e+00 
 173    5.3009466 -7.56306e+00 
 174    5.4170222 -7.31603e+00 
 175    5.5356395 -7.09152e+00 
 176    5.6568542 -6.89122e+00 
 177    5.7807232 -6.69922e+00 
 178    5.9073046 -6.51936e+00 
 179    6.0366577 -6.35196e+00 
 180    6.1688433 -6.18775e+00 
 181    6.3039234 -6.03671e+00 
 182    6.4419613 -5.88179e+00 
 183    6.5830219 -5.73199e+00 
 184    6.7271713 -5.58710e+00 
 185    6.8744772 -5.44610e+00 
 186    7.0250086 -5.30080e+00 
 187    7.1788363 -5.15040e+00 
 188    7.3360323 -4.99937e+00 
 189    7.4966705 -4.84890e+00 


# H-band (filter: H_2MASS.dat)
   0    0.1250000 -1.40106e+01 
   1    0.1277371 -1.41529e+01 
   2    0.1305342 -1.42983e+01 
   3    0.1333926 -1.44470e+01 
   4    0.1363135 -1.45769e+01 
   5    0.1392983 -1.47209e+01 
   6    0.1423486 -1.48468e+01 
   7    0.1454656 -1.49757e+01 
   8    0.1486509 -1.50942e+01 
   9    0.1519059 -1.52041e+01 
  10    0.1552322 -1.53216e+01 
  11    0.1586314 -1.54308e+01 
  12    0.1621049 -1.55314e+01 
  13    0.1656546 -1.56078e+01 
  14    0.1692819 -1.56924e+01 
  15    0.1729887 -1.57725e+01 
  16    0.1767767 -1.58424e+01 
  17    0.1806476 -1.59011e+01 
  18    0.1846033 -1.59591e+01 
  19    0.1886456 -1.60044e+01 
  20    0.1927764 -1.60443e+01 
  21    0.1969976 -1.60762e+01 
  22    0.2013113 -1.61007e+01 
  23    0.2057194 -1.61223e+01 
  24    0.2102241 -1.61458e+01 
  25    0.2148274 -1.61578e+01 
  26    0.2195315 -1.61667e+01 
  27    0.2243386 -1.61772e+01 
  28    0.2292510 -1.61865e+01 
  29    0.2342710 -1.61905e+01 
  30    0.2394008 -1.61853e+01 
  31    0.2446430 -1.61841e+01 
  32    0.2500000 -1.61789e+01 
  33    0.2554743 -1.61714e+01 
  34    0.2610684 -1.61608e+01 
  35    0.2667851 -1.61467e+01 
  36    0.2726269 -1.61308e+01 
  37    0.2785967 -1.61131e+01 
  38    0.2846972 -1.60923e+01 
  39    0.2909312 -1.60658e+01 
  40    0.2973018 -1.60390e+01 
  41    0.3038118 -1.60111e+01 
  42    0.3104645 -1.59804e+01 
  43    0.3172627 -1.59444e+01 
  44    0.3242099 -1.59071e+01 
  45    0.3313092 -1.58665e+01 
  46    0.3385639 -1.58240e+01 
  47    0.3459775 -1.57765e+01 
  48    0.3535534 -1.57300e+01 
  49    0.3612952 -1.56833e+01 
  50    0.3692065 -1.56407e+01 
  51    0.3772911 -1.55949e+01 
  52    0.3855527 -1.55460e+01 
  53    0.3939952 -1.54929e+01 
  54    0.4026226 -1.54425e+01 
  55    0.4114389 -1.53936e+01 
  56    0.4204482 -1.53436e+01 
  57    0.4296548 -1.52935e+01 
  58    0.4390630 -1.52484e+01 
  59    0.4486773 -1.52033e+01 
  60    0.4585020 -1.51574e+01 
  61    0.4685419 -1.51107e+01 
  62    0.4788016 -1.50667e+01 
  63    0.4892860 -1.50256e+01 
  64    0.5000000 -1.49863e+01 
  65    0.5109486 -1.49479e+01 
  66    0.5221369 -1.49169e+01 
  67    0.5335702 -1.48892e+01 
  68    0.5452539 -1.48610e+01 
  69    0.5571934 -1.48397e+01 
  70    0.5693943 -1.48177e+01 
  71    0.5818624 -1.47996e+01 
  72    0.5946036 -1.47881e+01 
  73    0.6076237 -1.47765e+01 
  74    0.6209289 -1.47642e+01 
  75    0.6345255 -1.47544e+01 
  76    0.6484198 -1.47475e+01 
  77    0.6626183 -1.47414e+01 
  78    0.6771278 -1.47336e+01 
  79    0.6919549 -1.47269e+01 
  80    0.7071068 -1.47201e+01 
  81    0.7225904 -1.47123e+01 
  82    0.7384131 -1.47062e+01 
  83    0.7545822 -1.46996e+01 
  84    0.7711054 -1.46905e+01 
  85    0.7879904 -1.46823e+01 
  86    0.8052452 -1.46751e+01 
  87    0.8228777 -1.46681e+01 
  88    0.8408964 -1.46598e+01 
  89    0.8593096 -1.46510e+01 
  90    0.8781261 -1.46440e+01 
  91    0.8973545 -1.46376e+01 
  92    0.9170040 -1.46311e+01 
  93    0.9370838 -1.46257e+01 
  94    0.9576033 -1.46210e+01 
  95    0.9785721 -1.46155e+01 
  96    1.0000000 -1.46124e+01 
  97    1.0218971 -1.46084e+01 
  98    1.0442738 -1.46040e+01 
  99    1.0671404 -1.46009e+01 
 100    1.0905077 -1.45977e+01 
 101    1.1143867 -1.45956e+01 
 102    1.1387886 -1.45943e+01 
 103    1.1637249 -1.45911e+01 
 104    1.1892071 -1.45909e+01 
 105    1.2152474 -1.45922e+01 
 106    1.2418578 -1.45921e+01 
 107    1.2690510 -1.45957e+01 
 108    1.2968396 -1.46014e+01 
 109    1.3252366 -1.46076e+01 
 110    1.3542555 -1.46158e+01 
 111    1.3839099 -1.46265e+01 
 112    1.4142136 -1.46376e+01 
 113    1.4451808 -1.46507e+01 
 114    1.4768261 -1.46645e+01 
 115    1.5091644 -1.46800e+01 
 116    1.5422108 -1.46955e+01 
 117    1.5759808 -1.47099e+01 
 118    1.6104903 -1.47258e+01 
 119    1.6457555 -1.47397e+01 
 120    1.6817928 -1.47524e+01 
 121    1.7186193 -1.47662e+01 
 122    1.7562522 -1.47787e+01 
 123    1.7947091 -1.47895e+01 
 124    1.8340081 -1.47989e+01 
 125    1.8741676 -1.48073e+01 
 126    1.9152066 -1.48126e+01 
 127    1.9571441 -1.48156e+01 
 128    2.0000000 -1.48185e+01 
 129    2.0437943 -1.48186e+01 
 130    2.0885476 -1.48172e+01 
 131    2.1342808 -1.48137e+01 
 132    2.1810155 -1.48073e+01 
 133    2.2287735 -1.47997e+01 
 134    2.2775773 -1.47909e+01 
 135    2.3274497 -1.47794e+01 
 136    2.3784142 -1.47676e+01 
 137    2.4304947 -1.47545e+01 
 138    2.4837156 -1.47408e+01 
 139    2.5381019 -1.47267e+01 
 140    2.5936791 -1.47113e+01 
 141    2.6504733 -1.46986e+01 
 142    2.7085111 -1.46855e+01 
 143    2.7678198 -1.46731e+01 
 144    2.8284271 -1.46650e+01 
 145    2.8903616 -1.46577e+01 
 146    2.9536523 -1.46527e+01 
 147    3.0183289 -1.46498e+01 
 148    3.0844217 -1.46510e+01 
 149    3.1519617 -1.46552e+01 
 150    3.2209807 -1.46622e+01 
 151    3.2915110 -1.46722e+01 
 152    3.3635857 -1.46830e+01 
 153    3.4372386 -1.46941e+01 
 154    3.5125043 -1.46984e+01 
 155    3.5894182 -1.46891e+01 
 156    3.6680162 -1.46756e+01 
 157    3.7483353 -1.46284e+01 
 158    3.8304131 -1.45598e+01 
 159    3.9142882 -1.44802e+01 
 160    4.0000000 -1.43604e+01 
 161    4.0875886 -1.42145e+01 
 162    4.1770951 -1.40445e+01 
 163    4.2685616 -1.38336e+01 
 164    4.3620309 -1.35912e+01 
 165    4.4575470 -1.33199e+01 
 166    4.5551545 -1.30120e+01 
 167    4.6548994 -1.26755e+01 
 168    4.7568285 -1.23189e+01 
 169    4.8609894 -1.19350e+01 
 170    4.9674312 -1.15369e+01 
 171    5.0762038 -1.11222e+01 
 172    5.1873582 -1.06842e+01 
 173    5.3009466 -1.02570e+01 
 174    5.4170222 -9.84429e+00 
 175    5.5356395 -9.41045e+00 
 176    5.6568542 -9.00198e+00 
 177    5.7807232 -8.60280e+00 
 178    5.9073046 -8.20328e+00 
 179    6.0366577 -7.83968e+00 
 180    6.1688433 -7.49179e+00 
 181    6.3039234 -7.15645e+00 
 182    6.4419613 -6.84621e+00 
 183    6.5830219 -6.56150e+00 
 184    6.7271713 -6.29618e+00 
 185    6.8744772 -6.05266e+00 
 186    7.0250086 -5.79595e+00 
 187    7.1788363 -5.55775e+00 
 188    7.3360323 -5.32782e+00 
 189    7.4966705 -5.11777e+00 


# K-band (filter: Ks_mosfire.dat)
   0    0.1250000 -1.41158e+01 
   1    0.1277371 -1.42143e+01 
   2    0.1305342 -1.43150e+01 
   3    0.1333926 -1.44179e+01 
   4    0.1363135 -1.45280e+01 
   5    0.1392983 -1.46440e+01 
   6    0.1423486 -1.47536e+01 
   7    0.1454656 -1.48670e+01 
   8    0.1486509 -1.49931e+01 
   9    0.1519059 -1.51071e+01 
  10    0.1552322 -1.52164e+01 
  11    0.1586314 -1.53154e+01 
  12    0.1621049 -1.53982e+01 
  13    0.1656546 -1.54645e+01 
  14    0.1692819 -1.55348e+01 
  15    0.1729887 -1.55941e+01 
  16    0.1767767 -1.56375e+01 
  17    0.1806476 -1.56785e+01 
  18    0.1846033 -1.57118e+01 
  19    0.1886456 -1.57427e+01 
  20    0.1927764 -1.57621e+01 
  21    0.1969976 -1.57772e+01 
  22    0.2013113 -1.57890e+01 
  23    0.2057194 -1.57994e+01 
  24    0.2102241 -1.58039e+01 
  25    0.2148274 -1.58081e+01 
  26    0.2195315 -1.58080e+01 
  27    0.2243386 -1.58004e+01 
  28    0.2292510 -1.57947e+01 
  29    0.2342710 -1.57865e+01 
  30    0.2394008 -1.57719e+01 
  31    0.2446430 -1.57611e+01 
  32    0.2500000 -1.57406e+01 
  33    0.2554743 -1.57176e+01 
  34    0.2610684 -1.56967e+01 
  35    0.2667851 -1.56672e+01 
  36    0.2726269 -1.56427e+01 
  37    0.2785967 -1.56112e+01 
  38    0.2846972 -1.55798e+01 
  39    0.2909312 -1.55476e+01 
  40    0.2973018 -1.55111e+01 
  41    0.3038118 -1.54742e+01 
  42    0.3104645 -1.54341e+01 
  43    0.3172627 -1.53890e+01 
  44    0.3242099 -1.53458e+01 
  45    0.3313092 -1.52969e+01 
  46    0.3385639 -1.52469e+01 
  47    0.3459775 -1.51932e+01 
  48    0.3535534 -1.51399e+01 
  49    0.3612952 -1.50853e+01 
  50    0.3692065 -1.50270e+01 
  51    0.3772911 -1.49673e+01 
  52    0.3855527 -1.49005e+01 
  53    0.3939952 -1.48344e+01 
  54    0.4026226 -1.47748e+01 
  55    0.4114389 -1.47117e+01 
  56    0.4204482 -1.46492e+01 
  57    0.4296548 -1.45814e+01 
  58    0.4390630 -1.45151e+01 
  59    0.4486773 -1.44480e+01 
  60    0.4585020 -1.43829e+01 
  61    0.4685419 -1.43143e+01 
  62    0.4788016 -1.42536e+01 
  63    0.4892860 -1.41897e+01 
  64    0.5000000 -1.41343e+01 
  65    0.5109486 -1.40714e+01 
  66    0.5221369 -1.40165e+01 
  67    0.5335702 -1.39530e+01 
  68    0.5452539 -1.38976e+01 
  69    0.5571934 -1.38442e+01 
  70    0.5693943 -1.37990e+01 
  71    0.5818624 -1.37537e+01 
  72    0.5946036 -1.37113e+01 
  73    0.6076237 -1.36693e+01 
  74    0.6209289 -1.36319e+01 
  75    0.6345255 -1.35967e+01 
  76    0.6484198 -1.35544e+01 
  77    0.6626183 -1.35170e+01 
  78    0.6771278 -1.34835e+01 
  79    0.6919549 -1.34554e+01 
  80    0.7071068 -1.34314e+01 
  81    0.7225904 -1.34006e+01 
  82    0.7384131 -1.33680e+01 
  83    0.7545822 -1.33423e+01 
  84    0.7711054 -1.33143e+01 
  85    0.7879904 -1.32874e+01 
  86    0.8052452 -1.32565e+01 
  87    0.8228777 -1.32317e+01 
  88    0.8408964 -1.32102e+01 
  89    0.8593096 -1.31826e+01 
  90    0.8781261 -1.31550e+01 
  91    0.8973545 -1.31261e+01 
  92    0.9170040 -1.30941e+01 
  93    0.9370838 -1.30614e+01 
  94    0.9576033 -1.30235e+01 
  95    0.9785721 -1.29811e+01 
  96    1.0000000 -1.29392e+01 
  97    1.0218971 -1.28952e+01 
  98    1.0442738 -1.28461e+01 
  99    1.0671404 -1.27958e+01 
 100    1.0905077 -1.27310e+01 
 101    1.1143867 -1.26648e+01 
 102    1.1387886 -1.25941e+01 
 103    1.1637249 -1.25223e+01 
 104    1.1892071 -1.24463e+01 
 105    1.2152474 -1.23680e+01 
 106    1.2418578 -1.22902e+01 
 107    1.2690510 -1.22130e+01 
 108    1.2968396 -1.21312e+01 
 109    1.3252366 -1.20439e+01 
 110    1.3542555 -1.19612e+01 
 111    1.3839099 -1.18762e+01 
 112    1.4142136 -1.17973e+01 
 113    1.4451808 -1.17240e+01 
 114    1.4768261 -1.16460e+01 
 115    1.5091644 -1.15704e+01 
 116    1.5422108 -1.14896e+01 
 117    1.5759808 -1.14160e+01 
 118    1.6104903 -1.13385e+01 
 119    1.6457555 -1.12649e+01 
 120    1.6817928 -1.12008e+01 
 121    1.7186193 -1.11404e+01 
 122    1.7562522 -1.10900e+01 
 123    1.7947091 -1.10419e+01 
 124    1.8340081 -1.09890e+01 
 125    1.8741676 -1.09425e+01 
 126    1.9152066 -1.09063e+01 
 127    1.9571441 -1.08769e+01 
 128    2.0000000 -1.08525e+01 
 129    2.0437943 -1.08400e+01 
 130    2.0885476 -1.08380e+01 
 131    2.1342808 -1.08372e+01 
 132    2.1810155 -1.08492e+01 
 133    2.2287735 -1.08562e+01 
 134    2.2775773 -1.08794e+01 
 135    2.3274497 -1.09046e+01 
 136    2.3784142 -1.09391e+01 
 137    2.4304947 -1.09814e+01 
 138    2.4837156 -1.10297e+01 
 139    2.5381019 -1.10768e+01 
 140    2.5936791 -1.11312e+01 
 141    2.6504733 -1.11858e+01 
 142    2.7085111 -1.12395e+01 
 143    2.7678198 -1.12956e+01 
 144    2.8284271 -1.13418e+01 
 145    2.8903616 -1.13879e+01 
 146    2.9536523 -1.14255e+01 
 147    3.0183289 -1.14615e+01 
 148    3.0844217 -1.14876e+01 
 149    3.1519617 -1.15000e+01 
 150    3.2209807 -1.15087e+01 
 151    3.2915110 -1.15091e+01 
 152    3.3635857 -1.14980e+01 
 153    3.4372386 -1.14797e+01 
 154    3.5125043 -1.14473e+01 
 155    3.5894182 -1.14070e+01 
 156    3.6680162 -1.13596e+01 
 157    3.7483353 -1.13055e+01 
 158    3.8304131 -1.12444e+01 
 159    3.9142882 -1.11808e+01 
 160    4.0000000 -1.11071e+01 
 161    4.0875886 -1.10280e+01 
 162    4.1770951 -1.09417e+01 
 163    4.2685616 -1.08343e+01 
 164    4.3620309 -1.07200e+01 
 165    4.4575470 -1.05971e+01 
 166    4.5551545 -1.04466e+01 
 167    4.6548994 -1.02833e+01 
 168    4.7568285 -1.01066e+01 
 169    4.8609894 -9.90462e+00 
 170    4.9674312 -9.67274e+00 
 171    5.0762038 -9.42794e+00 
 172    5.1873582 -9.15455e+00 
 173    5.3009466 -8.85880e+00 
 174    5.4170222 -8.53158e+00 
 175    5.5356395 -8.21420e+00 
 176    5.6568542 -7.86710e+00 
 177    5.7807232 -7.53276e+00 
 178    5.9073046 -7.18930e+00 
 179    6.0366577 -6.85861e+00 
 180    6.1688433 -6.52034e+00 
 181    6.3039234 -6.19321e+00 
 182    6.4419613 -5.87416e+00 
 183    6.5830219 -5.50273e+00 
 184    6.7271713 -5.17468e+00 
 185    6.8744772 -4.79385e+00 
 186    7.0250086 -4.46320e+00 
 187    7.1788363 -4.10431e+00 
 188    7.3360323 -3.73852e+00 
 189    7.4966705 -3.34081e+00 


# S-band (filter: Spitzer_IRAC2.dat)
   0    0.1250000 -1.43670e+01 
   1    0.1277371 -1.44314e+01 
   2    0.1305342 -1.44971e+01 
   3    0.1333926 -1.45643e+01 
   4    0.1363135 -1.46074e+01 
   5    0.1392983 -1.46760e+01 
   6    0.1423486 -1.47271e+01 
   7    0.1454656 -1.47590e+01 
   8    0.1486509 -1.47905e+01 
   9    0.1519059 -1.48358e+01 
  10    0.1552322 -1.48491e+01 
  11    0.1586314 -1.48708e+01 
  12    0.1621049 -1.48803e+01 
  13    0.1656546 -1.48813e+01 
  14    0.1692819 -1.48632e+01 
  15    0.1729887 -1.48542e+01 
  16    0.1767767 -1.48231e+01 
  17    0.1806476 -1.47992e+01 
  18    0.1846033 -1.47577e+01 
  19    0.1886456 -1.47352e+01 
  20    0.1927764 -1.46857e+01 
  21    0.1969976 -1.46432e+01 
  22    0.2013113 -1.46046e+01 
  23    0.2057194 -1.45409e+01 
  24    0.2102241 -1.44933e+01 
  25    0.2148274 -1.44286e+01 
  26    0.2195315 -1.43772e+01 
  27    0.2243386 -1.43022e+01 
  28    0.2292510 -1.42664e+01 
  29    0.2342710 -1.41984e+01 
  30    0.2394008 -1.41285e+01 
  31    0.2446430 -1.40471e+01 
  32    0.2500000 -1.39789e+01 
  33    0.2554743 -1.39158e+01 
  34    0.2610684 -1.38494e+01 
  35    0.2667851 -1.37770e+01 
  36    0.2726269 -1.37037e+01 
  37    0.2785967 -1.36250e+01 
  38    0.2846972 -1.35424e+01 
  39    0.2909312 -1.34777e+01 
  40    0.2973018 -1.34063e+01 
  41    0.3038118 -1.33330e+01 
  42    0.3104645 -1.32529e+01 
  43    0.3172627 -1.31748e+01 
  44    0.3242099 -1.30875e+01 
  45    0.3313092 -1.29726e+01 
  46    0.3385639 -1.28944e+01 
  47    0.3459775 -1.28045e+01 
  48    0.3535534 -1.27120e+01 
  49    0.3612952 -1.26237e+01 
  50    0.3692065 -1.25501e+01 
  51    0.3772911 -1.24743e+01 
  52    0.3855527 -1.23856e+01 
  53    0.3939952 -1.22944e+01 
  54    0.4026226 -1.21902e+01 
  55    0.4114389 -1.21039e+01 
  56    0.4204482 -1.20334e+01 
  57    0.4296548 -1.19589e+01 
  58    0.4390630 -1.18872e+01 
  59    0.4486773 -1.18138e+01 
  60    0.4585020 -1.17204e+01 
  61    0.4685419 -1.16474e+01 
  62    0.4788016 -1.15652e+01 
  63    0.4892860 -1.14869e+01 
  64    0.5000000 -1.14142e+01 
  65    0.5109486 -1.13377e+01 
  66    0.5221369 -1.12381e+01 
  67    0.5335702 -1.11487e+01 
  68    0.5452539 -1.10719e+01 
  69    0.5571934 -1.09991e+01 
  70    0.5693943 -1.09202e+01 
  71    0.5818624 -1.08492e+01 
  72    0.5946036 -1.07730e+01 
  73    0.6076237 -1.07105e+01 
  74    0.6209289 -1.06356e+01 
  75    0.6345255 -1.05593e+01 
  76    0.6484198 -1.05023e+01 
  77    0.6626183 -1.04489e+01 
  78    0.6771278 -1.04133e+01 
  79    0.6919549 -1.03964e+01 
  80    0.7071068 -1.03516e+01 
  81    0.7225904 -1.02929e+01 
  82    0.7384131 -1.02615e+01 
  83    0.7545822 -1.01991e+01 
  84    0.7711054 -1.01847e+01 
  85    0.7879904 -1.01556e+01 
  86    0.8052452 -1.01246e+01 
  87    0.8228777 -1.00910e+01 
  88    0.8408964 -1.00586e+01 
  89    0.8593096 -1.00274e+01 
  90    0.8781261 -1.00054e+01 
  91    0.8973545 -9.95485e+00 
  92    0.9170040 -9.93014e+00 
  93    0.9370838 -9.91862e+00 
  94    0.9576033 -9.89456e+00 
  95    0.9785721 -9.86783e+00 
  96    1.0000000 -9.84193e+00 
  97    1.0218971 -9.81244e+00 
  98    1.0442738 -9.76189e+00 
  99    1.0671404 -9.72349e+00 
 100    1.0905077 -9.66093e+00 
 101    1.1143867 -9.59724e+00 
 102    1.1387886 -9.53517e+00 
 103    1.1637249 -9.48665e+00 
 104    1.1892071 -9.41214e+00 
 105    1.2152474 -9.38953e+00 
 106    1.2418578 -9.31436e+00 
 107    1.2690510 -9.27561e+00 
 108    1.2968396 -9.21733e+00 
 109    1.3252366 -9.20198e+00 
 110    1.3542555 -9.16770e+00 
 111    1.3839099 -9.10731e+00 
 112    1.4142136 -9.06219e+00 
 113    1.4451808 -9.05099e+00 
 114    1.4768261 -9.02589e+00 
 115    1.5091644 -8.97251e+00 
 116    1.5422108 -8.89168e+00 
 117    1.5759808 -8.84814e+00 
 118    1.6104903 -8.78855e+00 
 119    1.6457555 -8.73576e+00 
 120    1.6817928 -8.68537e+00 
 121    1.7186193 -8.60628e+00 
 122    1.7562522 -8.57388e+00 
 123    1.7947091 -8.52888e+00 
 124    1.8340081 -8.48173e+00 
 125    1.8741676 -8.42153e+00 
 126    1.9152066 -8.35538e+00 
 127    1.9571441 -8.31398e+00 
 128    2.0000000 -8.29578e+00 
 129    2.0437943 -8.24937e+00 
 130    2.0885476 -8.22544e+00 
 131    2.1342808 -8.18698e+00 
 132    2.1810155 -8.16338e+00 
 133    2.2287735 -8.11863e+00 
 134    2.2775773 -8.08784e+00 
 135    2.3274497 -8.09019e+00 
 136    2.3784142 -8.07693e+00 
 137    2.4304947 -8.06968e+00 
 138    2.4837156 -8.08764e+00 
 139    2.5381019 -8.10874e+00 
 140    2.5936791 -8.10219e+00 
 141    2.6504733 -8.09789e+00 
 142    2.7085111 -8.09564e+00 
 143    2.7678198 -8.08421e+00 
 144    2.8284271 -8.07412e+00 
 145    2.8903616 -8.08133e+00 
 146    2.9536523 -8.09468e+00 
 147    3.0183289 -8.06584e+00 
 148    3.0844217 -8.07040e+00 
 149    3.1519617 -8.06866e+00 
 150    3.2209807 -8.05207e+00 
 151    3.2915110 -7.99845e+00 
 152    3.3635857 -7.95309e+00 
 153    3.4372386 -7.87776e+00 
 154    3.5125043 -7.79293e+00 
 155    3.5894182 -7.70720e+00 
 156    3.6680162 -7.59953e+00 
 157    3.7483353 -7.39199e+00 
 158    3.8304131 -7.20457e+00 
 159    3.9142882 -6.97971e+00 
 160    4.0000000 -6.70494e+00 
 161    4.0875886 -6.45301e+00 
 162    4.1770951 -6.14105e+00 
 163    4.2685616 -5.89155e+00 
 164    4.3620309 -5.54785e+00 
 165    4.4575470 -5.20877e+00 
 166    4.5551545 -4.86059e+00 
 167    4.6548994 -4.50160e+00 
 168    4.7568285 -4.18661e+00 
 169    4.8609894 -3.69490e+00 
 170    4.9674312 -3.39053e+00 
 171    5.0762038 -2.89320e+00 
 172    5.1873582 -2.40091e+00 
 173    5.3009466 -2.07029e+00 
 174    5.4170222 -1.73056e+00 
 175    5.5356395 -1.47576e+00 
 176    5.6568542 -1.08347e+00 
 177    5.7807232 -7.56595e-01 
 178    5.9073046 -5.78179e-01 
 179    6.0366577 -2.50762e-01 
 180    6.1688433 -2.76125e-02 
 181    6.3039234  2.11272e-01 
 182    6.4419613  4.83770e-01 
 183    6.5830219  4.17966e-01 
 184    6.7271713  5.32407e-01 
 185    6.8744772  7.43994e-01 
 186    7.0250086  9.11786e-01 
 187    7.1788363  1.07738e+00 
 188    7.3360323  1.17903e+00 
 189    7.4966705  1.34598e+00 


