# 1:iteration 2:time bin[s] 3-k:AB magnitude for k-th angular bin
# g-band (filter: g_LSST.dat)
   0    0.1250000 -1.40948e+01 
   1    0.1277371 -1.41150e+01 
   2    0.1305342 -1.41356e+01 
   3    0.1333926 -1.41566e+01 
   4    0.1363135 -1.41446e+01 
   5    0.1392983 -1.41991e+01 
   6    0.1423486 -1.42804e+01 
   7    0.1454656 -1.43342e+01 
   8    0.1486509 -1.43650e+01 
   9    0.1519059 -1.44149e+01 
  10    0.1552322 -1.44983e+01 
  11    0.1586314 -1.45422e+01 
  12    0.1621049 -1.45899e+01 
  13    0.1656546 -1.46014e+01 
  14    0.1692819 -1.46582e+01 
  15    0.1729887 -1.47224e+01 
  16    0.1767767 -1.47775e+01 
  17    0.1806476 -1.48100e+01 
  18    0.1846033 -1.48139e+01 
  19    0.1886456 -1.48788e+01 
  20    0.1927764 -1.48699e+01 
  21    0.1969976 -1.48765e+01 
  22    0.2013113 -1.48918e+01 
  23    0.2057194 -1.48894e+01 
  24    0.2102241 -1.49164e+01 
  25    0.2148274 -1.49353e+01 
  26    0.2195315 -1.49769e+01 
  27    0.2243386 -1.49954e+01 
  28    0.2292510 -1.50119e+01 
  29    0.2342710 -1.50294e+01 
  30    0.2394008 -1.50543e+01 
  31    0.2446430 -1.50722e+01 
  32    0.2500000 -1.50978e+01 
  33    0.2554743 -1.51305e+01 
  34    0.2610684 -1.51579e+01 
  35    0.2667851 -1.51987e+01 
  36    0.2726269 -1.52440e+01 
  37    0.2785967 -1.52724e+01 
  38    0.2846972 -1.52823e+01 
  39    0.2909312 -1.52946e+01 
  40    0.2973018 -1.53203e+01 
  41    0.3038118 -1.53444e+01 
  42    0.3104645 -1.53517e+01 
  43    0.3172627 -1.53904e+01 
  44    0.3242099 -1.54415e+01 
  45    0.3313092 -1.54699e+01 
  46    0.3385639 -1.55026e+01 
  47    0.3459775 -1.55284e+01 
  48    0.3535534 -1.55450e+01 
  49    0.3612952 -1.55692e+01 
  50    0.3692065 -1.55893e+01 
  51    0.3772911 -1.56168e+01 
  52    0.3855527 -1.56338e+01 
  53    0.3939952 -1.56557e+01 
  54    0.4026226 -1.57140e+01 
  55    0.4114389 -1.57511e+01 
  56    0.4204482 -1.57971e+01 
  57    0.4296548 -1.58514e+01 
  58    0.4390630 -1.59205e+01 
  59    0.4486773 -1.59964e+01 
  60    0.4585020 -1.60823e+01 
  61    0.4685419 -1.61807e+01 
  62    0.4788016 -1.62954e+01 
  63    0.4892860 -1.64213e+01 
  64    0.5000000 -1.65612e+01 
  65    0.5109486 -1.66949e+01 
  66    0.5221369 -1.68214e+01 
  67    0.5335702 -1.69431e+01 
  68    0.5452539 -1.70751e+01 
  69    0.5571934 -1.71990e+01 
  70    0.5693943 -1.73176e+01 
  71    0.5818624 -1.74390e+01 
  72    0.5946036 -1.75537e+01 
  73    0.6076237 -1.76614e+01 
  74    0.6209289 -1.77575e+01 
  75    0.6345255 -1.78447e+01 
  76    0.6484198 -1.79259e+01 
  77    0.6626183 -1.80022e+01 
  78    0.6771278 -1.80713e+01 
  79    0.6919549 -1.81415e+01 
  80    0.7071068 -1.82037e+01 
  81    0.7225904 -1.82645e+01 
  82    0.7384131 -1.83208e+01 
  83    0.7545822 -1.83735e+01 
  84    0.7711054 -1.84211e+01 
  85    0.7879904 -1.84684e+01 
  86    0.8052452 -1.85164e+01 
  87    0.8228777 -1.85621e+01 
  88    0.8408964 -1.86038e+01 
  89    0.8593096 -1.86472e+01 
  90    0.8781261 -1.86887e+01 
  91    0.8973545 -1.87300e+01 
  92    0.9170040 -1.87730e+01 
  93    0.9370838 -1.88142e+01 
  94    0.9576033 -1.88532e+01 
  95    0.9785721 -1.88884e+01 
  96    1.0000000 -1.89249e+01 
  97    1.0218971 -1.89551e+01 
  98    1.0442738 -1.89827e+01 
  99    1.0671404 -1.90115e+01 
 100    1.0905077 -1.90362e+01 
 101    1.1143867 -1.90554e+01 
 102    1.1387886 -1.90704e+01 
 103    1.1637249 -1.90819e+01 
 104    1.1892071 -1.90886e+01 
 105    1.2152474 -1.90912e+01 
 106    1.2418578 -1.90913e+01 
 107    1.2690510 -1.90893e+01 
 108    1.2968396 -1.90855e+01 
 109    1.3252366 -1.90792e+01 
 110    1.3542555 -1.90696e+01 
 111    1.3839099 -1.90546e+01 
 112    1.4142136 -1.90374e+01 
 113    1.4451808 -1.90153e+01 
 114    1.4768261 -1.89908e+01 
 115    1.5091644 -1.89649e+01 
 116    1.5422108 -1.89366e+01 
 117    1.5759808 -1.89070e+01 
 118    1.6104903 -1.88772e+01 
 119    1.6457555 -1.88913e+01 
 120    1.6817928 -1.89251e+01 
 121    1.7186193 -1.89249e+01 
 122    1.7562522 -1.88832e+01 
 123    1.7947091 -1.88354e+01 
 124    1.8340081 -1.87925e+01 
 125    1.8741676 -1.87661e+01 
 126    1.9152066 -1.87043e+01 
 127    1.9571441 -1.86100e+01 
 128    2.0000000 -1.85017e+01 
 129    2.0437943 -1.83498e+01 
 130    2.0885476 -1.81418e+01 
 131    2.1342808 -1.78789e+01 
 132    2.1810155 -1.75469e+01 
 133    2.2287735 -1.72528e+01 
 134    2.2775773 -1.69481e+01 
 135    2.3274497 -1.66953e+01 
 136    2.3784142 -1.64592e+01 
 137    2.4304947 -1.61871e+01 
 138    2.4837156 -1.59928e+01 
 139    2.5381019 -1.58235e+01 
 140    2.5936791 -1.56797e+01 
 141    2.6504733 -1.55789e+01 
 142    2.7085111 -1.55189e+01 
 143    2.7678198 -1.55165e+01 
 144    2.8284271 -1.55441e+01 
 145    2.8903616 -1.55922e+01 
 146    2.9536523 -1.56494e+01 
 147    3.0183289 -1.57140e+01 
 148    3.0844217 -1.57849e+01 
 149    3.1519617 -1.58607e+01 
 150    3.2209807 -1.59415e+01 
 151    3.2915110 -1.60241e+01 
 152    3.3635857 -1.61080e+01 
 153    3.4372386 -1.61931e+01 
 154    3.5125043 -1.62765e+01 
 155    3.5894182 -1.63581e+01 
 156    3.6680162 -1.64385e+01 
 157    3.7483353 -1.65124e+01 
 158    3.8304131 -1.65818e+01 
 159    3.9142882 -1.66482e+01 
 160    4.0000000 -1.67017e+01 
 161    4.0875886 -1.67455e+01 
 162    4.1770951 -1.67845e+01 
 163    4.2685616 -1.68073e+01 
 164    4.3620309 -1.68208e+01 
 165    4.4575470 -1.68260e+01 
 166    4.5551545 -1.68140e+01 
 167    4.6548994 -1.67879e+01 
 168    4.7568285 -1.67508e+01 
 169    4.8609894 -1.66902e+01 
 170    4.9674312 -1.66101e+01 
 171    5.0762038 -1.65107e+01 
 172    5.1873582 -1.63966e+01 
 173    5.3009466 -1.62524e+01 
 174    5.4170222 -1.60891e+01 
 175    5.5356395 -1.59089e+01 
 176    5.6568542 -1.57068e+01 
 177    5.7807232 -1.54934e+01 
 178    5.9073046 -1.52633e+01 
 179    6.0366577 -1.50351e+01 
 180    6.1688433 -1.48066e+01 
 181    6.3039234 -1.45709e+01 
 182    6.4419613 -1.43546e+01 
 183    6.5830219 -1.41455e+01 
 184    6.7271713 -1.39377e+01 
 185    6.8744772 -1.37422e+01 
 186    7.0250086 -1.35398e+01 
 187    7.1788363 -1.33528e+01 
 188    7.3360323 -1.31741e+01 
 189    7.4966705 -1.30068e+01 


# r-band (filter: r_LSST.dat)
   0    0.1250000 -1.41919e+01 
   1    0.1277371 -1.42506e+01 
   2    0.1305342 -1.43107e+01 
   3    0.1333926 -1.43721e+01 
   4    0.1363135 -1.43947e+01 
   5    0.1392983 -1.44216e+01 
   6    0.1423486 -1.44597e+01 
   7    0.1454656 -1.45109e+01 
   8    0.1486509 -1.45404e+01 
   9    0.1519059 -1.45868e+01 
  10    0.1552322 -1.46442e+01 
  11    0.1586314 -1.47035e+01 
  12    0.1621049 -1.47563e+01 
  13    0.1656546 -1.47481e+01 
  14    0.1692819 -1.47099e+01 
  15    0.1729887 -1.47009e+01 
  16    0.1767767 -1.47547e+01 
  17    0.1806476 -1.47730e+01 
  18    0.1846033 -1.47918e+01 
  19    0.1886456 -1.48204e+01 
  20    0.1927764 -1.48392e+01 
  21    0.1969976 -1.48603e+01 
  22    0.2013113 -1.48936e+01 
  23    0.2057194 -1.49302e+01 
  24    0.2102241 -1.50131e+01 
  25    0.2148274 -1.51263e+01 
  26    0.2195315 -1.52561e+01 
  27    0.2243386 -1.53541e+01 
  28    0.2292510 -1.54318e+01 
  29    0.2342710 -1.55118e+01 
  30    0.2394008 -1.56047e+01 
  31    0.2446430 -1.56801e+01 
  32    0.2500000 -1.57532e+01 
  33    0.2554743 -1.58327e+01 
  34    0.2610684 -1.59009e+01 
  35    0.2667851 -1.59508e+01 
  36    0.2726269 -1.60289e+01 
  37    0.2785967 -1.61003e+01 
  38    0.2846972 -1.61708e+01 
  39    0.2909312 -1.63034e+01 
  40    0.2973018 -1.64350e+01 
  41    0.3038118 -1.65826e+01 
  42    0.3104645 -1.67163e+01 
  43    0.3172627 -1.68858e+01 
  44    0.3242099 -1.70378e+01 
  45    0.3313092 -1.72064e+01 
  46    0.3385639 -1.73961e+01 
  47    0.3459775 -1.75848e+01 
  48    0.3535534 -1.77442e+01 
  49    0.3612952 -1.79075e+01 
  50    0.3692065 -1.80823e+01 
  51    0.3772911 -1.82553e+01 
  52    0.3855527 -1.84275e+01 
  53    0.3939952 -1.85715e+01 
  54    0.4026226 -1.87117e+01 
  55    0.4114389 -1.88443e+01 
  56    0.4204482 -1.89569e+01 
  57    0.4296548 -1.90626e+01 
  58    0.4390630 -1.91721e+01 
  59    0.4486773 -1.92670e+01 
  60    0.4585020 -1.93512e+01 
  61    0.4685419 -1.94313e+01 
  62    0.4788016 -1.94953e+01 
  63    0.4892860 -1.95585e+01 
  64    0.5000000 -1.96130e+01 
  65    0.5109486 -1.96661e+01 
  66    0.5221369 -1.97090e+01 
  67    0.5335702 -1.97558e+01 
  68    0.5452539 -1.98130e+01 
  69    0.5571934 -1.98655e+01 
  70    0.5693943 -1.98726e+01 
  71    0.5818624 -1.98861e+01 
  72    0.5946036 -1.98920e+01 
  73    0.6076237 -1.99167e+01 
  74    0.6209289 -1.99435e+01 
  75    0.6345255 -1.99876e+01 
  76    0.6484198 -2.00279e+01 
  77    0.6626183 -2.00837e+01 
  78    0.6771278 -2.01670e+01 
  79    0.6919549 -2.02452e+01 
  80    0.7071068 -2.03034e+01 
  81    0.7225904 -2.03922e+01 
  82    0.7384131 -2.04771e+01 
  83    0.7545822 -2.05751e+01 
  84    0.7711054 -2.06709e+01 
  85    0.7879904 -2.07539e+01 
  86    0.8052452 -2.08131e+01 
  87    0.8228777 -2.08710e+01 
  88    0.8408964 -2.09230e+01 
  89    0.8593096 -2.09573e+01 
  90    0.8781261 -2.09851e+01 
  91    0.8973545 -2.10065e+01 
  92    0.9170040 -2.10203e+01 
  93    0.9370838 -2.10288e+01 
  94    0.9576033 -2.10277e+01 
  95    0.9785721 -2.10180e+01 
  96    1.0000000 -2.10016e+01 
  97    1.0218971 -2.09728e+01 
  98    1.0442738 -2.09393e+01 
  99    1.0671404 -2.09006e+01 
 100    1.0905077 -2.08507e+01 
 101    1.1143867 -2.07942e+01 
 102    1.1387886 -2.07263e+01 
 103    1.1637249 -2.06466e+01 
 104    1.1892071 -2.05528e+01 
 105    1.2152474 -2.04573e+01 
 106    1.2418578 -2.03591e+01 
 107    1.2690510 -2.02704e+01 
 108    1.2968396 -2.01901e+01 
 109    1.3252366 -2.01074e+01 
 110    1.3542555 -2.00486e+01 
 111    1.3839099 -1.99901e+01 
 112    1.4142136 -1.99334e+01 
 113    1.4451808 -1.98789e+01 
 114    1.4768261 -1.98248e+01 
 115    1.5091644 -1.97874e+01 
 116    1.5422108 -1.97436e+01 
 117    1.5759808 -1.96989e+01 
 118    1.6104903 -1.96527e+01 
 119    1.6457555 -1.95537e+01 
 120    1.6817928 -1.94051e+01 
 121    1.7186193 -1.92631e+01 
 122    1.7562522 -1.91082e+01 
 123    1.7947091 -1.89525e+01 
 124    1.8340081 -1.87928e+01 
 125    1.8741676 -1.86086e+01 
 126    1.9152066 -1.84315e+01 
 127    1.9571441 -1.82331e+01 
 128    2.0000000 -1.80184e+01 
 129    2.0437943 -1.77605e+01 
 130    2.0885476 -1.74449e+01 
 131    2.1342808 -1.71493e+01 
 132    2.1810155 -1.68153e+01 
 133    2.2287735 -1.65058e+01 
 134    2.2775773 -1.61709e+01 
 135    2.3274497 -1.58898e+01 
 136    2.3784142 -1.56251e+01 
 137    2.4304947 -1.53345e+01 
 138    2.4837156 -1.51042e+01 
 139    2.5381019 -1.48837e+01 
 140    2.5936791 -1.46894e+01 
 141    2.6504733 -1.45256e+01 
 142    2.7085111 -1.44021e+01 
 143    2.7678198 -1.43327e+01 
 144    2.8284271 -1.42772e+01 
 145    2.8903616 -1.42280e+01 
 146    2.9536523 -1.41885e+01 
 147    3.0183289 -1.41470e+01 
 148    3.0844217 -1.41149e+01 
 149    3.1519617 -1.40933e+01 
 150    3.2209807 -1.40808e+01 
 151    3.2915110 -1.40900e+01 
 152    3.3635857 -1.41178e+01 
 153    3.4372386 -1.41540e+01 
 154    3.5125043 -1.42167e+01 
 155    3.5894182 -1.42944e+01 
 156    3.6680162 -1.43833e+01 
 157    3.7483353 -1.44880e+01 
 158    3.8304131 -1.46014e+01 
 159    3.9142882 -1.47317e+01 
 160    4.0000000 -1.48629e+01 
 161    4.0875886 -1.49948e+01 
 162    4.1770951 -1.51279e+01 
 163    4.2685616 -1.52467e+01 
 164    4.3620309 -1.53558e+01 
 165    4.4575470 -1.54611e+01 
 166    4.5551545 -1.55430e+01 
 167    4.6548994 -1.56109e+01 
 168    4.7568285 -1.56691e+01 
 169    4.8609894 -1.57026e+01 
 170    4.9674312 -1.57150e+01 
 171    5.0762038 -1.57042e+01 
 172    5.1873582 -1.56768e+01 
 173    5.3009466 -1.56165e+01 
 174    5.4170222 -1.55325e+01 
 175    5.5356395 -1.54299e+01 
 176    5.6568542 -1.52969e+01 
 177    5.7807232 -1.51447e+01 
 178    5.9073046 -1.49728e+01 
 179    6.0366577 -1.47840e+01 
 180    6.1688433 -1.45866e+01 
 181    6.3039234 -1.43766e+01 
 182    6.4419613 -1.41760e+01 
 183    6.5830219 -1.39807e+01 
 184    6.7271713 -1.37825e+01 
 185    6.8744772 -1.36205e+01 
 186    7.0250086 -1.34557e+01 
 187    7.1788363 -1.32877e+01 
 188    7.3360323 -1.31338e+01 
 189    7.4966705 -1.30106e+01 


# i-band (filter: i_LSST.dat)
   0    0.1250000 -1.42697e+01 
   1    0.1277371 -1.43476e+01 
   2    0.1305342 -1.44271e+01 
   3    0.1333926 -1.45084e+01 
   4    0.1363135 -1.46096e+01 
   5    0.1392983 -1.47092e+01 
   6    0.1423486 -1.48262e+01 
   7    0.1454656 -1.49296e+01 
   8    0.1486509 -1.50709e+01 
   9    0.1519059 -1.52584e+01 
  10    0.1552322 -1.54091e+01 
  11    0.1586314 -1.55917e+01 
  12    0.1621049 -1.57261e+01 
  13    0.1656546 -1.57116e+01 
  14    0.1692819 -1.57466e+01 
  15    0.1729887 -1.58059e+01 
  16    0.1767767 -1.59141e+01 
  17    0.1806476 -1.59774e+01 
  18    0.1846033 -1.59885e+01 
  19    0.1886456 -1.60498e+01 
  20    0.1927764 -1.60985e+01 
  21    0.1969976 -1.61474e+01 
  22    0.2013113 -1.61974e+01 
  23    0.2057194 -1.61737e+01 
  24    0.2102241 -1.62357e+01 
  25    0.2148274 -1.62923e+01 
  26    0.2195315 -1.63590e+01 
  27    0.2243386 -1.63845e+01 
  28    0.2292510 -1.63744e+01 
  29    0.2342710 -1.64067e+01 
  30    0.2394008 -1.64276e+01 
  31    0.2446430 -1.64481e+01 
  32    0.2500000 -1.64634e+01 
  33    0.2554743 -1.64503e+01 
  34    0.2610684 -1.64645e+01 
  35    0.2667851 -1.64951e+01 
  36    0.2726269 -1.65517e+01 
  37    0.2785967 -1.66139e+01 
  38    0.2846972 -1.66650e+01 
  39    0.2909312 -1.67229e+01 
  40    0.2973018 -1.67735e+01 
  41    0.3038118 -1.68242e+01 
  42    0.3104645 -1.68691e+01 
  43    0.3172627 -1.69307e+01 
  44    0.3242099 -1.69937e+01 
  45    0.3313092 -1.70761e+01 
  46    0.3385639 -1.71426e+01 
  47    0.3459775 -1.72202e+01 
  48    0.3535534 -1.72914e+01 
  49    0.3612952 -1.73731e+01 
  50    0.3692065 -1.74574e+01 
  51    0.3772911 -1.75541e+01 
  52    0.3855527 -1.76602e+01 
  53    0.3939952 -1.77662e+01 
  54    0.4026226 -1.78736e+01 
  55    0.4114389 -1.79796e+01 
  56    0.4204482 -1.80862e+01 
  57    0.4296548 -1.81875e+01 
  58    0.4390630 -1.82863e+01 
  59    0.4486773 -1.83890e+01 
  60    0.4585020 -1.84903e+01 
  61    0.4685419 -1.85888e+01 
  62    0.4788016 -1.86869e+01 
  63    0.4892860 -1.87782e+01 
  64    0.5000000 -1.88645e+01 
  65    0.5109486 -1.89482e+01 
  66    0.5221369 -1.90293e+01 
  67    0.5335702 -1.91057e+01 
  68    0.5452539 -1.91779e+01 
  69    0.5571934 -1.92422e+01 
  70    0.5693943 -1.93032e+01 
  71    0.5818624 -1.93635e+01 
  72    0.5946036 -1.94146e+01 
  73    0.6076237 -1.94619e+01 
  74    0.6209289 -1.95056e+01 
  75    0.6345255 -1.95431e+01 
  76    0.6484198 -1.95755e+01 
  77    0.6626183 -1.96064e+01 
  78    0.6771278 -1.96279e+01 
  79    0.6919549 -1.96469e+01 
  80    0.7071068 -1.96614e+01 
  81    0.7225904 -1.96723e+01 
  82    0.7384131 -1.96812e+01 
  83    0.7545822 -1.96826e+01 
  84    0.7711054 -1.96832e+01 
  85    0.7879904 -1.96791e+01 
  86    0.8052452 -1.96708e+01 
  87    0.8228777 -1.96606e+01 
  88    0.8408964 -1.96480e+01 
  89    0.8593096 -1.96306e+01 
  90    0.8781261 -1.96120e+01 
  91    0.8973545 -1.95888e+01 
  92    0.9170040 -1.95650e+01 
  93    0.9370838 -1.95374e+01 
  94    0.9576033 -1.95033e+01 
  95    0.9785721 -1.94691e+01 
  96    1.0000000 -1.94310e+01 
  97    1.0218971 -1.93900e+01 
  98    1.0442738 -1.93463e+01 
  99    1.0671404 -1.92991e+01 
 100    1.0905077 -1.92493e+01 
 101    1.1143867 -1.91978e+01 
 102    1.1387886 -1.91425e+01 
 103    1.1637249 -1.90854e+01 
 104    1.1892071 -1.90245e+01 
 105    1.2152474 -1.89631e+01 
 106    1.2418578 -1.88985e+01 
 107    1.2690510 -1.88310e+01 
 108    1.2968396 -1.87613e+01 
 109    1.3252366 -1.86903e+01 
 110    1.3542555 -1.86182e+01 
 111    1.3839099 -1.85449e+01 
 112    1.4142136 -1.84685e+01 
 113    1.4451808 -1.83903e+01 
 114    1.4768261 -1.83101e+01 
 115    1.5091644 -1.82289e+01 
 116    1.5422108 -1.81441e+01 
 117    1.5759808 -1.80599e+01 
 118    1.6104903 -1.79741e+01 
 119    1.6457555 -1.78871e+01 
 120    1.6817928 -1.77948e+01 
 121    1.7186193 -1.76964e+01 
 122    1.7562522 -1.75795e+01 
 123    1.7947091 -1.74517e+01 
 124    1.8340081 -1.73158e+01 
 125    1.8741676 -1.71750e+01 
 126    1.9152066 -1.70089e+01 
 127    1.9571441 -1.68154e+01 
 128    2.0000000 -1.66036e+01 
 129    2.0437943 -1.63329e+01 
 130    2.0885476 -1.60354e+01 
 131    2.1342808 -1.57220e+01 
 132    2.1810155 -1.54190e+01 
 133    2.2287735 -1.51529e+01 
 134    2.2775773 -1.48584e+01 
 135    2.3274497 -1.46333e+01 
 136    2.3784142 -1.44224e+01 
 137    2.4304947 -1.42066e+01 
 138    2.4837156 -1.40461e+01 
 139    2.5381019 -1.38972e+01 
 140    2.5936791 -1.37969e+01 
 141    2.6504733 -1.37152e+01 
 142    2.7085111 -1.36702e+01 
 143    2.7678198 -1.36513e+01 
 144    2.8284271 -1.36354e+01 
 145    2.8903616 -1.36164e+01 
 146    2.9536523 -1.35959e+01 
 147    3.0183289 -1.35748e+01 
 148    3.0844217 -1.35579e+01 
 149    3.1519617 -1.35367e+01 
 150    3.2209807 -1.35114e+01 
 151    3.2915110 -1.34928e+01 
 152    3.3635857 -1.34735e+01 
 153    3.4372386 -1.34538e+01 
 154    3.5125043 -1.34294e+01 
 155    3.5894182 -1.34042e+01 
 156    3.6680162 -1.33824e+01 
 157    3.7483353 -1.33700e+01 
 158    3.8304131 -1.33693e+01 
 159    3.9142882 -1.33715e+01 
 160    4.0000000 -1.33843e+01 
 161    4.0875886 -1.34153e+01 
 162    4.1770951 -1.34496e+01 
 163    4.2685616 -1.35020e+01 
 164    4.3620309 -1.35679e+01 
 165    4.4575470 -1.36397e+01 
 166    4.5551545 -1.37241e+01 
 167    4.6548994 -1.38182e+01 
 168    4.7568285 -1.39218e+01 
 169    4.8609894 -1.40140e+01 
 170    4.9674312 -1.40985e+01 
 171    5.0762038 -1.41717e+01 
 172    5.1873582 -1.42374e+01 
 173    5.3009466 -1.42667e+01 
 174    5.4170222 -1.42716e+01 
 175    5.5356395 -1.42588e+01 
 176    5.6568542 -1.41985e+01 
 177    5.7807232 -1.41132e+01 
 178    5.9073046 -1.40001e+01 
 179    6.0366577 -1.38465e+01 
 180    6.1688433 -1.36703e+01 
 181    6.3039234 -1.34706e+01 
 182    6.4419613 -1.32706e+01 
 183    6.5830219 -1.30824e+01 
 184    6.7271713 -1.28757e+01 
 185    6.8744772 -1.27100e+01 
 186    7.0250086 -1.25326e+01 
 187    7.1788363 -1.23471e+01 
 188    7.3360323 -1.21762e+01 
 189    7.4966705 -1.20439e+01 


# z-band (filter: z_LSST.dat)
   0    0.1250000 -1.42948e+01 
   1    0.1277371 -1.45167e+01 
   2    0.1305342 -1.47435e+01 
   3    0.1333926 -1.49752e+01 
   4    0.1363135 -1.52806e+01 
   5    0.1392983 -1.55858e+01 
   6    0.1423486 -1.59115e+01 
   7    0.1454656 -1.61545e+01 
   8    0.1486509 -1.65321e+01 
   9    0.1519059 -1.68655e+01 
  10    0.1552322 -1.71934e+01 
  11    0.1586314 -1.75103e+01 
  12    0.1621049 -1.77456e+01 
  13    0.1656546 -1.77201e+01 
  14    0.1692819 -1.75581e+01 
  15    0.1729887 -1.74105e+01 
  16    0.1767767 -1.71907e+01 
  17    0.1806476 -1.70287e+01 
  18    0.1846033 -1.67546e+01 
  19    0.1886456 -1.65935e+01 
  20    0.1927764 -1.63189e+01 
  21    0.1969976 -1.60379e+01 
  22    0.2013113 -1.58515e+01 
  23    0.2057194 -1.56656e+01 
  24    0.2102241 -1.55630e+01 
  25    0.2148274 -1.55475e+01 
  26    0.2195315 -1.55954e+01 
  27    0.2243386 -1.56511e+01 
  28    0.2292510 -1.56782e+01 
  29    0.2342710 -1.57207e+01 
  30    0.2394008 -1.57951e+01 
  31    0.2446430 -1.58494e+01 
  32    0.2500000 -1.59357e+01 
  33    0.2554743 -1.59965e+01 
  34    0.2610684 -1.60885e+01 
  35    0.2667851 -1.61572e+01 
  36    0.2726269 -1.62374e+01 
  37    0.2785967 -1.63244e+01 
  38    0.2846972 -1.64227e+01 
  39    0.2909312 -1.65353e+01 
  40    0.2973018 -1.66615e+01 
  41    0.3038118 -1.67814e+01 
  42    0.3104645 -1.69009e+01 
  43    0.3172627 -1.70257e+01 
  44    0.3242099 -1.71629e+01 
  45    0.3313092 -1.73018e+01 
  46    0.3385639 -1.74266e+01 
  47    0.3459775 -1.75535e+01 
  48    0.3535534 -1.76853e+01 
  49    0.3612952 -1.78142e+01 
  50    0.3692065 -1.79355e+01 
  51    0.3772911 -1.80561e+01 
  52    0.3855527 -1.81752e+01 
  53    0.3939952 -1.82931e+01 
  54    0.4026226 -1.84093e+01 
  55    0.4114389 -1.85196e+01 
  56    0.4204482 -1.86252e+01 
  57    0.4296548 -1.87256e+01 
  58    0.4390630 -1.88266e+01 
  59    0.4486773 -1.89196e+01 
  60    0.4585020 -1.90075e+01 
  61    0.4685419 -1.90932e+01 
  62    0.4788016 -1.91749e+01 
  63    0.4892860 -1.92481e+01 
  64    0.5000000 -1.93153e+01 
  65    0.5109486 -1.93776e+01 
  66    0.5221369 -1.94344e+01 
  67    0.5335702 -1.94817e+01 
  68    0.5452539 -1.95233e+01 
  69    0.5571934 -1.95568e+01 
  70    0.5693943 -1.95856e+01 
  71    0.5818624 -1.96121e+01 
  72    0.5946036 -1.96323e+01 
  73    0.6076237 -1.96465e+01 
  74    0.6209289 -1.96581e+01 
  75    0.6345255 -1.96650e+01 
  76    0.6484198 -1.96664e+01 
  77    0.6626183 -1.96674e+01 
  78    0.6771278 -1.96600e+01 
  79    0.6919549 -1.96505e+01 
  80    0.7071068 -1.96387e+01 
  81    0.7225904 -1.96239e+01 
  82    0.7384131 -1.96038e+01 
  83    0.7545822 -1.95815e+01 
  84    0.7711054 -1.95555e+01 
  85    0.7879904 -1.95282e+01 
  86    0.8052452 -1.94957e+01 
  87    0.8228777 -1.94624e+01 
  88    0.8408964 -1.94270e+01 
  89    0.8593096 -1.93882e+01 
  90    0.8781261 -1.93474e+01 
  91    0.8973545 -1.93022e+01 
  92    0.9170040 -1.92560e+01 
  93    0.9370838 -1.92063e+01 
  94    0.9576033 -1.91570e+01 
  95    0.9785721 -1.91020e+01 
  96    1.0000000 -1.90445e+01 
  97    1.0218971 -1.89853e+01 
  98    1.0442738 -1.89234e+01 
  99    1.0671404 -1.88596e+01 
 100    1.0905077 -1.87925e+01 
 101    1.1143867 -1.87223e+01 
 102    1.1387886 -1.86536e+01 
 103    1.1637249 -1.85804e+01 
 104    1.1892071 -1.85054e+01 
 105    1.2152474 -1.84298e+01 
 106    1.2418578 -1.83509e+01 
 107    1.2690510 -1.82706e+01 
 108    1.2968396 -1.81900e+01 
 109    1.3252366 -1.81071e+01 
 110    1.3542555 -1.80231e+01 
 111    1.3839099 -1.79353e+01 
 112    1.4142136 -1.78494e+01 
 113    1.4451808 -1.77621e+01 
 114    1.4768261 -1.76720e+01 
 115    1.5091644 -1.75803e+01 
 116    1.5422108 -1.74845e+01 
 117    1.5759808 -1.73883e+01 
 118    1.6104903 -1.72933e+01 
 119    1.6457555 -1.71975e+01 
 120    1.6817928 -1.70960e+01 
 121    1.7186193 -1.69886e+01 
 122    1.7562522 -1.68620e+01 
 123    1.7947091 -1.67260e+01 
 124    1.8340081 -1.65794e+01 
 125    1.8741676 -1.64256e+01 
 126    1.9152066 -1.62473e+01 
 127    1.9571441 -1.60404e+01 
 128    2.0000000 -1.58207e+01 
 129    2.0437943 -1.55451e+01 
 130    2.0885476 -1.52398e+01 
 131    2.1342808 -1.49302e+01 
 132    2.1810155 -1.46457e+01 
 133    2.2287735 -1.43995e+01 
 134    2.2775773 -1.41411e+01 
 135    2.3274497 -1.39713e+01 
 136    2.3784142 -1.38313e+01 
 137    2.4304947 -1.36898e+01 
 138    2.4837156 -1.36095e+01 
 139    2.5381019 -1.35536e+01 
 140    2.5936791 -1.35487e+01 
 141    2.6504733 -1.35677e+01 
 142    2.7085111 -1.36203e+01 
 143    2.7678198 -1.36961e+01 
 144    2.8284271 -1.37652e+01 
 145    2.8903616 -1.38286e+01 
 146    2.9536523 -1.38855e+01 
 147    3.0183289 -1.39258e+01 
 148    3.0844217 -1.39521e+01 
 149    3.1519617 -1.39824e+01 
 150    3.2209807 -1.39953e+01 
 151    3.2915110 -1.39968e+01 
 152    3.3635857 -1.40000e+01 
 153    3.4372386 -1.39921e+01 
 154    3.5125043 -1.39812e+01 
 155    3.5894182 -1.39580e+01 
 156    3.6680162 -1.39328e+01 
 157    3.7483353 -1.39009e+01 
 158    3.8304131 -1.38592e+01 
 159    3.9142882 -1.38164e+01 
 160    4.0000000 -1.37668e+01 
 161    4.0875886 -1.37084e+01 
 162    4.1770951 -1.36490e+01 
 163    4.2685616 -1.35850e+01 
 164    4.3620309 -1.35193e+01 
 165    4.4575470 -1.34460e+01 
 166    4.5551545 -1.33766e+01 
 167    4.6548994 -1.33093e+01 
 168    4.7568285 -1.32416e+01 
 169    4.8609894 -1.31922e+01 
 170    4.9674312 -1.31411e+01 
 171    5.0762038 -1.30945e+01 
 172    5.1873582 -1.30470e+01 
 173    5.3009466 -1.29957e+01 
 174    5.4170222 -1.29401e+01 
 175    5.5356395 -1.28856e+01 
 176    5.6568542 -1.28167e+01 
 177    5.7807232 -1.27354e+01 
 178    5.9073046 -1.26440e+01 
 179    6.0366577 -1.25305e+01 
 180    6.1688433 -1.23905e+01 
 181    6.3039234 -1.22420e+01 
 182    6.4419613 -1.20685e+01 
 183    6.5830219 -1.18835e+01 
 184    6.7271713 -1.16797e+01 
 185    6.8744772 -1.14709e+01 
 186    7.0250086 -1.12446e+01 
 187    7.1788363 -1.10063e+01 
 188    7.3360323 -1.07579e+01 
 189    7.4966705 -1.05054e+01 


# y-band (filter: y_LSST.dat)
   0    0.1250000 -1.57157e+01 
   1    0.1277371 -1.59572e+01 
   2    0.1305342 -1.62041e+01 
   3    0.1333926 -1.64563e+01 
   4    0.1363135 -1.67238e+01 
   5    0.1392983 -1.69789e+01 
   6    0.1423486 -1.72323e+01 
   7    0.1454656 -1.74077e+01 
   8    0.1486509 -1.76982e+01 
   9    0.1519059 -1.80034e+01 
  10    0.1552322 -1.81781e+01 
  11    0.1586314 -1.83683e+01 
  12    0.1621049 -1.84659e+01 
  13    0.1656546 -1.83862e+01 
  14    0.1692819 -1.82564e+01 
  15    0.1729887 -1.81583e+01 
  16    0.1767767 -1.80856e+01 
  17    0.1806476 -1.80335e+01 
  18    0.1846033 -1.79285e+01 
  19    0.1886456 -1.79055e+01 
  20    0.1927764 -1.78136e+01 
  21    0.1969976 -1.77561e+01 
  22    0.2013113 -1.77592e+01 
  23    0.2057194 -1.77486e+01 
  24    0.2102241 -1.78244e+01 
  25    0.2148274 -1.79632e+01 
  26    0.2195315 -1.81154e+01 
  27    0.2243386 -1.82520e+01 
  28    0.2292510 -1.83859e+01 
  29    0.2342710 -1.85129e+01 
  30    0.2394008 -1.86331e+01 
  31    0.2446430 -1.87487e+01 
  32    0.2500000 -1.88609e+01 
  33    0.2554743 -1.89727e+01 
  34    0.2610684 -1.90702e+01 
  35    0.2667851 -1.91620e+01 
  36    0.2726269 -1.92619e+01 
  37    0.2785967 -1.93513e+01 
  38    0.2846972 -1.94326e+01 
  39    0.2909312 -1.95089e+01 
  40    0.2973018 -1.95787e+01 
  41    0.3038118 -1.96447e+01 
  42    0.3104645 -1.97051e+01 
  43    0.3172627 -1.97650e+01 
  44    0.3242099 -1.98193e+01 
  45    0.3313092 -1.98664e+01 
  46    0.3385639 -1.99131e+01 
  47    0.3459775 -1.99540e+01 
  48    0.3535534 -1.99894e+01 
  49    0.3612952 -2.00201e+01 
  50    0.3692065 -2.00483e+01 
  51    0.3772911 -2.00759e+01 
  52    0.3855527 -2.00970e+01 
  53    0.3939952 -2.01135e+01 
  54    0.4026226 -2.01289e+01 
  55    0.4114389 -2.01410e+01 
  56    0.4204482 -2.01536e+01 
  57    0.4296548 -2.01629e+01 
  58    0.4390630 -2.01672e+01 
  59    0.4486773 -2.01704e+01 
  60    0.4585020 -2.01695e+01 
  61    0.4685419 -2.01669e+01 
  62    0.4788016 -2.01611e+01 
  63    0.4892860 -2.01531e+01 
  64    0.5000000 -2.01427e+01 
  65    0.5109486 -2.01294e+01 
  66    0.5221369 -2.01132e+01 
  67    0.5335702 -2.00920e+01 
  68    0.5452539 -2.00679e+01 
  69    0.5571934 -2.00401e+01 
  70    0.5693943 -2.00141e+01 
  71    0.5818624 -1.99821e+01 
  72    0.5946036 -1.99491e+01 
  73    0.6076237 -1.99159e+01 
  74    0.6209289 -1.98790e+01 
  75    0.6345255 -1.98365e+01 
  76    0.6484198 -1.97957e+01 
  77    0.6626183 -1.97526e+01 
  78    0.6771278 -1.97079e+01 
  79    0.6919549 -1.96618e+01 
  80    0.7071068 -1.96125e+01 
  81    0.7225904 -1.95637e+01 
  82    0.7384131 -1.95092e+01 
  83    0.7545822 -1.94570e+01 
  84    0.7711054 -1.93991e+01 
  85    0.7879904 -1.93402e+01 
  86    0.8052452 -1.92815e+01 
  87    0.8228777 -1.92199e+01 
  88    0.8408964 -1.91581e+01 
  89    0.8593096 -1.90932e+01 
  90    0.8781261 -1.90271e+01 
  91    0.8973545 -1.89606e+01 
  92    0.9170040 -1.88919e+01 
  93    0.9370838 -1.88222e+01 
  94    0.9576033 -1.87526e+01 
  95    0.9785721 -1.86812e+01 
  96    1.0000000 -1.86055e+01 
  97    1.0218971 -1.85275e+01 
  98    1.0442738 -1.84498e+01 
  99    1.0671404 -1.83704e+01 
 100    1.0905077 -1.82912e+01 
 101    1.1143867 -1.82115e+01 
 102    1.1387886 -1.81288e+01 
 103    1.1637249 -1.80432e+01 
 104    1.1892071 -1.79590e+01 
 105    1.2152474 -1.78722e+01 
 106    1.2418578 -1.77823e+01 
 107    1.2690510 -1.76933e+01 
 108    1.2968396 -1.76065e+01 
 109    1.3252366 -1.75153e+01 
 110    1.3542555 -1.74243e+01 
 111    1.3839099 -1.73321e+01 
 112    1.4142136 -1.72379e+01 
 113    1.4451808 -1.71388e+01 
 114    1.4768261 -1.70432e+01 
 115    1.5091644 -1.69437e+01 
 116    1.5422108 -1.68456e+01 
 117    1.5759808 -1.67458e+01 
 118    1.6104903 -1.66472e+01 
 119    1.6457555 -1.65453e+01 
 120    1.6817928 -1.64391e+01 
 121    1.7186193 -1.63299e+01 
 122    1.7562522 -1.61956e+01 
 123    1.7947091 -1.60445e+01 
 124    1.8340081 -1.58984e+01 
 125    1.8741676 -1.57422e+01 
 126    1.9152066 -1.55575e+01 
 127    1.9571441 -1.53446e+01 
 128    2.0000000 -1.51205e+01 
 129    2.0437943 -1.48251e+01 
 130    2.0885476 -1.45263e+01 
 131    2.1342808 -1.42163e+01 
 132    2.1810155 -1.39191e+01 
 133    2.2287735 -1.36583e+01 
 134    2.2775773 -1.33903e+01 
 135    2.3274497 -1.32126e+01 
 136    2.3784142 -1.30610e+01 
 137    2.4304947 -1.29261e+01 
 138    2.4837156 -1.28702e+01 
 139    2.5381019 -1.28572e+01 
 140    2.5936791 -1.28922e+01 
 141    2.6504733 -1.29734e+01 
 142    2.7085111 -1.30729e+01 
 143    2.7678198 -1.32178e+01 
 144    2.8284271 -1.33627e+01 
 145    2.8903616 -1.35083e+01 
 146    2.9536523 -1.36494e+01 
 147    3.0183289 -1.37819e+01 
 148    3.0844217 -1.38989e+01 
 149    3.1519617 -1.39970e+01 
 150    3.2209807 -1.40837e+01 
 151    3.2915110 -1.41506e+01 
 152    3.3635857 -1.42078e+01 
 153    3.4372386 -1.42516e+01 
 154    3.5125043 -1.42865e+01 
 155    3.5894182 -1.43087e+01 
 156    3.6680162 -1.43209e+01 
 157    3.7483353 -1.43176e+01 
 158    3.8304131 -1.43075e+01 
 159    3.9142882 -1.42920e+01 
 160    4.0000000 -1.42660e+01 
 161    4.0875886 -1.42341e+01 
 162    4.1770951 -1.41901e+01 
 163    4.2685616 -1.41344e+01 
 164    4.3620309 -1.40739e+01 
 165    4.4575470 -1.40019e+01 
 166    4.5551545 -1.39229e+01 
 167    4.6548994 -1.38459e+01 
 168    4.7568285 -1.37639e+01 
 169    4.8609894 -1.36970e+01 
 170    4.9674312 -1.36352e+01 
 171    5.0762038 -1.35721e+01 
 172    5.1873582 -1.35092e+01 
 173    5.3009466 -1.34461e+01 
 174    5.4170222 -1.33759e+01 
 175    5.5356395 -1.33188e+01 
 176    5.6568542 -1.32362e+01 
 177    5.7807232 -1.31423e+01 
 178    5.9073046 -1.30465e+01 
 179    6.0366577 -1.29105e+01 
 180    6.1688433 -1.27503e+01 
 181    6.3039234 -1.25735e+01 
 182    6.4419613 -1.23635e+01 
 183    6.5830219 -1.21379e+01 
 184    6.7271713 -1.18953e+01 
 185    6.8744772 -1.16245e+01 
 186    7.0250086 -1.13470e+01 
 187    7.1788363 -1.10450e+01 
 188    7.3360323 -1.07325e+01 
 189    7.4966705 -1.04107e+01 


# J-band (filter: J_2MASS.dat)
   0    0.1250000 -1.73864e+01 
   1    0.1277371 -1.75935e+01 
   2    0.1305342 -1.78052e+01 
   3    0.1333926 -1.80215e+01 
   4    0.1363135 -1.82102e+01 
   5    0.1392983 -1.83792e+01 
   6    0.1423486 -1.85323e+01 
   7    0.1454656 -1.86792e+01 
   8    0.1486509 -1.88232e+01 
   9    0.1519059 -1.89726e+01 
  10    0.1552322 -1.91142e+01 
  11    0.1586314 -1.92351e+01 
  12    0.1621049 -1.93086e+01 
  13    0.1656546 -1.92445e+01 
  14    0.1692819 -1.92232e+01 
  15    0.1729887 -1.92176e+01 
  16    0.1767767 -1.92095e+01 
  17    0.1806476 -1.92098e+01 
  18    0.1846033 -1.91796e+01 
  19    0.1886456 -1.91813e+01 
  20    0.1927764 -1.91723e+01 
  21    0.1969976 -1.91493e+01 
  22    0.2013113 -1.91411e+01 
  23    0.2057194 -1.91193e+01 
  24    0.2102241 -1.91716e+01 
  25    0.2148274 -1.92429e+01 
  26    0.2195315 -1.93141e+01 
  27    0.2243386 -1.93818e+01 
  28    0.2292510 -1.94418e+01 
  29    0.2342710 -1.95006e+01 
  30    0.2394008 -1.95518e+01 
  31    0.2446430 -1.96026e+01 
  32    0.2500000 -1.96529e+01 
  33    0.2554743 -1.96991e+01 
  34    0.2610684 -1.97412e+01 
  35    0.2667851 -1.97826e+01 
  36    0.2726269 -1.98188e+01 
  37    0.2785967 -1.98529e+01 
  38    0.2846972 -1.98844e+01 
  39    0.2909312 -1.99179e+01 
  40    0.2973018 -1.99427e+01 
  41    0.3038118 -1.99679e+01 
  42    0.3104645 -1.99899e+01 
  43    0.3172627 -2.00078e+01 
  44    0.3242099 -2.00210e+01 
  45    0.3313092 -2.00382e+01 
  46    0.3385639 -2.00512e+01 
  47    0.3459775 -2.00569e+01 
  48    0.3535534 -2.00616e+01 
  49    0.3612952 -2.00602e+01 
  50    0.3692065 -2.00560e+01 
  51    0.3772911 -2.00520e+01 
  52    0.3855527 -2.00477e+01 
  53    0.3939952 -2.00380e+01 
  54    0.4026226 -2.00269e+01 
  55    0.4114389 -2.00109e+01 
  56    0.4204482 -1.99974e+01 
  57    0.4296548 -1.99734e+01 
  58    0.4390630 -1.99517e+01 
  59    0.4486773 -1.99289e+01 
  60    0.4585020 -1.99036e+01 
  61    0.4685419 -1.98787e+01 
  62    0.4788016 -1.98511e+01 
  63    0.4892860 -1.98149e+01 
  64    0.5000000 -1.97808e+01 
  65    0.5109486 -1.97423e+01 
  66    0.5221369 -1.97020e+01 
  67    0.5335702 -1.96609e+01 
  68    0.5452539 -1.96170e+01 
  69    0.5571934 -1.95722e+01 
  70    0.5693943 -1.95268e+01 
  71    0.5818624 -1.94778e+01 
  72    0.5946036 -1.94267e+01 
  73    0.6076237 -1.93757e+01 
  74    0.6209289 -1.93209e+01 
  75    0.6345255 -1.92668e+01 
  76    0.6484198 -1.92075e+01 
  77    0.6626183 -1.91501e+01 
  78    0.6771278 -1.90921e+01 
  79    0.6919549 -1.90294e+01 
  80    0.7071068 -1.89636e+01 
  81    0.7225904 -1.89005e+01 
  82    0.7384131 -1.88350e+01 
  83    0.7545822 -1.87683e+01 
  84    0.7711054 -1.86995e+01 
  85    0.7879904 -1.86281e+01 
  86    0.8052452 -1.85577e+01 
  87    0.8228777 -1.84876e+01 
  88    0.8408964 -1.84137e+01 
  89    0.8593096 -1.83380e+01 
  90    0.8781261 -1.82627e+01 
  91    0.8973545 -1.81899e+01 
  92    0.9170040 -1.81144e+01 
  93    0.9370838 -1.80357e+01 
  94    0.9576033 -1.79585e+01 
  95    0.9785721 -1.78782e+01 
  96    1.0000000 -1.77947e+01 
  97    1.0218971 -1.77126e+01 
  98    1.0442738 -1.76328e+01 
  99    1.0671404 -1.75487e+01 
 100    1.0905077 -1.74616e+01 
 101    1.1143867 -1.73786e+01 
 102    1.1387886 -1.72893e+01 
 103    1.1637249 -1.71990e+01 
 104    1.1892071 -1.71063e+01 
 105    1.2152474 -1.70196e+01 
 106    1.2418578 -1.69265e+01 
 107    1.2690510 -1.68279e+01 
 108    1.2968396 -1.67345e+01 
 109    1.3252366 -1.66374e+01 
 110    1.3542555 -1.65402e+01 
 111    1.3839099 -1.64436e+01 
 112    1.4142136 -1.63498e+01 
 113    1.4451808 -1.62492e+01 
 114    1.4768261 -1.61495e+01 
 115    1.5091644 -1.60576e+01 
 116    1.5422108 -1.59567e+01 
 117    1.5759808 -1.58543e+01 
 118    1.6104903 -1.57524e+01 
 119    1.6457555 -1.56569e+01 
 120    1.6817928 -1.55480e+01 
 121    1.7186193 -1.54358e+01 
 122    1.7562522 -1.53073e+01 
 123    1.7947091 -1.51640e+01 
 124    1.8340081 -1.50155e+01 
 125    1.8741676 -1.48573e+01 
 126    1.9152066 -1.46857e+01 
 127    1.9571441 -1.44866e+01 
 128    2.0000000 -1.42805e+01 
 129    2.0437943 -1.40300e+01 
 130    2.0885476 -1.37694e+01 
 131    2.1342808 -1.34971e+01 
 132    2.1810155 -1.32598e+01 
 133    2.2287735 -1.30453e+01 
 134    2.2775773 -1.28245e+01 
 135    2.3274497 -1.26667e+01 
 136    2.3784142 -1.25096e+01 
 137    2.4304947 -1.23658e+01 
 138    2.4837156 -1.22802e+01 
 139    2.5381019 -1.21926e+01 
 140    2.5936791 -1.21566e+01 
 141    2.6504733 -1.21216e+01 
 142    2.7085111 -1.21221e+01 
 143    2.7678198 -1.21578e+01 
 144    2.8284271 -1.22082e+01 
 145    2.8903616 -1.22828e+01 
 146    2.9536523 -1.23475e+01 
 147    3.0183289 -1.24251e+01 
 148    3.0844217 -1.25332e+01 
 149    3.1519617 -1.26404e+01 
 150    3.2209807 -1.27681e+01 
 151    3.2915110 -1.29138e+01 
 152    3.3635857 -1.30684e+01 
 153    3.4372386 -1.32300e+01 
 154    3.5125043 -1.33903e+01 
 155    3.5894182 -1.35363e+01 
 156    3.6680162 -1.36881e+01 
 157    3.7483353 -1.38147e+01 
 158    3.8304131 -1.39420e+01 
 159    3.9142882 -1.40597e+01 
 160    4.0000000 -1.41537e+01 
 161    4.0875886 -1.42328e+01 
 162    4.1770951 -1.42969e+01 
 163    4.2685616 -1.43385e+01 
 164    4.3620309 -1.43674e+01 
 165    4.4575470 -1.43829e+01 
 166    4.5551545 -1.43852e+01 
 167    4.6548994 -1.43740e+01 
 168    4.7568285 -1.43506e+01 
 169    4.8609894 -1.43137e+01 
 170    4.9674312 -1.42753e+01 
 171    5.0762038 -1.42269e+01 
 172    5.1873582 -1.41686e+01 
 173    5.3009466 -1.41100e+01 
 174    5.4170222 -1.40519e+01 
 175    5.5356395 -1.39868e+01 
 176    5.6568542 -1.39318e+01 
 177    5.7807232 -1.38874e+01 
 178    5.9073046 -1.38407e+01 
 179    6.0366577 -1.38127e+01 
 180    6.1688433 -1.37933e+01 
 181    6.3039234 -1.37766e+01 
 182    6.4419613 -1.37609e+01 
 183    6.5830219 -1.37375e+01 
 184    6.7271713 -1.37204e+01 
 185    6.8744772 -1.36824e+01 
 186    7.0250086 -1.36483e+01 
 187    7.1788363 -1.36233e+01 
 188    7.3360323 -1.35871e+01 
 189    7.4966705 -1.35295e+01 


# H-band (filter: H_2MASS.dat)
   0    0.1250000 -1.97669e+01 
   1    0.1277371 -1.98888e+01 
   2    0.1305342 -2.00133e+01 
   3    0.1333926 -2.01406e+01 
   4    0.1363135 -2.02640e+01 
   5    0.1392983 -2.03866e+01 
   6    0.1423486 -2.05010e+01 
   7    0.1454656 -2.06030e+01 
   8    0.1486509 -2.07038e+01 
   9    0.1519059 -2.07953e+01 
  10    0.1552322 -2.08775e+01 
  11    0.1586314 -2.09559e+01 
  12    0.1621049 -2.09886e+01 
  13    0.1656546 -2.09713e+01 
  14    0.1692819 -2.09623e+01 
  15    0.1729887 -2.09374e+01 
  16    0.1767767 -2.09110e+01 
  17    0.1806476 -2.08775e+01 
  18    0.1846033 -2.08278e+01 
  19    0.1886456 -2.07940e+01 
  20    0.1927764 -2.07563e+01 
  21    0.1969976 -2.07047e+01 
  22    0.2013113 -2.06532e+01 
  23    0.2057194 -2.05981e+01 
  24    0.2102241 -2.05800e+01 
  25    0.2148274 -2.05695e+01 
  26    0.2195315 -2.05567e+01 
  27    0.2243386 -2.05454e+01 
  28    0.2292510 -2.05304e+01 
  29    0.2342710 -2.05151e+01 
  30    0.2394008 -2.04953e+01 
  31    0.2446430 -2.04714e+01 
  32    0.2500000 -2.04420e+01 
  33    0.2554743 -2.04117e+01 
  34    0.2610684 -2.03843e+01 
  35    0.2667851 -2.03554e+01 
  36    0.2726269 -2.03208e+01 
  37    0.2785967 -2.02838e+01 
  38    0.2846972 -2.02413e+01 
  39    0.2909312 -2.01976e+01 
  40    0.2973018 -2.01545e+01 
  41    0.3038118 -2.01082e+01 
  42    0.3104645 -2.00637e+01 
  43    0.3172627 -2.00122e+01 
  44    0.3242099 -1.99622e+01 
  45    0.3313092 -1.99103e+01 
  46    0.3385639 -1.98554e+01 
  47    0.3459775 -1.98003e+01 
  48    0.3535534 -1.97412e+01 
  49    0.3612952 -1.96882e+01 
  50    0.3692065 -1.96290e+01 
  51    0.3772911 -1.95705e+01 
  52    0.3855527 -1.95070e+01 
  53    0.3939952 -1.94440e+01 
  54    0.4026226 -1.93832e+01 
  55    0.4114389 -1.93177e+01 
  56    0.4204482 -1.92537e+01 
  57    0.4296548 -1.91832e+01 
  58    0.4390630 -1.91134e+01 
  59    0.4486773 -1.90421e+01 
  60    0.4585020 -1.89725e+01 
  61    0.4685419 -1.88985e+01 
  62    0.4788016 -1.88220e+01 
  63    0.4892860 -1.87468e+01 
  64    0.5000000 -1.86740e+01 
  65    0.5109486 -1.86016e+01 
  66    0.5221369 -1.85206e+01 
  67    0.5335702 -1.84432e+01 
  68    0.5452539 -1.83615e+01 
  69    0.5571934 -1.82852e+01 
  70    0.5693943 -1.82073e+01 
  71    0.5818624 -1.81267e+01 
  72    0.5946036 -1.80398e+01 
  73    0.6076237 -1.79599e+01 
  74    0.6209289 -1.78837e+01 
  75    0.6345255 -1.78002e+01 
  76    0.6484198 -1.77196e+01 
  77    0.6626183 -1.76365e+01 
  78    0.6771278 -1.75507e+01 
  79    0.6919549 -1.74690e+01 
  80    0.7071068 -1.73945e+01 
  81    0.7225904 -1.73050e+01 
  82    0.7384131 -1.72153e+01 
  83    0.7545822 -1.71361e+01 
  84    0.7711054 -1.70498e+01 
  85    0.7879904 -1.69678e+01 
  86    0.8052452 -1.68794e+01 
  87    0.8228777 -1.67920e+01 
  88    0.8408964 -1.67058e+01 
  89    0.8593096 -1.66215e+01 
  90    0.8781261 -1.65351e+01 
  91    0.8973545 -1.64474e+01 
  92    0.9170040 -1.63589e+01 
  93    0.9370838 -1.62703e+01 
  94    0.9576033 -1.61862e+01 
  95    0.9785721 -1.60878e+01 
  96    1.0000000 -1.60075e+01 
  97    1.0218971 -1.58981e+01 
  98    1.0442738 -1.58025e+01 
  99    1.0671404 -1.57007e+01 
 100    1.0905077 -1.56167e+01 
 101    1.1143867 -1.55157e+01 
 102    1.1387886 -1.54303e+01 
 103    1.1637249 -1.53421e+01 
 104    1.1892071 -1.52494e+01 
 105    1.2152474 -1.51547e+01 
 106    1.2418578 -1.50660e+01 
 107    1.2690510 -1.49753e+01 
 108    1.2968396 -1.48847e+01 
 109    1.3252366 -1.47857e+01 
 110    1.3542555 -1.47116e+01 
 111    1.3839099 -1.46387e+01 
 112    1.4142136 -1.45514e+01 
 113    1.4451808 -1.44711e+01 
 114    1.4768261 -1.43724e+01 
 115    1.5091644 -1.42768e+01 
 116    1.5422108 -1.41844e+01 
 117    1.5759808 -1.40944e+01 
 118    1.6104903 -1.39926e+01 
 119    1.6457555 -1.39139e+01 
 120    1.6817928 -1.38206e+01 
 121    1.7186193 -1.37242e+01 
 122    1.7562522 -1.36138e+01 
 123    1.7947091 -1.35019e+01 
 124    1.8340081 -1.33994e+01 
 125    1.8741676 -1.32900e+01 
 126    1.9152066 -1.31735e+01 
 127    1.9571441 -1.30489e+01 
 128    2.0000000 -1.29282e+01 
 129    2.0437943 -1.28198e+01 
 130    2.0885476 -1.27103e+01 
 131    2.1342808 -1.25788e+01 
 132    2.1810155 -1.24462e+01 
 133    2.2287735 -1.23365e+01 
 134    2.2775773 -1.22525e+01 
 135    2.3274497 -1.21456e+01 
 136    2.3784142 -1.20709e+01 
 137    2.4304947 -1.19809e+01 
 138    2.4837156 -1.19301e+01 
 139    2.5381019 -1.19101e+01 
 140    2.5936791 -1.18748e+01 
 141    2.6504733 -1.18538e+01 
 142    2.7085111 -1.18388e+01 
 143    2.7678198 -1.18452e+01 
 144    2.8284271 -1.18627e+01 
 145    2.8903616 -1.18720e+01 
 146    2.9536523 -1.18851e+01 
 147    3.0183289 -1.19158e+01 
 148    3.0844217 -1.19305e+01 
 149    3.1519617 -1.19675e+01 
 150    3.2209807 -1.20011e+01 
 151    3.2915110 -1.20212e+01 
 152    3.3635857 -1.20559e+01 
 153    3.4372386 -1.20823e+01 
 154    3.5125043 -1.21050e+01 
 155    3.5894182 -1.21500e+01 
 156    3.6680162 -1.21882e+01 
 157    3.7483353 -1.22263e+01 
 158    3.8304131 -1.22649e+01 
 159    3.9142882 -1.22994e+01 
 160    4.0000000 -1.23586e+01 
 161    4.0875886 -1.24152e+01 
 162    4.1770951 -1.24714e+01 
 163    4.2685616 -1.25433e+01 
 164    4.3620309 -1.26051e+01 
 165    4.4575470 -1.26751e+01 
 166    4.5551545 -1.27407e+01 
 167    4.6548994 -1.27918e+01 
 168    4.7568285 -1.28465e+01 
 169    4.8609894 -1.28946e+01 
 170    4.9674312 -1.29272e+01 
 171    5.0762038 -1.29640e+01 
 172    5.1873582 -1.29802e+01 
 173    5.3009466 -1.29839e+01 
 174    5.4170222 -1.29734e+01 
 175    5.5356395 -1.29514e+01 
 176    5.6568542 -1.29246e+01 
 177    5.7807232 -1.28798e+01 
 178    5.9073046 -1.28347e+01 
 179    6.0366577 -1.27843e+01 
 180    6.1688433 -1.27237e+01 
 181    6.3039234 -1.26593e+01 
 182    6.4419613 -1.25932e+01 
 183    6.5830219 -1.25215e+01 
 184    6.7271713 -1.24496e+01 
 185    6.8744772 -1.23893e+01 
 186    7.0250086 -1.23301e+01 
 187    7.1788363 -1.22636e+01 
 188    7.3360323 -1.21987e+01 
 189    7.4966705 -1.21348e+01 


# K-band (filter: Ks_mosfire.dat)
   0    0.1250000 -1.97884e+01 
   1    0.1277371 -1.98907e+01 
   2    0.1305342 -1.99952e+01 
   3    0.1333926 -2.01021e+01 
   4    0.1363135 -2.02024e+01 
   5    0.1392983 -2.02981e+01 
   6    0.1423486 -2.03802e+01 
   7    0.1454656 -2.04578e+01 
   8    0.1486509 -2.05392e+01 
   9    0.1519059 -2.06068e+01 
  10    0.1552322 -2.06774e+01 
  11    0.1586314 -2.07344e+01 
  12    0.1621049 -2.07475e+01 
  13    0.1656546 -2.07185e+01 
  14    0.1692819 -2.06918e+01 
  15    0.1729887 -2.06678e+01 
  16    0.1767767 -2.06307e+01 
  17    0.1806476 -2.05983e+01 
  18    0.1846033 -2.05472e+01 
  19    0.1886456 -2.05043e+01 
  20    0.1927764 -2.04582e+01 
  21    0.1969976 -2.04033e+01 
  22    0.2013113 -2.03381e+01 
  23    0.2057194 -2.02807e+01 
  24    0.2102241 -2.02491e+01 
  25    0.2148274 -2.02272e+01 
  26    0.2195315 -2.02051e+01 
  27    0.2243386 -2.01760e+01 
  28    0.2292510 -2.01508e+01 
  29    0.2342710 -2.01159e+01 
  30    0.2394008 -2.00806e+01 
  31    0.2446430 -2.00469e+01 
  32    0.2500000 -2.00065e+01 
  33    0.2554743 -1.99665e+01 
  34    0.2610684 -1.99190e+01 
  35    0.2667851 -1.98712e+01 
  36    0.2726269 -1.98240e+01 
  37    0.2785967 -1.97730e+01 
  38    0.2846972 -1.97287e+01 
  39    0.2909312 -1.96850e+01 
  40    0.2973018 -1.96310e+01 
  41    0.3038118 -1.95744e+01 
  42    0.3104645 -1.95216e+01 
  43    0.3172627 -1.94637e+01 
  44    0.3242099 -1.94129e+01 
  45    0.3313092 -1.93517e+01 
  46    0.3385639 -1.92960e+01 
  47    0.3459775 -1.92377e+01 
  48    0.3535534 -1.91715e+01 
  49    0.3612952 -1.91054e+01 
  50    0.3692065 -1.90377e+01 
  51    0.3772911 -1.89659e+01 
  52    0.3855527 -1.88932e+01 
  53    0.3939952 -1.88260e+01 
  54    0.4026226 -1.87546e+01 
  55    0.4114389 -1.86794e+01 
  56    0.4204482 -1.85967e+01 
  57    0.4296548 -1.85244e+01 
  58    0.4390630 -1.84448e+01 
  59    0.4486773 -1.83701e+01 
  60    0.4585020 -1.83017e+01 
  61    0.4685419 -1.82127e+01 
  62    0.4788016 -1.81312e+01 
  63    0.4892860 -1.80493e+01 
  64    0.5000000 -1.79763e+01 
  65    0.5109486 -1.79000e+01 
  66    0.5221369 -1.78229e+01 
  67    0.5335702 -1.77410e+01 
  68    0.5452539 -1.76531e+01 
  69    0.5571934 -1.75757e+01 
  70    0.5693943 -1.74899e+01 
  71    0.5818624 -1.73985e+01 
  72    0.5946036 -1.73098e+01 
  73    0.6076237 -1.72228e+01 
  74    0.6209289 -1.71367e+01 
  75    0.6345255 -1.70653e+01 
  76    0.6484198 -1.69704e+01 
  77    0.6626183 -1.68901e+01 
  78    0.6771278 -1.68031e+01 
  79    0.6919549 -1.67221e+01 
  80    0.7071068 -1.66384e+01 
  81    0.7225904 -1.65545e+01 
  82    0.7384131 -1.64762e+01 
  83    0.7545822 -1.63878e+01 
  84    0.7711054 -1.62964e+01 
  85    0.7879904 -1.62178e+01 
  86    0.8052452 -1.61317e+01 
  87    0.8228777 -1.60338e+01 
  88    0.8408964 -1.59574e+01 
  89    0.8593096 -1.58599e+01 
  90    0.8781261 -1.57651e+01 
  91    0.8973545 -1.56833e+01 
  92    0.9170040 -1.55970e+01 
  93    0.9370838 -1.55104e+01 
  94    0.9576033 -1.54286e+01 
  95    0.9785721 -1.53312e+01 
  96    1.0000000 -1.52350e+01 
  97    1.0218971 -1.51274e+01 
  98    1.0442738 -1.50367e+01 
  99    1.0671404 -1.49403e+01 
 100    1.0905077 -1.48428e+01 
 101    1.1143867 -1.47282e+01 
 102    1.1387886 -1.46230e+01 
 103    1.1637249 -1.45170e+01 
 104    1.1892071 -1.44200e+01 
 105    1.2152474 -1.43279e+01 
 106    1.2418578 -1.42238e+01 
 107    1.2690510 -1.41239e+01 
 108    1.2968396 -1.40239e+01 
 109    1.3252366 -1.39356e+01 
 110    1.3542555 -1.38540e+01 
 111    1.3839099 -1.37491e+01 
 112    1.4142136 -1.36408e+01 
 113    1.4451808 -1.35214e+01 
 114    1.4768261 -1.34099e+01 
 115    1.5091644 -1.32985e+01 
 116    1.5422108 -1.31984e+01 
 117    1.5759808 -1.30800e+01 
 118    1.6104903 -1.29652e+01 
 119    1.6457555 -1.28731e+01 
 120    1.6817928 -1.27538e+01 
 121    1.7186193 -1.26188e+01 
 122    1.7562522 -1.24873e+01 
 123    1.7947091 -1.23403e+01 
 124    1.8340081 -1.22325e+01 
 125    1.8741676 -1.20843e+01 
 126    1.9152066 -1.19087e+01 
 127    1.9571441 -1.17333e+01 
 128    2.0000000 -1.15433e+01 
 129    2.0437943 -1.14183e+01 
 130    2.0885476 -1.12357e+01 
 131    2.1342808 -1.09945e+01 
 132    2.1810155 -1.07287e+01 
 133    2.2287735 -1.05256e+01 
 134    2.2775773 -1.03394e+01 
 135    2.3274497 -1.01389e+01 
 136    2.3784142 -9.95301e+00 
 137    2.4304947 -9.81183e+00 
 138    2.4837156 -9.77012e+00 
 139    2.5381019 -9.73580e+00 
 140    2.5936791 -9.75286e+00 
 141    2.6504733 -9.73068e+00 
 142    2.7085111 -9.74261e+00 
 143    2.7678198 -9.87212e+00 
 144    2.8284271 -9.99614e+00 
 145    2.8903616 -1.01175e+01 
 146    2.9536523 -1.01960e+01 
 147    3.0183289 -1.03506e+01 
 148    3.0844217 -1.04764e+01 
 149    3.1519617 -1.05958e+01 
 150    3.2209807 -1.06966e+01 
 151    3.2915110 -1.07897e+01 
 152    3.3635857 -1.08425e+01 
 153    3.4372386 -1.09622e+01 
 154    3.5125043 -1.10297e+01 
 155    3.5894182 -1.10910e+01 
 156    3.6680162 -1.11818e+01 
 157    3.7483353 -1.12642e+01 
 158    3.8304131 -1.13543e+01 
 159    3.9142882 -1.14190e+01 
 160    4.0000000 -1.14903e+01 
 161    4.0875886 -1.15490e+01 
 162    4.1770951 -1.16126e+01 
 163    4.2685616 -1.16609e+01 
 164    4.3620309 -1.17078e+01 
 165    4.4575470 -1.17192e+01 
 166    4.5551545 -1.17472e+01 
 167    4.6548994 -1.17406e+01 
 168    4.7568285 -1.17239e+01 
 169    4.8609894 -1.17036e+01 
 170    4.9674312 -1.16739e+01 
 171    5.0762038 -1.16373e+01 
 172    5.1873582 -1.15860e+01 
 173    5.3009466 -1.15432e+01 
 174    5.4170222 -1.14673e+01 
 175    5.5356395 -1.14026e+01 
 176    5.6568542 -1.13323e+01 
 177    5.7807232 -1.12727e+01 
 178    5.9073046 -1.12083e+01 
 179    6.0366577 -1.11492e+01 
 180    6.1688433 -1.10973e+01 
 181    6.3039234 -1.10391e+01 
 182    6.4419613 -1.09669e+01 
 183    6.5830219 -1.09132e+01 
 184    6.7271713 -1.08543e+01 
 185    6.8744772 -1.07935e+01 
 186    7.0250086 -1.07230e+01 
 187    7.1788363 -1.06582e+01 
 188    7.3360323 -1.05911e+01 
 189    7.4966705 -1.05118e+01 


# S-band (filter: Spitzer_IRAC2.dat)
   0    0.1250000 -1.92674e+01 
   1    0.1277371 -1.92861e+01 
   2    0.1305342 -1.93051e+01 
   3    0.1333926 -1.93246e+01 
   4    0.1363135 -1.93263e+01 
   5    0.1392983 -1.93418e+01 
   6    0.1423486 -1.93500e+01 
   7    0.1454656 -1.93391e+01 
   8    0.1486509 -1.93286e+01 
   9    0.1519059 -1.93246e+01 
  10    0.1552322 -1.93091e+01 
  11    0.1586314 -1.93003e+01 
  12    0.1621049 -1.92690e+01 
  13    0.1656546 -1.92302e+01 
  14    0.1692819 -1.91890e+01 
  15    0.1729887 -1.91255e+01 
  16    0.1767767 -1.90600e+01 
  17    0.1806476 -1.90010e+01 
  18    0.1846033 -1.89280e+01 
  19    0.1886456 -1.88731e+01 
  20    0.1927764 -1.87887e+01 
  21    0.1969976 -1.87228e+01 
  22    0.2013113 -1.86553e+01 
  23    0.2057194 -1.85725e+01 
  24    0.2102241 -1.85112e+01 
  25    0.2148274 -1.84449e+01 
  26    0.2195315 -1.83725e+01 
  27    0.2243386 -1.83093e+01 
  28    0.2292510 -1.82224e+01 
  29    0.2342710 -1.81447e+01 
  30    0.2394008 -1.80600e+01 
  31    0.2446430 -1.79990e+01 
  32    0.2500000 -1.79330e+01 
  33    0.2554743 -1.78206e+01 
  34    0.2610684 -1.77290e+01 
  35    0.2667851 -1.76594e+01 
  36    0.2726269 -1.75572e+01 
  37    0.2785967 -1.74689e+01 
  38    0.2846972 -1.73701e+01 
  39    0.2909312 -1.73000e+01 
  40    0.2973018 -1.71945e+01 
  41    0.3038118 -1.70768e+01 
  42    0.3104645 -1.69903e+01 
  43    0.3172627 -1.68889e+01 
  44    0.3242099 -1.68017e+01 
  45    0.3313092 -1.67164e+01 
  46    0.3385639 -1.66274e+01 
  47    0.3459775 -1.65610e+01 
  48    0.3535534 -1.64690e+01 
  49    0.3612952 -1.63852e+01 
  50    0.3692065 -1.62906e+01 
  51    0.3772911 -1.61933e+01 
  52    0.3855527 -1.61308e+01 
  53    0.3939952 -1.60644e+01 
  54    0.4026226 -1.59870e+01 
  55    0.4114389 -1.58997e+01 
  56    0.4204482 -1.58287e+01 
  57    0.4296548 -1.57152e+01 
  58    0.4390630 -1.55789e+01 
  59    0.4486773 -1.54674e+01 
  60    0.4585020 -1.54035e+01 
  61    0.4685419 -1.53285e+01 
  62    0.4788016 -1.52318e+01 
  63    0.4892860 -1.51208e+01 
  64    0.5000000 -1.50247e+01 
  65    0.5109486 -1.49389e+01 
  66    0.5221369 -1.48184e+01 
  67    0.5335702 -1.47457e+01 
  68    0.5452539 -1.46175e+01 
  69    0.5571934 -1.45396e+01 
  70    0.5693943 -1.44318e+01 
  71    0.5818624 -1.42932e+01 
  72    0.5946036 -1.42351e+01 
  73    0.6076237 -1.41622e+01 
  74    0.6209289 -1.40727e+01 
  75    0.6345255 -1.39396e+01 
  76    0.6484198 -1.38400e+01 
  77    0.6626183 -1.37146e+01 
  78    0.6771278 -1.36508e+01 
  79    0.6919549 -1.35063e+01 
  80    0.7071068 -1.34323e+01 
  81    0.7225904 -1.33733e+01 
  82    0.7384131 -1.32689e+01 
  83    0.7545822 -1.31836e+01 
  84    0.7711054 -1.30697e+01 
  85    0.7879904 -1.29338e+01 
  86    0.8052452 -1.27980e+01 
  87    0.8228777 -1.27133e+01 
  88    0.8408964 -1.26707e+01 
  89    0.8593096 -1.26272e+01 
  90    0.8781261 -1.25310e+01 
  91    0.8973545 -1.24678e+01 
  92    0.9170040 -1.23520e+01 
  93    0.9370838 -1.21907e+01 
  94    0.9576033 -1.21083e+01 
  95    0.9785721 -1.19736e+01 
  96    1.0000000 -1.18759e+01 
  97    1.0218971 -1.17608e+01 
  98    1.0442738 -1.17402e+01 
  99    1.0671404 -1.16541e+01 
 100    1.0905077 -1.14448e+01 
 101    1.1143867 -1.12596e+01 
 102    1.1387886 -1.11635e+01 
 103    1.1637249 -1.11097e+01 
 104    1.1892071 -1.07042e+01 
 105    1.2152474 -1.06919e+01 
 106    1.2418578 -1.05488e+01 
 107    1.2690510 -1.00664e+01 
 108    1.2968396 -9.97020e+00 
 109    1.3252366 -9.80143e+00 
 110    1.3542555 -9.56465e+00 
 111    1.3839099 -9.52244e+00 
 112    1.4142136 -9.38728e+00 
 113    1.4451808 -8.57237e+00 
 114    1.4768261 -8.58042e+00 
 115    1.5091644 -8.53658e+00 
 116    1.5422108 -8.46812e+00 
 117    1.5759808 -8.00392e+00 
 118    1.6104903 -7.41811e+00 
 119    1.6457555 -6.94346e+00 
 120    1.6817928 -5.73950e+00 
 121    1.7186193 -5.49405e+00 
 122    1.7562522 -5.10369e+00 
 123    1.7947091 -5.20375e+00 
 124    1.8340081 -4.28994e+00 
 125    1.8741676 -3.69536e+00 
 126    1.9152066 -2.48937e+00 
 127    1.9571441 -1.69279e+00 
 128    2.0000000 -9.72025e-01 
 129    2.0437943 -1.26090e-01 
 130    2.0885476  2.47742e-01 
 131    2.1342808  8.95183e-01 
 132    2.1810155  4.00685e-01 
 133    2.2287735  8.85639e-01 
 134    2.2775773  2.56365e-01 
 135    2.3274497  6.91463e-01 
 136    2.3784142  3.41784e-01 
 137    2.4304947  2.75490e-01 
 138    2.4837156  6.06810e-01 
 139    2.5381019  1.19362e+00 
 140    2.5936791  1.32759e+00 
 141    2.6504733  1.83784e+00 
 142    2.7085111  1.25012e+00 
 143    2.7678198  1.81466e+00 
 144    2.8284271  1.62068e+00 
 145    2.8903616  6.87947e-01 
 146    2.9536523  9.63456e-01 
 147    3.0183289  1.50986e+00 
 148    3.0844217  2.33367e+00 
 149    3.1519617  1.91657e+00 
 150    3.2209807  1.08064e+00 
 151    3.2915110  5.68744e-01 
 152    3.3635857  3.55983e-01 
 153    3.4372386  2.92672e-01 
 154    3.5125043 -5.80679e-01 
 155    3.5894182 -1.20770e+00 
 156    3.6680162 -1.30829e+00 
 157    3.7483353 -8.22792e-01 
 158    3.8304131 -1.00538e+00 
 159    3.9142882 -1.90921e+00 
 160    4.0000000 -3.02606e+00 
 161    4.0875886 -3.55012e+00 
 162    4.1770951 -3.83262e+00 
 163    4.2685616 -4.33076e+00 
 164    4.3620309 -4.54186e+00 
 165    4.4575470 -4.39200e+00 
 166    4.5551545 -4.59042e+00 
 167    4.6548994 -5.27095e+00 
 168    4.7568285 -5.52396e+00 
 169    4.8609894 -5.53228e+00 
 170    4.9674312 -6.03261e+00 
 171    5.0762038 -5.24388e+00 
 172    5.1873582 -5.11033e+00 
 173    5.3009466 -4.87592e+00 
 174    5.4170222 -4.94276e+00 
 175    5.5356395 -4.94281e+00 
 176    5.6568542 -5.27429e+00 
 177    5.7807232 -5.43054e+00 
 178    5.9073046 -5.35419e+00 
 179    6.0366577 -5.22139e+00 
 180    6.1688433 -4.77945e+00 
 181    6.3039234 -5.13941e+00 
 182    6.4419613 -5.19594e+00 
 183    6.5830219 -5.81068e+00 
 184    6.7271713 -5.99144e+00 
 185    6.8744772 -5.85693e+00 
 186    7.0250086 -5.81012e+00 
 187    7.1788363 -5.82113e+00 
 188    7.3360323 -5.90644e+00 
 189    7.4966705 -5.99623e+00 


