# 1:iteration 2:time bin[s] 3-k:equiv. isotropic luminosity in k-th angular bin [erg/s]
# bolometric luminosity going in angular bin
   0    0.1250000  4.83439e+42 
   1    0.1277371  4.88906e+42 
   2    0.1305342  4.94494e+42 
   3    0.1333926  5.00203e+42 
   4    0.1363135  5.21542e+42 
   5    0.1392983  5.39295e+42 
   6    0.1423486  5.62840e+42 
   7    0.1454656  5.92213e+42 
   8    0.1486509  6.41769e+42 
   9    0.1519059  6.93017e+42 
  10    0.1552322  7.46279e+42 
  11    0.1586314  8.01860e+42 
  12    0.1621049  8.57588e+42 
  13    0.1656546  9.14191e+42 
  14    0.1692819  9.71316e+42 
  15    0.1729887  1.02890e+43 
  16    0.1767767  1.08818e+43 
  17    0.1806476  1.14861e+43 
  18    0.1846033  1.20834e+43 
  19    0.1886456  1.26706e+43 
  20    0.1927764  1.32305e+43 
  21    0.1969976  1.38170e+43 
  22    0.2013113  1.43796e+43 
  23    0.2057194  1.48867e+43 
  24    0.2102241  1.54333e+43 
  25    0.2148274  1.59549e+43 
  26    0.2195315  1.64721e+43 
  27    0.2243386  1.70065e+43 
  28    0.2292510  1.75135e+43 
  29    0.2342710  1.79786e+43 
  30    0.2394008  1.84282e+43 
  31    0.2446430  1.88501e+43 
  32    0.2500000  1.91948e+43 
  33    0.2554743  1.94819e+43 
  34    0.2610684  1.93999e+43 
  35    0.2667851  1.91586e+43 
  36    0.2726269  1.89506e+43 
  37    0.2785967  1.86823e+43 
  38    0.2846972  1.85171e+43 
  39    0.2909312  1.83649e+43 
  40    0.2973018  1.80637e+43 
  41    0.3038118  1.79516e+43 
  42    0.3104645  1.78255e+43 
  43    0.3172627  1.77018e+43 
  44    0.3242099  1.76704e+43 
  45    0.3313092  1.76852e+43 
  46    0.3385639  1.79707e+43 
  47    0.3459775  1.83489e+43 
  48    0.3535534  1.87459e+43 
  49    0.3612952  1.91401e+43 
  50    0.3692065  1.95443e+43 
  51    0.3772911  2.00037e+43 
  52    0.3855527  2.04425e+43 
  53    0.3939952  2.08833e+43 
  54    0.4026226  2.13235e+43 
  55    0.4114389  2.17925e+43 
  56    0.4204482  2.22331e+43 
  57    0.4296548  2.27577e+43 
  58    0.4390630  2.32273e+43 
  59    0.4486773  2.37115e+43 
  60    0.4585020  2.42130e+43 
  61    0.4685419  2.47653e+43 
  62    0.4788016  2.52881e+43 
  63    0.4892860  2.58722e+43 
  64    0.5000000  2.64839e+43 
  65    0.5109486  2.71128e+43 
  66    0.5221369  2.77606e+43 
  67    0.5335702  2.84457e+43 
  68    0.5452539  2.91776e+43 
  69    0.5571934  2.98747e+43 
  70    0.5693943  3.05393e+43 
  71    0.5818624  3.12279e+43 
  72    0.5946036  3.19732e+43 
  73    0.6076237  3.28955e+43 
  74    0.6209289  3.37927e+43 
  75    0.6345255  3.47716e+43 
  76    0.6484198  3.58757e+43 
  77    0.6626183  3.70387e+43 
  78    0.6771278  3.83596e+43 
  79    0.6919549  3.97261e+43 
  80    0.7071068  4.11150e+43 
  81    0.7225904  4.27035e+43 
  82    0.7384131  4.43719e+43 
  83    0.7545822  4.62075e+43 
  84    0.7711054  4.81622e+43 
  85    0.7879904  5.01721e+43 
  86    0.8052452  5.22895e+43 
  87    0.8228777  5.45123e+43 
  88    0.8408964  5.69705e+43 
  89    0.8593096  5.96305e+43 
  90    0.8781261  6.24458e+43 
  91    0.8973545  6.56603e+43 
  92    0.9170040  6.93507e+43 
  93    0.9370838  7.33665e+43 
  94    0.9576033  7.84196e+43 
  95    0.9785721  8.41549e+43 
  96    1.0000000  9.04388e+43 
  97    1.0218971  9.82255e+43 
  98    1.0442738  1.06098e+44 
  99    1.0671404  1.14151e+44 
 100    1.0905077  1.20312e+44 
 101    1.1143867  1.22514e+44 
 102    1.1387886  1.21781e+44 
 103    1.1637249  1.21952e+44 
 104    1.1892071  1.21376e+44 
 105    1.2152474  1.22575e+44 
 106    1.2418578  1.21746e+44 
 107    1.2690510  1.24367e+44 
 108    1.2968396  1.27125e+44 
 109    1.3252366  1.28509e+44 
 110    1.3542555  1.32683e+44 
 111    1.3839099  1.37200e+44 
 112    1.4142136  1.45053e+44 
 113    1.4451808  1.54405e+44 
 114    1.4768261  1.67068e+44 
 115    1.5091644  1.81158e+44 
 116    1.5422108  1.94870e+44 
 117    1.5759808  2.07808e+44 
 118    1.6104903  2.20710e+44 
 119    1.6457555  2.31346e+44 
 120    1.6817928  2.40520e+44 
 121    1.7186193  2.49373e+44 
 122    1.7562522  2.55963e+44 
 123    1.7947091  2.62291e+44 
 124    1.8340081  2.68431e+44 
 125    1.8741676  2.73159e+44 
 126    1.9152066  2.78529e+44 
 127    1.9571441  2.83882e+44 
 128    2.0000000  2.88821e+44 
 129    2.0437943  2.95107e+44 
 130    2.0885476  3.01466e+44 
 131    2.1342808  3.08831e+44 
 132    2.1810155  3.16348e+44 
 133    2.2287735  3.24432e+44 
 134    2.2775773  3.33274e+44 
 135    2.3274497  3.41335e+44 
 136    2.3784142  3.49047e+44 
 137    2.4304947  3.56722e+44 
 138    2.4837156  3.62730e+44 
 139    2.5381019  3.67676e+44 
 140    2.5936791  3.72047e+44 
 141    2.6504733  3.74452e+44 
 142    2.7085111  3.75024e+44 
 143    2.7678198  3.74584e+44 
 144    2.8284271  3.71737e+44 
 145    2.8903616  3.67254e+44 
 146    2.9536523  3.60407e+44 
 147    3.0183289  3.51790e+44 
 148    3.0844217  3.40212e+44 
 149    3.1519617  3.26490e+44 
 150    3.2209807  3.10692e+44 
 151    3.2915110  2.91674e+44 
 152    3.3635857  2.70332e+44 
 153    3.4372386  2.47329e+44 
 154    3.5125043  2.23278e+44 
 155    3.5894182  1.99438e+44 
 156    3.6680162  1.74238e+44 
 157    3.7483353  1.52066e+44 
 158    3.8304131  1.31686e+44 
 159    3.9142882  1.11231e+44 
 160    4.0000000  9.46885e+43 
 161    4.0875886  7.93954e+43 
 162    4.1770951  6.62641e+43 
 163    4.2685616  5.54608e+43 
 164    4.3620309  4.65225e+43 
 165    4.4575470  3.99963e+43 
 166    4.5551545  3.46166e+43 
 167    4.6548994  3.05064e+43 
 168    4.7568285  2.70211e+43 
 169    4.8609894  2.40523e+43 
 170    4.9674312  2.13293e+43 
 171    5.0762038  1.88245e+43 
 172    5.1873582  1.65590e+43 
 173    5.3009466  1.46436e+43 
 174    5.4170222  1.29771e+43 
 175    5.5356395  1.15331e+43 
 176    5.6568542  1.03174e+43 
 177    5.7807232  9.27429e+42 
 178    5.9073046  8.39659e+42 
 179    6.0366577  7.65810e+42 
 180    6.1688433  7.02879e+42 
 181    6.3039234  6.49241e+42 
 182    6.4419613  6.02721e+42 
 183    6.5830219  5.61824e+42 
 184    6.7271713  5.25376e+42 
 185    6.8744772  4.92342e+42 
 186    7.0250086  4.60572e+42 
 187    7.1788363  4.30640e+42 
 188    7.3360323  4.02077e+42 
 189    7.4966705  3.75463e+42 


# g-band (filter: g_LSST.dat)
   0    0.1250000  1.79578e+26 
   1    0.1277371  1.83561e+26 
   2    0.1305342  1.87631e+26 
   3    0.1333926  1.91790e+26 
   4    0.1363135  1.89377e+26 
   5    0.1392983  1.91561e+26 
   6    0.1423486  1.92730e+26 
   7    0.1454656  2.01814e+26 
   8    0.1486509  2.02566e+26 
   9    0.1519059  2.07433e+26 
  10    0.1552322  2.05210e+26 
  11    0.1586314  2.07377e+26 
  12    0.1621049  2.17167e+26 
  13    0.1656546  2.16797e+26 
  14    0.1692819  2.13862e+26 
  15    0.1729887  2.15174e+26 
  16    0.1767767  2.21539e+26 
  17    0.1806476  2.25035e+26 
  18    0.1846033  2.30266e+26 
  19    0.1886456  2.31791e+26 
  20    0.1927764  2.39934e+26 
  21    0.1969976  2.41739e+26 
  22    0.2013113  2.52800e+26 
  23    0.2057194  2.51138e+26 
  24    0.2102241  2.54309e+26 
  25    0.2148274  2.61674e+26 
  26    0.2195315  2.71033e+26 
  27    0.2243386  2.73267e+26 
  28    0.2292510  2.82864e+26 
  29    0.2342710  2.92606e+26 
  30    0.2394008  2.95465e+26 
  31    0.2446430  3.05642e+26 
  32    0.2500000  3.10711e+26 
  33    0.2554743  3.21322e+26 
  34    0.2610684  3.27607e+26 
  35    0.2667851  3.39614e+26 
  36    0.2726269  3.40507e+26 
  37    0.2785967  3.45604e+26 
  38    0.2846972  3.40067e+26 
  39    0.2909312  3.49404e+26 
  40    0.2973018  3.42382e+26 
  41    0.3038118  3.39224e+26 
  42    0.3104645  3.48555e+26 
  43    0.3172627  3.46909e+26 
  44    0.3242099  3.58245e+26 
  45    0.3313092  3.66842e+26 
  46    0.3385639  3.69841e+26 
  47    0.3459775  3.71022e+26 
  48    0.3535534  3.78401e+26 
  49    0.3612952  3.88010e+26 
  50    0.3692065  3.96078e+26 
  51    0.3772911  4.04980e+26 
  52    0.3855527  4.15503e+26 
  53    0.3939952  4.37459e+26 
  54    0.4026226  4.64082e+26 
  55    0.4114389  4.90884e+26 
  56    0.4204482  5.28983e+26 
  57    0.4296548  5.72052e+26 
  58    0.4390630  6.32978e+26 
  59    0.4486773  7.00814e+26 
  60    0.4585020  7.92163e+26 
  61    0.4685419  9.05562e+26 
  62    0.4788016  1.04308e+27 
  63    0.4892860  1.22253e+27 
  64    0.5000000  1.39980e+27 
  65    0.5109486  1.60647e+27 
  66    0.5221369  1.82587e+27 
  67    0.5335702  2.08127e+27 
  68    0.5452539  2.35422e+27 
  69    0.5571934  2.67367e+27 
  70    0.5693943  3.04414e+27 
  71    0.5818624  3.40532e+27 
  72    0.5946036  3.80868e+27 
  73    0.6076237  4.24146e+27 
  74    0.6209289  4.66610e+27 
  75    0.6345255  5.11327e+27 
  76    0.6484198  5.59292e+27 
  77    0.6626183  6.10264e+27 
  78    0.6771278  6.63754e+27 
  79    0.6919549  7.23562e+27 
  80    0.7071068  7.85619e+27 
  81    0.7225904  8.50364e+27 
  82    0.7384131  9.20387e+27 
  83    0.7545822  9.94070e+27 
  84    0.7711054  1.07269e+28 
  85    0.7879904  1.16202e+28 
  86    0.8052452  1.26219e+28 
  87    0.8228777  1.36231e+28 
  88    0.8408964  1.47278e+28 
  89    0.8593096  1.59496e+28 
  90    0.8781261  1.72524e+28 
  91    0.8973545  1.87459e+28 
  92    0.9170040  2.04172e+28 
  93    0.9370838  2.21771e+28 
  94    0.9576033  2.41644e+28 
  95    0.9785721  2.63746e+28 
  96    1.0000000  2.86645e+28 
  97    1.0218971  3.11954e+28 
  98    1.0442738  3.38395e+28 
  99    1.0671404  3.66641e+28 
 100    1.0905077  3.92775e+28 
 101    1.1143867  4.25224e+28 
 102    1.1387886  4.39028e+28 
 103    1.1637249  4.46315e+28 
 104    1.1892071  4.37292e+28 
 105    1.2152474  4.34828e+28 
 106    1.2418578  4.30077e+28 
 107    1.2690510  4.31406e+28 
 108    1.2968396  4.36163e+28 
 109    1.3252366  4.32164e+28 
 110    1.3542555  4.38910e+28 
 111    1.3839099  4.45395e+28 
 112    1.4142136  4.53139e+28 
 113    1.4451808  4.60511e+28 
 114    1.4768261  4.78595e+28 
 115    1.5091644  5.12495e+28 
 116    1.5422108  5.48070e+28 
 117    1.5759808  5.84392e+28 
 118    1.6104903  6.21279e+28 
 119    1.6457555  6.57669e+28 
 120    1.6817928  6.95169e+28 
 121    1.7186193  7.50192e+28 
 122    1.7562522  8.39984e+28 
 123    1.7947091  9.08664e+28 
 124    1.8340081  9.50871e+28 
 125    1.8741676  9.94196e+28 
 126    1.9152066  1.00397e+29 
 127    1.9571441  1.01445e+29 
 128    2.0000000  1.02909e+29 
 129    2.0437943  1.03720e+29 
 130    2.0885476  1.04870e+29 
 131    2.1342808  1.04413e+29 
 132    2.1810155  1.05358e+29 
 133    2.2287735  1.03659e+29 
 134    2.2775773  1.01119e+29 
 135    2.3274497  9.91109e+28 
 136    2.3784142  9.80234e+28 
 137    2.4304947  9.85492e+28 
 138    2.4837156  9.93143e+28 
 139    2.5381019  9.91817e+28 
 140    2.5936791  9.87590e+28 
 141    2.6504733  9.70738e+28 
 142    2.7085111  9.50802e+28 
 143    2.7678198  9.27303e+28 
 144    2.8284271  8.96550e+28 
 145    2.8903616  8.61704e+28 
 146    2.9536523  8.22457e+28 
 147    3.0183289  7.74367e+28 
 148    3.0844217  7.22654e+28 
 149    3.1519617  6.62293e+28 
 150    3.2209807  5.99012e+28 
 151    3.2915110  5.33383e+28 
 152    3.3635857  4.69344e+28 
 153    3.4372386  4.03327e+28 
 154    3.5125043  3.41431e+28 
 155    3.5894182  2.84440e+28 
 156    3.6680162  2.26262e+28 
 157    3.7483353  1.79786e+28 
 158    3.8304131  1.38091e+28 
 159    3.9142882  9.96262e+27 
 160    4.0000000  7.03438e+27 
 161    4.0875886  4.57069e+27 
 162    4.1770951  2.85064e+27 
 163    4.2685616  1.57044e+27 
 164    4.3620309  7.70222e+26 
 165    4.4575470  4.36384e+26 
 166    4.5551545  2.34749e+26 
 167    4.6548994  1.67420e+26 
 168    4.7568285  1.45326e+26 
 169    4.8609894  1.35532e+26 
 170    4.9674312  1.33154e+26 
 171    5.0762038  1.37443e+26 
 172    5.1873582  1.47089e+26 
 173    5.3009466  1.67404e+26 
 174    5.4170222  1.95951e+26 
 175    5.5356395  2.31153e+26 
 176    5.6568542  2.76287e+26 
 177    5.7807232  3.33240e+26 
 178    5.9073046  3.96397e+26 
 179    6.0366577  4.74465e+26 
 180    6.1688433  5.64579e+26 
 181    6.3039234  6.62404e+26 
 182    6.4419613  7.72228e+26 
 183    6.5830219  8.87302e+26 
 184    6.7271713  1.01021e+27 
 185    6.8744772  1.13148e+27 
 186    7.0250086  1.25839e+27 
 187    7.1788363  1.39554e+27 
 188    7.3360323  1.53617e+27 
 189    7.4966705  1.67700e+27 


# r-band (filter: r_LSST.dat)
   0    0.1250000  2.13684e+26 
   1    0.1277371  2.17345e+26 
   2    0.1305342  2.21086e+26 
   3    0.1333926  2.24909e+26 
   4    0.1363135  2.30325e+26 
   5    0.1392983  2.31122e+26 
   6    0.1423486  2.37199e+26 
   7    0.1454656  2.32187e+26 
   8    0.1486509  2.34961e+26 
   9    0.1519059  2.44050e+26 
  10    0.1552322  2.50297e+26 
  11    0.1586314  2.54474e+26 
  12    0.1621049  2.50286e+26 
  13    0.1656546  2.58557e+26 
  14    0.1692819  2.67878e+26 
  15    0.1729887  2.76392e+26 
  16    0.1767767  2.77457e+26 
  17    0.1806476  2.89315e+26 
  18    0.1846033  3.02340e+26 
  19    0.1886456  3.28572e+26 
  20    0.1927764  3.56086e+26 
  21    0.1969976  3.76537e+26 
  22    0.2013113  3.94009e+26 
  23    0.2057194  4.33804e+26 
  24    0.2102241  4.96717e+26 
  25    0.2148274  5.90614e+26 
  26    0.2195315  6.75942e+26 
  27    0.2243386  7.80545e+26 
  28    0.2292510  8.85696e+26 
  29    0.2342710  9.63666e+26 
  30    0.2394008  1.06369e+27 
  31    0.2446430  1.16734e+27 
  32    0.2500000  1.25863e+27 
  33    0.2554743  1.35354e+27 
  34    0.2610684  1.36439e+27 
  35    0.2667851  1.33841e+27 
  36    0.2726269  1.28221e+27 
  37    0.2785967  1.23807e+27 
  38    0.2846972  1.22877e+27 
  39    0.2909312  1.26474e+27 
  40    0.2973018  1.28416e+27 
  41    0.3038118  1.37340e+27 
  42    0.3104645  1.49963e+27 
  43    0.3172627  1.60287e+27 
  44    0.3242099  1.83212e+27 
  45    0.3313092  2.13179e+27 
  46    0.3385639  2.53642e+27 
  47    0.3459775  3.00732e+27 
  48    0.3535534  3.57472e+27 
  49    0.3612952  4.18397e+27 
  50    0.3692065  5.03654e+27 
  51    0.3772911  6.04992e+27 
  52    0.3855527  6.96226e+27 
  53    0.3939952  7.81051e+27 
  54    0.4026226  8.64591e+27 
  55    0.4114389  9.57494e+27 
  56    0.4204482  1.03353e+28 
  57    0.4296548  1.13217e+28 
  58    0.4390630  1.22322e+28 
  59    0.4486773  1.31121e+28 
  60    0.4585020  1.40772e+28 
  61    0.4685419  1.50927e+28 
  62    0.4788016  1.59232e+28 
  63    0.4892860  1.72243e+28 
  64    0.5000000  1.86108e+28 
  65    0.5109486  1.99959e+28 
  66    0.5221369  2.14949e+28 
  67    0.5335702  2.32507e+28 
  68    0.5452539  2.54123e+28 
  69    0.5571934  2.73620e+28 
  70    0.5693943  2.85043e+28 
  71    0.5818624  2.99486e+28 
  72    0.5946036  3.15691e+28 
  73    0.6076237  3.47902e+28 
  74    0.6209289  3.76885e+28 
  75    0.6345255  4.11770e+28 
  76    0.6484198  4.58096e+28 
  77    0.6626183  5.07368e+28 
  78    0.6771278  5.67751e+28 
  79    0.6919549  6.30547e+28 
  80    0.7071068  6.95220e+28 
  81    0.7225904  7.75281e+28 
  82    0.7384131  8.62140e+28 
  83    0.7545822  9.65697e+28 
  84    0.7711054  1.07325e+29 
  85    0.7879904  1.18219e+29 
  86    0.8052452  1.29666e+29 
  87    0.8228777  1.42108e+29 
  88    0.8408964  1.55660e+29 
  89    0.8593096  1.70396e+29 
  90    0.8781261  1.86016e+29 
  91    0.8973545  2.02929e+29 
  92    0.9170040  2.20704e+29 
  93    0.9370838  2.39622e+29 
  94    0.9576033  2.60351e+29 
  95    0.9785721  2.81577e+29 
  96    1.0000000  3.03815e+29 
  97    1.0218971  3.27669e+29 
  98    1.0442738  3.51325e+29 
  99    1.0671404  3.74282e+29 
 100    1.0905077  3.87777e+29 
 101    1.1143867  3.80713e+29 
 102    1.1387886  3.63320e+29 
 103    1.1637249  3.50633e+29 
 104    1.1892071  3.40158e+29 
 105    1.2152474  3.35669e+29 
 106    1.2418578  3.22547e+29 
 107    1.2690510  3.23400e+29 
 108    1.2968396  3.25248e+29 
 109    1.3252366  3.23297e+29 
 110    1.3542555  3.29075e+29 
 111    1.3839099  3.33935e+29 
 112    1.4142136  3.53908e+29 
 113    1.4451808  3.77187e+29 
 114    1.4768261  4.09946e+29 
 115    1.5091644  4.41669e+29 
 116    1.5422108  4.65152e+29 
 117    1.5759808  4.80667e+29 
 118    1.6104903  4.93327e+29 
 119    1.6457555  4.90976e+29 
 120    1.6817928  4.77873e+29 
 121    1.7186193  4.56929e+29 
 122    1.7562522  4.17901e+29 
 123    1.7947091  3.79973e+29 
 124    1.8340081  3.44229e+29 
 125    1.8741676  2.99311e+29 
 126    1.9152066  2.63242e+29 
 127    1.9571441  2.27289e+29 
 128    2.0000000  1.88517e+29 
 129    2.0437943  1.58548e+29 
 130    2.0885476  1.30082e+29 
 131    2.1342808  1.09988e+29 
 132    2.1810155  9.29218e+28 
 133    2.2287735  8.48140e+28 
 134    2.2775773  8.24175e+28 
 135    2.3274497  8.04190e+28 
 136    2.3784142  7.84296e+28 
 137    2.4304947  7.64265e+28 
 138    2.4837156  7.41326e+28 
 139    2.5381019  7.17338e+28 
 140    2.5936791  6.92598e+28 
 141    2.6504733  6.67006e+28 
 142    2.7085111  6.40069e+28 
 143    2.7678198  6.10340e+28 
 144    2.8284271  5.78126e+28 
 145    2.8903616  5.44300e+28 
 146    2.9536523  5.08908e+28 
 147    3.0183289  4.72500e+28 
 148    3.0844217  4.33812e+28 
 149    3.1519617  3.93907e+28 
 150    3.2209807  3.52800e+28 
 151    3.2915110  3.10483e+28 
 152    3.3635857  2.67781e+28 
 153    3.4372386  2.24237e+28 
 154    3.5125043  1.85395e+28 
 155    3.5894182  1.50919e+28 
 156    3.6680162  1.16697e+28 
 157    3.7483353  9.01864e+27 
 158    3.8304131  6.67160e+27 
 159    3.9142882  4.61218e+27 
 160    4.0000000  3.05981e+27 
 161    4.0875886  1.79713e+27 
 162    4.1770951  1.02420e+27 
 163    4.2685616  4.67811e+26 
 164    4.3620309  1.83399e+26 
 165    4.4575470  9.99698e+25 
 166    4.5551545  5.94004e+25 
 167    4.6548994  5.02060e+25 
 168    4.7568285  4.86920e+25 
 169    4.8609894  4.76366e+25 
 170    4.9674312  4.68496e+25 
 171    5.0762038  4.61298e+25 
 172    5.1873582  4.60871e+25 
 173    5.3009466  4.50030e+25 
 174    5.4170222  4.42256e+25 
 175    5.5356395  4.33835e+25 
 176    5.6568542  4.30191e+25 
 177    5.7807232  4.33360e+25 
 178    5.9073046  4.35745e+25 
 179    6.0366577  4.60147e+25 
 180    6.1688433  5.16374e+25 
 181    6.3039234  5.81522e+25 
 182    6.4419613  7.19009e+25 
 183    6.5830219  9.00051e+25 
 184    6.7271713  1.10900e+26 
 185    6.8744772  1.40985e+26 
 186    7.0250086  1.70796e+26 
 187    7.1788363  2.03970e+26 
 188    7.3360323  2.41971e+26 
 189    7.4966705  2.88045e+26 


# i-band (filter: i_LSST.dat)
   0    0.1250000  1.45132e+26 
   1    0.1277371  1.51590e+26 
   2    0.1305342  1.58189e+26 
   3    0.1333926  1.64933e+26 
   4    0.1363135  1.80244e+26 
   5    0.1392983  1.85002e+26 
   6    0.1423486  1.94303e+26 
   7    0.1454656  2.25320e+26 
   8    0.1486509  2.56161e+26 
   9    0.1519059  2.87171e+26 
  10    0.1552322  3.27043e+26 
  11    0.1586314  3.67551e+26 
  12    0.1621049  3.98488e+26 
  13    0.1656546  5.56734e+26 
  14    0.1692819  7.95498e+26 
  15    0.1729887  1.00042e+27 
  16    0.1767767  1.25996e+27 
  17    0.1806476  1.50849e+27 
  18    0.1846033  1.78185e+27 
  19    0.1886456  2.01620e+27 
  20    0.1927764  2.33575e+27 
  21    0.1969976  2.68392e+27 
  22    0.2013113  2.94708e+27 
  23    0.2057194  3.17573e+27 
  24    0.2102241  3.33547e+27 
  25    0.2148274  3.32564e+27 
  26    0.2195315  3.30306e+27 
  27    0.2243386  3.31541e+27 
  28    0.2292510  3.29382e+27 
  29    0.2342710  3.26885e+27 
  30    0.2394008  3.16370e+27 
  31    0.2446430  3.06848e+27 
  32    0.2500000  2.86627e+27 
  33    0.2554743  2.65910e+27 
  34    0.2610684  2.35796e+27 
  35    0.2667851  2.08078e+27 
  36    0.2726269  1.91562e+27 
  37    0.2785967  1.71919e+27 
  38    0.2846972  1.57905e+27 
  39    0.2909312  1.42608e+27 
  40    0.2973018  1.27539e+27 
  41    0.3038118  1.16657e+27 
  42    0.3104645  1.12257e+27 
  43    0.3172627  1.08100e+27 
  44    0.3242099  1.12822e+27 
  45    0.3313092  1.21851e+27 
  46    0.3385639  1.37180e+27 
  47    0.3459775  1.55479e+27 
  48    0.3535534  1.78586e+27 
  49    0.3612952  2.04812e+27 
  50    0.3692065  2.42159e+27 
  51    0.3772911  2.87059e+27 
  52    0.3855527  3.33012e+27 
  53    0.3939952  3.90307e+27 
  54    0.4026226  4.60785e+27 
  55    0.4114389  5.37771e+27 
  56    0.4204482  6.38283e+27 
  57    0.4296548  7.50789e+27 
  58    0.4390630  8.88610e+27 
  59    0.4486773  1.03976e+28 
  60    0.4585020  1.22478e+28 
  61    0.4685419  1.43626e+28 
  62    0.4788016  1.66614e+28 
  63    0.4892860  1.93848e+28 
  64    0.5000000  2.25251e+28 
  65    0.5109486  2.59721e+28 
  66    0.5221369  2.97423e+28 
  67    0.5335702  3.38991e+28 
  68    0.5452539  3.84752e+28 
  69    0.5571934  4.33951e+28 
  70    0.5693943  4.87420e+28 
  71    0.5818624  5.44273e+28 
  72    0.5946036  6.05069e+28 
  73    0.6076237  6.68997e+28 
  74    0.6209289  7.35805e+28 
  75    0.6345255  8.03154e+28 
  76    0.6484198  8.73963e+28 
  77    0.6626183  9.47251e+28 
  78    0.6771278  1.02127e+29 
  79    0.6919549  1.09604e+29 
  80    0.7071068  1.17051e+29 
  81    0.7225904  1.24685e+29 
  82    0.7384131  1.32117e+29 
  83    0.7545822  1.39093e+29 
  84    0.7711054  1.46234e+29 
  85    0.7879904  1.52925e+29 
  86    0.8052452  1.59361e+29 
  87    0.8228777  1.65600e+29 
  88    0.8408964  1.71207e+29 
  89    0.8593096  1.76385e+29 
  90    0.8781261  1.81272e+29 
  91    0.8973545  1.85366e+29 
  92    0.9170040  1.88980e+29 
  93    0.9370838  1.92505e+29 
  94    0.9576033  1.94926e+29 
  95    0.9785721  1.97106e+29 
  96    1.0000000  1.98753e+29 
  97    1.0218971  1.99791e+29 
  98    1.0442738  2.00133e+29 
  99    1.0671404  2.00097e+29 
 100    1.0905077  1.99152e+29 
 101    1.1143867  1.97107e+29 
 102    1.1387886  1.93127e+29 
 103    1.1637249  1.88900e+29 
 104    1.1892071  1.83937e+29 
 105    1.2152474  1.79064e+29 
 106    1.2418578  1.73619e+29 
 107    1.2690510  1.68804e+29 
 108    1.2968396  1.64069e+29 
 109    1.3252366  1.58443e+29 
 110    1.3542555  1.53512e+29 
 111    1.3839099  1.48474e+29 
 112    1.4142136  1.43847e+29 
 113    1.4451808  1.39218e+29 
 114    1.4768261  1.35513e+29 
 115    1.5091644  1.32265e+29 
 116    1.5422108  1.28796e+29 
 117    1.5759808  1.24852e+29 
 118    1.6104903  1.20741e+29 
 119    1.6457555  1.16147e+29 
 120    1.6817928  1.11282e+29 
 121    1.7186193  1.06314e+29 
 122    1.7562522  1.01155e+29 
 123    1.7947091  9.59918e+28 
 124    1.8340081  9.07333e+28 
 125    1.8741676  8.53421e+28 
 126    1.9152066  8.01851e+28 
 127    1.9571441  7.51228e+28 
 128    2.0000000  7.00719e+28 
 129    2.0437943  6.54804e+28 
 130    2.0885476  6.10069e+28 
 131    2.1342808  5.68335e+28 
 132    2.1810155  5.29490e+28 
 133    2.2287735  4.92924e+28 
 134    2.2775773  4.58405e+28 
 135    2.3274497  4.25407e+28 
 136    2.3784142  3.94459e+28 
 137    2.4304947  3.64975e+28 
 138    2.4837156  3.37435e+28 
 139    2.5381019  3.11066e+28 
 140    2.5936791  2.85584e+28 
 141    2.6504733  2.61789e+28 
 142    2.7085111  2.39144e+28 
 143    2.7678198  2.16766e+28 
 144    2.8284271  1.95212e+28 
 145    2.8903616  1.75046e+28 
 146    2.9536523  1.55759e+28 
 147    3.0183289  1.37109e+28 
 148    3.0844217  1.19717e+28 
 149    3.1519617  1.03103e+28 
 150    3.2209807  8.72307e+27 
 151    3.2915110  7.28088e+27 
 152    3.3635857  5.93722e+27 
 153    3.4372386  4.70274e+27 
 154    3.5125043  3.68479e+27 
 155    3.5894182  2.83673e+27 
 156    3.6680162  2.08052e+27 
 157    3.7483353  1.49778e+27 
 158    3.8304131  1.01887e+27 
 159    3.9142882  6.61982e+26 
 160    4.0000000  3.94902e+26 
 161    4.0875886  2.04671e+26 
 162    4.1770951  1.11382e+26 
 163    4.2685616  5.08890e+25 
 164    4.3620309  2.59140e+25 
 165    4.4575470  1.87094e+25 
 166    4.5551545  1.52430e+25 
 167    4.6548994  1.40205e+25 
 168    4.7568285  1.34820e+25 
 169    4.8609894  1.26283e+25 
 170    4.9674312  1.22617e+25 
 171    5.0762038  1.16465e+25 
 172    5.1873582  1.11932e+25 
 173    5.3009466  1.09740e+25 
 174    5.4170222  1.04468e+25 
 175    5.5356395  1.01154e+25 
 176    5.6568542  1.00686e+25 
 177    5.7807232  9.98368e+24 
 178    5.9073046  1.01472e+25 
 179    6.0366577  1.01567e+25 
 180    6.1688433  1.05417e+25 
 181    6.3039234  1.11861e+25 
 182    6.4419613  1.14086e+25 
 183    6.5830219  1.19471e+25 
 184    6.7271713  1.26947e+25 
 185    6.8744772  1.37082e+25 
 186    7.0250086  1.48029e+25 
 187    7.1788363  1.58512e+25 
 188    7.3360323  1.69499e+25 
 189    7.4966705  1.80412e+25 


# z-band (filter: z_LSST.dat)
   0    0.1250000  1.58557e+26 
   1    0.1277371  1.79752e+26 
   2    0.1305342  2.01411e+26 
   3    0.1333926  2.23545e+26 
   4    0.1363135  2.96023e+26 
   5    0.1392983  3.59862e+26 
   6    0.1423486  4.51540e+26 
   7    0.1454656  5.47683e+26 
   8    0.1486509  7.56352e+26 
   9    0.1519059  9.59531e+26 
  10    0.1552322  1.20390e+27 
  11    0.1586314  1.40522e+27 
  12    0.1621049  1.69874e+27 
  13    0.1656546  1.89565e+27 
  14    0.1692819  1.86268e+27 
  15    0.1729887  1.93814e+27 
  16    0.1767767  1.93003e+27 
  17    0.1806476  1.92089e+27 
  18    0.1846033  1.87501e+27 
  19    0.1886456  1.87726e+27 
  20    0.1927764  1.82931e+27 
  21    0.1969976  1.71122e+27 
  22    0.2013113  1.64312e+27 
  23    0.2057194  1.58311e+27 
  24    0.2102241  1.44928e+27 
  25    0.2148274  1.38320e+27 
  26    0.2195315  1.50567e+27 
  27    0.2243386  1.58079e+27 
  28    0.2292510  1.61212e+27 
  29    0.2342710  1.70739e+27 
  30    0.2394008  1.76785e+27 
  31    0.2446430  1.82807e+27 
  32    0.2500000  1.82700e+27 
  33    0.2554743  1.84767e+27 
  34    0.2610684  1.73351e+27 
  35    0.2667851  1.64237e+27 
  36    0.2726269  1.59161e+27 
  37    0.2785967  1.47000e+27 
  38    0.2846972  1.38134e+27 
  39    0.2909312  1.35327e+27 
  40    0.2973018  1.31526e+27 
  41    0.3038118  1.32504e+27 
  42    0.3104645  1.36885e+27 
  43    0.3172627  1.45669e+27 
  44    0.3242099  1.61927e+27 
  45    0.3313092  1.97356e+27 
  46    0.3385639  2.40816e+27 
  47    0.3459775  2.99313e+27 
  48    0.3535534  3.71337e+27 
  49    0.3612952  4.51233e+27 
  50    0.3692065  5.55193e+27 
  51    0.3772911  6.86636e+27 
  52    0.3855527  8.26218e+27 
  53    0.3939952  1.00517e+28 
  54    0.4026226  1.19684e+28 
  55    0.4114389  1.41249e+28 
  56    0.4204482  1.68646e+28 
  57    0.4296548  1.99577e+28 
  58    0.4390630  2.31306e+28 
  59    0.4486773  2.66651e+28 
  60    0.4585020  3.06267e+28 
  61    0.4685419  3.50992e+28 
  62    0.4788016  3.97197e+28 
  63    0.4892860  4.48438e+28 
  64    0.5000000  5.00329e+28 
  65    0.5109486  5.56446e+28 
  66    0.5221369  6.16566e+28 
  67    0.5335702  6.76600e+28 
  68    0.5452539  7.38282e+28 
  69    0.5571934  8.00931e+28 
  70    0.5693943  8.65569e+28 
  71    0.5818624  9.32237e+28 
  72    0.5946036  1.00022e+29 
  73    0.6076237  1.06325e+29 
  74    0.6209289  1.12809e+29 
  75    0.6345255  1.18858e+29 
  76    0.6484198  1.24638e+29 
  77    0.6626183  1.30417e+29 
  78    0.6771278  1.35786e+29 
  79    0.6919549  1.40910e+29 
  80    0.7071068  1.45426e+29 
  81    0.7225904  1.49842e+29 
  82    0.7384131  1.53512e+29 
  83    0.7545822  1.56571e+29 
  84    0.7711054  1.59219e+29 
  85    0.7879904  1.61564e+29 
  86    0.8052452  1.63517e+29 
  87    0.8228777  1.64987e+29 
  88    0.8408964  1.65972e+29 
  89    0.8593096  1.66380e+29 
  90    0.8781261  1.66453e+29 
  91    0.8973545  1.65923e+29 
  92    0.9170040  1.65232e+29 
  93    0.9370838  1.63961e+29 
  94    0.9576033  1.62492e+29 
  95    0.9785721  1.60497e+29 
  96    1.0000000  1.58321e+29 
  97    1.0218971  1.55716e+29 
  98    1.0442738  1.52787e+29 
  99    1.0671404  1.49810e+29 
 100    1.0905077  1.46323e+29 
 101    1.1143867  1.42564e+29 
 102    1.1387886  1.37946e+29 
 103    1.1637249  1.33038e+29 
 104    1.1892071  1.27900e+29 
 105    1.2152474  1.23096e+29 
 106    1.2418578  1.18037e+29 
 107    1.2690510  1.13534e+29 
 108    1.2968396  1.09016e+29 
 109    1.3252366  1.04294e+29 
 110    1.3542555  9.99312e+28 
 111    1.3839099  9.56428e+28 
 112    1.4142136  9.16466e+28 
 113    1.4451808  8.77432e+28 
 114    1.4768261  8.43042e+28 
 115    1.5091644  8.12893e+28 
 116    1.5422108  7.82279e+28 
 117    1.5759808  7.50369e+28 
 118    1.6104903  7.16719e+28 
 119    1.6457555  6.82290e+28 
 120    1.6817928  6.47580e+28 
 121    1.7186193  6.12938e+28 
 122    1.7562522  5.78459e+28 
 123    1.7947091  5.43799e+28 
 124    1.8340081  5.09429e+28 
 125    1.8741676  4.75391e+28 
 126    1.9152066  4.44012e+28 
 127    1.9571441  4.12746e+28 
 128    2.0000000  3.82013e+28 
 129    2.0437943  3.54039e+28 
 130    2.0885476  3.28210e+28 
 131    2.1342808  3.03512e+28 
 132    2.1810155  2.80534e+28 
 133    2.2287735  2.59101e+28 
 134    2.2775773  2.39029e+28 
 135    2.3274497  2.20611e+28 
 136    2.3784142  2.03713e+28 
 137    2.4304947  1.87043e+28 
 138    2.4837156  1.71653e+28 
 139    2.5381019  1.57239e+28 
 140    2.5936791  1.43374e+28 
 141    2.6504733  1.30634e+28 
 142    2.7085111  1.18438e+28 
 143    2.7678198  1.06829e+28 
 144    2.8284271  9.59310e+27 
 145    2.8903616  8.56112e+27 
 146    2.9536523  7.56417e+27 
 147    3.0183289  6.62679e+27 
 148    3.0844217  5.73034e+27 
 149    3.1519617  4.92534e+27 
 150    3.2209807  4.12123e+27 
 151    3.2915110  3.41917e+27 
 152    3.3635857  2.78461e+27 
 153    3.4372386  2.18678e+27 
 154    3.5125043  1.69978e+27 
 155    3.5894182  1.29813e+27 
 156    3.6680162  9.44306e+26 
 157    3.7483353  6.73872e+26 
 158    3.8304131  4.53101e+26 
 159    3.9142882  2.92574e+26 
 160    4.0000000  1.75374e+26 
 161    4.0875886  9.10289e+25 
 162    4.1770951  4.74039e+25 
 163    4.2685616  2.05038e+25 
 164    4.3620309  9.13572e+24 
 165    4.4575470  5.74692e+24 
 166    4.5551545  4.24044e+24 
 167    4.6548994  3.92471e+24 
 168    4.7568285  3.50201e+24 
 169    4.8609894  3.02683e+24 
 170    4.9674312  2.69459e+24 
 171    5.0762038  2.58564e+24 
 172    5.1873582  2.33879e+24 
 173    5.3009466  2.23150e+24 
 174    5.4170222  2.08370e+24 
 175    5.5356395  1.97266e+24 
 176    5.6568542  1.94388e+24 
 177    5.7807232  1.71275e+24 
 178    5.9073046  1.56833e+24 
 179    6.0366577  1.45938e+24 
 180    6.1688433  1.58014e+24 
 181    6.3039234  1.77464e+24 
 182    6.4419613  1.99966e+24 
 183    6.5830219  2.09623e+24 
 184    6.7271713  2.52600e+24 
 185    6.8744772  2.84442e+24 
 186    7.0250086  3.28865e+24 
 187    7.1788363  3.79375e+24 
 188    7.3360323  4.39330e+24 
 189    7.4966705  5.05228e+24 


# y-band (filter: y_LSST.dat)
   0    0.1250000  3.35563e+26 
   1    0.1277371  3.60145e+26 
   2    0.1305342  3.85266e+26 
   3    0.1333926  4.10936e+26 
   4    0.1363135  4.63537e+26 
   5    0.1392983  5.79885e+26 
   6    0.1423486  6.20241e+26 
   7    0.1454656  7.35309e+26 
   8    0.1486509  9.09807e+26 
   9    0.1519059  1.05625e+27 
  10    0.1552322  1.17682e+27 
  11    0.1586314  1.31086e+27 
  12    0.1621049  1.43582e+27 
  13    0.1656546  1.63958e+27 
  14    0.1692819  1.86844e+27 
  15    0.1729887  2.09352e+27 
  16    0.1767767  2.44658e+27 
  17    0.1806476  2.88814e+27 
  18    0.1846033  3.44306e+27 
  19    0.1886456  4.07585e+27 
  20    0.1927764  4.96029e+27 
  21    0.1969976  5.96975e+27 
  22    0.2013113  7.19288e+27 
  23    0.2057194  8.58503e+27 
  24    0.2102241  1.00309e+28 
  25    0.2148274  1.17932e+28 
  26    0.2195315  1.39528e+28 
  27    0.2243386  1.61929e+28 
  28    0.2292510  1.89995e+28 
  29    0.2342710  2.19501e+28 
  30    0.2394008  2.52496e+28 
  31    0.2446430  2.87722e+28 
  32    0.2500000  3.20289e+28 
  33    0.2554743  3.53993e+28 
  34    0.2610684  3.71097e+28 
  35    0.2667851  3.79530e+28 
  36    0.2726269  3.94559e+28 
  37    0.2785967  4.07752e+28 
  38    0.2846972  4.26556e+28 
  39    0.2909312  4.49486e+28 
  40    0.2973018  4.64223e+28 
  41    0.3038118  4.93157e+28 
  42    0.3104645  5.20555e+28 
  43    0.3172627  5.48390e+28 
  44    0.3242099  5.82644e+28 
  45    0.3313092  6.17972e+28 
  46    0.3385639  6.73546e+28 
  47    0.3459775  7.34937e+28 
  48    0.3535534  7.97374e+28 
  49    0.3612952  8.61067e+28 
  50    0.3692065  9.23023e+28 
  51    0.3772911  9.86786e+28 
  52    0.3855527  1.05355e+29 
  53    0.3939952  1.11627e+29 
  54    0.4026226  1.18059e+29 
  55    0.4114389  1.24503e+29 
  56    0.4204482  1.30736e+29 
  57    0.4296548  1.37279e+29 
  58    0.4390630  1.43069e+29 
  59    0.4486773  1.48955e+29 
  60    0.4585020  1.54353e+29 
  61    0.4685419  1.59603e+29 
  62    0.4788016  1.64787e+29 
  63    0.4892860  1.69415e+29 
  64    0.5000000  1.73824e+29 
  65    0.5109486  1.77815e+29 
  66    0.5221369  1.81290e+29 
  67    0.5335702  1.84430e+29 
  68    0.5452539  1.87181e+29 
  69    0.5571934  1.89211e+29 
  70    0.5693943  1.91224e+29 
  71    0.5818624  1.92824e+29 
  72    0.5946036  1.93772e+29 
  73    0.6076237  1.94191e+29 
  74    0.6209289  1.94127e+29 
  75    0.6345255  1.94035e+29 
  76    0.6484198  1.92991e+29 
  77    0.6626183  1.91788e+29 
  78    0.6771278  1.90239e+29 
  79    0.6919549  1.88276e+29 
  80    0.7071068  1.86177e+29 
  81    0.7225904  1.83494e+29 
  82    0.7384131  1.80477e+29 
  83    0.7545822  1.77061e+29 
  84    0.7711054  1.73649e+29 
  85    0.7879904  1.70159e+29 
  86    0.8052452  1.66490e+29 
  87    0.8228777  1.62337e+29 
  88    0.8408964  1.58252e+29 
  89    0.8593096  1.53905e+29 
  90    0.8781261  1.49442e+29 
  91    0.8973545  1.45120e+29 
  92    0.9170040  1.40612e+29 
  93    0.9370838  1.36256e+29 
  94    0.9576033  1.31777e+29 
  95    0.9785721  1.27155e+29 
  96    1.0000000  1.22691e+29 
  97    1.0218971  1.18073e+29 
  98    1.0442738  1.13537e+29 
  99    1.0671404  1.09023e+29 
 100    1.0905077  1.04738e+29 
 101    1.1143867  1.00490e+29 
 102    1.1387886  9.59183e+28 
 103    1.1637249  9.14750e+28 
 104    1.1892071  8.71247e+28 
 105    1.2152474  8.29517e+28 
 106    1.2418578  7.88459e+28 
 107    1.2690510  7.50373e+28 
 108    1.2968396  7.13629e+28 
 109    1.3252366  6.78170e+28 
 110    1.3542555  6.45583e+28 
 111    1.3839099  6.13708e+28 
 112    1.4142136  5.83056e+28 
 113    1.4451808  5.54226e+28 
 114    1.4768261  5.27742e+28 
 115    1.5091644  5.02384e+28 
 116    1.5422108  4.78301e+28 
 117    1.5759808  4.53636e+28 
 118    1.6104903  4.28846e+28 
 119    1.6457555  4.05211e+28 
 120    1.6817928  3.81224e+28 
 121    1.7186193  3.56888e+28 
 122    1.7562522  3.33648e+28 
 123    1.7947091  3.11160e+28 
 124    1.8340081  2.89083e+28 
 125    1.8741676  2.66918e+28 
 126    1.9152066  2.47201e+28 
 127    1.9571441  2.28158e+28 
 128    2.0000000  2.09482e+28 
 129    2.0437943  1.93044e+28 
 130    2.0885476  1.77642e+28 
 131    2.1342808  1.63220e+28 
 132    2.1810155  1.50093e+28 
 133    2.2287735  1.37852e+28 
 134    2.2775773  1.26308e+28 
 135    2.3274497  1.16157e+28 
 136    2.3784142  1.06599e+28 
 137    2.4304947  9.74834e+27 
 138    2.4837156  8.90793e+27 
 139    2.5381019  8.13124e+27 
 140    2.5936791  7.38585e+27 
 141    2.6504733  6.69817e+27 
 142    2.7085111  6.07609e+27 
 143    2.7678198  5.44454e+27 
 144    2.8284271  4.86549e+27 
 145    2.8903616  4.33375e+27 
 146    2.9536523  3.81960e+27 
 147    3.0183289  3.34144e+27 
 148    3.0844217  2.90042e+27 
 149    3.1519617  2.49330e+27 
 150    3.2209807  2.09009e+27 
 151    3.2915110  1.72456e+27 
 152    3.3635857  1.40509e+27 
 153    3.4372386  1.10329e+27 
 154    3.5125043  8.57833e+26 
 155    3.5894182  6.59937e+26 
 156    3.6680162  4.81430e+26 
 157    3.7483353  3.44607e+26 
 158    3.8304131  2.34206e+26 
 159    3.9142882  1.50919e+26 
 160    4.0000000  8.95132e+25 
 161    4.0875886  4.48361e+25 
 162    4.1770951  2.37409e+25 
 163    4.2685616  1.14507e+25 
 164    4.3620309  5.63101e+24 
 165    4.4575470  3.73966e+24 
 166    4.5551545  2.65136e+24 
 167    4.6548994  2.33433e+24 
 168    4.7568285  2.29522e+24 
 169    4.8609894  2.23273e+24 
 170    4.9674312  1.88291e+24 
 171    5.0762038  1.83402e+24 
 172    5.1873582  1.57136e+24 
 173    5.3009466  1.51936e+24 
 174    5.4170222  1.52053e+24 
 175    5.5356395  1.39435e+24 
 176    5.6568542  1.69608e+24 
 177    5.7807232  1.61491e+24 
 178    5.9073046  1.65061e+24 
 179    6.0366577  1.70807e+24 
 180    6.1688433  1.55820e+24 
 181    6.3039234  1.52042e+24 
 182    6.4419613  1.50850e+24 
 183    6.5830219  1.46389e+24 
 184    6.7271713  1.46992e+24 
 185    6.8744772  1.58817e+24 
 186    7.0250086  1.46818e+24 
 187    7.1788363  1.37069e+24 
 188    7.3360323  1.26110e+24 
 189    7.4966705  1.22421e+24 


# J-band (filter: J_2MASS.dat)
   0    0.1250000  1.88642e+27 
   1    0.1277371  1.88003e+27 
   2    0.1305342  1.87349e+27 
   3    0.1333926  1.86682e+27 
   4    0.1363135  2.07877e+27 
   5    0.1392983  2.16878e+27 
   6    0.1423486  2.46384e+27 
   7    0.1454656  2.76744e+27 
   8    0.1486509  3.26579e+27 
   9    0.1519059  3.96682e+27 
  10    0.1552322  4.57252e+27 
  11    0.1586314  5.37009e+27 
  12    0.1621049  6.42242e+27 
  13    0.1656546  7.49863e+27 
  14    0.1692819  8.67561e+27 
  15    0.1729887  1.00257e+28 
  16    0.1767767  1.15391e+28 
  17    0.1806476  1.34231e+28 
  18    0.1846033  1.53652e+28 
  19    0.1886456  1.74048e+28 
  20    0.1927764  1.97498e+28 
  21    0.1969976  2.22768e+28 
  22    0.2013113  2.51492e+28 
  23    0.2057194  2.80253e+28 
  24    0.2102241  3.12661e+28 
  25    0.2148274  3.43672e+28 
  26    0.2195315  3.79351e+28 
  27    0.2243386  4.17692e+28 
  28    0.2292510  4.55790e+28 
  29    0.2342710  4.95557e+28 
  30    0.2394008  5.34941e+28 
  31    0.2446430  5.77019e+28 
  32    0.2500000  6.18132e+28 
  33    0.2554743  6.55541e+28 
  34    0.2610684  6.71414e+28 
  35    0.2667851  6.77393e+28 
  36    0.2726269  6.88263e+28 
  37    0.2785967  6.94658e+28 
  38    0.2846972  7.06854e+28 
  39    0.2909312  7.22804e+28 
  40    0.2973018  7.28825e+28 
  41    0.3038118  7.43853e+28 
  42    0.3104645  7.57988e+28 
  43    0.3172627  7.72871e+28 
  44    0.3242099  7.88236e+28 
  45    0.3313092  8.09397e+28 
  46    0.3385639  8.44440e+28 
  47    0.3459775  8.83920e+28 
  48    0.3535534  9.24285e+28 
  49    0.3612952  9.64293e+28 
  50    0.3692065  1.00036e+29 
  51    0.3772911  1.03552e+29 
  52    0.3855527  1.07138e+29 
  53    0.3939952  1.10215e+29 
  54    0.4026226  1.13454e+29 
  55    0.4114389  1.16562e+29 
  56    0.4204482  1.19091e+29 
  57    0.4296548  1.21917e+29 
  58    0.4390630  1.23996e+29 
  59    0.4486773  1.25944e+29 
  60    0.4585020  1.27557e+29 
  61    0.4685419  1.29103e+29 
  62    0.4788016  1.30234e+29 
  63    0.4892860  1.30865e+29 
  64    0.5000000  1.31508e+29 
  65    0.5109486  1.31829e+29 
  66    0.5221369  1.31543e+29 
  67    0.5335702  1.31386e+29 
  68    0.5452539  1.30817e+29 
  69    0.5571934  1.29690e+29 
  70    0.5693943  1.28572e+29 
  71    0.5818624  1.27194e+29 
  72    0.5946036  1.25464e+29 
  73    0.6076237  1.23641e+29 
  74    0.6209289  1.21643e+29 
  75    0.6345255  1.19632e+29 
  76    0.6484198  1.17193e+29 
  77    0.6626183  1.14712e+29 
  78    0.6771278  1.12362e+29 
  79    0.6919549  1.09526e+29 
  80    0.7071068  1.06593e+29 
  81    0.7225904  1.03670e+29 
  82    0.7384131  1.00797e+29 
  83    0.7545822  9.78623e+28 
  84    0.7711054  9.47822e+28 
  85    0.7879904  9.18792e+28 
  86    0.8052452  8.87761e+28 
  87    0.8228777  8.56301e+28 
  88    0.8408964  8.26740e+28 
  89    0.8593096  7.95136e+28 
  90    0.8781261  7.64007e+28 
  91    0.8973545  7.34706e+28 
  92    0.9170040  7.06084e+28 
  93    0.9370838  6.77723e+28 
  94    0.9576033  6.49264e+28 
  95    0.9785721  6.21955e+28 
  96    1.0000000  5.94967e+28 
  97    1.0218971  5.68463e+28 
  98    1.0442738  5.43247e+28 
  99    1.0671404  5.18254e+28 
 100    1.0905077  4.93735e+28 
 101    1.1143867  4.70936e+28 
 102    1.1387886  4.47790e+28 
 103    1.1637249  4.24775e+28 
 104    1.1892071  4.03103e+28 
 105    1.2152474  3.82405e+28 
 106    1.2418578  3.62254e+28 
 107    1.2690510  3.42913e+28 
 108    1.2968396  3.24187e+28 
 109    1.3252366  3.06493e+28 
 110    1.3542555  2.90255e+28 
 111    1.3839099  2.74519e+28 
 112    1.4142136  2.59916e+28 
 113    1.4451808  2.45819e+28 
 114    1.4768261  2.32670e+28 
 115    1.5091644  2.20378e+28 
 116    1.5422108  2.08180e+28 
 117    1.5759808  1.96624e+28 
 118    1.6104903  1.85044e+28 
 119    1.6457555  1.73964e+28 
 120    1.6817928  1.63170e+28 
 121    1.7186193  1.52199e+28 
 122    1.7562522  1.41980e+28 
 123    1.7947091  1.31883e+28 
 124    1.8340081  1.21772e+28 
 125    1.8741676  1.12271e+28 
 126    1.9152066  1.03686e+28 
 127    1.9571441  9.54718e+27 
 128    2.0000000  8.74752e+27 
 129    2.0437943  8.01954e+27 
 130    2.0885476  7.36392e+27 
 131    2.1342808  6.74264e+27 
 132    2.1810155  6.18982e+27 
 133    2.2287735  5.67219e+27 
 134    2.2775773  5.18580e+27 
 135    2.3274497  4.76299e+27 
 136    2.3784142  4.38800e+27 
 137    2.4304947  4.00852e+27 
 138    2.4837156  3.66115e+27 
 139    2.5381019  3.33443e+27 
 140    2.5936791  3.03021e+27 
 141    2.6504733  2.74922e+27 
 142    2.7085111  2.47457e+27 
 143    2.7678198  2.22309e+27 
 144    2.8284271  1.98777e+27 
 145    2.8903616  1.76335e+27 
 146    2.9536523  1.55534e+27 
 147    3.0183289  1.35644e+27 
 148    3.0844217  1.16900e+27 
 149    3.1519617  1.00058e+27 
 150    3.2209807  8.38085e+26 
 151    3.2915110  6.93956e+26 
 152    3.3635857  5.64160e+26 
 153    3.4372386  4.41901e+26 
 154    3.5125043  3.44743e+26 
 155    3.5894182  2.63144e+26 
 156    3.6680162  1.91545e+26 
 157    3.7483353  1.39790e+26 
 158    3.8304131  9.77573e+25 
 159    3.9142882  6.24095e+25 
 160    4.0000000  3.72052e+25 
 161    4.0875886  1.82651e+25 
 162    4.1770951  9.87893e+24 
 163    4.2685616  4.17351e+24 
 164    4.3620309  1.68682e+24 
 165    4.4575470  1.28849e+24 
 166    4.5551545  1.03244e+24 
 167    4.6548994  7.54466e+23 
 168    4.7568285  6.45383e+23 
 169    4.8609894  6.63542e+23 
 170    4.9674312  5.29510e+23 
 171    5.0762038  4.46456e+23 
 172    5.1873582  3.92136e+23 
 173    5.3009466  3.43260e+23 
 174    5.4170222  4.01681e+23 
 175    5.5356395  3.93125e+23 
 176    5.6568542  4.00200e+23 
 177    5.7807232  3.19142e+23 
 178    5.9073046  3.63136e+23 
 179    6.0366577  4.26332e+23 
 180    6.1688433  4.16694e+23 
 181    6.3039234  4.15102e+23 
 182    6.4419613  4.63489e+23 
 183    6.5830219  5.96895e+23 
 184    6.7271713  6.26774e+23 
 185    6.8744772  8.04074e+23 
 186    7.0250086  8.39480e+23 
 187    7.1788363  9.29222e+23 
 188    7.3360323  1.04871e+24 
 189    7.4966705  1.17983e+24 


# H-band (filter: H_2MASS.dat)
   0    0.1250000  2.34860e+28 
   1    0.1277371  2.37424e+28 
   2    0.1305342  2.40044e+28 
   3    0.1333926  2.42722e+28 
   4    0.1363135  2.56507e+28 
   5    0.1392983  2.72271e+28 
   6    0.1423486  2.91968e+28 
   7    0.1454656  3.12067e+28 
   8    0.1486509  3.49745e+28 
   9    0.1519059  3.91463e+28 
  10    0.1552322  4.32163e+28 
  11    0.1586314  4.79263e+28 
  12    0.1621049  5.24343e+28 
  13    0.1656546  5.74934e+28 
  14    0.1692819  6.25337e+28 
  15    0.1729887  6.77923e+28 
  16    0.1767767  7.29572e+28 
  17    0.1806476  7.81833e+28 
  18    0.1846033  8.33655e+28 
  19    0.1886456  8.82176e+28 
  20    0.1927764  9.24441e+28 
  21    0.1969976  9.66988e+28 
  22    0.2013113  1.00855e+29 
  23    0.2057194  1.04921e+29 
  24    0.2102241  1.08621e+29 
  25    0.2148274  1.11897e+29 
  26    0.2195315  1.15205e+29 
  27    0.2243386  1.18472e+29 
  28    0.2292510  1.20704e+29 
  29    0.2342710  1.22408e+29 
  30    0.2394008  1.24099e+29 
  31    0.2446430  1.25537e+29 
  32    0.2500000  1.26884e+29 
  33    0.2554743  1.27235e+29 
  34    0.2610684  1.26154e+29 
  35    0.2667851  1.23585e+29 
  36    0.2726269  1.21412e+29 
  37    0.2785967  1.18931e+29 
  38    0.2846972  1.16320e+29 
  39    0.2909312  1.13581e+29 
  40    0.2973018  1.10641e+29 
  41    0.3038118  1.08082e+29 
  42    0.3104645  1.05667e+29 
  43    0.3172627  1.02800e+29 
  44    0.3242099  1.00098e+29 
  45    0.3313092  9.74418e+28 
  46    0.3385639  9.55578e+28 
  47    0.3459775  9.41085e+28 
  48    0.3535534  9.24275e+28 
  49    0.3612952  9.03003e+28 
  50    0.3692065  8.85992e+28 
  51    0.3772911  8.69752e+28 
  52    0.3855527  8.49616e+28 
  53    0.3939952  8.27941e+28 
  54    0.4026226  8.04162e+28 
  55    0.4114389  7.82361e+28 
  56    0.4204482  7.58179e+28 
  57    0.4296548  7.34267e+28 
  58    0.4390630  7.14133e+28 
  59    0.4486773  6.91169e+28 
  60    0.4585020  6.68918e+28 
  61    0.4685419  6.47396e+28 
  62    0.4788016  6.23603e+28 
  63    0.4892860  5.99699e+28 
  64    0.5000000  5.77109e+28 
  65    0.5109486  5.56219e+28 
  66    0.5221369  5.35622e+28 
  67    0.5335702  5.14448e+28 
  68    0.5452539  4.92990e+28 
  69    0.5571934  4.73311e+28 
  70    0.5693943  4.52298e+28 
  71    0.5818624  4.31172e+28 
  72    0.5946036  4.11960e+28 
  73    0.6076237  3.93436e+28 
  74    0.6209289  3.74995e+28 
  75    0.6345255  3.57741e+28 
  76    0.6484198  3.40020e+28 
  77    0.6626183  3.22102e+28 
  78    0.6771278  3.05382e+28 
  79    0.6919549  2.89855e+28 
  80    0.7071068  2.75097e+28 
  81    0.7225904  2.61242e+28 
  82    0.7384131  2.46886e+28 
  83    0.7545822  2.35011e+28 
  84    0.7711054  2.23524e+28 
  85    0.7879904  2.12058e+28 
  86    0.8052452  2.00655e+28 
  87    0.8228777  1.89675e+28 
  88    0.8408964  1.80246e+28 
  89    0.8593096  1.70614e+28 
  90    0.8781261  1.61607e+28 
  91    0.8973545  1.53092e+28 
  92    0.9170040  1.45771e+28 
  93    0.9370838  1.37374e+28 
  94    0.9576033  1.30220e+28 
  95    0.9785721  1.22353e+28 
  96    1.0000000  1.14753e+28 
  97    1.0218971  1.08065e+28 
  98    1.0442738  1.02006e+28 
  99    1.0671404  9.58989e+27 
 100    1.0905077  9.01263e+27 
 101    1.1143867  8.54536e+27 
 102    1.1387886  8.01492e+27 
 103    1.1637249  7.50816e+27 
 104    1.1892071  7.04430e+27 
 105    1.2152474  6.63782e+27 
 106    1.2418578  6.24410e+27 
 107    1.2690510  5.89265e+27 
 108    1.2968396  5.56489e+27 
 109    1.3252366  5.25872e+27 
 110    1.3542555  4.94673e+27 
 111    1.3839099  4.66487e+27 
 112    1.4142136  4.39990e+27 
 113    1.4451808  4.11786e+27 
 114    1.4768261  3.91190e+27 
 115    1.5091644  3.69225e+27 
 116    1.5422108  3.48252e+27 
 117    1.5759808  3.24679e+27 
 118    1.6104903  3.04593e+27 
 119    1.6457555  2.86065e+27 
 120    1.6817928  2.66851e+27 
 121    1.7186193  2.46293e+27 
 122    1.7562522  2.29857e+27 
 123    1.7947091  2.12207e+27 
 124    1.8340081  1.97172e+27 
 125    1.8741676  1.82311e+27 
 126    1.9152066  1.66908e+27 
 127    1.9571441  1.51097e+27 
 128    2.0000000  1.38613e+27 
 129    2.0437943  1.27224e+27 
 130    2.0885476  1.17216e+27 
 131    2.1342808  1.07089e+27 
 132    2.1810155  9.79216e+26 
 133    2.2287735  8.96349e+26 
 134    2.2775773  8.16485e+26 
 135    2.3274497  7.41082e+26 
 136    2.3784142  6.73161e+26 
 137    2.4304947  6.10168e+26 
 138    2.4837156  5.59094e+26 
 139    2.5381019  5.12038e+26 
 140    2.5936791  4.60149e+26 
 141    2.6504733  4.15568e+26 
 142    2.7085111  3.69866e+26 
 143    2.7678198  3.28970e+26 
 144    2.8284271  2.94156e+26 
 145    2.8903616  2.59647e+26 
 146    2.9536523  2.30500e+26 
 147    3.0183289  2.04449e+26 
 148    3.0844217  1.77655e+26 
 149    3.1519617  1.52958e+26 
 150    3.2209807  1.27052e+26 
 151    3.2915110  1.03659e+26 
 152    3.3635857  8.70690e+25 
 153    3.4372386  6.89549e+25 
 154    3.5125043  5.56028e+25 
 155    3.5894182  4.33900e+25 
 156    3.6680162  3.08568e+25 
 157    3.7483353  2.23047e+25 
 158    3.8304131  1.46610e+25 
 159    3.9142882  8.92492e+24 
 160    4.0000000  5.49419e+24 
 161    4.0875886  2.76476e+24 
 162    4.1770951  1.95761e+24 
 163    4.2685616  9.01833e+23 
 164    4.3620309  7.09348e+23 
 165    4.4575470  6.88766e+23 
 166    4.5551545  6.23810e+23 
 167    4.6548994  5.10943e+23 
 168    4.7568285  4.69037e+23 
 169    4.8609894  4.44521e+23 
 170    4.9674312  3.65422e+23 
 171    5.0762038  2.99053e+23 
 172    5.1873582  1.87551e+23 
 173    5.3009466  1.30176e+23 
 174    5.4170222  1.29074e+23 
 175    5.5356395  1.15705e+23 
 176    5.6568542  1.11554e+23 
 177    5.7807232  6.78873e+22 
 178    5.9073046  7.04467e+22 
 179    6.0366577  6.57084e+22 
 180    6.1688433  6.21263e+22 
 181    6.3039234  5.83223e+22 
 182    6.4419613  4.73797e+22 
 183    6.5830219  5.89677e+22 
 184    6.7271713  5.42966e+22 
 185    6.8744772  6.81175e+22 
 186    7.0250086  6.57501e+22 
 187    7.1788363  3.86374e+22 
 188    7.3360323  4.53560e+22 
 189    7.4966705  5.61529e+22 


# K-band (filter: Ks_mosfire.dat)
   0    0.1250000  2.52881e+28 
   1    0.1277371  2.55973e+28 
   2    0.1305342  2.59133e+28 
   3    0.1333926  2.62361e+28 
   4    0.1363135  2.72346e+28 
   5    0.1392983  2.85396e+28 
   6    0.1423486  3.00798e+28 
   7    0.1454656  3.18902e+28 
   8    0.1486509  3.50958e+28 
   9    0.1519059  3.75254e+28 
  10    0.1552322  4.08383e+28 
  11    0.1586314  4.37497e+28 
  12    0.1621049  4.68405e+28 
  13    0.1656546  4.96793e+28 
  14    0.1692819  5.25484e+28 
  15    0.1729887  5.56436e+28 
  16    0.1767767  5.86644e+28 
  17    0.1806476  6.13344e+28 
  18    0.1846033  6.38181e+28 
  19    0.1886456  6.60426e+28 
  20    0.1927764  6.82278e+28 
  21    0.1969976  7.02951e+28 
  22    0.2013113  7.22349e+28 
  23    0.2057194  7.41504e+28 
  24    0.2102241  7.56373e+28 
  25    0.2148274  7.72129e+28 
  26    0.2195315  7.88002e+28 
  27    0.2243386  7.96459e+28 
  28    0.2292510  8.04301e+28 
  29    0.2342710  8.09405e+28 
  30    0.2394008  8.13645e+28 
  31    0.2446430  8.14787e+28 
  32    0.2500000  8.13075e+28 
  33    0.2554743  8.09713e+28 
  34    0.2610684  7.95366e+28 
  35    0.2667851  7.79153e+28 
  36    0.2726269  7.58417e+28 
  37    0.2785967  7.37228e+28 
  38    0.2846972  7.15289e+28 
  39    0.2909312  6.95448e+28 
  40    0.2973018  6.73476e+28 
  41    0.3038118  6.53544e+28 
  42    0.3104645  6.34848e+28 
  43    0.3172627  6.13417e+28 
  44    0.3242099  5.96487e+28 
  45    0.3313092  5.76281e+28 
  46    0.3385639  5.63761e+28 
  47    0.3459775  5.49781e+28 
  48    0.3535534  5.36972e+28 
  49    0.3612952  5.24582e+28 
  50    0.3692065  5.09992e+28 
  51    0.3772911  4.97194e+28 
  52    0.3855527  4.80654e+28 
  53    0.3939952  4.65284e+28 
  54    0.4026226  4.49303e+28 
  55    0.4114389  4.33616e+28 
  56    0.4204482  4.17612e+28 
  57    0.4296548  4.03816e+28 
  58    0.4390630  3.89319e+28 
  59    0.4486773  3.74633e+28 
  60    0.4585020  3.60564e+28 
  61    0.4685419  3.47108e+28 
  62    0.4788016  3.33652e+28 
  63    0.4892860  3.18816e+28 
  64    0.5000000  3.05984e+28 
  65    0.5109486  2.92872e+28 
  66    0.5221369  2.81900e+28 
  67    0.5335702  2.70205e+28 
  68    0.5452539  2.58641e+28 
  69    0.5571934  2.45545e+28 
  70    0.5693943  2.33942e+28 
  71    0.5818624  2.22288e+28 
  72    0.5946036  2.10907e+28 
  73    0.6076237  2.00253e+28 
  74    0.6209289  1.91295e+28 
  75    0.6345255  1.82507e+28 
  76    0.6484198  1.73883e+28 
  77    0.6626183  1.65717e+28 
  78    0.6771278  1.57300e+28 
  79    0.6919549  1.48547e+28 
  80    0.7071068  1.41715e+28 
  81    0.7225904  1.34890e+28 
  82    0.7384131  1.28395e+28 
  83    0.7545822  1.21578e+28 
  84    0.7711054  1.15587e+28 
  85    0.7879904  1.09014e+28 
  86    0.8052452  1.02776e+28 
  87    0.8228777  9.68598e+27 
  88    0.8408964  9.13538e+27 
  89    0.8593096  8.59264e+27 
  90    0.8781261  8.03902e+27 
  91    0.8973545  7.59139e+27 
  92    0.9170040  7.12961e+27 
  93    0.9370838  6.70402e+27 
  94    0.9576033  6.27408e+27 
  95    0.9785721  5.92989e+27 
  96    1.0000000  5.60357e+27 
  97    1.0218971  5.25028e+27 
  98    1.0442738  4.95065e+27 
  99    1.0671404  4.66124e+27 
 100    1.0905077  4.38251e+27 
 101    1.1143867  4.14415e+27 
 102    1.1387886  3.91007e+27 
 103    1.1637249  3.67817e+27 
 104    1.1892071  3.46491e+27 
 105    1.2152474  3.28529e+27 
 106    1.2418578  3.08412e+27 
 107    1.2690510  2.88918e+27 
 108    1.2968396  2.72465e+27 
 109    1.3252366  2.58799e+27 
 110    1.3542555  2.43597e+27 
 111    1.3839099  2.28409e+27 
 112    1.4142136  2.13639e+27 
 113    1.4451808  1.98316e+27 
 114    1.4768261  1.85970e+27 
 115    1.5091644  1.73350e+27 
 116    1.5422108  1.63058e+27 
 117    1.5759808  1.52145e+27 
 118    1.6104903  1.42330e+27 
 119    1.6457555  1.32643e+27 
 120    1.6817928  1.23221e+27 
 121    1.7186193  1.13635e+27 
 122    1.7562522  1.05452e+27 
 123    1.7947091  9.78142e+26 
 124    1.8340081  9.11486e+26 
 125    1.8741676  8.41893e+26 
 126    1.9152066  7.79369e+26 
 127    1.9571441  7.26736e+26 
 128    2.0000000  6.60474e+26 
 129    2.0437943  6.18881e+26 
 130    2.0885476  5.72948e+26 
 131    2.1342808  5.23571e+26 
 132    2.1810155  4.78355e+26 
 133    2.2287735  4.38947e+26 
 134    2.2775773  3.98275e+26 
 135    2.3274497  3.60838e+26 
 136    2.3784142  3.32227e+26 
 137    2.4304947  3.04063e+26 
 138    2.4837156  2.70612e+26 
 139    2.5381019  2.41962e+26 
 140    2.5936791  2.18842e+26 
 141    2.6504733  1.90662e+26 
 142    2.7085111  1.70051e+26 
 143    2.7678198  1.52376e+26 
 144    2.8284271  1.34457e+26 
 145    2.8903616  1.17553e+26 
 146    2.9536523  1.06511e+26 
 147    3.0183289  9.48092e+25 
 148    3.0844217  8.24211e+25 
 149    3.1519617  6.99880e+25 
 150    3.2209807  5.99036e+25 
 151    3.2915110  4.99329e+25 
 152    3.3635857  3.98939e+25 
 153    3.4372386  3.20255e+25 
 154    3.5125043  2.52419e+25 
 155    3.5894182  1.86824e+25 
 156    3.6680162  1.37176e+25 
 157    3.7483353  9.91104e+24 
 158    3.8304131  6.09608e+24 
 159    3.9142882  3.60117e+24 
 160    4.0000000  1.95405e+24 
 161    4.0875886  9.34235e+23 
 162    4.1770951  6.37572e+23 
 163    4.2685616  4.43976e+23 
 164    4.3620309  3.38769e+23 
 165    4.4575470  2.02875e+23 
 166    4.5551545  1.56476e+23 
 167    4.6548994  6.46672e+22 
 168    4.7568285  4.81303e+22 
 169    4.8609894  4.77088e+22 
 170    4.9674312  3.31015e+22 
 171    5.0762038  3.51517e+22 
 172    5.1873582  0.00000e+00 
 173    5.3009466  0.00000e+00 
 174    5.4170222  0.00000e+00 
 175    5.5356395  0.00000e+00 
 176    5.6568542  0.00000e+00 
 177    5.7807232  0.00000e+00 
 178    5.9073046  0.00000e+00 
 179    6.0366577  0.00000e+00 
 180    6.1688433  3.17748e+15 
 181    6.3039234  3.58183e+15 
 182    6.4419613  8.87860e+21 
 183    6.5830219  1.11148e+22 
 184    6.7271713  1.22620e+22 
 185    6.8744772  1.10833e+22 
 186    7.0250086  1.15101e+22 
 187    7.1788363  1.31523e+22 
 188    7.3360323  1.46024e+22 
 189    7.4966705  1.49652e+22 


# S-band (filter: Spitzer_IRAC2.dat)
   0    0.1250000  2.12282e+28 
   1    0.1277371  2.11701e+28 
   2    0.1305342  2.11107e+28 
   3    0.1333926  2.10500e+28 
   4    0.1363135  2.11181e+28 
   5    0.1392983  2.06983e+28 
   6    0.1423486  2.04215e+28 
   7    0.1454656  1.99954e+28 
   8    0.1486509  1.98511e+28 
   9    0.1519059  1.97041e+28 
  10    0.1552322  1.99156e+28 
  11    0.1586314  1.97040e+28 
  12    0.1621049  1.96916e+28 
  13    0.1656546  1.91876e+28 
  14    0.1692819  1.87931e+28 
  15    0.1729887  1.85458e+28 
  16    0.1767767  1.84004e+28 
  17    0.1806476  1.80889e+28 
  18    0.1846033  1.78274e+28 
  19    0.1886456  1.76225e+28 
  20    0.1927764  1.71627e+28 
  21    0.1969976  1.66671e+28 
  22    0.2013113  1.58712e+28 
  23    0.2057194  1.52789e+28 
  24    0.2102241  1.47829e+28 
  25    0.2148274  1.45600e+28 
  26    0.2195315  1.39653e+28 
  27    0.2243386  1.32738e+28 
  28    0.2292510  1.28253e+28 
  29    0.2342710  1.23971e+28 
  30    0.2394008  1.18926e+28 
  31    0.2446430  1.13131e+28 
  32    0.2500000  1.08805e+28 
  33    0.2554743  1.06281e+28 
  34    0.2610684  1.02519e+28 
  35    0.2667851  9.86478e+27 
  36    0.2726269  9.21316e+27 
  37    0.2785967  8.70009e+27 
  38    0.2846972  8.45719e+27 
  39    0.2909312  8.17407e+27 
  40    0.2973018  7.72381e+27 
  41    0.3038118  7.32725e+27 
  42    0.3104645  6.92192e+27 
  43    0.3172627  6.57591e+27 
  44    0.3242099  6.25100e+27 
  45    0.3313092  5.77974e+27 
  46    0.3385639  5.49720e+27 
  47    0.3459775  5.28087e+27 
  48    0.3535534  5.18781e+27 
  49    0.3612952  4.95497e+27 
  50    0.3692065  4.75211e+27 
  51    0.3772911  4.45311e+27 
  52    0.3855527  4.18615e+27 
  53    0.3939952  3.99273e+27 
  54    0.4026226  3.84498e+27 
  55    0.4114389  3.62634e+27 
  56    0.4204482  3.44680e+27 
  57    0.4296548  3.33301e+27 
  58    0.4390630  3.17816e+27 
  59    0.4486773  2.97325e+27 
  60    0.4585020  2.71729e+27 
  61    0.4685419  2.51474e+27 
  62    0.4788016  2.34473e+27 
  63    0.4892860  2.22329e+27 
  64    0.5000000  2.13072e+27 
  65    0.5109486  1.96309e+27 
  66    0.5221369  1.83371e+27 
  67    0.5335702  1.71828e+27 
  68    0.5452539  1.64492e+27 
  69    0.5571934  1.57031e+27 
  70    0.5693943  1.45633e+27 
  71    0.5818624  1.36669e+27 
  72    0.5946036  1.31821e+27 
  73    0.6076237  1.24055e+27 
  74    0.6209289  1.17712e+27 
  75    0.6345255  1.08966e+27 
  76    0.6484198  1.00751e+27 
  77    0.6626183  9.36421e+26 
  78    0.6771278  8.89858e+26 
  79    0.6919549  8.28907e+26 
  80    0.7071068  7.71113e+26 
  81    0.7225904  7.07552e+26 
  82    0.7384131  6.53123e+26 
  83    0.7545822  6.11643e+26 
  84    0.7711054  5.58853e+26 
  85    0.7879904  5.30489e+26 
  86    0.8052452  5.18183e+26 
  87    0.8228777  4.86045e+26 
  88    0.8408964  4.65634e+26 
  89    0.8593096  4.40849e+26 
  90    0.8781261  4.09883e+26 
  91    0.8973545  3.93225e+26 
  92    0.9170040  3.74140e+26 
  93    0.9370838  3.60230e+26 
  94    0.9576033  3.43561e+26 
  95    0.9785721  3.32548e+26 
  96    1.0000000  3.16703e+26 
  97    1.0218971  2.83863e+26 
  98    1.0442738  2.59217e+26 
  99    1.0671404  2.36633e+26 
 100    1.0905077  2.21105e+26 
 101    1.1143867  2.10078e+26 
 102    1.1387886  2.06543e+26 
 103    1.1637249  1.87394e+26 
 104    1.1892071  1.68929e+26 
 105    1.2152474  1.54160e+26 
 106    1.2418578  1.42503e+26 
 107    1.2690510  1.35710e+26 
 108    1.2968396  1.35251e+26 
 109    1.3252366  1.31784e+26 
 110    1.3542555  1.27060e+26 
 111    1.3839099  1.20849e+26 
 112    1.4142136  1.18264e+26 
 113    1.4451808  1.10059e+26 
 114    1.4768261  1.04403e+26 
 115    1.5091644  9.77913e+25 
 116    1.5422108  8.67007e+25 
 117    1.5759808  8.11279e+25 
 118    1.6104903  7.59938e+25 
 119    1.6457555  6.23645e+25 
 120    1.6817928  5.47262e+25 
 121    1.7186193  4.86104e+25 
 122    1.7562522  4.42743e+25 
 123    1.7947091  3.81742e+25 
 124    1.8340081  3.14404e+25 
 125    1.8741676  2.53064e+25 
 126    1.9152066  1.99780e+25 
 127    1.9571441  1.87338e+25 
 128    2.0000000  1.63630e+25 
 129    2.0437943  1.46964e+25 
 130    2.0885476  9.60334e+24 
 131    2.1342808  8.55600e+24 
 132    2.1810155  6.75118e+24 
 133    2.2287735  4.62125e+24 
 134    2.2775773  3.38660e+24 
 135    2.3274497  2.81619e+24 
 136    2.3784142  2.43832e+24 
 137    2.4304947  1.97799e+24 
 138    2.4837156  1.24465e+24 
 139    2.5381019  5.04994e+23 
 140    2.5936791  4.18453e+23 
 141    2.6504733  3.25190e+23 
 142    2.7085111  2.13408e+23 
 143    2.7678198  1.95495e+23 
 144    2.8284271  1.89535e+23 
 145    2.8903616  1.91412e+23 
 146    2.9536523  1.99838e+23 
 147    3.0183289  1.33274e+23 
 148    3.0844217  7.78502e+20 
 149    3.1519617  5.03666e+20 
 150    3.2209807  0.00000e+00 
 151    3.2915110  0.00000e+00 
 152    3.3635857  0.00000e+00 
 153    3.4372386  0.00000e+00 
 154    3.5125043  0.00000e+00 
 155    3.5894182  0.00000e+00 
 156    3.6680162  0.00000e+00 
 157    3.7483353  0.00000e+00 
 158    3.8304131  0.00000e+00 
 159    3.9142882  0.00000e+00 
 160    4.0000000  0.00000e+00 
 161    4.0875886  0.00000e+00 
 162    4.1770951  0.00000e+00 
 163    4.2685616  0.00000e+00 
 164    4.3620309  0.00000e+00 
 165    4.4575470  0.00000e+00 
 166    4.5551545  0.00000e+00 
 167    4.6548994  0.00000e+00 
 168    4.7568285  0.00000e+00 
 169    4.8609894  0.00000e+00 
 170    4.9674312  0.00000e+00 
 171    5.0762038  0.00000e+00 
 172    5.1873582  0.00000e+00 
 173    5.3009466  0.00000e+00 
 174    5.4170222  0.00000e+00 
 175    5.5356395  0.00000e+00 
 176    5.6568542  0.00000e+00 
 177    5.7807232  0.00000e+00 
 178    5.9073046  0.00000e+00 
 179    6.0366577  0.00000e+00 
 180    6.1688433  0.00000e+00 
 181    6.3039234  0.00000e+00 
 182    6.4419613  0.00000e+00 
 183    6.5830219  0.00000e+00 
 184    6.7271713  0.00000e+00 
 185    6.8744772  0.00000e+00 
 186    7.0250086  0.00000e+00 
 187    7.1788363  0.00000e+00 
 188    7.3360323  0.00000e+00 
 189    7.4966705  0.00000e+00 


