# 1:iteration 2:time bin[s] 3-k:equiv. isotropic luminosity in k-th angular bin [erg/s]
# bolometric luminosity going in angular bin
   0    0.1250000  8.17479e+41 
   1    0.1277371  9.22213e+41 
   2    0.1305342  1.02924e+42 
   3    0.1333926  1.13861e+42 
   4    0.1363135  1.24951e+42 
   5    0.1392983  1.38138e+42 
   6    0.1423486  1.52258e+42 
   7    0.1454656  1.69400e+42 
   8    0.1486509  1.85532e+42 
   9    0.1519059  2.05316e+42 
  10    0.1552322  2.27272e+42 
  11    0.1586314  2.49682e+42 
  12    0.1621049  2.77185e+42 
  13    0.1656546  3.03978e+42 
  14    0.1692819  3.34701e+42 
  15    0.1729887  3.66585e+42 
  16    0.1767767  4.01613e+42 
  17    0.1806476  4.38213e+42 
  18    0.1846033  4.77982e+42 
  19    0.1886456  5.16542e+42 
  20    0.1927764  5.60311e+42 
  21    0.1969976  6.05066e+42 
  22    0.2013113  6.50076e+42 
  23    0.2057194  6.96817e+42 
  24    0.2102241  7.47259e+42 
  25    0.2148274  7.99251e+42 
  26    0.2195315  8.53607e+42 
  27    0.2243386  9.11009e+42 
  28    0.2292510  9.61912e+42 
  29    0.2342710  9.90813e+42 
  30    0.2394008  1.00664e+43 
  31    0.2446430  9.87188e+42 
  32    0.2500000  9.75801e+42 
  33    0.2554743  9.62391e+42 
  34    0.2610684  9.54970e+42 
  35    0.2667851  9.50270e+42 
  36    0.2726269  9.42446e+42 
  37    0.2785967  9.23618e+42 
  38    0.2846972  9.16171e+42 
  39    0.2909312  9.02696e+42 
  40    0.2973018  9.02473e+42 
  41    0.3038118  9.06074e+42 
  42    0.3104645  9.33491e+42 
  43    0.3172627  9.66413e+42 
  44    0.3242099  9.98952e+42 
  45    0.3313092  1.03045e+43 
  46    0.3385639  1.06300e+43 
  47    0.3459775  1.09727e+43 
  48    0.3535534  1.13034e+43 
  49    0.3612952  1.16114e+43 
  50    0.3692065  1.19004e+43 
  51    0.3772911  1.21653e+43 
  52    0.3855527  1.24618e+43 
  53    0.3939952  1.27360e+43 
  54    0.4026226  1.30074e+43 
  55    0.4114389  1.32868e+43 
  56    0.4204482  1.35553e+43 
  57    0.4296548  1.38480e+43 
  58    0.4390630  1.40962e+43 
  59    0.4486773  1.43586e+43 
  60    0.4585020  1.45992e+43 
  61    0.4685419  1.48667e+43 
  62    0.4788016  1.51430e+43 
  63    0.4892860  1.54251e+43 
  64    0.5000000  1.57038e+43 
  65    0.5109486  1.60040e+43 
  66    0.5221369  1.63088e+43 
  67    0.5335702  1.66256e+43 
  68    0.5452539  1.69345e+43 
  69    0.5571934  1.72610e+43 
  70    0.5693943  1.76171e+43 
  71    0.5818624  1.79877e+43 
  72    0.5946036  1.83917e+43 
  73    0.6076237  1.87999e+43 
  74    0.6209289  1.92177e+43 
  75    0.6345255  1.96791e+43 
  76    0.6484198  2.02169e+43 
  77    0.6626183  2.07905e+43 
  78    0.6771278  2.13740e+43 
  79    0.6919549  2.19249e+43 
  80    0.7071068  2.24834e+43 
  81    0.7225904  2.30811e+43 
  82    0.7384131  2.37104e+43 
  83    0.7545822  2.44509e+43 
  84    0.7711054  2.51491e+43 
  85    0.7879904  2.58588e+43 
  86    0.8052452  2.66290e+43 
  87    0.8228777  2.73933e+43 
  88    0.8408964  2.82330e+43 
  89    0.8593096  2.92612e+43 
  90    0.8781261  3.02695e+43 
  91    0.8973545  3.12590e+43 
  92    0.9170040  3.22931e+43 
  93    0.9370838  3.34309e+43 
  94    0.9576033  3.47282e+43 
  95    0.9785721  3.57166e+43 
  96    1.0000000  3.67249e+43 
  97    1.0218971  3.76027e+43 
  98    1.0442738  3.87456e+43 
  99    1.0671404  3.99780e+43 
 100    1.0905077  4.16270e+43 
 101    1.1143867  4.32987e+43 
 102    1.1387886  4.55114e+43 
 103    1.1637249  4.77949e+43 
 104    1.1892071  5.04477e+43 
 105    1.2152474  5.30717e+43 
 106    1.2418578  5.60992e+43 
 107    1.2690510  5.92799e+43 
 108    1.2968396  6.28688e+43 
 109    1.3252366  6.67198e+43 
 110    1.3542555  7.11259e+43 
 111    1.3839099  7.53858e+43 
 112    1.4142136  7.98326e+43 
 113    1.4451808  8.46073e+43 
 114    1.4768261  8.95611e+43 
 115    1.5091644  9.47470e+43 
 116    1.5422108  1.00479e+44 
 117    1.5759808  1.06631e+44 
 118    1.6104903  1.13071e+44 
 119    1.6457555  1.19909e+44 
 120    1.6817928  1.27080e+44 
 121    1.7186193  1.34395e+44 
 122    1.7562522  1.40678e+44 
 123    1.7947091  1.44961e+44 
 124    1.8340081  1.46914e+44 
 125    1.8741676  1.48336e+44 
 126    1.9152066  1.46028e+44 
 127    1.9571441  1.43654e+44 
 128    2.0000000  1.40520e+44 
 129    2.0437943  1.39071e+44 
 130    2.0885476  1.38537e+44 
 131    2.1342808  1.36036e+44 
 132    2.1810155  1.36405e+44 
 133    2.2287735  1.36621e+44 
 134    2.2775773  1.37898e+44 
 135    2.3274497  1.40541e+44 
 136    2.3784142  1.44651e+44 
 137    2.4304947  1.51586e+44 
 138    2.4837156  1.58677e+44 
 139    2.5381019  1.66291e+44 
 140    2.5936791  1.73858e+44 
 141    2.6504733  1.80233e+44 
 142    2.7085111  1.85479e+44 
 143    2.7678198  1.90358e+44 
 144    2.8284271  1.93935e+44 
 145    2.8903616  1.96636e+44 
 146    2.9536523  1.99340e+44 
 147    3.0183289  2.01707e+44 
 148    3.0844217  2.05203e+44 
 149    3.1519617  2.08414e+44 
 150    3.2209807  2.11339e+44 
 151    3.2915110  2.14438e+44 
 152    3.3635857  2.16680e+44 
 153    3.4372386  2.19249e+44 
 154    3.5125043  2.20475e+44 
 155    3.5894182  2.20726e+44 
 156    3.6680162  2.20642e+44 
 157    3.7483353  2.17398e+44 
 158    3.8304131  2.12894e+44 
 159    3.9142882  2.06475e+44 
 160    4.0000000  1.96869e+44 
 161    4.0875886  1.85268e+44 
 162    4.1770951  1.71726e+44 
 163    4.2685616  1.56839e+44 
 164    4.3620309  1.41889e+44 
 165    4.4575470  1.25598e+44 
 166    4.5551545  1.10832e+44 
 167    4.6548994  9.65796e+43 
 168    4.7568285  8.23882e+43 
 169    4.8609894  7.07739e+43 
 170    4.9674312  5.99367e+43 
 171    5.0762038  5.01871e+43 
 172    5.1873582  4.22316e+43 
 173    5.3009466  3.56846e+43 
 174    5.4170222  3.05047e+43 
 175    5.5356395  2.65343e+43 
 176    5.6568542  2.32936e+43 
 177    5.7807232  2.06815e+43 
 178    5.9073046  1.85267e+43 
 179    6.0366577  1.67601e+43 
 180    6.1688433  1.52666e+43 
 181    6.3039234  1.40412e+43 
 182    6.4419613  1.30199e+43 
 183    6.5830219  1.21742e+43 
 184    6.7271713  1.14661e+43 
 185    6.8744772  1.08493e+43 
 186    7.0250086  1.02696e+43 
 187    7.1788363  9.73822e+42 
 188    7.3360323  9.24363e+42 
 189    7.4966705  8.80152e+42 


# g-band (filter: g_LSST.dat)
   0    0.1250000  3.95116e+26 
   1    0.1277371  3.96566e+26 
   2    0.1305342  3.98048e+26 
   3    0.1333926  3.99562e+26 
   4    0.1363135  4.01413e+26 
   5    0.1392983  4.05390e+26 
   6    0.1423486  4.10018e+26 
   7    0.1454656  4.12300e+26 
   8    0.1486509  4.17585e+26 
   9    0.1519059  4.16822e+26 
  10    0.1552322  4.18902e+26 
  11    0.1586314  4.21986e+26 
  12    0.1621049  4.21258e+26 
  13    0.1656546  4.21794e+26 
  14    0.1692819  4.28032e+26 
  15    0.1729887  4.28753e+26 
  16    0.1767767  4.28373e+26 
  17    0.1806476  4.29733e+26 
  18    0.1846033  4.24008e+26 
  19    0.1886456  4.26133e+26 
  20    0.1927764  4.20861e+26 
  21    0.1969976  4.18521e+26 
  22    0.2013113  4.16977e+26 
  23    0.2057194  4.20920e+26 
  24    0.2102241  4.20611e+26 
  25    0.2148274  4.14656e+26 
  26    0.2195315  4.08296e+26 
  27    0.2243386  4.05866e+26 
  28    0.2292510  4.02031e+26 
  29    0.2342710  3.98891e+26 
  30    0.2394008  3.95105e+26 
  31    0.2446430  3.84641e+26 
  32    0.2500000  3.88742e+26 
  33    0.2554743  3.80589e+26 
  34    0.2610684  3.84933e+26 
  35    0.2667851  3.79377e+26 
  36    0.2726269  3.78104e+26 
  37    0.2785967  3.78703e+26 
  38    0.2846972  3.73152e+26 
  39    0.2909312  3.68846e+26 
  40    0.2973018  3.67798e+26 
  41    0.3038118  3.56592e+26 
  42    0.3104645  3.56346e+26 
  43    0.3172627  3.54541e+26 
  44    0.3242099  3.49069e+26 
  45    0.3313092  3.49518e+26 
  46    0.3385639  3.46619e+26 
  47    0.3459775  3.51647e+26 
  48    0.3535534  3.50497e+26 
  49    0.3612952  3.47961e+26 
  50    0.3692065  3.46273e+26 
  51    0.3772911  3.50177e+26 
  52    0.3855527  3.50455e+26 
  53    0.3939952  3.55544e+26 
  54    0.4026226  3.60366e+26 
  55    0.4114389  3.69231e+26 
  56    0.4204482  3.78656e+26 
  57    0.4296548  3.84659e+26 
  58    0.4390630  3.88032e+26 
  59    0.4486773  4.00698e+26 
  60    0.4585020  4.23810e+26 
  61    0.4685419  4.41780e+26 
  62    0.4788016  4.62409e+26 
  63    0.4892860  4.86226e+26 
  64    0.5000000  5.16001e+26 
  65    0.5109486  5.51766e+26 
  66    0.5221369  5.78680e+26 
  67    0.5335702  6.12402e+26 
  68    0.5452539  6.47852e+26 
  69    0.5571934  6.87371e+26 
  70    0.5693943  7.19390e+26 
  71    0.5818624  7.58222e+26 
  72    0.5946036  7.94712e+26 
  73    0.6076237  8.36355e+26 
  74    0.6209289  8.79204e+26 
  75    0.6345255  9.06390e+26 
  76    0.6484198  9.49101e+26 
  77    0.6626183  9.81912e+26 
  78    0.6771278  1.00961e+27 
  79    0.6919549  1.06741e+27 
  80    0.7071068  1.14813e+27 
  81    0.7225904  1.22762e+27 
  82    0.7384131  1.33671e+27 
  83    0.7545822  1.48915e+27 
  84    0.7711054  1.64308e+27 
  85    0.7879904  1.85497e+27 
  86    0.8052452  2.10982e+27 
  87    0.8228777  2.42311e+27 
  88    0.8408964  2.86892e+27 
  89    0.8593096  3.35963e+27 
  90    0.8781261  3.93381e+27 
  91    0.8973545  4.56039e+27 
  92    0.9170040  5.21989e+27 
  93    0.9370838  5.96453e+27 
  94    0.9576033  6.78858e+27 
  95    0.9785721  7.69423e+27 
  96    1.0000000  8.67062e+27 
  97    1.0218971  9.78144e+27 
  98    1.0442738  1.08800e+28 
  99    1.0671404  1.19532e+28 
 100    1.0905077  1.31136e+28 
 101    1.1143867  1.44286e+28 
 102    1.1387886  1.58142e+28 
 103    1.1637249  1.72143e+28 
 104    1.1892071  1.87587e+28 
 105    1.2152474  2.02688e+28 
 106    1.2418578  2.19005e+28 
 107    1.2690510  2.36149e+28 
 108    1.2968396  2.53681e+28 
 109    1.3252366  2.72102e+28 
 110    1.3542555  2.91872e+28 
 111    1.3839099  3.13213e+28 
 112    1.4142136  3.34397e+28 
 113    1.4451808  3.56535e+28 
 114    1.4768261  3.79252e+28 
 115    1.5091644  4.04096e+28 
 116    1.5422108  4.30073e+28 
 117    1.5759808  4.59500e+28 
 118    1.6104903  4.89310e+28 
 119    1.6457555  5.21371e+28 
 120    1.6817928  5.53669e+28 
 121    1.7186193  5.87001e+28 
 122    1.7562522  6.16349e+28 
 123    1.7947091  6.42786e+28 
 124    1.8340081  6.88786e+28 
 125    1.8741676  7.31373e+28 
 126    1.9152066  7.33702e+28 
 127    1.9571441  7.12359e+28 
 128    2.0000000  7.01023e+28 
 129    2.0437943  6.82471e+28 
 130    2.0885476  6.69706e+28 
 131    2.1342808  6.47689e+28 
 132    2.1810155  6.37751e+28 
 133    2.2287735  6.29177e+28 
 134    2.2775773  6.11439e+28 
 135    2.3274497  6.06958e+28 
 136    2.3784142  5.84077e+28 
 137    2.4304947  5.75158e+28 
 138    2.4837156  5.77924e+28 
 139    2.5381019  5.97109e+28 
 140    2.5936791  6.15393e+28 
 141    2.6504733  6.30449e+28 
 142    2.7085111  6.43347e+28 
 143    2.7678198  6.54970e+28 
 144    2.8284271  6.69911e+28 
 145    2.8903616  7.18221e+28 
 146    2.9536523  8.15964e+28 
 147    3.0183289  9.03709e+28 
 148    3.0844217  9.68357e+28 
 149    3.1519617  9.69071e+28 
 150    3.2209807  9.95209e+28 
 151    3.2915110  9.83492e+28 
 152    3.3635857  9.79760e+28 
 153    3.4372386  9.79944e+28 
 154    3.5125043  9.67837e+28 
 155    3.5894182  9.47135e+28 
 156    3.6680162  8.92667e+28 
 157    3.7483353  8.41220e+28 
 158    3.8304131  7.42251e+28 
 159    3.9142882  6.42765e+28 
 160    4.0000000  5.47670e+28 
 161    4.0875886  4.83880e+28 
 162    4.1770951  4.19997e+28 
 163    4.2685616  3.59362e+28 
 164    4.3620309  3.00106e+28 
 165    4.4575470  2.37578e+28 
 166    4.5551545  1.88604e+28 
 167    4.6548994  1.50853e+28 
 168    4.7568285  1.13694e+28 
 169    4.8609894  8.48837e+27 
 170    4.9674312  6.05334e+27 
 171    5.0762038  4.17969e+27 
 172    5.1873582  3.08318e+27 
 173    5.3009466  2.27403e+27 
 174    5.4170222  1.88954e+27 
 175    5.5356395  1.79495e+27 
 176    5.6568542  1.77220e+27 
 177    5.7807232  1.80227e+27 
 178    5.9073046  1.84000e+27 
 179    6.0366577  1.90523e+27 
 180    6.1688433  1.99035e+27 
 181    6.3039234  2.09322e+27 
 182    6.4419613  2.22976e+27 
 183    6.5830219  2.39647e+27 
 184    6.7271713  2.58523e+27 
 185    6.8744772  2.81553e+27 
 186    7.0250086  3.05500e+27 
 187    7.1788363  3.30894e+27 
 188    7.3360323  3.58606e+27 
 189    7.4966705  3.89826e+27 


# r-band (filter: r_LSST.dat)
   0    0.1250000  4.20190e+26 
   1    0.1277371  4.26590e+26 
   2    0.1305342  4.33129e+26 
   3    0.1333926  4.39812e+26 
   4    0.1363135  4.43046e+26 
   5    0.1392983  4.53936e+26 
   6    0.1423486  4.58597e+26 
   7    0.1454656  4.67673e+26 
   8    0.1486509  4.70322e+26 
   9    0.1519059  4.76455e+26 
  10    0.1552322  4.88579e+26 
  11    0.1586314  4.95851e+26 
  12    0.1621049  5.05535e+26 
  13    0.1656546  5.04733e+26 
  14    0.1692819  5.02903e+26 
  15    0.1729887  5.06966e+26 
  16    0.1767767  5.19249e+26 
  17    0.1806476  5.21794e+26 
  18    0.1846033  5.29526e+26 
  19    0.1886456  5.31672e+26 
  20    0.1927764  5.40302e+26 
  21    0.1969976  5.43522e+26 
  22    0.2013113  5.43269e+26 
  23    0.2057194  5.40243e+26 
  24    0.2102241  5.40961e+26 
  25    0.2148274  5.52858e+26 
  26    0.2195315  5.65846e+26 
  27    0.2243386  5.86232e+26 
  28    0.2292510  5.95000e+26 
  29    0.2342710  5.99351e+26 
  30    0.2394008  6.02946e+26 
  31    0.2446430  5.95686e+26 
  32    0.2500000  5.84491e+26 
  33    0.2554743  5.86488e+26 
  34    0.2610684  5.91629e+26 
  35    0.2667851  5.88693e+26 
  36    0.2726269  5.89930e+26 
  37    0.2785967  5.86368e+26 
  38    0.2846972  5.79223e+26 
  39    0.2909312  5.65658e+26 
  40    0.2973018  5.57850e+26 
  41    0.3038118  5.51645e+26 
  42    0.3104645  5.51258e+26 
  43    0.3172627  5.55603e+26 
  44    0.3242099  5.73500e+26 
  45    0.3313092  5.75573e+26 
  46    0.3385639  5.91409e+26 
  47    0.3459775  6.01745e+26 
  48    0.3535534  6.15596e+26 
  49    0.3612952  6.45960e+26 
  50    0.3692065  7.14118e+26 
  51    0.3772911  7.87726e+26 
  52    0.3855527  8.69264e+26 
  53    0.3939952  9.39506e+26 
  54    0.4026226  1.00584e+27 
  55    0.4114389  1.08118e+27 
  56    0.4204482  1.12922e+27 
  57    0.4296548  1.20054e+27 
  58    0.4390630  1.27097e+27 
  59    0.4486773  1.36055e+27 
  60    0.4585020  1.44287e+27 
  61    0.4685419  1.57876e+27 
  62    0.4788016  1.70113e+27 
  63    0.4892860  1.81576e+27 
  64    0.5000000  2.11923e+27 
  65    0.5109486  2.49876e+27 
  66    0.5221369  2.98813e+27 
  67    0.5335702  3.47716e+27 
  68    0.5452539  4.05627e+27 
  69    0.5571934  4.66800e+27 
  70    0.5693943  5.56946e+27 
  71    0.5818624  6.61906e+27 
  72    0.5946036  7.86708e+27 
  73    0.6076237  9.20405e+27 
  74    0.6209289  1.06148e+28 
  75    0.6345255  1.23359e+28 
  76    0.6484198  1.49171e+28 
  77    0.6626183  1.76523e+28 
  78    0.6771278  2.02646e+28 
  79    0.6919549  2.28301e+28 
  80    0.7071068  2.53810e+28 
  81    0.7225904  2.81988e+28 
  82    0.7384131  3.09451e+28 
  83    0.7545822  3.44774e+28 
  84    0.7711054  3.76192e+28 
  85    0.7879904  4.05761e+28 
  86    0.8052452  4.38954e+28 
  87    0.8228777  4.70521e+28 
  88    0.8408964  5.03837e+28 
  89    0.8593096  5.50207e+28 
  90    0.8781261  5.93032e+28 
  91    0.8973545  6.29925e+28 
  92    0.9170040  6.68521e+28 
  93    0.9370838  7.13455e+28 
  94    0.9576033  7.76374e+28 
  95    0.9785721  8.05664e+28 
  96    1.0000000  8.33791e+28 
  97    1.0218971  8.47071e+28 
  98    1.0442738  8.82064e+28 
  99    1.0671404  9.26534e+28 
 100    1.0905077  9.99776e+28 
 101    1.1143867  1.07069e+29 
 102    1.1387886  1.18669e+29 
 103    1.1637249  1.30673e+29 
 104    1.1892071  1.45630e+29 
 105    1.2152474  1.60068e+29 
 106    1.2418578  1.77332e+29 
 107    1.2690510  1.95631e+29 
 108    1.2968396  2.16987e+29 
 109    1.3252366  2.40079e+29 
 110    1.3542555  2.64942e+29 
 111    1.3839099  2.86566e+29 
 112    1.4142136  3.09466e+29 
 113    1.4451808  3.32568e+29 
 114    1.4768261  3.54797e+29 
 115    1.5091644  3.77106e+29 
 116    1.5422108  3.99035e+29 
 117    1.5759808  4.20062e+29 
 118    1.6104903  4.40829e+29 
 119    1.6457555  4.59146e+29 
 120    1.6817928  4.73983e+29 
 121    1.7186193  4.87091e+29 
 122    1.7562522  4.89401e+29 
 123    1.7947091  4.81678e+29 
 124    1.8340081  4.60429e+29 
 125    1.8741676  4.34808e+29 
 126    1.9152066  4.06185e+29 
 127    1.9571441  3.85136e+29 
 128    2.0000000  3.56771e+29 
 129    2.0437943  3.41565e+29 
 130    2.0885476  3.27069e+29 
 131    2.1342808  3.08470e+29 
 132    2.1810155  2.98110e+29 
 133    2.2287735  2.87538e+29 
 134    2.2775773  2.87560e+29 
 135    2.3274497  2.88015e+29 
 136    2.3784142  2.97170e+29 
 137    2.4304947  3.12543e+29 
 138    2.4837156  3.22988e+29 
 139    2.5381019  3.29258e+29 
 140    2.5936791  3.32677e+29 
 141    2.6504733  3.31914e+29 
 142    2.7085111  3.27272e+29 
 143    2.7678198  3.20116e+29 
 144    2.8284271  3.09466e+29 
 145    2.8903616  2.91527e+29 
 146    2.9536523  2.65320e+29 
 147    3.0183289  2.38846e+29 
 148    3.0844217  2.12612e+29 
 149    3.1519617  1.88878e+29 
 150    3.2209807  1.62114e+29 
 151    3.2915110  1.41146e+29 
 152    3.3635857  1.20658e+29 
 153    3.4372386  9.92482e+28 
 154    3.5125043  8.22765e+28 
 155    3.5894182  6.57143e+28 
 156    3.6680162  5.33034e+28 
 157    3.7483353  4.29022e+28 
 158    3.8304131  3.83523e+28 
 159    3.9142882  3.47227e+28 
 160    4.0000000  3.08828e+28 
 161    4.0875886  2.69017e+28 
 162    4.1770951  2.28489e+28 
 163    4.2685616  1.90959e+28 
 164    4.3620309  1.57748e+28 
 165    4.4575470  1.24658e+28 
 166    4.5551545  9.91097e+27 
 167    4.6548994  7.60028e+27 
 168    4.7568285  5.46641e+27 
 169    4.8609894  3.89392e+27 
 170    4.9674312  2.58456e+27 
 171    5.0762038  1.57020e+27 
 172    5.1873582  1.02915e+27 
 173    5.3009466  6.45699e+26 
 174    5.4170222  4.91318e+26 
 175    5.5356395  4.48438e+26 
 176    5.6568542  4.21018e+26 
 177    5.7807232  4.00702e+26 
 178    5.9073046  3.80491e+26 
 179    6.0366577  3.59578e+26 
 180    6.1688433  3.39202e+26 
 181    6.3039234  3.19035e+26 
 182    6.4419613  3.00460e+26 
 183    6.5830219  2.85774e+26 
 184    6.7271713  2.71495e+26 
 185    6.8744772  2.67628e+26 
 186    7.0250086  2.62739e+26 
 187    7.1788363  2.56646e+26 
 188    7.3360323  2.53930e+26 
 189    7.4966705  2.58538e+26 


# i-band (filter: i_LSST.dat)
   0    0.1250000  2.76958e+26 
   1    0.1277371  2.82809e+26 
   2    0.1305342  2.88789e+26 
   3    0.1333926  2.94900e+26 
   4    0.1363135  2.98806e+26 
   5    0.1392983  3.03659e+26 
   6    0.1423486  3.07636e+26 
   7    0.1454656  3.13603e+26 
   8    0.1486509  3.14805e+26 
   9    0.1519059  3.23957e+26 
  10    0.1552322  3.30415e+26 
  11    0.1586314  3.33877e+26 
  12    0.1621049  3.35643e+26 
  13    0.1656546  3.38819e+26 
  14    0.1692819  3.55665e+26 
  15    0.1729887  3.68484e+26 
  16    0.1767767  3.83763e+26 
  17    0.1806476  4.18495e+26 
  18    0.1846033  4.45588e+26 
  19    0.1886456  4.68036e+26 
  20    0.1927764  4.84265e+26 
  21    0.1969976  5.06011e+26 
  22    0.2013113  5.28822e+26 
  23    0.2057194  5.45369e+26 
  24    0.2102241  5.76123e+26 
  25    0.2148274  6.00001e+26 
  26    0.2195315  6.20283e+26 
  27    0.2243386  6.29045e+26 
  28    0.2292510  6.46517e+26 
  29    0.2342710  6.33522e+26 
  30    0.2394008  6.24665e+26 
  31    0.2446430  6.13627e+26 
  32    0.2500000  6.04427e+26 
  33    0.2554743  5.94161e+26 
  34    0.2610684  5.82865e+26 
  35    0.2667851  5.93277e+26 
  36    0.2726269  5.88295e+26 
  37    0.2785967  5.88261e+26 
  38    0.2846972  6.40825e+26 
  39    0.2909312  7.52745e+26 
  40    0.2973018  8.71512e+26 
  41    0.3038118  9.88163e+26 
  42    0.3104645  1.13727e+27 
  43    0.3172627  1.29350e+27 
  44    0.3242099  1.40535e+27 
  45    0.3313092  1.51588e+27 
  46    0.3385639  1.71245e+27 
  47    0.3459775  1.93565e+27 
  48    0.3535534  2.10840e+27 
  49    0.3612952  2.26756e+27 
  50    0.3692065  2.36848e+27 
  51    0.3772911  2.36297e+27 
  52    0.3855527  2.37914e+27 
  53    0.3939952  2.37230e+27 
  54    0.4026226  2.35687e+27 
  55    0.4114389  2.34252e+27 
  56    0.4204482  2.38819e+27 
  57    0.4296548  2.43920e+27 
  58    0.4390630  2.43133e+27 
  59    0.4486773  2.43096e+27 
  60    0.4585020  2.48082e+27 
  61    0.4685419  2.54022e+27 
  62    0.4788016  2.69464e+27 
  63    0.4892860  2.84385e+27 
  64    0.5000000  3.00195e+27 
  65    0.5109486  3.17470e+27 
  66    0.5221369  3.33824e+27 
  67    0.5335702  3.58393e+27 
  68    0.5452539  3.82612e+27 
  69    0.5571934  4.15889e+27 
  70    0.5693943  4.57329e+27 
  71    0.5818624  4.98479e+27 
  72    0.5946036  5.51836e+27 
  73    0.6076237  6.15134e+27 
  74    0.6209289  6.84527e+27 
  75    0.6345255  7.65023e+27 
  76    0.6484198  8.59205e+27 
  77    0.6626183  9.67353e+27 
  78    0.6771278  1.10235e+28 
  79    0.6919549  1.25622e+28 
  80    0.7071068  1.42594e+28 
  81    0.7225904  1.61034e+28 
  82    0.7384131  1.83747e+28 
  83    0.7545822  2.08323e+28 
  84    0.7711054  2.34890e+28 
  85    0.7879904  2.64632e+28 
  86    0.8052452  2.98324e+28 
  87    0.8228777  3.33549e+28 
  88    0.8408964  3.73218e+28 
  89    0.8593096  4.16507e+28 
  90    0.8781261  4.61224e+28 
  91    0.8973545  5.09809e+28 
  92    0.9170040  5.60429e+28 
  93    0.9370838  6.14585e+28 
  94    0.9576033  6.70909e+28 
  95    0.9785721  7.27864e+28 
  96    1.0000000  7.87438e+28 
  97    1.0218971  8.47009e+28 
  98    1.0442738  9.07640e+28 
  99    1.0671404  9.68779e+28 
 100    1.0905077  1.02975e+29 
 101    1.1143867  1.08943e+29 
 102    1.1387886  1.14931e+29 
 103    1.1637249  1.20840e+29 
 104    1.1892071  1.26336e+29 
 105    1.2152474  1.31600e+29 
 106    1.2418578  1.36663e+29 
 107    1.2690510  1.41341e+29 
 108    1.2968396  1.45594e+29 
 109    1.3252366  1.49757e+29 
 110    1.3542555  1.53256e+29 
 111    1.3839099  1.56451e+29 
 112    1.4142136  1.59370e+29 
 113    1.4451808  1.61718e+29 
 114    1.4768261  1.63515e+29 
 115    1.5091644  1.65041e+29 
 116    1.5422108  1.65878e+29 
 117    1.5759808  1.65730e+29 
 118    1.6104903  1.65372e+29 
 119    1.6457555  1.63843e+29 
 120    1.6817928  1.61774e+29 
 121    1.7186193  1.59101e+29 
 122    1.7562522  1.55623e+29 
 123    1.7947091  1.51513e+29 
 124    1.8340081  1.46633e+29 
 125    1.8741676  1.41024e+29 
 126    1.9152066  1.34458e+29 
 127    1.9571441  1.27436e+29 
 128    2.0000000  1.20346e+29 
 129    2.0437943  1.13859e+29 
 130    2.0885476  1.07659e+29 
 131    2.1342808  1.01170e+29 
 132    2.1810155  9.54646e+28 
 133    2.2287735  8.99297e+28 
 134    2.2775773  8.45409e+28 
 135    2.3274497  7.95258e+28 
 136    2.3784142  7.48600e+28 
 137    2.4304947  7.08636e+28 
 138    2.4837156  6.72293e+28 
 139    2.5381019  6.39864e+28 
 140    2.5936791  6.06541e+28 
 141    2.6504733  5.74704e+28 
 142    2.7085111  5.43083e+28 
 143    2.7678198  5.11664e+28 
 144    2.8284271  4.81656e+28 
 145    2.8903616  4.52853e+28 
 146    2.9536523  4.25016e+28 
 147    3.0183289  3.98174e+28 
 148    3.0844217  3.71711e+28 
 149    3.1519617  3.45368e+28 
 150    3.2209807  3.19376e+28 
 151    3.2915110  2.93571e+28 
 152    3.3635857  2.68617e+28 
 153    3.4372386  2.43973e+28 
 154    3.5125043  2.20995e+28 
 155    3.5894182  1.98596e+28 
 156    3.6680162  1.75891e+28 
 157    3.7483353  1.54438e+28 
 158    3.8304131  1.33824e+28 
 159    3.9142882  1.13574e+28 
 160    4.0000000  9.50792e+27 
 161    4.0875886  7.83706e+27 
 162    4.1770951  6.30239e+27 
 163    4.2685616  5.05533e+27 
 164    4.3620309  3.99680e+27 
 165    4.4575470  2.99268e+27 
 166    4.5551545  2.22900e+27 
 167    4.6548994  1.58705e+27 
 168    4.7568285  1.09444e+27 
 169    4.8609894  7.33851e+26 
 170    4.9674312  4.59533e+26 
 171    5.0762038  2.84025e+26 
 172    5.1873582  2.11296e+26 
 173    5.3009466  1.65024e+26 
 174    5.4170222  1.48420e+26 
 175    5.5356395  1.40611e+26 
 176    5.6568542  1.33387e+26 
 177    5.7807232  1.26875e+26 
 178    5.9073046  1.20156e+26 
 179    6.0366577  1.13871e+26 
 180    6.1688433  1.06719e+26 
 181    6.3039234  1.00502e+26 
 182    6.4419613  9.49722e+25 
 183    6.5830219  8.85570e+25 
 184    6.7271713  8.28990e+25 
 185    6.8744772  7.81924e+25 
 186    7.0250086  7.31852e+25 
 187    7.1788363  6.88308e+25 
 188    7.3360323  6.46604e+25 
 189    7.4966705  6.08446e+25 


# z-band (filter: z_LSST.dat)
   0    0.1250000  1.95350e+26 
   1    0.1277371  1.99615e+26 
   2    0.1305342  2.03972e+26 
   3    0.1333926  2.08425e+26 
   4    0.1363135  2.10654e+26 
   5    0.1392983  2.17265e+26 
   6    0.1423486  2.19084e+26 
   7    0.1454656  2.20870e+26 
   8    0.1486509  2.23322e+26 
   9    0.1519059  2.28168e+26 
  10    0.1552322  2.25204e+26 
  11    0.1586314  2.33935e+26 
  12    0.1621049  2.35749e+26 
  13    0.1656546  2.45124e+26 
  14    0.1692819  2.64477e+26 
  15    0.1729887  2.75016e+26 
  16    0.1767767  2.92828e+26 
  17    0.1806476  3.05014e+26 
  18    0.1846033  3.23016e+26 
  19    0.1886456  3.43713e+26 
  20    0.1927764  3.71404e+26 
  21    0.1969976  3.97136e+26 
  22    0.2013113  4.26282e+26 
  23    0.2057194  4.61906e+26 
  24    0.2102241  5.36188e+26 
  25    0.2148274  6.16679e+26 
  26    0.2195315  6.84991e+26 
  27    0.2243386  7.73043e+26 
  28    0.2292510  8.68005e+26 
  29    0.2342710  9.29367e+26 
  30    0.2394008  9.53180e+26 
  31    0.2446430  9.37549e+26 
  32    0.2500000  9.36766e+26 
  33    0.2554743  9.48398e+26 
  34    0.2610684  1.03986e+27 
  35    0.2667851  1.15768e+27 
  36    0.2726269  1.20418e+27 
  37    0.2785967  1.29658e+27 
  38    0.2846972  1.34123e+27 
  39    0.2909312  1.29351e+27 
  40    0.2973018  1.28332e+27 
  41    0.3038118  1.22312e+27 
  42    0.3104645  1.23165e+27 
  43    0.3172627  1.22679e+27 
  44    0.3242099  1.25024e+27 
  45    0.3313092  1.24565e+27 
  46    0.3385639  1.19507e+27 
  47    0.3459775  1.17253e+27 
  48    0.3535534  1.15034e+27 
  49    0.3612952  1.10598e+27 
  50    0.3692065  1.12046e+27 
  51    0.3772911  1.13272e+27 
  52    0.3855527  1.17099e+27 
  53    0.3939952  1.18712e+27 
  54    0.4026226  1.20646e+27 
  55    0.4114389  1.22517e+27 
  56    0.4204482  1.29421e+27 
  57    0.4296548  1.36958e+27 
  58    0.4390630  1.46545e+27 
  59    0.4486773  1.56083e+27 
  60    0.4585020  1.70569e+27 
  61    0.4685419  1.85541e+27 
  62    0.4788016  2.01515e+27 
  63    0.4892860  2.27689e+27 
  64    0.5000000  2.61047e+27 
  65    0.5109486  2.96484e+27 
  66    0.5221369  3.42596e+27 
  67    0.5335702  4.05427e+27 
  68    0.5452539  4.69726e+27 
  69    0.5571934  5.56795e+27 
  70    0.5693943  6.56240e+27 
  71    0.5818624  7.63258e+27 
  72    0.5946036  8.98507e+27 
  73    0.6076237  1.05559e+28 
  74    0.6209289  1.22788e+28 
  75    0.6345255  1.43318e+28 
  76    0.6484198  1.64780e+28 
  77    0.6626183  1.88380e+28 
  78    0.6771278  2.16858e+28 
  79    0.6919549  2.48036e+28 
  80    0.7071068  2.81579e+28 
  81    0.7225904  3.18320e+28 
  82    0.7384131  3.58823e+28 
  83    0.7545822  4.02094e+28 
  84    0.7711054  4.46326e+28 
  85    0.7879904  4.92685e+28 
  86    0.8052452  5.43046e+28 
  87    0.8228777  5.95009e+28 
  88    0.8408964  6.49098e+28 
  89    0.8593096  7.03250e+28 
  90    0.8781261  7.59538e+28 
  91    0.8973545  8.14796e+28 
  92    0.9170040  8.69944e+28 
  93    0.9370838  9.25659e+28 
  94    0.9576033  9.78247e+28 
  95    0.9785721  1.02926e+29 
  96    1.0000000  1.08134e+29 
  97    1.0218971  1.12892e+29 
  98    1.0442738  1.17329e+29 
  99    1.0671404  1.21638e+29 
 100    1.0905077  1.25263e+29 
 101    1.1143867  1.28692e+29 
 102    1.1387886  1.31554e+29 
 103    1.1637249  1.34137e+29 
 104    1.1892071  1.36239e+29 
 105    1.2152474  1.37896e+29 
 106    1.2418578  1.39332e+29 
 107    1.2690510  1.40305e+29 
 108    1.2968396  1.40855e+29 
 109    1.3252366  1.41076e+29 
 110    1.3542555  1.40893e+29 
 111    1.3839099  1.40352e+29 
 112    1.4142136  1.39641e+29 
 113    1.4451808  1.38612e+29 
 114    1.4768261  1.37166e+29 
 115    1.5091644  1.35475e+29 
 116    1.5422108  1.33387e+29 
 117    1.5759808  1.30735e+29 
 118    1.6104903  1.27846e+29 
 119    1.6457555  1.24210e+29 
 120    1.6817928  1.20391e+29 
 121    1.7186193  1.16215e+29 
 122    1.7562522  1.11673e+29 
 123    1.7947091  1.06900e+29 
 124    1.8340081  1.01858e+29 
 125    1.8741676  9.63894e+28 
 126    1.9152066  9.07687e+28 
 127    1.9571441  8.50375e+28 
 128    2.0000000  7.94292e+28 
 129    2.0437943  7.43702e+28 
 130    2.0885476  6.96405e+28 
 131    2.1342808  6.48091e+28 
 132    2.1810155  6.05068e+28 
 133    2.2287735  5.64906e+28 
 134    2.2775773  5.26887e+28 
 135    2.3274497  4.91659e+28 
 136    2.3784142  4.58850e+28 
 137    2.4304947  4.30325e+28 
 138    2.4837156  4.04156e+28 
 139    2.5381019  3.81002e+28 
 140    2.5936791  3.57372e+28 
 141    2.6504733  3.34911e+28 
 142    2.7085111  3.13121e+28 
 143    2.7678198  2.92204e+28 
 144    2.8284271  2.72907e+28 
 145    2.8903616  2.54141e+28 
 146    2.9536523  2.36590e+28 
 147    3.0183289  2.19444e+28 
 148    3.0844217  2.03097e+28 
 149    3.1519617  1.86999e+28 
 150    3.2209807  1.71563e+28 
 151    3.2915110  1.56198e+28 
 152    3.3635857  1.41896e+28 
 153    3.4372386  1.27790e+28 
 154    3.5125043  1.14905e+28 
 155    3.5894182  1.02461e+28 
 156    3.6680162  8.98872e+27 
 157    3.7483353  7.83635e+27 
 158    3.8304131  6.73770e+27 
 159    3.9142882  5.68090e+27 
 160    4.0000000  4.72660e+27 
 161    4.0875886  3.86510e+27 
 162    4.1770951  3.08637e+27 
 163    4.2685616  2.46690e+27 
 164    4.3620309  1.93036e+27 
 165    4.4575470  1.43554e+27 
 166    4.5551545  1.06093e+27 
 167    4.6548994  7.48112e+26 
 168    4.7568285  5.11578e+26 
 169    4.8609894  3.38612e+26 
 170    4.9674312  2.05014e+26 
 171    5.0762038  1.21199e+26 
 172    5.1873582  8.77894e+25 
 173    5.3009466  6.78700e+25 
 174    5.4170222  6.15688e+25 
 175    5.5356395  5.91219e+25 
 176    5.6568542  5.75032e+25 
 177    5.7807232  5.60519e+25 
 178    5.9073046  5.49355e+25 
 179    6.0366577  5.38984e+25 
 180    6.1688433  5.14782e+25 
 181    6.3039234  4.92143e+25 
 182    6.4419613  4.66862e+25 
 183    6.5830219  4.41086e+25 
 184    6.7271713  4.16664e+25 
 185    6.8744772  3.87099e+25 
 186    7.0250086  3.58971e+25 
 187    7.1788363  3.30307e+25 
 188    7.3360323  3.02032e+25 
 189    7.4966705  2.75215e+25 


# y-band (filter: y_LSST.dat)
   0    0.1250000  1.43445e+26 
   1    0.1277371  1.58122e+26 
   2    0.1305342  1.73121e+26 
   3    0.1333926  1.88447e+26 
   4    0.1363135  1.97992e+26 
   5    0.1392983  2.14158e+26 
   6    0.1423486  2.29126e+26 
   7    0.1454656  2.45807e+26 
   8    0.1486509  2.53653e+26 
   9    0.1519059  3.09652e+26 
  10    0.1552322  3.46183e+26 
  11    0.1586314  4.08505e+26 
  12    0.1621049  4.91161e+26 
  13    0.1656546  5.33561e+26 
  14    0.1692819  6.13157e+26 
  15    0.1729887  7.23463e+26 
  16    0.1767767  7.86671e+26 
  17    0.1806476  8.31006e+26 
  18    0.1846033  9.03638e+26 
  19    0.1886456  1.01360e+27 
  20    0.1927764  1.10461e+27 
  21    0.1969976  1.18674e+27 
  22    0.2013113  1.28610e+27 
  23    0.2057194  1.41481e+27 
  24    0.2102241  1.55004e+27 
  25    0.2148274  1.65661e+27 
  26    0.2195315  1.80397e+27 
  27    0.2243386  2.07292e+27 
  28    0.2292510  2.69955e+27 
  29    0.2342710  2.87410e+27 
  30    0.2394008  2.94271e+27 
  31    0.2446430  2.72326e+27 
  32    0.2500000  2.61152e+27 
  33    0.2554743  2.50717e+27 
  34    0.2610684  2.42610e+27 
  35    0.2667851  2.35891e+27 
  36    0.2726269  2.30216e+27 
  37    0.2785967  2.15411e+27 
  38    0.2846972  2.12609e+27 
  39    0.2909312  1.87894e+27 
  40    0.2973018  1.66681e+27 
  41    0.3038118  1.66758e+27 
  42    0.3104645  1.98385e+27 
  43    0.3172627  2.30223e+27 
  44    0.3242099  2.75987e+27 
  45    0.3313092  3.22316e+27 
  46    0.3385639  3.80439e+27 
  47    0.3459775  4.63106e+27 
  48    0.3535534  5.51602e+27 
  49    0.3612952  6.48145e+27 
  50    0.3692065  7.60226e+27 
  51    0.3772911  8.94787e+27 
  52    0.3855527  1.04741e+28 
  53    0.3939952  1.23617e+28 
  54    0.4026226  1.41975e+28 
  55    0.4114389  1.63009e+28 
  56    0.4204482  1.88585e+28 
  57    0.4296548  2.15694e+28 
  58    0.4390630  2.43862e+28 
  59    0.4486773  2.74584e+28 
  60    0.4585020  3.07873e+28 
  61    0.4685419  3.41921e+28 
  62    0.4788016  3.80179e+28 
  63    0.4892860  4.20098e+28 
  64    0.5000000  4.60187e+28 
  65    0.5109486  5.02792e+28 
  66    0.5221369  5.50043e+28 
  67    0.5335702  5.98477e+28 
  68    0.5452539  6.46607e+28 
  69    0.5571934  6.96100e+28 
  70    0.5693943  7.46662e+28 
  71    0.5818624  7.97150e+28 
  72    0.5946036  8.46909e+28 
  73    0.6076237  8.98601e+28 
  74    0.6209289  9.50191e+28 
  75    0.6345255  9.99887e+28 
  76    0.6484198  1.04971e+29 
  77    0.6626183  1.09843e+29 
  78    0.6771278  1.14535e+29 
  79    0.6919549  1.18770e+29 
  80    0.7071068  1.23036e+29 
  81    0.7225904  1.27168e+29 
  82    0.7384131  1.31096e+29 
  83    0.7545822  1.35013e+29 
  84    0.7711054  1.38813e+29 
  85    0.7879904  1.42243e+29 
  86    0.8052452  1.45268e+29 
  87    0.8228777  1.48169e+29 
  88    0.8408964  1.50434e+29 
  89    0.8593096  1.52638e+29 
  90    0.8781261  1.54365e+29 
  91    0.8973545  1.55715e+29 
  92    0.9170040  1.56799e+29 
  93    0.9370838  1.57363e+29 
  94    0.9576033  1.57505e+29 
  95    0.9785721  1.57402e+29 
  96    1.0000000  1.56673e+29 
  97    1.0218971  1.55882e+29 
  98    1.0442738  1.54581e+29 
  99    1.0671404  1.52977e+29 
 100    1.0905077  1.51357e+29 
 101    1.1143867  1.49249e+29 
 102    1.1387886  1.46928e+29 
 103    1.1637249  1.44431e+29 
 104    1.1892071  1.41666e+29 
 105    1.2152474  1.38807e+29 
 106    1.2418578  1.35742e+29 
 107    1.2690510  1.32473e+29 
 108    1.2968396  1.29224e+29 
 109    1.3252366  1.25712e+29 
 110    1.3542555  1.22088e+29 
 111    1.3839099  1.18524e+29 
 112    1.4142136  1.14811e+29 
 113    1.4451808  1.11187e+29 
 114    1.4768261  1.07471e+29 
 115    1.5091644  1.03855e+29 
 116    1.5422108  1.00179e+29 
 117    1.5759808  9.62054e+28 
 118    1.6104903  9.22702e+28 
 119    1.6457555  8.81601e+28 
 120    1.6817928  8.38780e+28 
 121    1.7186193  7.96028e+28 
 122    1.7562522  7.54191e+28 
 123    1.7947091  7.12035e+28 
 124    1.8340081  6.69409e+28 
 125    1.8741676  6.26220e+28 
 126    1.9152066  5.84188e+28 
 127    1.9571441  5.41622e+28 
 128    2.0000000  5.01656e+28 
 129    2.0437943  4.65817e+28 
 130    2.0885476  4.32283e+28 
 131    2.1342808  3.99689e+28 
 132    2.1810155  3.71395e+28 
 133    2.2287735  3.44369e+28 
 134    2.2775773  3.19817e+28 
 135    2.3274497  2.96869e+28 
 136    2.3784142  2.75699e+28 
 137    2.4304947  2.56733e+28 
 138    2.4837156  2.39224e+28 
 139    2.5381019  2.23177e+28 
 140    2.5936791  2.07503e+28 
 141    2.6504733  1.93063e+28 
 142    2.7085111  1.79259e+28 
 143    2.7678198  1.66033e+28 
 144    2.8284271  1.53684e+28 
 145    2.8903616  1.42108e+28 
 146    2.9536523  1.30965e+28 
 147    3.0183289  1.20597e+28 
 148    3.0844217  1.10877e+28 
 149    3.1519617  1.01272e+28 
 150    3.2209807  9.23975e+27 
 151    3.2915110  8.38162e+27 
 152    3.3635857  7.56420e+27 
 153    3.4372386  6.76534e+27 
 154    3.5125043  6.04263e+27 
 155    3.5894182  5.36650e+27 
 156    3.6680162  4.69582e+27 
 157    3.7483353  4.07889e+27 
 158    3.8304131  3.49000e+27 
 159    3.9142882  2.92251e+27 
 160    4.0000000  2.41905e+27 
 161    4.0875886  1.97151e+27 
 162    4.1770951  1.56651e+27 
 163    4.2685616  1.23938e+27 
 164    4.3620309  9.67480e+26 
 165    4.4575470  7.17706e+26 
 166    4.5551545  5.24201e+26 
 167    4.6548994  3.62041e+26 
 168    4.7568285  2.39913e+26 
 169    4.8609894  1.53405e+26 
 170    4.9674312  8.57985e+25 
 171    5.0762038  4.30234e+25 
 172    5.1873582  2.57514e+25 
 173    5.3009466  1.51950e+25 
 174    5.4170222  1.15060e+25 
 175    5.5356395  9.82412e+24 
 176    5.6568542  8.57214e+24 
 177    5.7807232  7.74769e+24 
 178    5.9073046  7.34630e+24 
 179    6.0366577  7.03960e+24 
 180    6.1688433  7.02444e+24 
 181    6.3039234  6.80447e+24 
 182    6.4419613  6.60612e+24 
 183    6.5830219  6.80217e+24 
 184    6.7271713  6.94937e+24 
 185    6.8744772  6.67931e+24 
 186    7.0250086  6.53725e+24 
 187    7.1788363  6.49475e+24 
 188    7.3360323  6.38831e+24 
 189    7.4966705  6.39077e+24 


# J-band (filter: J_2MASS.dat)
   0    0.1250000  1.62343e+26 
   1    0.1277371  2.22788e+26 
   2    0.1305342  2.84556e+26 
   3    0.1333926  3.47677e+26 
   4    0.1363135  4.07680e+26 
   5    0.1392983  4.96670e+26 
   6    0.1423486  6.11321e+26 
   7    0.1454656  6.91993e+26 
   8    0.1486509  7.97472e+26 
   9    0.1519059  1.01105e+27 
  10    0.1552322  1.55806e+27 
  11    0.1586314  1.81817e+27 
  12    0.1621049  1.88125e+27 
  13    0.1656546  2.10157e+27 
  14    0.1692819  2.30938e+27 
  15    0.1729887  2.52517e+27 
  16    0.1767767  2.74143e+27 
  17    0.1806476  2.93961e+27 
  18    0.1846033  3.16534e+27 
  19    0.1886456  3.46123e+27 
  20    0.1927764  3.91406e+27 
  21    0.1969976  4.09702e+27 
  22    0.2013113  4.31417e+27 
  23    0.2057194  5.00303e+27 
  24    0.2102241  5.69525e+27 
  25    0.2148274  6.58269e+27 
  26    0.2195315  7.86334e+27 
  27    0.2243386  9.76580e+27 
  28    0.2292510  1.09389e+28 
  29    0.2342710  1.10404e+28 
  30    0.2394008  1.13925e+28 
  31    0.2446430  1.07924e+28 
  32    0.2500000  1.04714e+28 
  33    0.2554743  1.01658e+28 
  34    0.2610684  1.00436e+28 
  35    0.2667851  9.94279e+27 
  36    0.2726269  9.80733e+27 
  37    0.2785967  9.31982e+27 
  38    0.2846972  9.13047e+27 
  39    0.2909312  8.24996e+27 
  40    0.2973018  8.57011e+27 
  41    0.3038118  9.17942e+27 
  42    0.3104645  1.03169e+28 
  43    0.3172627  1.16443e+28 
  44    0.3242099  1.31425e+28 
  45    0.3313092  1.48639e+28 
  46    0.3385639  1.65628e+28 
  47    0.3459775  1.84756e+28 
  48    0.3535534  2.05670e+28 
  49    0.3612952  2.27124e+28 
  50    0.3692065  2.50044e+28 
  51    0.3772911  2.73235e+28 
  52    0.3855527  2.99525e+28 
  53    0.3939952  3.26755e+28 
  54    0.4026226  3.53367e+28 
  55    0.4114389  3.82605e+28 
  56    0.4204482  4.12311e+28 
  57    0.4296548  4.43240e+28 
  58    0.4390630  4.75599e+28 
  59    0.4486773  5.07543e+28 
  60    0.4585020  5.38996e+28 
  61    0.4685419  5.71405e+28 
  62    0.4788016  6.04735e+28 
  63    0.4892860  6.37135e+28 
  64    0.5000000  6.68308e+28 
  65    0.5109486  7.02880e+28 
  66    0.5221369  7.37282e+28 
  67    0.5335702  7.70258e+28 
  68    0.5452539  8.03804e+28 
  69    0.5571934  8.35049e+28 
  70    0.5693943  8.65194e+28 
  71    0.5818624  8.96391e+28 
  72    0.5946036  9.25802e+28 
  73    0.6076237  9.53412e+28 
  74    0.6209289  9.79460e+28 
  75    0.6345255  1.00620e+29 
  76    0.6484198  1.02848e+29 
  77    0.6626183  1.04874e+29 
  78    0.6771278  1.06588e+29 
  79    0.6919549  1.08054e+29 
  80    0.7071068  1.09305e+29 
  81    0.7225904  1.10429e+29 
  82    0.7384131  1.11421e+29 
  83    0.7545822  1.11967e+29 
  84    0.7711054  1.12179e+29 
  85    0.7879904  1.12160e+29 
  86    0.8052452  1.12002e+29 
  87    0.8228777  1.11517e+29 
  88    0.8408964  1.10900e+29 
  89    0.8593096  1.10026e+29 
  90    0.8781261  1.09001e+29 
  91    0.8973545  1.07839e+29 
  92    0.9170040  1.06372e+29 
  93    0.9370838  1.04834e+29 
  94    0.9576033  1.02961e+29 
  95    0.9785721  1.01153e+29 
  96    1.0000000  9.91343e+28 
  97    1.0218971  9.69339e+28 
  98    1.0442738  9.46799e+28 
  99    1.0671404  9.23385e+28 
 100    1.0905077  8.99672e+28 
 101    1.1143867  8.76288e+28 
 102    1.1387886  8.50714e+28 
 103    1.1637249  8.25379e+28 
 104    1.1892071  8.00021e+28 
 105    1.2152474  7.73605e+28 
 106    1.2418578  7.47009e+28 
 107    1.2690510  7.21017e+28 
 108    1.2968396  6.95527e+28 
 109    1.3252366  6.69840e+28 
 110    1.3542555  6.44417e+28 
 111    1.3839099  6.19546e+28 
 112    1.4142136  5.93842e+28 
 113    1.4451808  5.68588e+28 
 114    1.4768261  5.45138e+28 
 115    1.5091644  5.20855e+28 
 116    1.5422108  4.97842e+28 
 117    1.5759808  4.74146e+28 
 118    1.6104903  4.50649e+28 
 119    1.6457555  4.26734e+28 
 120    1.6817928  4.02978e+28 
 121    1.7186193  3.79438e+28 
 122    1.7562522  3.56184e+28 
 123    1.7947091  3.33663e+28 
 124    1.8340081  3.11820e+28 
 125    1.8741676  2.89604e+28 
 126    1.9152066  2.68189e+28 
 127    1.9571441  2.47942e+28 
 128    2.0000000  2.28297e+28 
 129    2.0437943  2.11248e+28 
 130    2.0885476  1.95336e+28 
 131    2.1342808  1.80143e+28 
 132    2.1810155  1.66584e+28 
 133    2.2287735  1.54001e+28 
 134    2.2775773  1.42267e+28 
 135    2.3274497  1.31683e+28 
 136    2.3784142  1.21720e+28 
 137    2.4304947  1.12973e+28 
 138    2.4837156  1.05085e+28 
 139    2.5381019  9.77512e+27 
 140    2.5936791  9.04363e+27 
 141    2.6504733  8.35124e+27 
 142    2.7085111  7.71309e+27 
 143    2.7678198  7.11026e+27 
 144    2.8284271  6.56771e+27 
 145    2.8903616  6.04617e+27 
 146    2.9536523  5.57363e+27 
 147    3.0183289  5.11893e+27 
 148    3.0844217  4.69175e+27 
 149    3.1519617  4.27196e+27 
 150    3.2209807  3.87684e+27 
 151    3.2915110  3.50052e+27 
 152    3.3635857  3.16391e+27 
 153    3.4372386  2.83038e+27 
 154    3.5125043  2.52032e+27 
 155    3.5894182  2.22824e+27 
 156    3.6680162  1.94942e+27 
 157    3.7483353  1.69143e+27 
 158    3.8304131  1.44427e+27 
 159    3.9142882  1.20973e+27 
 160    4.0000000  1.00339e+27 
 161    4.0875886  8.19277e+26 
 162    4.1770951  6.50004e+26 
 163    4.2685616  5.16123e+26 
 164    4.3620309  3.99576e+26 
 165    4.4575470  2.92997e+26 
 166    4.5551545  2.12314e+26 
 167    4.6548994  1.45759e+26 
 168    4.7568285  9.52483e+25 
 169    4.8609894  6.00572e+25 
 170    4.9674312  3.34743e+25 
 171    5.0762038  1.64940e+25 
 172    5.1873582  9.43198e+24 
 173    5.3009466  5.39607e+24 
 174    5.4170222  4.04411e+24 
 175    5.5356395  3.76686e+24 
 176    5.6568542  3.39204e+24 
 177    5.7807232  3.16168e+24 
 178    5.9073046  2.68784e+24 
 179    6.0366577  2.44670e+24 
 180    6.1688433  2.23641e+24 
 181    6.3039234  1.88412e+24 
 182    6.4419613  1.66850e+24 
 183    6.5830219  1.53020e+24 
 184    6.7271713  1.44453e+24 
 185    6.8744772  1.42686e+24 
 186    7.0250086  1.50464e+24 
 187    7.1788363  1.48946e+24 
 188    7.3360323  1.52065e+24 
 189    7.4966705  1.66233e+24 


# H-band (filter: H_2MASS.dat)
   0    0.1250000  5.99138e+26 
   1    0.1277371  8.43537e+26 
   2    0.1305342  1.09329e+27 
   3    0.1333926  1.34851e+27 
   4    0.1363135  1.58896e+27 
   5    0.1392983  1.94466e+27 
   6    0.1423486  2.43929e+27 
   7    0.1454656  2.92567e+27 
   8    0.1486509  3.50626e+27 
   9    0.1519059  4.25895e+27 
  10    0.1552322  5.12143e+27 
  11    0.1586314  6.04234e+27 
  12    0.1621049  7.31387e+27 
  13    0.1656546  8.85016e+27 
  14    0.1692819  1.04709e+28 
  15    0.1729887  1.22394e+28 
  16    0.1767767  1.44584e+28 
  17    0.1806476  1.66502e+28 
  18    0.1846033  1.91076e+28 
  19    0.1886456  2.17444e+28 
  20    0.1927764  2.44596e+28 
  21    0.1969976  2.77297e+28 
  22    0.2013113  3.12509e+28 
  23    0.2057194  3.47735e+28 
  24    0.2102241  3.85923e+28 
  25    0.2148274  4.24388e+28 
  26    0.2195315  4.67521e+28 
  27    0.2243386  5.12595e+28 
  28    0.2292510  5.51022e+28 
  29    0.2342710  5.78124e+28 
  30    0.2394008  5.95611e+28 
  31    0.2446430  5.86420e+28 
  32    0.2500000  5.81690e+28 
  33    0.2554743  5.75268e+28 
  34    0.2610684  5.76090e+28 
  35    0.2667851  5.78448e+28 
  36    0.2726269  5.80566e+28 
  37    0.2785967  5.72749e+28 
  38    0.2846972  5.73909e+28 
  39    0.2909312  5.70186e+28 
  40    0.2973018  5.75334e+28 
  41    0.3038118  5.83832e+28 
  42    0.3104645  6.08507e+28 
  43    0.3172627  6.39469e+28 
  44    0.3242099  6.69995e+28 
  45    0.3313092  6.99790e+28 
  46    0.3385639  7.28083e+28 
  47    0.3459775  7.56688e+28 
  48    0.3535534  7.81223e+28 
  49    0.3612952  8.06326e+28 
  50    0.3692065  8.25820e+28 
  51    0.3772911  8.44073e+28 
  52    0.3855527  8.64352e+28 
  53    0.3939952  8.79219e+28 
  54    0.4026226  8.94820e+28 
  55    0.4114389  9.04808e+28 
  56    0.4204482  9.13874e+28 
  57    0.4296548  9.20632e+28 
  58    0.4390630  9.20754e+28 
  59    0.4486773  9.21197e+28 
  60    0.4585020  9.18339e+28 
  61    0.4685419  9.16983e+28 
  62    0.4788016  9.10536e+28 
  63    0.4892860  9.02847e+28 
  64    0.5000000  8.93480e+28 
  65    0.5109486  8.82457e+28 
  66    0.5221369  8.65736e+28 
  67    0.5335702  8.50795e+28 
  68    0.5452539  8.35559e+28 
  69    0.5571934  8.20883e+28 
  70    0.5693943  8.02535e+28 
  71    0.5818624  7.82998e+28 
  72    0.5946036  7.63411e+28 
  73    0.6076237  7.41694e+28 
  74    0.6209289  7.22462e+28 
  75    0.6345255  7.02457e+28 
  76    0.6484198  6.80966e+28 
  77    0.6626183  6.59608e+28 
  78    0.6771278  6.40103e+28 
  79    0.6919549  6.17350e+28 
  80    0.7071068  5.92403e+28 
  81    0.7225904  5.68717e+28 
  82    0.7384131  5.47736e+28 
  83    0.7545822  5.28071e+28 
  84    0.7711054  5.06390e+28 
  85    0.7879904  4.85409e+28 
  86    0.8052452  4.63962e+28 
  87    0.8228777  4.43138e+28 
  88    0.8408964  4.24197e+28 
  89    0.8593096  4.05390e+28 
  90    0.8781261  3.87370e+28 
  91    0.8973545  3.69591e+28 
  92    0.9170040  3.54142e+28 
  93    0.9370838  3.38522e+28 
  94    0.9576033  3.22190e+28 
  95    0.9785721  3.06589e+28 
  96    1.0000000  2.92648e+28 
  97    1.0218971  2.78784e+28 
  98    1.0442738  2.65465e+28 
  99    1.0671404  2.52229e+28 
 100    1.0905077  2.39617e+28 
 101    1.1143867  2.27208e+28 
 102    1.1387886  2.15558e+28 
 103    1.1637249  2.04956e+28 
 104    1.1892071  1.93982e+28 
 105    1.2152474  1.83299e+28 
 106    1.2418578  1.73749e+28 
 107    1.2690510  1.64855e+28 
 108    1.2968396  1.55620e+28 
 109    1.3252366  1.47356e+28 
 110    1.3542555  1.39358e+28 
 111    1.3839099  1.31362e+28 
 112    1.4142136  1.24243e+28 
 113    1.4451808  1.17505e+28 
 114    1.4768261  1.10873e+28 
 115    1.5091644  1.04193e+28 
 116    1.5422108  9.82304e+27 
 117    1.5759808  9.23519e+27 
 118    1.6104903  8.66824e+27 
 119    1.6457555  8.08563e+27 
 120    1.6817928  7.55378e+27 
 121    1.7186193  7.03419e+27 
 122    1.7562522  6.53424e+27 
 123    1.7947091  6.06586e+27 
 124    1.8340081  5.60207e+27 
 125    1.8741676  5.14775e+27 
 126    1.9152066  4.73391e+27 
 127    1.9571441  4.35837e+27 
 128    2.0000000  3.98932e+27 
 129    2.0437943  3.67697e+27 
 130    2.0885476  3.38035e+27 
 131    2.1342808  3.11164e+27 
 132    2.1810155  2.85338e+27 
 133    2.2287735  2.61872e+27 
 134    2.2775773  2.42270e+27 
 135    2.3274497  2.24635e+27 
 136    2.3784142  2.06103e+27 
 137    2.4304947  1.91879e+27 
 138    2.4837156  1.77706e+27 
 139    2.5381019  1.64768e+27 
 140    2.5936791  1.52459e+27 
 141    2.6504733  1.40309e+27 
 142    2.7085111  1.29122e+27 
 143    2.7678198  1.18767e+27 
 144    2.8284271  1.09481e+27 
 145    2.8903616  1.00404e+27 
 146    2.9536523  9.11625e+26 
 147    3.0183289  8.32815e+26 
 148    3.0844217  7.64490e+26 
 149    3.1519617  6.90942e+26 
 150    3.2209807  6.23735e+26 
 151    3.2915110  5.55537e+26 
 152    3.3635857  4.99321e+26 
 153    3.4372386  4.42750e+26 
 154    3.5125043  3.92177e+26 
 155    3.5894182  3.44942e+26 
 156    3.6680162  2.98943e+26 
 157    3.7483353  2.62411e+26 
 158    3.8304131  2.24990e+26 
 159    3.9142882  1.86555e+26 
 160    4.0000000  1.54153e+26 
 161    4.0875886  1.24387e+26 
 162    4.1770951  1.00644e+26 
 163    4.2685616  8.10183e+25 
 164    4.3620309  6.34322e+25 
 165    4.4575470  4.74897e+25 
 166    4.5551545  3.50690e+25 
 167    4.6548994  2.44047e+25 
 168    4.7568285  1.70438e+25 
 169    4.8609894  1.04622e+25 
 170    4.9674312  5.64276e+24 
 171    5.0762038  3.32456e+24 
 172    5.1873582  2.07205e+24 
 173    5.3009466  1.50599e+24 
 174    5.4170222  1.12779e+24 
 175    5.5356395  9.91954e+23 
 176    5.6568542  7.99649e+23 
 177    5.7807232  6.72349e+23 
 178    5.9073046  5.44072e+23 
 179    6.0366577  5.08708e+23 
 180    6.1688433  3.95608e+23 
 181    6.3039234  3.23807e+23 
 182    6.4419613  2.96459e+23 
 183    6.5830219  2.95337e+23 
 184    6.7271713  2.95027e+23 
 185    6.8744772  2.55847e+23 
 186    7.0250086  2.21803e+23 
 187    7.1788363  2.22228e+23 
 188    7.3360323  2.09053e+23 
 189    7.4966705  2.14268e+23 


# K-band (filter: Ks_mosfire.dat)
   0    0.1250000  1.38838e+27 
   1    0.1277371  1.74091e+27 
   2    0.1305342  2.10115e+27 
   3    0.1333926  2.46929e+27 
   4    0.1363135  2.88096e+27 
   5    0.1392983  3.31185e+27 
   6    0.1423486  4.09082e+27 
   7    0.1454656  4.71405e+27 
   8    0.1486509  5.46933e+27 
   9    0.1519059  6.67018e+27 
  10    0.1552322  7.71285e+27 
  11    0.1586314  8.66908e+27 
  12    0.1621049  1.03802e+28 
  13    0.1656546  1.17838e+28 
  14    0.1692819  1.35997e+28 
  15    0.1729887  1.54432e+28 
  16    0.1767767  1.74866e+28 
  17    0.1806476  1.96916e+28 
  18    0.1846033  2.21777e+28 
  19    0.1886456  2.46563e+28 
  20    0.1927764  2.72472e+28 
  21    0.1969976  2.99732e+28 
  22    0.2013113  3.27311e+28 
  23    0.2057194  3.55734e+28 
  24    0.2102241  3.82753e+28 
  25    0.2148274  4.16573e+28 
  26    0.2195315  4.46942e+28 
  27    0.2243386  4.79100e+28 
  28    0.2292510  5.07498e+28 
  29    0.2342710  5.25269e+28 
  30    0.2394008  5.36152e+28 
  31    0.2446430  5.27662e+28 
  32    0.2500000  5.24017e+28 
  33    0.2554743  5.18991e+28 
  34    0.2610684  5.16659e+28 
  35    0.2667851  5.16298e+28 
  36    0.2726269  5.15988e+28 
  37    0.2785967  5.05712e+28 
  38    0.2846972  5.01610e+28 
  39    0.2909312  4.96876e+28 
  40    0.2973018  4.96548e+28 
  41    0.3038118  4.99042e+28 
  42    0.3104645  5.12141e+28 
  43    0.3172627  5.25153e+28 
  44    0.3242099  5.33686e+28 
  45    0.3313092  5.45405e+28 
  46    0.3385639  5.57934e+28 
  47    0.3459775  5.69729e+28 
  48    0.3535534  5.77577e+28 
  49    0.3612952  5.85963e+28 
  50    0.3692065  5.89266e+28 
  51    0.3772911  5.92536e+28 
  52    0.3855527  5.95344e+28 
  53    0.3939952  5.95860e+28 
  54    0.4026226  5.94773e+28 
  55    0.4114389  5.95080e+28 
  56    0.4204482  5.93766e+28 
  57    0.4296548  5.90744e+28 
  58    0.4390630  5.83300e+28 
  59    0.4486773  5.74664e+28 
  60    0.4585020  5.67460e+28 
  61    0.4685419  5.58722e+28 
  62    0.4788016  5.51125e+28 
  63    0.4892860  5.41443e+28 
  64    0.5000000  5.30416e+28 
  65    0.5109486  5.20904e+28 
  66    0.5221369  5.09994e+28 
  67    0.5335702  4.98283e+28 
  68    0.5452539  4.85526e+28 
  69    0.5571934  4.72566e+28 
  70    0.5693943  4.59812e+28 
  71    0.5818624  4.47575e+28 
  72    0.5946036  4.33594e+28 
  73    0.6076237  4.20240e+28 
  74    0.6209289  4.05127e+28 
  75    0.6345255  3.90302e+28 
  76    0.6484198  3.76068e+28 
  77    0.6626183  3.61063e+28 
  78    0.6771278  3.46458e+28 
  79    0.6919549  3.32871e+28 
  80    0.7071068  3.19710e+28 
  81    0.7225904  3.06395e+28 
  82    0.7384131  2.93433e+28 
  83    0.7545822  2.80611e+28 
  84    0.7711054  2.68536e+28 
  85    0.7879904  2.56565e+28 
  86    0.8052452  2.46420e+28 
  87    0.8228777  2.35133e+28 
  88    0.8408964  2.25113e+28 
  89    0.8593096  2.14130e+28 
  90    0.8781261  2.03366e+28 
  91    0.8973545  1.94058e+28 
  92    0.9170040  1.84415e+28 
  93    0.9370838  1.75420e+28 
  94    0.9576033  1.65715e+28 
  95    0.9785721  1.57790e+28 
  96    1.0000000  1.50302e+28 
  97    1.0218971  1.42923e+28 
  98    1.0442738  1.35122e+28 
  99    1.0671404  1.27891e+28 
 100    1.0905077  1.20778e+28 
 101    1.1143867  1.14448e+28 
 102    1.1387886  1.07938e+28 
 103    1.1637249  1.01916e+28 
 104    1.1892071  9.61940e+27 
 105    1.2152474  9.11979e+27 
 106    1.2418578  8.63879e+27 
 107    1.2690510  8.12687e+27 
 108    1.2968396  7.62410e+27 
 109    1.3252366  7.16547e+27 
 110    1.3542555  6.76780e+27 
 111    1.3839099  6.35567e+27 
 112    1.4142136  5.98109e+27 
 113    1.4451808  5.71056e+27 
 114    1.4768261  5.39614e+27 
 115    1.5091644  5.06547e+27 
 116    1.5422108  4.80956e+27 
 117    1.5759808  4.52898e+27 
 118    1.6104903  4.25830e+27 
 119    1.6457555  4.01253e+27 
 120    1.6817928  3.74025e+27 
 121    1.7186193  3.49740e+27 
 122    1.7562522  3.23649e+27 
 123    1.7947091  3.02411e+27 
 124    1.8340081  2.81021e+27 
 125    1.8741676  2.58109e+27 
 126    1.9152066  2.38596e+27 
 127    1.9571441  2.19669e+27 
 128    2.0000000  1.99770e+27 
 129    2.0437943  1.82741e+27 
 130    2.0885476  1.67379e+27 
 131    2.1342808  1.53907e+27 
 132    2.1810155  1.42207e+27 
 133    2.2287735  1.31709e+27 
 134    2.2775773  1.22513e+27 
 135    2.3274497  1.12628e+27 
 136    2.3784142  1.03664e+27 
 137    2.4304947  9.60526e+26 
 138    2.4837156  8.86725e+26 
 139    2.5381019  8.25013e+26 
 140    2.5936791  7.60693e+26 
 141    2.6504733  7.04148e+26 
 142    2.7085111  6.45080e+26 
 143    2.7678198  5.95392e+26 
 144    2.8284271  5.45604e+26 
 145    2.8903616  4.96390e+26 
 146    2.9536523  4.54517e+26 
 147    3.0183289  4.16586e+26 
 148    3.0844217  3.76642e+26 
 149    3.1519617  3.43200e+26 
 150    3.2209807  3.09292e+26 
 151    3.2915110  2.77206e+26 
 152    3.3635857  2.47327e+26 
 153    3.4372386  2.17319e+26 
 154    3.5125043  1.91224e+26 
 155    3.5894182  1.67212e+26 
 156    3.6680162  1.46014e+26 
 157    3.7483353  1.26801e+26 
 158    3.8304131  1.08198e+26 
 159    3.9142882  8.95229e+25 
 160    4.0000000  7.55151e+25 
 161    4.0875886  6.10025e+25 
 162    4.1770951  4.76927e+25 
 163    4.2685616  3.80802e+25 
 164    4.3620309  2.84073e+25 
 165    4.4575470  2.14399e+25 
 166    4.5551545  1.63929e+25 
 167    4.6548994  1.23072e+25 
 168    4.7568285  7.66090e+24 
 169    4.8609894  4.78261e+24 
 170    4.9674312  2.60187e+24 
 171    5.0762038  1.35648e+24 
 172    5.1873582  9.13287e+23 
 173    5.3009466  3.05319e+23 
 174    5.4170222  2.26547e+23 
 175    5.5356395  2.01183e+23 
 176    5.6568542  2.24050e+23 
 177    5.7807232  1.43335e+23 
 178    5.9073046  1.21214e+23 
 179    6.0366577  3.75504e+22 
 180    6.1688433  3.61208e+22 
 181    6.3039234  3.36598e+22 
 182    6.4419613  4.57123e+22 
 183    6.5830219  4.50167e+22 
 184    6.7271713  2.80696e+22 
 185    6.8744772  2.70273e+22 
 186    7.0250086  4.75089e+22 
 187    7.1788363  4.91998e+22 
 188    7.3360323  5.45737e+22 
 189    7.4966705  6.92879e+22 


# S-band (filter: Spitzer_IRAC2.dat)
   0    0.1250000  1.17031e+28 
   1    0.1277371  1.27381e+28 
   2    0.1305342  1.37958e+28 
   3    0.1333926  1.48766e+28 
   4    0.1363135  1.59826e+28 
   5    0.1392983  1.74726e+28 
   6    0.1423486  1.85912e+28 
   7    0.1454656  1.97445e+28 
   8    0.1486509  2.06273e+28 
   9    0.1519059  2.16517e+28 
  10    0.1552322  2.23827e+28 
  11    0.1586314  2.31465e+28 
  12    0.1621049  2.38894e+28 
  13    0.1656546  2.46446e+28 
  14    0.1692819  2.52879e+28 
  15    0.1729887  2.55190e+28 
  16    0.1767767  2.62905e+28 
  17    0.1806476  2.63335e+28 
  18    0.1846033  2.65907e+28 
  19    0.1886456  2.66456e+28 
  20    0.1927764  2.64464e+28 
  21    0.1969976  2.66230e+28 
  22    0.2013113  2.66938e+28 
  23    0.2057194  2.66581e+28 
  24    0.2102241  2.67205e+28 
  25    0.2148274  2.63605e+28 
  26    0.2195315  2.62756e+28 
  27    0.2243386  2.60768e+28 
  28    0.2292510  2.57033e+28 
  29    0.2342710  2.52740e+28 
  30    0.2394008  2.47672e+28 
  31    0.2446430  2.40047e+28 
  32    0.2500000  2.34883e+28 
  33    0.2554743  2.29060e+28 
  34    0.2610684  2.21852e+28 
  35    0.2667851  2.12618e+28 
  36    0.2726269  2.04112e+28 
  37    0.2785967  1.96839e+28 
  38    0.2846972  1.88375e+28 
  39    0.2909312  1.78678e+28 
  40    0.2973018  1.70400e+28 
  41    0.3038118  1.64337e+28 
  42    0.3104645  1.57820e+28 
  43    0.3172627  1.50888e+28 
  44    0.3242099  1.45438e+28 
  45    0.3313092  1.38243e+28 
  46    0.3385639  1.31899e+28 
  47    0.3459775  1.27392e+28 
  48    0.3535534  1.21779e+28 
  49    0.3612952  1.16986e+28 
  50    0.3692065  1.12952e+28 
  51    0.3772911  1.08569e+28 
  52    0.3855527  1.03546e+28 
  53    0.3939952  9.77012e+27 
  54    0.4026226  9.31832e+27 
  55    0.4114389  8.97967e+27 
  56    0.4204482  8.53860e+27 
  57    0.4296548  8.25957e+27 
  58    0.4390630  7.80385e+27 
  59    0.4486773  7.44636e+27 
  60    0.4585020  7.04669e+27 
  61    0.4685419  6.71036e+27 
  62    0.4788016  6.35695e+27 
  63    0.4892860  6.06497e+27 
  64    0.5000000  5.73002e+27 
  65    0.5109486  5.50387e+27 
  66    0.5221369  5.21656e+27 
  67    0.5335702  4.91770e+27 
  68    0.5452539  4.62131e+27 
  69    0.5571934  4.31350e+27 
  70    0.5693943  4.16202e+27 
  71    0.5818624  3.90945e+27 
  72    0.5946036  3.75070e+27 
  73    0.6076237  3.54201e+27 
  74    0.6209289  3.37480e+27 
  75    0.6345255  3.16795e+27 
  76    0.6484198  3.04131e+27 
  77    0.6626183  2.85615e+27 
  78    0.6771278  2.71073e+27 
  79    0.6919549  2.56000e+27 
  80    0.7071068  2.48147e+27 
  81    0.7225904  2.33995e+27 
  82    0.7384131  2.18515e+27 
  83    0.7545822  2.08013e+27 
  84    0.7711054  1.93476e+27 
  85    0.7879904  1.79497e+27 
  86    0.8052452  1.70500e+27 
  87    0.8228777  1.58454e+27 
  88    0.8408964  1.46397e+27 
  89    0.8593096  1.41396e+27 
  90    0.8781261  1.30105e+27 
  91    0.8973545  1.21751e+27 
  92    0.9170040  1.13693e+27 
  93    0.9370838  1.05252e+27 
  94    0.9576033  9.78671e+26 
  95    0.9785721  9.20883e+26 
  96    1.0000000  8.91831e+26 
  97    1.0218971  8.44183e+26 
  98    1.0442738  7.89693e+26 
  99    1.0671404  7.54737e+26 
 100    1.0905077  6.99601e+26 
 101    1.1143867  6.42877e+26 
 102    1.1387886  6.13467e+26 
 103    1.1637249  5.78390e+26 
 104    1.1892071  5.49123e+26 
 105    1.2152474  5.12373e+26 
 106    1.2418578  4.88203e+26 
 107    1.2690510  4.46208e+26 
 108    1.2968396  4.18482e+26 
 109    1.3252366  3.86357e+26 
 110    1.3542555  3.63538e+26 
 111    1.3839099  3.48944e+26 
 112    1.4142136  3.26241e+26 
 113    1.4451808  3.08254e+26 
 114    1.4768261  2.85989e+26 
 115    1.5091644  2.72514e+26 
 116    1.5422108  2.58708e+26 
 117    1.5759808  2.44925e+26 
 118    1.6104903  2.28778e+26 
 119    1.6457555  2.13545e+26 
 120    1.6817928  2.04970e+26 
 121    1.7186193  1.89435e+26 
 122    1.7562522  1.76437e+26 
 123    1.7947091  1.55753e+26 
 124    1.8340081  1.48356e+26 
 125    1.8741676  1.36707e+26 
 126    1.9152066  1.25277e+26 
 127    1.9571441  1.09872e+26 
 128    2.0000000  9.70547e+25 
 129    2.0437943  8.78444e+25 
 130    2.0885476  8.08166e+25 
 131    2.1342808  7.34192e+25 
 132    2.1810155  6.54017e+25 
 133    2.2287735  6.02095e+25 
 134    2.2775773  5.16445e+25 
 135    2.3274497  4.94310e+25 
 136    2.3784142  4.43345e+25 
 137    2.4304947  4.04733e+25 
 138    2.4837156  3.64362e+25 
 139    2.5381019  3.32704e+25 
 140    2.5936791  3.00899e+25 
 141    2.6504733  2.85009e+25 
 142    2.7085111  2.62467e+25 
 143    2.7678198  2.51021e+25 
 144    2.8284271  2.29387e+25 
 145    2.8903616  2.09734e+25 
 146    2.9536523  1.91375e+25 
 147    3.0183289  1.60480e+25 
 148    3.0844217  1.41543e+25 
 149    3.1519617  1.25146e+25 
 150    3.2209807  1.09375e+25 
 151    3.2915110  9.69161e+24 
 152    3.3635857  8.74550e+24 
 153    3.4372386  7.30990e+24 
 154    3.5125043  5.95891e+24 
 155    3.5894182  4.19996e+24 
 156    3.6680162  3.36354e+24 
 157    3.7483353  2.73859e+24 
 158    3.8304131  2.08651e+24 
 159    3.9142882  1.86584e+24 
 160    4.0000000  1.37706e+24 
 161    4.0875886  1.17651e+24 
 162    4.1770951  9.56715e+23 
 163    4.2685616  7.82254e+23 
 164    4.3620309  4.45073e+23 
 165    4.4575470  3.07520e+23 
 166    4.5551545  2.82095e+23 
 167    4.6548994  2.18619e+23 
 168    4.7568285  7.99742e+22 
 169    4.8609894  8.20855e+22 
 170    4.9674312  0.00000e+00 
 171    5.0762038  0.00000e+00 
 172    5.1873582  0.00000e+00 
 173    5.3009466  0.00000e+00 
 174    5.4170222  0.00000e+00 
 175    5.5356395  0.00000e+00 
 176    5.6568542  0.00000e+00 
 177    5.7807232  0.00000e+00 
 178    5.9073046  0.00000e+00 
 179    6.0366577  0.00000e+00 
 180    6.1688433  0.00000e+00 
 181    6.3039234  0.00000e+00 
 182    6.4419613  0.00000e+00 
 183    6.5830219  0.00000e+00 
 184    6.7271713  0.00000e+00 
 185    6.8744772  0.00000e+00 
 186    7.0250086  0.00000e+00 
 187    7.1788363  0.00000e+00 
 188    7.3360323  0.00000e+00 
 189    7.4966705  0.00000e+00 


