# 1:iteration 2:time bin[s] 3-k:AB magnitude for k-th angular bin
# g-band (filter: g_LSST.dat)
   0    0.1250000 -1.39246e+01 
   1    0.1277371 -1.39290e+01 
   2    0.1305342 -1.39335e+01 
   3    0.1333926 -1.39382e+01 
   4    0.1363135 -1.39412e+01 
   5    0.1392983 -1.39435e+01 
   6    0.1423486 -1.39450e+01 
   7    0.1454656 -1.39437e+01 
   8    0.1486509 -1.39410e+01 
   9    0.1519059 -1.39356e+01 
  10    0.1552322 -1.39290e+01 
  11    0.1586314 -1.39211e+01 
  12    0.1621049 -1.39104e+01 
  13    0.1656546 -1.38964e+01 
  14    0.1692819 -1.38831e+01 
  15    0.1729887 -1.38676e+01 
  16    0.1767767 -1.38498e+01 
  17    0.1806476 -1.38291e+01 
  18    0.1846033 -1.38066e+01 
  19    0.1886456 -1.37835e+01 
  20    0.1927764 -1.37571e+01 
  21    0.1969976 -1.37297e+01 
  22    0.2013113 -1.36983e+01 
  23    0.2057194 -1.36656e+01 
  24    0.2102241 -1.36316e+01 
  25    0.2148274 -1.35985e+01 
  26    0.2195315 -1.35624e+01 
  27    0.2243386 -1.35238e+01 
  28    0.2292510 -1.34868e+01 
  29    0.2342710 -1.34506e+01 
  30    0.2394008 -1.34125e+01 
  31    0.2446430 -1.33698e+01 
  32    0.2500000 -1.33293e+01 
  33    0.2554743 -1.32891e+01 
  34    0.2610684 -1.32555e+01 
  35    0.2667851 -1.32233e+01 
  36    0.2726269 -1.31956e+01 
  37    0.2785967 -1.31737e+01 
  38    0.2846972 -1.31611e+01 
  39    0.2909312 -1.31538e+01 
  40    0.2973018 -1.31440e+01 
  41    0.3038118 -1.31433e+01 
  42    0.3104645 -1.31560e+01 
  43    0.3172627 -1.31726e+01 
  44    0.3242099 -1.32073e+01 
  45    0.3313092 -1.32417e+01 
  46    0.3385639 -1.32797e+01 
  47    0.3459775 -1.33199e+01 
  48    0.3535534 -1.33635e+01 
  49    0.3612952 -1.34081e+01 
  50    0.3692065 -1.34545e+01 
  51    0.3772911 -1.35016e+01 
  52    0.3855527 -1.35552e+01 
  53    0.3939952 -1.36103e+01 
  54    0.4026226 -1.36846e+01 
  55    0.4114389 -1.37603e+01 
  56    0.4204482 -1.38361e+01 
  57    0.4296548 -1.39165e+01 
  58    0.4390630 -1.40149e+01 
  59    0.4486773 -1.41179e+01 
  60    0.4585020 -1.42249e+01 
  61    0.4685419 -1.43378e+01 
  62    0.4788016 -1.44639e+01 
  63    0.4892860 -1.46074e+01 
  64    0.5000000 -1.47561e+01 
  65    0.5109486 -1.49019e+01 
  66    0.5221369 -1.50449e+01 
  67    0.5335702 -1.51794e+01 
  68    0.5452539 -1.53221e+01 
  69    0.5571934 -1.54574e+01 
  70    0.5693943 -1.55855e+01 
  71    0.5818624 -1.57166e+01 
  72    0.5946036 -1.58420e+01 
  73    0.6076237 -1.59659e+01 
  74    0.6209289 -1.60769e+01 
  75    0.6345255 -1.61760e+01 
  76    0.6484198 -1.62705e+01 
  77    0.6626183 -1.63629e+01 
  78    0.6771278 -1.64480e+01 
  79    0.6919549 -1.65325e+01 
  80    0.7071068 -1.66136e+01 
  81    0.7225904 -1.66915e+01 
  82    0.7384131 -1.67647e+01 
  83    0.7545822 -1.68338e+01 
  84    0.7711054 -1.68987e+01 
  85    0.7879904 -1.69587e+01 
  86    0.8052452 -1.70180e+01 
  87    0.8228777 -1.70755e+01 
  88    0.8408964 -1.71288e+01 
  89    0.8593096 -1.71809e+01 
  90    0.8781261 -1.72311e+01 
  91    0.8973545 -1.72811e+01 
  92    0.9170040 -1.73319e+01 
  93    0.9370838 -1.73799e+01 
  94    0.9576033 -1.74267e+01 
  95    0.9785721 -1.74723e+01 
  96    1.0000000 -1.75179e+01 
  97    1.0218971 -1.75589e+01 
  98    1.0442738 -1.75980e+01 
  99    1.0671404 -1.76377e+01 
 100    1.0905077 -1.76728e+01 
 101    1.1143867 -1.77052e+01 
 102    1.1387886 -1.77326e+01 
 103    1.1637249 -1.77564e+01 
 104    1.1892071 -1.77738e+01 
 105    1.2152474 -1.77877e+01 
 106    1.2418578 -1.77987e+01 
 107    1.2690510 -1.78058e+01 
 108    1.2968396 -1.78120e+01 
 109    1.3252366 -1.78162e+01 
 110    1.3542555 -1.78270e+01 
 111    1.3839099 -1.78649e+01 
 112    1.4142136 -1.79176e+01 
 113    1.4451808 -1.80013e+01 
 114    1.4768261 -1.80199e+01 
 115    1.5091644 -1.80414e+01 
 116    1.5422108 -1.80198e+01 
 117    1.5759808 -1.79913e+01 
 118    1.6104903 -1.79696e+01 
 119    1.6457555 -1.79263e+01 
 120    1.6817928 -1.79147e+01 
 121    1.7186193 -1.78780e+01 
 122    1.7562522 -1.77890e+01 
 123    1.7947091 -1.76548e+01 
 124    1.8340081 -1.74630e+01 
 125    1.8741676 -1.72785e+01 
 126    1.9152066 -1.71021e+01 
 127    1.9571441 -1.69588e+01 
 128    2.0000000 -1.68023e+01 
 129    2.0437943 -1.66849e+01 
 130    2.0885476 -1.65801e+01 
 131    2.1342808 -1.64556e+01 
 132    2.1810155 -1.63486e+01 
 133    2.2287735 -1.62484e+01 
 134    2.2775773 -1.62009e+01 
 135    2.3274497 -1.61662e+01 
 136    2.3784142 -1.61540e+01 
 137    2.4304947 -1.61627e+01 
 138    2.4837156 -1.61788e+01 
 139    2.5381019 -1.61993e+01 
 140    2.5936791 -1.62221e+01 
 141    2.6504733 -1.62502e+01 
 142    2.7085111 -1.62819e+01 
 143    2.7678198 -1.63167e+01 
 144    2.8284271 -1.63553e+01 
 145    2.8903616 -1.63951e+01 
 146    2.9536523 -1.64353e+01 
 147    3.0183289 -1.64779e+01 
 148    3.0844217 -1.65152e+01 
 149    3.1519617 -1.65479e+01 
 150    3.2209807 -1.65794e+01 
 151    3.2915110 -1.65982e+01 
 152    3.3635857 -1.66080e+01 
 153    3.4372386 -1.66122e+01 
 154    3.5125043 -1.65987e+01 
 155    3.5894182 -1.65723e+01 
 156    3.6680162 -1.65354e+01 
 157    3.7483353 -1.64765e+01 
 158    3.8304131 -1.63982e+01 
 159    3.9142882 -1.63058e+01 
 160    4.0000000 -1.61830e+01 
 161    4.0875886 -1.60377e+01 
 162    4.1770951 -1.58775e+01 
 163    4.2685616 -1.56885e+01 
 164    4.3620309 -1.54838e+01 
 165    4.4575470 -1.52627e+01 
 166    4.5551545 -1.50312e+01 
 167    4.6548994 -1.47961e+01 
 168    4.7568285 -1.45468e+01 
 169    4.8609894 -1.43108e+01 
 170    4.9674312 -1.40802e+01 
 171    5.0762038 -1.38548e+01 
 172    5.1873582 -1.36325e+01 
 173    5.3009466 -1.34160e+01 
 174    5.4170222 -1.31892e+01 
 175    5.5356395 -1.29649e+01 
 176    5.6568542 -1.27046e+01 
 177    5.7807232 -1.24251e+01 
 178    5.9073046 -1.21446e+01 
 179    6.0366577 -1.18302e+01 
 180    6.1688433 -1.15082e+01 
 181    6.3039234 -1.11623e+01 
 182    6.4419613 -1.08056e+01 
 183    6.5830219 -1.04389e+01 
 184    6.7271713 -1.00468e+01 
 185    6.8744772 -9.65738e+00 
 186    7.0250086 -9.24452e+00 
 187    7.1788363 -8.83419e+00 
 188    7.3360323 -8.42650e+00 
 189    7.4966705 -8.02573e+00 


# r-band (filter: r_LSST.dat)
   0    0.1250000 -1.41224e+01 
   1    0.1277371 -1.41450e+01 
   2    0.1305342 -1.41682e+01 
   3    0.1333926 -1.41919e+01 
   4    0.1363135 -1.42127e+01 
   5    0.1392983 -1.42327e+01 
   6    0.1423486 -1.42389e+01 
   7    0.1454656 -1.42436e+01 
   8    0.1486509 -1.42490e+01 
   9    0.1519059 -1.42502e+01 
  10    0.1552322 -1.42491e+01 
  11    0.1586314 -1.42451e+01 
  12    0.1621049 -1.42423e+01 
  13    0.1656546 -1.42374e+01 
  14    0.1692819 -1.42320e+01 
  15    0.1729887 -1.42238e+01 
  16    0.1767767 -1.42141e+01 
  17    0.1806476 -1.42063e+01 
  18    0.1846033 -1.42043e+01 
  19    0.1886456 -1.42004e+01 
  20    0.1927764 -1.41967e+01 
  21    0.1969976 -1.41936e+01 
  22    0.2013113 -1.41897e+01 
  23    0.2057194 -1.41823e+01 
  24    0.2102241 -1.41757e+01 
  25    0.2148274 -1.41799e+01 
  26    0.2195315 -1.41821e+01 
  27    0.2243386 -1.41862e+01 
  28    0.2292510 -1.41946e+01 
  29    0.2342710 -1.41983e+01 
  30    0.2394008 -1.42044e+01 
  31    0.2446430 -1.42071e+01 
  32    0.2500000 -1.42138e+01 
  33    0.2554743 -1.42219e+01 
  34    0.2610684 -1.42321e+01 
  35    0.2667851 -1.42469e+01 
  36    0.2726269 -1.42765e+01 
  37    0.2785967 -1.43151e+01 
  38    0.2846972 -1.43522e+01 
  39    0.2909312 -1.44177e+01 
  40    0.2973018 -1.44984e+01 
  41    0.3038118 -1.45996e+01 
  42    0.3104645 -1.47031e+01 
  43    0.3172627 -1.48203e+01 
  44    0.3242099 -1.49330e+01 
  45    0.3313092 -1.50616e+01 
  46    0.3385639 -1.52135e+01 
  47    0.3459775 -1.53685e+01 
  48    0.3535534 -1.55217e+01 
  49    0.3612952 -1.56674e+01 
  50    0.3692065 -1.58215e+01 
  51    0.3772911 -1.59880e+01 
  52    0.3855527 -1.61691e+01 
  53    0.3939952 -1.63232e+01 
  54    0.4026226 -1.64675e+01 
  55    0.4114389 -1.66133e+01 
  56    0.4204482 -1.67353e+01 
  57    0.4296548 -1.68524e+01 
  58    0.4390630 -1.69741e+01 
  59    0.4486773 -1.70862e+01 
  60    0.4585020 -1.71806e+01 
  61    0.4685419 -1.72793e+01 
  62    0.4788016 -1.73594e+01 
  63    0.4892860 -1.74383e+01 
  64    0.5000000 -1.74969e+01 
  65    0.5109486 -1.75670e+01 
  66    0.5221369 -1.76189e+01 
  67    0.5335702 -1.76755e+01 
  68    0.5452539 -1.77349e+01 
  69    0.5571934 -1.77997e+01 
  70    0.5693943 -1.78231e+01 
  71    0.5818624 -1.78435e+01 
  72    0.5946036 -1.78541e+01 
  73    0.6076237 -1.78758e+01 
  74    0.6209289 -1.79010e+01 
  75    0.6345255 -1.79506e+01 
  76    0.6484198 -1.79812e+01 
  77    0.6626183 -1.80252e+01 
  78    0.6771278 -1.80975e+01 
  79    0.6919549 -1.81652e+01 
  80    0.7071068 -1.82183e+01 
  81    0.7225904 -1.82902e+01 
  82    0.7384131 -1.83568e+01 
  83    0.7545822 -1.84395e+01 
  84    0.7711054 -1.85206e+01 
  85    0.7879904 -1.85911e+01 
  86    0.8052452 -1.86374e+01 
  87    0.8228777 -1.86835e+01 
  88    0.8408964 -1.87297e+01 
  89    0.8593096 -1.87628e+01 
  90    0.8781261 -1.87879e+01 
  91    0.8973545 -1.88115e+01 
  92    0.9170040 -1.88302e+01 
  93    0.9370838 -1.88455e+01 
  94    0.9576033 -1.88577e+01 
  95    0.9785721 -1.88668e+01 
  96    1.0000000 -1.88736e+01 
  97    1.0218971 -1.88754e+01 
  98    1.0442738 -1.88780e+01 
  99    1.0671404 -1.88776e+01 
 100    1.0905077 -1.88732e+01 
 101    1.1143867 -1.88651e+01 
 102    1.1387886 -1.88564e+01 
 103    1.1637249 -1.88437e+01 
 104    1.1892071 -1.88275e+01 
 105    1.2152474 -1.88060e+01 
 106    1.2418578 -1.87823e+01 
 107    1.2690510 -1.87540e+01 
 108    1.2968396 -1.87232e+01 
 109    1.3252366 -1.86904e+01 
 110    1.3542555 -1.86609e+01 
 111    1.3839099 -1.86052e+01 
 112    1.4142136 -1.85125e+01 
 113    1.4451808 -1.83737e+01 
 114    1.4768261 -1.82514e+01 
 115    1.5091644 -1.81270e+01 
 116    1.5422108 -1.80160e+01 
 117    1.5759808 -1.79036e+01 
 118    1.6104903 -1.77691e+01 
 119    1.6457555 -1.76514e+01 
 120    1.6817928 -1.75179e+01 
 121    1.7186193 -1.73606e+01 
 122    1.7562522 -1.71587e+01 
 123    1.7947091 -1.69433e+01 
 124    1.8340081 -1.67553e+01 
 125    1.8741676 -1.65563e+01 
 126    1.9152066 -1.63654e+01 
 127    1.9571441 -1.61895e+01 
 128    2.0000000 -1.59901e+01 
 129    2.0437943 -1.58382e+01 
 130    2.0885476 -1.56941e+01 
 131    2.1342808 -1.55480e+01 
 132    2.1810155 -1.54313e+01 
 133    2.2287735 -1.53411e+01 
 134    2.2775773 -1.52862e+01 
 135    2.3274497 -1.52414e+01 
 136    2.3784142 -1.52226e+01 
 137    2.4304947 -1.52182e+01 
 138    2.4837156 -1.52140e+01 
 139    2.5381019 -1.52097e+01 
 140    2.5936791 -1.52042e+01 
 141    2.6504733 -1.52019e+01 
 142    2.7085111 -1.52021e+01 
 143    2.7678198 -1.52014e+01 
 144    2.8284271 -1.52085e+01 
 145    2.8903616 -1.52210e+01 
 146    2.9536523 -1.52390e+01 
 147    3.0183289 -1.52620e+01 
 148    3.0844217 -1.52942e+01 
 149    3.1519617 -1.53335e+01 
 150    3.2209807 -1.53790e+01 
 151    3.2915110 -1.54285e+01 
 152    3.3635857 -1.54795e+01 
 153    3.4372386 -1.55345e+01 
 154    3.5125043 -1.55820e+01 
 155    3.5894182 -1.56249e+01 
 156    3.6680162 -1.56667e+01 
 157    3.7483353 -1.56900e+01 
 158    3.8304131 -1.56995e+01 
 159    3.9142882 -1.56983e+01 
 160    4.0000000 -1.56653e+01 
 161    4.0875886 -1.56063e+01 
 162    4.1770951 -1.55307e+01 
 163    4.2685616 -1.54138e+01 
 164    4.3620309 -1.52720e+01 
 165    4.4575470 -1.51100e+01 
 166    4.5551545 -1.49198e+01 
 167    4.6548994 -1.47189e+01 
 168    4.7568285 -1.44973e+01 
 169    4.8609894 -1.42817e+01 
 170    4.9674312 -1.40681e+01 
 171    5.0762038 -1.38595e+01 
 172    5.1873582 -1.36490e+01 
 173    5.3009466 -1.34736e+01 
 174    5.4170222 -1.33223e+01 
 175    5.5356395 -1.31869e+01 
 176    5.6568542 -1.30830e+01 
 177    5.7807232 -1.29896e+01 
 178    5.9073046 -1.29139e+01 
 179    6.0366577 -1.28333e+01 
 180    6.1688433 -1.27564e+01 
 181    6.3039234 -1.26917e+01 
 182    6.4419613 -1.26092e+01 
 183    6.5830219 -1.25243e+01 
 184    6.7271713 -1.24307e+01 
 185    6.8744772 -1.23126e+01 
 186    7.0250086 -1.21813e+01 
 187    7.1788363 -1.20383e+01 
 188    7.3360323 -1.18821e+01 
 189    7.4966705 -1.17101e+01 


# i-band (filter: i_LSST.dat)
   0    0.1250000 -1.39348e+01 
   1    0.1277371 -1.39681e+01 
   2    0.1305342 -1.40021e+01 
   3    0.1333926 -1.40368e+01 
   4    0.1363135 -1.40634e+01 
   5    0.1392983 -1.40813e+01 
   6    0.1423486 -1.40946e+01 
   7    0.1454656 -1.40961e+01 
   8    0.1486509 -1.41000e+01 
   9    0.1519059 -1.41003e+01 
  10    0.1552322 -1.40971e+01 
  11    0.1586314 -1.40900e+01 
  12    0.1621049 -1.40832e+01 
  13    0.1656546 -1.40893e+01 
  14    0.1692819 -1.41107e+01 
  15    0.1729887 -1.41276e+01 
  16    0.1767767 -1.41589e+01 
  17    0.1806476 -1.42043e+01 
  18    0.1846033 -1.42384e+01 
  19    0.1886456 -1.42603e+01 
  20    0.1927764 -1.42851e+01 
  21    0.1969976 -1.43238e+01 
  22    0.2013113 -1.43682e+01 
  23    0.2057194 -1.43917e+01 
  24    0.2102241 -1.44173e+01 
  25    0.2148274 -1.44326e+01 
  26    0.2195315 -1.44233e+01 
  27    0.2243386 -1.44129e+01 
  28    0.2292510 -1.43978e+01 
  29    0.2342710 -1.43691e+01 
  30    0.2394008 -1.43553e+01 
  31    0.2446430 -1.43485e+01 
  32    0.2500000 -1.43472e+01 
  33    0.2554743 -1.43328e+01 
  34    0.2610684 -1.43260e+01 
  35    0.2667851 -1.43377e+01 
  36    0.2726269 -1.43563e+01 
  37    0.2785967 -1.44017e+01 
  38    0.2846972 -1.44413e+01 
  39    0.2909312 -1.44695e+01 
  40    0.2973018 -1.45118e+01 
  41    0.3038118 -1.45604e+01 
  42    0.3104645 -1.46195e+01 
  43    0.3172627 -1.46818e+01 
  44    0.3242099 -1.47549e+01 
  45    0.3313092 -1.48319e+01 
  46    0.3385639 -1.49135e+01 
  47    0.3459775 -1.50045e+01 
  48    0.3535534 -1.50922e+01 
  49    0.3612952 -1.51784e+01 
  50    0.3692065 -1.52760e+01 
  51    0.3772911 -1.53857e+01 
  52    0.3855527 -1.54980e+01 
  53    0.3939952 -1.56113e+01 
  54    0.4026226 -1.57188e+01 
  55    0.4114389 -1.58271e+01 
  56    0.4204482 -1.59326e+01 
  57    0.4296548 -1.60399e+01 
  58    0.4390630 -1.61410e+01 
  59    0.4486773 -1.62409e+01 
  60    0.4585020 -1.63370e+01 
  61    0.4685419 -1.64270e+01 
  62    0.4788016 -1.65175e+01 
  63    0.4892860 -1.66031e+01 
  64    0.5000000 -1.66824e+01 
  65    0.5109486 -1.67620e+01 
  66    0.5221369 -1.68372e+01 
  67    0.5335702 -1.69080e+01 
  68    0.5452539 -1.69752e+01 
  69    0.5571934 -1.70372e+01 
  70    0.5693943 -1.70959e+01 
  71    0.5818624 -1.71515e+01 
  72    0.5946036 -1.72027e+01 
  73    0.6076237 -1.72505e+01 
  74    0.6209289 -1.72954e+01 
  75    0.6345255 -1.73331e+01 
  76    0.6484198 -1.73693e+01 
  77    0.6626183 -1.74028e+01 
  78    0.6771278 -1.74310e+01 
  79    0.6919549 -1.74565e+01 
  80    0.7071068 -1.74782e+01 
  81    0.7225904 -1.74959e+01 
  82    0.7384131 -1.75106e+01 
  83    0.7545822 -1.75225e+01 
  84    0.7711054 -1.75312e+01 
  85    0.7879904 -1.75360e+01 
  86    0.8052452 -1.75371e+01 
  87    0.8228777 -1.75371e+01 
  88    0.8408964 -1.75333e+01 
  89    0.8593096 -1.75258e+01 
  90    0.8781261 -1.75162e+01 
  91    0.8973545 -1.75035e+01 
  92    0.9170040 -1.74882e+01 
  93    0.9370838 -1.74722e+01 
  94    0.9576033 -1.74532e+01 
  95    0.9785721 -1.74305e+01 
  96    1.0000000 -1.74066e+01 
  97    1.0218971 -1.73811e+01 
  98    1.0442738 -1.73532e+01 
  99    1.0671404 -1.73242e+01 
 100    1.0905077 -1.72917e+01 
 101    1.1143867 -1.72586e+01 
 102    1.1387886 -1.72234e+01 
 103    1.1637249 -1.71868e+01 
 104    1.1892071 -1.71481e+01 
 105    1.2152474 -1.71065e+01 
 106    1.2418578 -1.70647e+01 
 107    1.2690510 -1.70213e+01 
 108    1.2968396 -1.69765e+01 
 109    1.3252366 -1.69302e+01 
 110    1.3542555 -1.68833e+01 
 111    1.3839099 -1.68316e+01 
 112    1.4142136 -1.67757e+01 
 113    1.4451808 -1.67061e+01 
 114    1.4768261 -1.66272e+01 
 115    1.5091644 -1.65457e+01 
 116    1.5422108 -1.64480e+01 
 117    1.5759808 -1.63421e+01 
 118    1.6104903 -1.62277e+01 
 119    1.6457555 -1.61024e+01 
 120    1.6817928 -1.59686e+01 
 121    1.7186193 -1.58146e+01 
 122    1.7562522 -1.56217e+01 
 123    1.7947091 -1.54136e+01 
 124    1.8340081 -1.52091e+01 
 125    1.8741676 -1.50020e+01 
 126    1.9152066 -1.48226e+01 
 127    1.9571441 -1.46612e+01 
 128    2.0000000 -1.44931e+01 
 129    2.0437943 -1.43682e+01 
 130    2.0885476 -1.42525e+01 
 131    2.1342808 -1.41480e+01 
 132    2.1810155 -1.40628e+01 
 133    2.2287735 -1.39998e+01 
 134    2.2775773 -1.39738e+01 
 135    2.3274497 -1.39544e+01 
 136    2.3784142 -1.39477e+01 
 137    2.4304947 -1.39483e+01 
 138    2.4837156 -1.39461e+01 
 139    2.5381019 -1.39440e+01 
 140    2.5936791 -1.39395e+01 
 141    2.6504733 -1.39327e+01 
 142    2.7085111 -1.39237e+01 
 143    2.7678198 -1.39133e+01 
 144    2.8284271 -1.39028e+01 
 145    2.8903616 -1.38916e+01 
 146    2.9536523 -1.38791e+01 
 147    3.0183289 -1.38680e+01 
 148    3.0844217 -1.38597e+01 
 149    3.1519617 -1.38539e+01 
 150    3.2209807 -1.38488e+01 
 151    3.2915110 -1.38503e+01 
 152    3.3635857 -1.38564e+01 
 153    3.4372386 -1.38665e+01 
 154    3.5125043 -1.38851e+01 
 155    3.5894182 -1.39112e+01 
 156    3.6680162 -1.39425e+01 
 157    3.7483353 -1.39807e+01 
 158    3.8304131 -1.40193e+01 
 159    3.9142882 -1.40596e+01 
 160    4.0000000 -1.40836e+01 
 161    4.0875886 -1.40884e+01 
 162    4.1770951 -1.40881e+01 
 163    4.2685616 -1.40406e+01 
 164    4.3620309 -1.39643e+01 
 165    4.4575470 -1.38718e+01 
 166    4.5551545 -1.37276e+01 
 167    4.6548994 -1.35555e+01 
 168    4.7568285 -1.33546e+01 
 169    4.8609894 -1.31328e+01 
 170    4.9674312 -1.29190e+01 
 171    5.0762038 -1.27229e+01 
 172    5.1873582 -1.25128e+01 
 173    5.3009466 -1.23592e+01 
 174    5.4170222 -1.22281e+01 
 175    5.5356395 -1.21129e+01 
 176    5.6568542 -1.20458e+01 
 177    5.7807232 -1.20021e+01 
 178    5.9073046 -1.19938e+01 
 179    6.0366577 -1.19915e+01 
 180    6.1688433 -1.19983e+01 
 181    6.3039234 -1.20302e+01 
 182    6.4419613 -1.20391e+01 
 183    6.5830219 -1.20321e+01 
 184    6.7271713 -1.20173e+01 
 185    6.8744772 -1.19820e+01 
 186    7.0250086 -1.19469e+01 
 187    7.1788363 -1.18891e+01 
 188    7.3360323 -1.18138e+01 
 189    7.4966705 -1.17183e+01 


# z-band (filter: z_LSST.dat)
   0    0.1250000 -1.38943e+01 
   1    0.1277371 -1.39987e+01 
   2    0.1305342 -1.41054e+01 
   3    0.1333926 -1.42144e+01 
   4    0.1363135 -1.43029e+01 
   5    0.1392983 -1.43649e+01 
   6    0.1423486 -1.43346e+01 
   7    0.1454656 -1.43238e+01 
   8    0.1486509 -1.43217e+01 
   9    0.1519059 -1.43427e+01 
  10    0.1552322 -1.43313e+01 
  11    0.1586314 -1.43022e+01 
  12    0.1621049 -1.43082e+01 
  13    0.1656546 -1.43311e+01 
  14    0.1692819 -1.42869e+01 
  15    0.1729887 -1.42543e+01 
  16    0.1767767 -1.41814e+01 
  17    0.1806476 -1.41616e+01 
  18    0.1846033 -1.41551e+01 
  19    0.1886456 -1.41543e+01 
  20    0.1927764 -1.41334e+01 
  21    0.1969976 -1.40914e+01 
  22    0.2013113 -1.40691e+01 
  23    0.2057194 -1.40444e+01 
  24    0.2102241 -1.39899e+01 
  25    0.2148274 -1.39221e+01 
  26    0.2195315 -1.38916e+01 
  27    0.2243386 -1.38676e+01 
  28    0.2292510 -1.38321e+01 
  29    0.2342710 -1.37943e+01 
  30    0.2394008 -1.37601e+01 
  31    0.2446430 -1.37222e+01 
  32    0.2500000 -1.36867e+01 
  33    0.2554743 -1.36511e+01 
  34    0.2610684 -1.36331e+01 
  35    0.2667851 -1.36290e+01 
  36    0.2726269 -1.36302e+01 
  37    0.2785967 -1.36430e+01 
  38    0.2846972 -1.36767e+01 
  39    0.2909312 -1.37171e+01 
  40    0.2973018 -1.37806e+01 
  41    0.3038118 -1.38646e+01 
  42    0.3104645 -1.39549e+01 
  43    0.3172627 -1.40693e+01 
  44    0.3242099 -1.41995e+01 
  45    0.3313092 -1.43369e+01 
  46    0.3385639 -1.44813e+01 
  47    0.3459775 -1.46280e+01 
  48    0.3535534 -1.47813e+01 
  49    0.3612952 -1.49398e+01 
  50    0.3692065 -1.50966e+01 
  51    0.3772911 -1.52534e+01 
  52    0.3855527 -1.54068e+01 
  53    0.3939952 -1.55520e+01 
  54    0.4026226 -1.56912e+01 
  55    0.4114389 -1.58272e+01 
  56    0.4204482 -1.59518e+01 
  57    0.4296548 -1.60686e+01 
  58    0.4390630 -1.61793e+01 
  59    0.4486773 -1.62847e+01 
  60    0.4585020 -1.63798e+01 
  61    0.4685419 -1.64678e+01 
  62    0.4788016 -1.65480e+01 
  63    0.4892860 -1.66258e+01 
  64    0.5000000 -1.66960e+01 
  65    0.5109486 -1.67618e+01 
  66    0.5221369 -1.68248e+01 
  67    0.5335702 -1.68820e+01 
  68    0.5452539 -1.69343e+01 
  69    0.5571934 -1.69847e+01 
  70    0.5693943 -1.70284e+01 
  71    0.5818624 -1.70697e+01 
  72    0.5946036 -1.71069e+01 
  73    0.6076237 -1.71410e+01 
  74    0.6209289 -1.71730e+01 
  75    0.6345255 -1.71990e+01 
  76    0.6484198 -1.72210e+01 
  77    0.6626183 -1.72409e+01 
  78    0.6771278 -1.72554e+01 
  79    0.6919549 -1.72649e+01 
  80    0.7071068 -1.72719e+01 
  81    0.7225904 -1.72740e+01 
  82    0.7384131 -1.72726e+01 
  83    0.7545822 -1.72676e+01 
  84    0.7711054 -1.72592e+01 
  85    0.7879904 -1.72469e+01 
  86    0.8052452 -1.72300e+01 
  87    0.8228777 -1.72106e+01 
  88    0.8408964 -1.71892e+01 
  89    0.8593096 -1.71649e+01 
  90    0.8781261 -1.71372e+01 
  91    0.8973545 -1.71065e+01 
  92    0.9170040 -1.70736e+01 
  93    0.9370838 -1.70403e+01 
  94    0.9576033 -1.70041e+01 
  95    0.9785721 -1.69663e+01 
  96    1.0000000 -1.69267e+01 
  97    1.0218971 -1.68858e+01 
  98    1.0442738 -1.68436e+01 
  99    1.0671404 -1.67994e+01 
 100    1.0905077 -1.67528e+01 
 101    1.1143867 -1.67044e+01 
 102    1.1387886 -1.66555e+01 
 103    1.1637249 -1.66046e+01 
 104    1.1892071 -1.65530e+01 
 105    1.2152474 -1.64989e+01 
 106    1.2418578 -1.64438e+01 
 107    1.2690510 -1.63875e+01 
 108    1.2968396 -1.63295e+01 
 109    1.3252366 -1.62712e+01 
 110    1.3542555 -1.62114e+01 
 111    1.3839099 -1.61448e+01 
 112    1.4142136 -1.60732e+01 
 113    1.4451808 -1.59853e+01 
 114    1.4768261 -1.58861e+01 
 115    1.5091644 -1.57832e+01 
 116    1.5422108 -1.56620e+01 
 117    1.5759808 -1.55309e+01 
 118    1.6104903 -1.53887e+01 
 119    1.6457555 -1.52334e+01 
 120    1.6817928 -1.50654e+01 
 121    1.7186193 -1.48677e+01 
 122    1.7562522 -1.45960e+01 
 123    1.7947091 -1.42741e+01 
 124    1.8340081 -1.39126e+01 
 125    1.8741676 -1.35478e+01 
 126    1.9152066 -1.31940e+01 
 127    1.9571441 -1.28713e+01 
 128    2.0000000 -1.25190e+01 
 129    2.0437943 -1.22476e+01 
 130    2.0885476 -1.19913e+01 
 131    2.1342808 -1.17316e+01 
 132    2.1810155 -1.15255e+01 
 133    2.2287735 -1.13500e+01 
 134    2.2775773 -1.12507e+01 
 135    2.3274497 -1.11774e+01 
 136    2.3784142 -1.11593e+01 
 137    2.4304947 -1.11731e+01 
 138    2.4837156 -1.11893e+01 
 139    2.5381019 -1.12163e+01 
 140    2.5936791 -1.12430e+01 
 141    2.6504733 -1.12801e+01 
 142    2.7085111 -1.13113e+01 
 143    2.7678198 -1.13497e+01 
 144    2.8284271 -1.13883e+01 
 145    2.8903616 -1.14307e+01 
 146    2.9536523 -1.14728e+01 
 147    3.0183289 -1.15146e+01 
 148    3.0844217 -1.15633e+01 
 149    3.1519617 -1.16113e+01 
 150    3.2209807 -1.16631e+01 
 151    3.2915110 -1.17173e+01 
 152    3.3635857 -1.17848e+01 
 153    3.4372386 -1.18515e+01 
 154    3.5125043 -1.19381e+01 
 155    3.5894182 -1.20221e+01 
 156    3.6680162 -1.21122e+01 
 157    3.7483353 -1.21966e+01 
 158    3.8304131 -1.22737e+01 
 159    3.9142882 -1.23525e+01 
 160    4.0000000 -1.23933e+01 
 161    4.0875886 -1.24126e+01 
 162    4.1770951 -1.24248e+01 
 163    4.2685616 -1.23881e+01 
 164    4.3620309 -1.23194e+01 
 165    4.4575470 -1.22232e+01 
 166    4.5551545 -1.20777e+01 
 167    4.6548994 -1.19026e+01 
 168    4.7568285 -1.16956e+01 
 169    4.8609894 -1.14623e+01 
 170    4.9674312 -1.12045e+01 
 171    5.0762038 -1.09246e+01 
 172    5.1873582 -1.06318e+01 
 173    5.3009466 -1.03257e+01 
 174    5.4170222 -1.00245e+01 
 175    5.5356395 -9.73425e+00 
 176    5.6568542 -9.56053e+00 
 177    5.7807232 -9.50064e+00 
 178    5.9073046 -9.44691e+00 
 179    6.0366577 -9.53950e+00 
 180    6.1688433 -9.66056e+00 
 181    6.3039234 -9.82426e+00 
 182    6.4419613 -9.99704e+00 
 183    6.5830219 -1.01719e+01 
 184    6.7271713 -1.04253e+01 
 185    6.8744772 -1.06145e+01 
 186    7.0250086 -1.08777e+01 
 187    7.1788363 -1.11443e+01 
 188    7.3360323 -1.13517e+01 
 189    7.4966705 -1.14550e+01 


# y-band (filter: y_LSST.dat)
   0    0.1250000 -1.46944e+01 
   1    0.1277371 -1.48278e+01 
   2    0.1305342 -1.49641e+01 
   3    0.1333926 -1.51035e+01 
   4    0.1363135 -1.52049e+01 
   5    0.1392983 -1.52963e+01 
   6    0.1423486 -1.52505e+01 
   7    0.1454656 -1.51633e+01 
   8    0.1486509 -1.51182e+01 
   9    0.1519059 -1.50630e+01 
  10    0.1552322 -1.49983e+01 
  11    0.1586314 -1.48876e+01 
  12    0.1621049 -1.48209e+01 
  13    0.1656546 -1.47592e+01 
  14    0.1692819 -1.46672e+01 
  15    0.1729887 -1.45790e+01 
  16    0.1767767 -1.45224e+01 
  17    0.1806476 -1.45088e+01 
  18    0.1846033 -1.45591e+01 
  19    0.1886456 -1.46313e+01 
  20    0.1927764 -1.46965e+01 
  21    0.1969976 -1.47749e+01 
  22    0.2013113 -1.48629e+01 
  23    0.2057194 -1.49593e+01 
  24    0.2102241 -1.50556e+01 
  25    0.2148274 -1.51509e+01 
  26    0.2195315 -1.52445e+01 
  27    0.2243386 -1.53417e+01 
  28    0.2292510 -1.54315e+01 
  29    0.2342710 -1.55179e+01 
  30    0.2394008 -1.56078e+01 
  31    0.2446430 -1.56917e+01 
  32    0.2500000 -1.57705e+01 
  33    0.2554743 -1.58510e+01 
  34    0.2610684 -1.59274e+01 
  35    0.2667851 -1.59926e+01 
  36    0.2726269 -1.60560e+01 
  37    0.2785967 -1.61197e+01 
  38    0.2846972 -1.61815e+01 
  39    0.2909312 -1.62393e+01 
  40    0.2973018 -1.62968e+01 
  41    0.3038118 -1.63522e+01 
  42    0.3104645 -1.64065e+01 
  43    0.3172627 -1.64592e+01 
  44    0.3242099 -1.65145e+01 
  45    0.3313092 -1.65657e+01 
  46    0.3385639 -1.66183e+01 
  47    0.3459775 -1.66681e+01 
  48    0.3535534 -1.67163e+01 
  49    0.3612952 -1.67610e+01 
  50    0.3692065 -1.68027e+01 
  51    0.3772911 -1.68399e+01 
  52    0.3855527 -1.68779e+01 
  53    0.3939952 -1.69138e+01 
  54    0.4026226 -1.69495e+01 
  55    0.4114389 -1.69813e+01 
  56    0.4204482 -1.70072e+01 
  57    0.4296548 -1.70300e+01 
  58    0.4390630 -1.70508e+01 
  59    0.4486773 -1.70727e+01 
  60    0.4585020 -1.70904e+01 
  61    0.4685419 -1.71032e+01 
  62    0.4788016 -1.71190e+01 
  63    0.4892860 -1.71344e+01 
  64    0.5000000 -1.71460e+01 
  65    0.5109486 -1.71573e+01 
  66    0.5221369 -1.71659e+01 
  67    0.5335702 -1.71727e+01 
  68    0.5452539 -1.71791e+01 
  69    0.5571934 -1.71841e+01 
  70    0.5693943 -1.71861e+01 
  71    0.5818624 -1.71868e+01 
  72    0.5946036 -1.71842e+01 
  73    0.6076237 -1.71811e+01 
  74    0.6209289 -1.71739e+01 
  75    0.6345255 -1.71645e+01 
  76    0.6484198 -1.71501e+01 
  77    0.6626183 -1.71334e+01 
  78    0.6771278 -1.71121e+01 
  79    0.6919549 -1.70897e+01 
  80    0.7071068 -1.70650e+01 
  81    0.7225904 -1.70366e+01 
  82    0.7384131 -1.70062e+01 
  83    0.7545822 -1.69731e+01 
  84    0.7711054 -1.69379e+01 
  85    0.7879904 -1.69004e+01 
  86    0.8052452 -1.68615e+01 
  87    0.8228777 -1.68209e+01 
  88    0.8408964 -1.67778e+01 
  89    0.8593096 -1.67339e+01 
  90    0.8781261 -1.66884e+01 
  91    0.8973545 -1.66416e+01 
  92    0.9170040 -1.65941e+01 
  93    0.9370838 -1.65457e+01 
  94    0.9576033 -1.64945e+01 
  95    0.9785721 -1.64434e+01 
  96    1.0000000 -1.63911e+01 
  97    1.0218971 -1.63383e+01 
  98    1.0442738 -1.62841e+01 
  99    1.0671404 -1.62275e+01 
 100    1.0905077 -1.61703e+01 
 101    1.1143867 -1.61118e+01 
 102    1.1387886 -1.60545e+01 
 103    1.1637249 -1.59949e+01 
 104    1.1892071 -1.59333e+01 
 105    1.2152474 -1.58715e+01 
 106    1.2418578 -1.58088e+01 
 107    1.2690510 -1.57476e+01 
 108    1.2968396 -1.56849e+01 
 109    1.3252366 -1.56206e+01 
 110    1.3542555 -1.55543e+01 
 111    1.3839099 -1.54824e+01 
 112    1.4142136 -1.54060e+01 
 113    1.4451808 -1.53142e+01 
 114    1.4768261 -1.52067e+01 
 115    1.5091644 -1.50961e+01 
 116    1.5422108 -1.49706e+01 
 117    1.5759808 -1.48337e+01 
 118    1.6104903 -1.46864e+01 
 119    1.6457555 -1.45266e+01 
 120    1.6817928 -1.43490e+01 
 121    1.7186193 -1.41456e+01 
 122    1.7562522 -1.38777e+01 
 123    1.7947091 -1.35518e+01 
 124    1.8340081 -1.31947e+01 
 125    1.8741676 -1.28344e+01 
 126    1.9152066 -1.24963e+01 
 127    1.9571441 -1.21903e+01 
 128    2.0000000 -1.18563e+01 
 129    2.0437943 -1.15926e+01 
 130    2.0885476 -1.13422e+01 
 131    2.1342808 -1.10916e+01 
 132    2.1810155 -1.08911e+01 
 133    2.2287735 -1.07197e+01 
 134    2.2775773 -1.06090e+01 
 135    2.3274497 -1.05285e+01 
 136    2.3784142 -1.04910e+01 
 137    2.4304947 -1.04725e+01 
 138    2.4837156 -1.04492e+01 
 139    2.5381019 -1.04283e+01 
 140    2.5936791 -1.04089e+01 
 141    2.6504733 -1.04041e+01 
 142    2.7085111 -1.03934e+01 
 143    2.7678198 -1.03863e+01 
 144    2.8284271 -1.03753e+01 
 145    2.8903616 -1.03648e+01 
 146    2.9536523 -1.03655e+01 
 147    3.0183289 -1.03546e+01 
 148    3.0844217 -1.03526e+01 
 149    3.1519617 -1.03515e+01 
 150    3.2209807 -1.03575e+01 
 151    3.2915110 -1.03894e+01 
 152    3.3635857 -1.04359e+01 
 153    3.4372386 -1.04892e+01 
 154    3.5125043 -1.06188e+01 
 155    3.5894182 -1.07757e+01 
 156    3.6680162 -1.09504e+01 
 157    3.7483353 -1.11557e+01 
 158    3.8304131 -1.13702e+01 
 159    3.9142882 -1.16162e+01 
 160    4.0000000 -1.18306e+01 
 161    4.0875886 -1.20400e+01 
 162    4.1770951 -1.22649e+01 
 163    4.2685616 -1.24189e+01 
 164    4.3620309 -1.25458e+01 
 165    4.4575470 -1.26385e+01 
 166    4.5551545 -1.26477e+01 
 167    4.6548994 -1.26048e+01 
 168    4.7568285 -1.25204e+01 
 169    4.8609894 -1.23760e+01 
 170    4.9674312 -1.21921e+01 
 171    5.0762038 -1.19684e+01 
 172    5.1873582 -1.17139e+01 
 173    5.3009466 -1.14359e+01 
 174    5.4170222 -1.11362e+01 
 175    5.5356395 -1.08150e+01 
 176    5.6568542 -1.04724e+01 
 177    5.7807232 -1.01155e+01 
 178    5.9073046 -9.74574e+00 
 179    6.0366577 -9.39007e+00 
 180    6.1688433 -9.07516e+00 
 181    6.3039234 -8.77402e+00 
 182    6.4419613 -8.62935e+00 
 183    6.5830219 -8.60901e+00 
 184    6.7271713 -8.59285e+00 
 185    6.8744772 -8.70802e+00 
 186    7.0250086 -8.79936e+00 
 187    7.1788363 -8.97360e+00 
 188    7.3360323 -9.24940e+00 
 189    7.4966705 -9.69748e+00 


# J-band (filter: J_2MASS.dat)
   0    0.1250000 -1.53981e+01 
   1    0.1277371 -1.54915e+01 
   2    0.1305342 -1.55869e+01 
   3    0.1333926 -1.56845e+01 
   4    0.1363135 -1.57338e+01 
   5    0.1392983 -1.57698e+01 
   6    0.1423486 -1.57293e+01 
   7    0.1454656 -1.56451e+01 
   8    0.1486509 -1.55632e+01 
   9    0.1519059 -1.54784e+01 
  10    0.1552322 -1.54069e+01 
  11    0.1586314 -1.52986e+01 
  12    0.1621049 -1.52434e+01 
  13    0.1656546 -1.51916e+01 
  14    0.1692819 -1.51523e+01 
  15    0.1729887 -1.51300e+01 
  16    0.1767767 -1.51209e+01 
  17    0.1806476 -1.51303e+01 
  18    0.1846033 -1.51984e+01 
  19    0.1886456 -1.52813e+01 
  20    0.1927764 -1.53693e+01 
  21    0.1969976 -1.54614e+01 
  22    0.2013113 -1.55484e+01 
  23    0.2057194 -1.56319e+01 
  24    0.2102241 -1.57142e+01 
  25    0.2148274 -1.57952e+01 
  26    0.2195315 -1.58751e+01 
  27    0.2243386 -1.59526e+01 
  28    0.2292510 -1.60283e+01 
  29    0.2342710 -1.61019e+01 
  30    0.2394008 -1.61719e+01 
  31    0.2446430 -1.62381e+01 
  32    0.2500000 -1.63036e+01 
  33    0.2554743 -1.63639e+01 
  34    0.2610684 -1.64212e+01 
  35    0.2667851 -1.64748e+01 
  36    0.2726269 -1.65273e+01 
  37    0.2785967 -1.65769e+01 
  38    0.2846972 -1.66228e+01 
  39    0.2909312 -1.66681e+01 
  40    0.2973018 -1.67078e+01 
  41    0.3038118 -1.67443e+01 
  42    0.3104645 -1.67773e+01 
  43    0.3172627 -1.68106e+01 
  44    0.3242099 -1.68361e+01 
  45    0.3313092 -1.68624e+01 
  46    0.3385639 -1.68869e+01 
  47    0.3459775 -1.69064e+01 
  48    0.3535534 -1.69247e+01 
  49    0.3612952 -1.69391e+01 
  50    0.3692065 -1.69507e+01 
  51    0.3772911 -1.69611e+01 
  52    0.3855527 -1.69703e+01 
  53    0.3939952 -1.69762e+01 
  54    0.4026226 -1.69793e+01 
  55    0.4114389 -1.69814e+01 
  56    0.4204482 -1.69816e+01 
  57    0.4296548 -1.69784e+01 
  58    0.4390630 -1.69729e+01 
  59    0.4486773 -1.69675e+01 
  60    0.4585020 -1.69581e+01 
  61    0.4685419 -1.69470e+01 
  62    0.4788016 -1.69341e+01 
  63    0.4892860 -1.69196e+01 
  64    0.5000000 -1.69024e+01 
  65    0.5109486 -1.68849e+01 
  66    0.5221369 -1.68645e+01 
  67    0.5335702 -1.68433e+01 
  68    0.5452539 -1.68203e+01 
  69    0.5571934 -1.67957e+01 
  70    0.5693943 -1.67693e+01 
  71    0.5818624 -1.67414e+01 
  72    0.5946036 -1.67121e+01 
  73    0.6076237 -1.66817e+01 
  74    0.6209289 -1.66493e+01 
  75    0.6345255 -1.66159e+01 
  76    0.6484198 -1.65800e+01 
  77    0.6626183 -1.65424e+01 
  78    0.6771278 -1.65016e+01 
  79    0.6919549 -1.64603e+01 
  80    0.7071068 -1.64190e+01 
  81    0.7225904 -1.63745e+01 
  82    0.7384131 -1.63297e+01 
  83    0.7545822 -1.62858e+01 
  84    0.7711054 -1.62382e+01 
  85    0.7879904 -1.61894e+01 
  86    0.8052452 -1.61406e+01 
  87    0.8228777 -1.60902e+01 
  88    0.8408964 -1.60377e+01 
  89    0.8593096 -1.59862e+01 
  90    0.8781261 -1.59324e+01 
  91    0.8973545 -1.58760e+01 
  92    0.9170040 -1.58201e+01 
  93    0.9370838 -1.57622e+01 
  94    0.9576033 -1.57045e+01 
  95    0.9785721 -1.56427e+01 
  96    1.0000000 -1.55833e+01 
  97    1.0218971 -1.55217e+01 
  98    1.0442738 -1.54584e+01 
  99    1.0671404 -1.53935e+01 
 100    1.0905077 -1.53280e+01 
 101    1.1143867 -1.52631e+01 
 102    1.1387886 -1.51999e+01 
 103    1.1637249 -1.51333e+01 
 104    1.1892071 -1.50638e+01 
 105    1.2152474 -1.49928e+01 
 106    1.2418578 -1.49218e+01 
 107    1.2690510 -1.48532e+01 
 108    1.2968396 -1.47819e+01 
 109    1.3252366 -1.47100e+01 
 110    1.3542555 -1.46378e+01 
 111    1.3839099 -1.45624e+01 
 112    1.4142136 -1.44797e+01 
 113    1.4451808 -1.43794e+01 
 114    1.4768261 -1.42631e+01 
 115    1.5091644 -1.41465e+01 
 116    1.5422108 -1.40092e+01 
 117    1.5759808 -1.38728e+01 
 118    1.6104903 -1.37183e+01 
 119    1.6457555 -1.35502e+01 
 120    1.6817928 -1.33708e+01 
 121    1.7186193 -1.31645e+01 
 122    1.7562522 -1.28724e+01 
 123    1.7947091 -1.25302e+01 
 124    1.8340081 -1.21238e+01 
 125    1.8741676 -1.17096e+01 
 126    1.9152066 -1.13006e+01 
 127    1.9571441 -1.09275e+01 
 128    2.0000000 -1.05240e+01 
 129    2.0437943 -1.01963e+01 
 130    2.0885476 -9.90064e+00 
 131    2.1342808 -9.57284e+00 
 132    2.1810155 -9.32266e+00 
 133    2.2287735 -9.07719e+00 
 134    2.2775773 -8.92000e+00 
 135    2.3274497 -8.79923e+00 
 136    2.3784142 -8.73142e+00 
 137    2.4304947 -8.71046e+00 
 138    2.4837156 -8.70161e+00 
 139    2.5381019 -8.68815e+00 
 140    2.5936791 -8.68080e+00 
 141    2.6504733 -8.68239e+00 
 142    2.7085111 -8.68190e+00 
 143    2.7678198 -8.70853e+00 
 144    2.8284271 -8.74055e+00 
 145    2.8903616 -8.76972e+00 
 146    2.9536523 -8.81602e+00 
 147    3.0183289 -8.86460e+00 
 148    3.0844217 -8.91512e+00 
 149    3.1519617 -8.96772e+00 
 150    3.2209807 -9.01797e+00 
 151    3.2915110 -9.07649e+00 
 152    3.3635857 -9.12117e+00 
 153    3.4372386 -9.16853e+00 
 154    3.5125043 -9.21326e+00 
 155    3.5894182 -9.23261e+00 
 156    3.6680162 -9.24525e+00 
 157    3.7483353 -9.27805e+00 
 158    3.8304131 -9.31291e+00 
 159    3.9142882 -9.35806e+00 
 160    4.0000000 -9.48490e+00 
 161    4.0875886 -9.67423e+00 
 162    4.1770951 -9.86752e+00 
 163    4.2685616 -1.01473e+01 
 164    4.3620309 -1.04478e+01 
 165    4.4575470 -1.07837e+01 
 166    4.5551545 -1.11198e+01 
 167    4.6548994 -1.14597e+01 
 168    4.7568285 -1.18535e+01 
 169    4.8609894 -1.21816e+01 
 170    4.9674312 -1.24977e+01 
 171    5.0762038 -1.27787e+01 
 172    5.1873582 -1.30141e+01 
 173    5.3009466 -1.31736e+01 
 174    5.4170222 -1.32758e+01 
 175    5.5356395 -1.33255e+01 
 176    5.6568542 -1.33166e+01 
 177    5.7807232 -1.32630e+01 
 178    5.9073046 -1.31661e+01 
 179    6.0366577 -1.30246e+01 
 180    6.1688433 -1.28505e+01 
 181    6.3039234 -1.26439e+01 
 182    6.4419613 -1.24046e+01 
 183    6.5830219 -1.21488e+01 
 184    6.7271713 -1.18694e+01 
 185    6.8744772 -1.15669e+01 
 186    7.0250086 -1.12547e+01 
 187    7.1788363 -1.09293e+01 
 188    7.3360323 -1.05898e+01 
 189    7.4966705 -1.02366e+01 


# H-band (filter: H_2MASS.dat)
   0    0.1250000 -1.63826e+01 
   1    0.1277371 -1.64496e+01 
   2    0.1305342 -1.65181e+01 
   3    0.1333926 -1.65881e+01 
   4    0.1363135 -1.66452e+01 
   5    0.1392983 -1.66945e+01 
   6    0.1423486 -1.67019e+01 
   7    0.1454656 -1.66704e+01 
   8    0.1486509 -1.66426e+01 
   9    0.1519059 -1.66098e+01 
  10    0.1552322 -1.65822e+01 
  11    0.1586314 -1.65388e+01 
  12    0.1621049 -1.65198e+01 
  13    0.1656546 -1.65018e+01 
  14    0.1692819 -1.64792e+01 
  15    0.1729887 -1.64519e+01 
  16    0.1767767 -1.64303e+01 
  17    0.1806476 -1.64150e+01 
  18    0.1846033 -1.64295e+01 
  19    0.1886456 -1.64520e+01 
  20    0.1927764 -1.64784e+01 
  21    0.1969976 -1.65018e+01 
  22    0.2013113 -1.65242e+01 
  23    0.2057194 -1.65396e+01 
  24    0.2102241 -1.65543e+01 
  25    0.2148274 -1.65673e+01 
  26    0.2195315 -1.65779e+01 
  27    0.2243386 -1.65871e+01 
  28    0.2292510 -1.65893e+01 
  29    0.2342710 -1.65889e+01 
  30    0.2394008 -1.65927e+01 
  31    0.2446430 -1.65923e+01 
  32    0.2500000 -1.65881e+01 
  33    0.2554743 -1.65820e+01 
  34    0.2610684 -1.65738e+01 
  35    0.2667851 -1.65640e+01 
  36    0.2726269 -1.65514e+01 
  37    0.2785967 -1.65343e+01 
  38    0.2846972 -1.65128e+01 
  39    0.2909312 -1.64957e+01 
  40    0.2973018 -1.64731e+01 
  41    0.3038118 -1.64517e+01 
  42    0.3104645 -1.64211e+01 
  43    0.3172627 -1.63939e+01 
  44    0.3242099 -1.63683e+01 
  45    0.3313092 -1.63372e+01 
  46    0.3385639 -1.63104e+01 
  47    0.3459775 -1.62794e+01 
  48    0.3535534 -1.62460e+01 
  49    0.3612952 -1.62133e+01 
  50    0.3692065 -1.61785e+01 
  51    0.3772911 -1.61405e+01 
  52    0.3855527 -1.61090e+01 
  53    0.3939952 -1.60701e+01 
  54    0.4026226 -1.60361e+01 
  55    0.4114389 -1.59952e+01 
  56    0.4204482 -1.59556e+01 
  57    0.4296548 -1.59183e+01 
  58    0.4390630 -1.58768e+01 
  59    0.4486773 -1.58334e+01 
  60    0.4585020 -1.57905e+01 
  61    0.4685419 -1.57497e+01 
  62    0.4788016 -1.57071e+01 
  63    0.4892860 -1.56677e+01 
  64    0.5000000 -1.56242e+01 
  65    0.5109486 -1.55830e+01 
  66    0.5221369 -1.55447e+01 
  67    0.5335702 -1.55041e+01 
  68    0.5452539 -1.54616e+01 
  69    0.5571934 -1.54180e+01 
  70    0.5693943 -1.53736e+01 
  71    0.5818624 -1.53337e+01 
  72    0.5946036 -1.52929e+01 
  73    0.6076237 -1.52513e+01 
  74    0.6209289 -1.52089e+01 
  75    0.6345255 -1.51622e+01 
  76    0.6484198 -1.51193e+01 
  77    0.6626183 -1.50756e+01 
  78    0.6771278 -1.50294e+01 
  79    0.6919549 -1.49824e+01 
  80    0.7071068 -1.49369e+01 
  81    0.7225904 -1.48918e+01 
  82    0.7384131 -1.48492e+01 
  83    0.7545822 -1.48009e+01 
  84    0.7711054 -1.47529e+01 
  85    0.7879904 -1.47051e+01 
  86    0.8052452 -1.46570e+01 
  87    0.8228777 -1.46069e+01 
  88    0.8408964 -1.45602e+01 
  89    0.8593096 -1.45114e+01 
  90    0.8781261 -1.44638e+01 
  91    0.8973545 -1.44094e+01 
  92    0.9170040 -1.43545e+01 
  93    0.9370838 -1.42983e+01 
  94    0.9576033 -1.42438e+01 
  95    0.9785721 -1.41908e+01 
  96    1.0000000 -1.41327e+01 
  97    1.0218971 -1.40702e+01 
  98    1.0442738 -1.40120e+01 
  99    1.0671404 -1.39502e+01 
 100    1.0905077 -1.38839e+01 
 101    1.1143867 -1.38140e+01 
 102    1.1387886 -1.37398e+01 
 103    1.1637249 -1.36721e+01 
 104    1.1892071 -1.35975e+01 
 105    1.2152474 -1.35204e+01 
 106    1.2418578 -1.34401e+01 
 107    1.2690510 -1.33552e+01 
 108    1.2968396 -1.32747e+01 
 109    1.3252366 -1.31845e+01 
 110    1.3542555 -1.30819e+01 
 111    1.3839099 -1.29796e+01 
 112    1.4142136 -1.28635e+01 
 113    1.4451808 -1.27408e+01 
 114    1.4768261 -1.26102e+01 
 115    1.5091644 -1.24633e+01 
 116    1.5422108 -1.23146e+01 
 117    1.5759808 -1.21576e+01 
 118    1.6104903 -1.19901e+01 
 119    1.6457555 -1.18104e+01 
 120    1.6817928 -1.16064e+01 
 121    1.7186193 -1.13759e+01 
 122    1.7562522 -1.10838e+01 
 123    1.7947091 -1.07776e+01 
 124    1.8340081 -1.04468e+01 
 125    1.8741676 -1.01033e+01 
 126    1.9152066 -9.80305e+00 
 127    1.9571441 -9.47561e+00 
 128    2.0000000 -9.14252e+00 
 129    2.0437943 -8.86968e+00 
 130    2.0885476 -8.62320e+00 
 131    2.1342808 -8.38193e+00 
 132    2.1810155 -8.14146e+00 
 133    2.2287735 -7.98281e+00 
 134    2.2775773 -7.88246e+00 
 135    2.3274497 -7.79280e+00 
 136    2.3784142 -7.71442e+00 
 137    2.4304947 -7.66836e+00 
 138    2.4837156 -7.57581e+00 
 139    2.5381019 -7.56018e+00 
 140    2.5936791 -7.55267e+00 
 141    2.6504733 -7.54722e+00 
 142    2.7085111 -7.53743e+00 
 143    2.7678198 -7.48773e+00 
 144    2.8284271 -7.47674e+00 
 145    2.8903616 -7.43464e+00 
 146    2.9536523 -7.39318e+00 
 147    3.0183289 -7.41219e+00 
 148    3.0844217 -7.41815e+00 
 149    3.1519617 -7.43074e+00 
 150    3.2209807 -7.48519e+00 
 151    3.2915110 -7.48460e+00 
 152    3.3635857 -7.47240e+00 
 153    3.4372386 -7.49283e+00 
 154    3.5125043 -7.50115e+00 
 155    3.5894182 -7.52149e+00 
 156    3.6680162 -7.55438e+00 
 157    3.7483353 -7.57891e+00 
 158    3.8304131 -7.62281e+00 
 159    3.9142882 -7.63423e+00 
 160    4.0000000 -7.68340e+00 
 161    4.0875886 -7.71414e+00 
 162    4.1770951 -7.73291e+00 
 163    4.2685616 -7.78914e+00 
 164    4.3620309 -7.79786e+00 
 165    4.4575470 -7.79545e+00 
 166    4.5551545 -7.78227e+00 
 167    4.6548994 -7.77031e+00 
 168    4.7568285 -7.76054e+00 
 169    4.8609894 -7.78326e+00 
 170    4.9674312 -7.81116e+00 
 171    5.0762038 -7.90573e+00 
 172    5.1873582 -7.99510e+00 
 173    5.3009466 -8.21280e+00 
 174    5.4170222 -8.48837e+00 
 175    5.5356395 -8.79701e+00 
 176    5.6568542 -9.17616e+00 
 177    5.7807232 -9.56659e+00 
 178    5.9073046 -1.00284e+01 
 179    6.0366577 -1.04464e+01 
 180    6.1688433 -1.08381e+01 
 181    6.3039234 -1.12762e+01 
 182    6.4419613 -1.16273e+01 
 183    6.5830219 -1.19303e+01 
 184    6.7271713 -1.21867e+01 
 185    6.8744772 -1.23516e+01 
 186    7.0250086 -1.24886e+01 
 187    7.1788363 -1.25825e+01 
 188    7.3360323 -1.26294e+01 
 189    7.4966705 -1.26100e+01 


# K-band (filter: Ks_mosfire.dat)
   0    0.1250000 -1.60401e+01 
   1    0.1277371 -1.60966e+01 
   2    0.1305342 -1.61543e+01 
   3    0.1333926 -1.62133e+01 
   4    0.1363135 -1.62608e+01 
   5    0.1392983 -1.63014e+01 
   6    0.1423486 -1.63212e+01 
   7    0.1454656 -1.62979e+01 
   8    0.1486509 -1.62825e+01 
   9    0.1519059 -1.62581e+01 
  10    0.1552322 -1.62331e+01 
  11    0.1586314 -1.61949e+01 
  12    0.1621049 -1.61707e+01 
  13    0.1656546 -1.61485e+01 
  14    0.1692819 -1.61254e+01 
  15    0.1729887 -1.60966e+01 
  16    0.1767767 -1.60736e+01 
  17    0.1806476 -1.60474e+01 
  18    0.1846033 -1.60503e+01 
  19    0.1886456 -1.60639e+01 
  20    0.1927764 -1.60748e+01 
  21    0.1969976 -1.60825e+01 
  22    0.2013113 -1.60940e+01 
  23    0.2057194 -1.61007e+01 
  24    0.2102241 -1.61051e+01 
  25    0.2148274 -1.61046e+01 
  26    0.2195315 -1.60985e+01 
  27    0.2243386 -1.60947e+01 
  28    0.2292510 -1.60908e+01 
  29    0.2342710 -1.60823e+01 
  30    0.2394008 -1.60718e+01 
  31    0.2446430 -1.60596e+01 
  32    0.2500000 -1.60414e+01 
  33    0.2554743 -1.60243e+01 
  34    0.2610684 -1.60068e+01 
  35    0.2667851 -1.59858e+01 
  36    0.2726269 -1.59621e+01 
  37    0.2785967 -1.59372e+01 
  38    0.2846972 -1.59104e+01 
  39    0.2909312 -1.58868e+01 
  40    0.2973018 -1.58582e+01 
  41    0.3038118 -1.58320e+01 
  42    0.3104645 -1.57962e+01 
  43    0.3172627 -1.57606e+01 
  44    0.3242099 -1.57262e+01 
  45    0.3313092 -1.56922e+01 
  46    0.3385639 -1.56531e+01 
  47    0.3459775 -1.56153e+01 
  48    0.3535534 -1.55734e+01 
  49    0.3612952 -1.55309e+01 
  50    0.3692065 -1.54941e+01 
  51    0.3772911 -1.54481e+01 
  52    0.3855527 -1.54018e+01 
  53    0.3939952 -1.53601e+01 
  54    0.4026226 -1.53078e+01 
  55    0.4114389 -1.52651e+01 
  56    0.4204482 -1.52131e+01 
  57    0.4296548 -1.51658e+01 
  58    0.4390630 -1.51168e+01 
  59    0.4486773 -1.50656e+01 
  60    0.4585020 -1.50160e+01 
  61    0.4685419 -1.49738e+01 
  62    0.4788016 -1.49260e+01 
  63    0.4892860 -1.48770e+01 
  64    0.5000000 -1.48291e+01 
  65    0.5109486 -1.47742e+01 
  66    0.5221369 -1.47244e+01 
  67    0.5335702 -1.46733e+01 
  68    0.5452539 -1.46192e+01 
  69    0.5571934 -1.45667e+01 
  70    0.5693943 -1.45126e+01 
  71    0.5818624 -1.44589e+01 
  72    0.5946036 -1.44097e+01 
  73    0.6076237 -1.43558e+01 
  74    0.6209289 -1.43039e+01 
  75    0.6345255 -1.42464e+01 
  76    0.6484198 -1.41877e+01 
  77    0.6626183 -1.41379e+01 
  78    0.6771278 -1.40804e+01 
  79    0.6919549 -1.40204e+01 
  80    0.7071068 -1.39738e+01 
  81    0.7225904 -1.39148e+01 
  82    0.7384131 -1.38495e+01 
  83    0.7545822 -1.37994e+01 
  84    0.7711054 -1.37404e+01 
  85    0.7879904 -1.36880e+01 
  86    0.8052452 -1.36325e+01 
  87    0.8228777 -1.35772e+01 
  88    0.8408964 -1.35166e+01 
  89    0.8593096 -1.34636e+01 
  90    0.8781261 -1.34039e+01 
  91    0.8973545 -1.33580e+01 
  92    0.9170040 -1.32926e+01 
  93    0.9370838 -1.32394e+01 
  94    0.9576033 -1.31891e+01 
  95    0.9785721 -1.31203e+01 
  96    1.0000000 -1.30603e+01 
  97    1.0218971 -1.30022e+01 
  98    1.0442738 -1.29387e+01 
  99    1.0671404 -1.28820e+01 
 100    1.0905077 -1.28319e+01 
 101    1.1143867 -1.27722e+01 
 102    1.1387886 -1.27161e+01 
 103    1.1637249 -1.26507e+01 
 104    1.1892071 -1.25926e+01 
 105    1.2152474 -1.25337e+01 
 106    1.2418578 -1.24730e+01 
 107    1.2690510 -1.24196e+01 
 108    1.2968396 -1.23535e+01 
 109    1.3252366 -1.22964e+01 
 110    1.3542555 -1.22440e+01 
 111    1.3839099 -1.21832e+01 
 112    1.4142136 -1.21122e+01 
 113    1.4451808 -1.20260e+01 
 114    1.4768261 -1.19276e+01 
 115    1.5091644 -1.18345e+01 
 116    1.5422108 -1.17210e+01 
 117    1.5759808 -1.16014e+01 
 118    1.6104903 -1.14671e+01 
 119    1.6457555 -1.13383e+01 
 120    1.6817928 -1.12074e+01 
 121    1.7186193 -1.10363e+01 
 122    1.7562522 -1.08507e+01 
 123    1.7947091 -1.06491e+01 
 124    1.8340081 -1.04527e+01 
 125    1.8741676 -1.02453e+01 
 126    1.9152066 -1.00324e+01 
 127    1.9571441 -9.82727e+00 
 128    2.0000000 -9.58054e+00 
 129    2.0437943 -9.36292e+00 
 130    2.0885476 -9.10998e+00 
 131    2.1342808 -8.85888e+00 
 132    2.1810155 -8.60444e+00 
 133    2.2287735 -8.31628e+00 
 134    2.2775773 -8.05373e+00 
 135    2.3274497 -7.81693e+00 
 136    2.3784142 -7.59803e+00 
 137    2.4304947 -7.34994e+00 
 138    2.4837156 -7.07074e+00 
 139    2.5381019 -6.91400e+00 
 140    2.5936791 -6.69152e+00 
 141    2.6504733 -6.46775e+00 
 142    2.7085111 -6.29944e+00 
 143    2.7678198 -6.09435e+00 
 144    2.8284271 -6.02737e+00 
 145    2.8903616 -5.75020e+00 
 146    2.9536523 -5.65487e+00 
 147    3.0183289 -5.49093e+00 
 148    3.0844217 -5.30794e+00 
 149    3.1519617 -5.15426e+00 
 150    3.2209807 -5.06059e+00 
 151    3.2915110 -4.90239e+00 
 152    3.3635857 -4.80373e+00 
 153    3.4372386 -4.82797e+00 
 154    3.5125043 -4.68419e+00 
 155    3.5894182 -4.66293e+00 
 156    3.6680162 -4.61352e+00 
 157    3.7483353 -4.80345e+00 
 158    3.8304131 -4.88066e+00 
 159    3.9142882 -5.06031e+00 
 160    4.0000000 -5.18214e+00 
 161    4.0875886 -5.26477e+00 
 162    4.1770951 -5.42470e+00 
 163    4.2685616 -5.63162e+00 
 164    4.3620309 -5.81563e+00 
 165    4.4575470 -5.95189e+00 
 166    4.5551545 -6.23578e+00 
 167    4.6548994 -6.49666e+00 
 168    4.7568285 -6.68708e+00 
 169    4.8609894 -6.89140e+00 
 170    4.9674312 -7.03512e+00 
 171    5.0762038 -7.19475e+00 
 172    5.1873582 -7.37447e+00 
 173    5.3009466 -7.51889e+00 
 174    5.4170222 -7.60277e+00 
 175    5.5356395 -7.68579e+00 
 176    5.6568542 -7.71207e+00 
 177    5.7807232 -7.71028e+00 
 178    5.9073046 -7.65091e+00 
 179    6.0366577 -7.57832e+00 
 180    6.1688433 -7.46554e+00 
 181    6.3039234 -7.31783e+00 
 182    6.4419613 -7.17073e+00 
 183    6.5830219 -7.03147e+00 
 184    6.7271713 -6.88629e+00 
 185    6.8744772 -6.82113e+00 
 186    7.0250086 -6.76147e+00 
 187    7.1788363 -6.66617e+00 
 188    7.3360323 -6.59702e+00 
 189    7.4966705 -6.57502e+00 


# S-band (filter: Spitzer_IRAC2.dat)
   0    0.1250000 -1.45610e+01 
   1    0.1277371 -1.45582e+01 
   2    0.1305342 -1.45554e+01 
   3    0.1333926 -1.45526e+01 
   4    0.1363135 -1.45717e+01 
   5    0.1392983 -1.45672e+01 
   6    0.1423486 -1.45520e+01 
   7    0.1454656 -1.45178e+01 
   8    0.1486509 -1.45046e+01 
   9    0.1519059 -1.44761e+01 
  10    0.1552322 -1.44555e+01 
  11    0.1586314 -1.44399e+01 
  12    0.1621049 -1.44032e+01 
  13    0.1656546 -1.43766e+01 
  14    0.1692819 -1.43588e+01 
  15    0.1729887 -1.43139e+01 
  16    0.1767767 -1.42754e+01 
  17    0.1806476 -1.42345e+01 
  18    0.1846033 -1.42063e+01 
  19    0.1886456 -1.41659e+01 
  20    0.1927764 -1.41229e+01 
  21    0.1969976 -1.40896e+01 
  22    0.2013113 -1.40390e+01 
  23    0.2057194 -1.39912e+01 
  24    0.2102241 -1.39628e+01 
  25    0.2148274 -1.39267e+01 
  26    0.2195315 -1.38865e+01 
  27    0.2243386 -1.38521e+01 
  28    0.2292510 -1.38119e+01 
  29    0.2342710 -1.37725e+01 
  30    0.2394008 -1.37275e+01 
  31    0.2446430 -1.36795e+01 
  32    0.2500000 -1.36227e+01 
  33    0.2554743 -1.35605e+01 
  34    0.2610684 -1.35116e+01 
  35    0.2667851 -1.34623e+01 
  36    0.2726269 -1.34111e+01 
  37    0.2785967 -1.33594e+01 
  38    0.2846972 -1.32762e+01 
  39    0.2909312 -1.31921e+01 
  40    0.2973018 -1.31167e+01 
  41    0.3038118 -1.30665e+01 
  42    0.3104645 -1.30163e+01 
  43    0.3172627 -1.29473e+01 
  44    0.3242099 -1.29016e+01 
  45    0.3313092 -1.28380e+01 
  46    0.3385639 -1.28002e+01 
  47    0.3459775 -1.27331e+01 
  48    0.3535534 -1.26778e+01 
  49    0.3612952 -1.26149e+01 
  50    0.3692065 -1.25729e+01 
  51    0.3772911 -1.25260e+01 
  52    0.3855527 -1.24738e+01 
  53    0.3939952 -1.24098e+01 
  54    0.4026226 -1.23324e+01 
  55    0.4114389 -1.22675e+01 
  56    0.4204482 -1.22131e+01 
  57    0.4296548 -1.21362e+01 
  58    0.4390630 -1.20651e+01 
  59    0.4486773 -1.19896e+01 
  60    0.4585020 -1.19081e+01 
  61    0.4685419 -1.18608e+01 
  62    0.4788016 -1.17684e+01 
  63    0.4892860 -1.17428e+01 
  64    0.5000000 -1.16827e+01 
  65    0.5109486 -1.16300e+01 
  66    0.5221369 -1.15575e+01 
  67    0.5335702 -1.14945e+01 
  68    0.5452539 -1.14720e+01 
  69    0.5571934 -1.14198e+01 
  70    0.5693943 -1.13613e+01 
  71    0.5818624 -1.13156e+01 
  72    0.5946036 -1.12744e+01 
  73    0.6076237 -1.11888e+01 
  74    0.6209289 -1.11360e+01 
  75    0.6345255 -1.10889e+01 
  76    0.6484198 -1.10399e+01 
  77    0.6626183 -1.09927e+01 
  78    0.6771278 -1.09514e+01 
  79    0.6919549 -1.08804e+01 
  80    0.7071068 -1.07760e+01 
  81    0.7225904 -1.07101e+01 
  82    0.7384131 -1.05878e+01 
  83    0.7545822 -1.05377e+01 
  84    0.7711054 -1.04587e+01 
  85    0.7879904 -1.04189e+01 
  86    0.8052452 -1.03108e+01 
  87    0.8228777 -1.02042e+01 
  88    0.8408964 -1.01229e+01 
  89    0.8593096 -1.00634e+01 
  90    0.8781261 -9.96902e+00 
  91    0.8973545 -9.91607e+00 
  92    0.9170040 -9.87084e+00 
  93    0.9370838 -9.79931e+00 
  94    0.9576033 -9.75695e+00 
  95    0.9785721 -9.65291e+00 
  96    1.0000000 -9.59062e+00 
  97    1.0218971 -9.48494e+00 
  98    1.0442738 -9.44057e+00 
  99    1.0671404 -9.35106e+00 
 100    1.0905077 -9.31040e+00 
 101    1.1143867 -9.23056e+00 
 102    1.1387886 -9.22450e+00 
 103    1.1637249 -9.16180e+00 
 104    1.1892071 -9.03486e+00 
 105    1.2152474 -9.01735e+00 
 106    1.2418578 -8.92300e+00 
 107    1.2690510 -8.90461e+00 
 108    1.2968396 -8.80046e+00 
 109    1.3252366 -8.72999e+00 
 110    1.3542555 -8.68215e+00 
 111    1.3839099 -8.52653e+00 
 112    1.4142136 -8.42044e+00 
 113    1.4451808 -8.36689e+00 
 114    1.4768261 -8.15588e+00 
 115    1.5091644 -7.97653e+00 
 116    1.5422108 -7.90885e+00 
 117    1.5759808 -7.67193e+00 
 118    1.6104903 -7.48278e+00 
 119    1.6457555 -7.39617e+00 
 120    1.6817928 -7.35659e+00 
 121    1.7186193 -6.16887e+00 
 122    1.7562522 -5.18261e+00 
 123    1.7947091 -4.60533e+00 
 124    1.8340081 -4.30930e+00 
 125    1.8741676 -3.39996e+00 
 126    1.9152066 -2.86286e+00 
 127    1.9571441 -2.59429e+00 
 128    2.0000000 -2.01559e+00 
 129    2.0437943 -1.14831e+00 
 130    2.0885476 -6.33756e-01 
 131    2.1342808 -2.15548e-01 
 132    2.1810155  4.19791e-01 
 133    2.2287735  4.35649e-02 
 134    2.2775773  1.80663e-02 
 135    2.3274497  4.17025e-02 
 136    2.3784142  2.91004e-01 
 137    2.4304947  1.68242e-01 
 138    2.4837156  1.55519e-01 
 139    2.5381019  3.66061e-01 
 140    2.5936791  2.96913e-01 
 141    2.6504733  6.96005e-02 
 142    2.7085111  7.22487e-02 
 143    2.7678198  5.50630e-02 
 144    2.8284271  0.00000e+00 
 145    2.8903616  0.00000e+00 
 146    2.9536523  0.00000e+00 
 147    3.0183289  0.00000e+00 
 148    3.0844217  0.00000e+00 
 149    3.1519617  0.00000e+00 
 150    3.2209807  5.02736e-01 
 151    3.2915110  9.18911e-01 
 152    3.3635857  1.62953e+00 
 153    3.4372386  1.82856e+00 
 154    3.5125043  2.97359e+00 
 155    3.5894182  3.12361e+00 
 156    3.6680162  3.41485e+00 
 157    3.7483353  4.13809e+00 
 158    3.8304131  4.02812e+00 
 159    3.9142882  4.37621e+00 
 160    4.0000000  3.63855e+00 
 161    4.0875886  3.06255e+00 
 162    4.1770951  2.02727e+00 
 163    4.2685616  1.61590e+00 
 164    4.3620309  6.74333e-01 
 165    4.4575470 -2.03033e-01 
 166    4.5551545 -1.22841e+00 
 167    4.6548994 -1.86541e+00 
 168    4.7568285 -2.51914e+00 
 169    4.8609894 -3.46712e+00 
 170    4.9674312 -4.00424e+00 
 171    5.0762038 -4.54696e+00 
 172    5.1873582 -4.68322e+00 
 173    5.3009466 -4.80024e+00 
 174    5.4170222 -4.95179e+00 
 175    5.5356395 -5.38412e+00 
 176    5.6568542 -5.45614e+00 
 177    5.7807232 -5.55598e+00 
 178    5.9073046 -5.67798e+00 
 179    6.0366577 -5.71895e+00 
 180    6.1688433 -5.75083e+00 
 181    6.3039234 -5.65940e+00 
 182    6.4419613 -5.52928e+00 
 183    6.5830219 -5.39749e+00 
 184    6.7271713 -5.15568e+00 
 185    6.8744772 -4.97594e+00 
 186    7.0250086 -4.72472e+00 
 187    7.1788363 -4.46058e+00 
 188    7.3360323 -4.16421e+00 
 189    7.4966705 -3.80838e+00 


