# 1:iteration 2:time bin[s] 3-k:AB magnitude for k-th angular bin
# g-band (filter: g_LSST.dat)
   0    0.1250000 -1.38163e+01 
   1    0.1277371 -1.38144e+01 
   2    0.1305342 -1.38124e+01 
   3    0.1333926 -1.38104e+01 
   4    0.1363135 -1.38062e+01 
   5    0.1392983 -1.38009e+01 
   6    0.1423486 -1.37930e+01 
   7    0.1454656 -1.37830e+01 
   8    0.1486509 -1.37713e+01 
   9    0.1519059 -1.37567e+01 
  10    0.1552322 -1.37397e+01 
  11    0.1586314 -1.37207e+01 
  12    0.1621049 -1.36982e+01 
  13    0.1656546 -1.36723e+01 
  14    0.1692819 -1.36437e+01 
  15    0.1729887 -1.36122e+01 
  16    0.1767767 -1.35763e+01 
  17    0.1806476 -1.35361e+01 
  18    0.1846033 -1.34923e+01 
  19    0.1886456 -1.34429e+01 
  20    0.1927764 -1.33893e+01 
  21    0.1969976 -1.33320e+01 
  22    0.2013113 -1.32686e+01 
  23    0.2057194 -1.32006e+01 
  24    0.2102241 -1.31278e+01 
  25    0.2148274 -1.30493e+01 
  26    0.2195315 -1.29659e+01 
  27    0.2243386 -1.28780e+01 
  28    0.2292510 -1.27839e+01 
  29    0.2342710 -1.26849e+01 
  30    0.2394008 -1.25822e+01 
  31    0.2446430 -1.24747e+01 
  32    0.2500000 -1.23599e+01 
  33    0.2554743 -1.22417e+01 
  34    0.2610684 -1.21165e+01 
  35    0.2667851 -1.19868e+01 
  36    0.2726269 -1.18518e+01 
  37    0.2785967 -1.17106e+01 
  38    0.2846972 -1.15634e+01 
  39    0.2909312 -1.14128e+01 
  40    0.2973018 -1.12626e+01 
  41    0.3038118 -1.11131e+01 
  42    0.3104645 -1.09588e+01 
  43    0.3172627 -1.08011e+01 
  44    0.3242099 -1.06481e+01 
  45    0.3313092 -1.04948e+01 
  46    0.3385639 -1.03402e+01 
  47    0.3459775 -1.01869e+01 
  48    0.3535534 -1.00360e+01 
  49    0.3612952 -9.88736e+00 
  50    0.3692065 -9.74287e+00 
  51    0.3772911 -9.60422e+00 
  52    0.3855527 -9.46193e+00 
  53    0.3939952 -9.32984e+00 
  54    0.4026226 -9.20671e+00 
  55    0.4114389 -9.08357e+00 
  56    0.4204482 -8.96823e+00 
  57    0.4296548 -8.85878e+00 
  58    0.4390630 -8.75953e+00 
  59    0.4486773 -8.66537e+00 
  60    0.4585020 -8.58085e+00 
  61    0.4685419 -8.50508e+00 
  62    0.4788016 -8.43523e+00 
  63    0.4892860 -8.37036e+00 
  64    0.5000000 -8.31902e+00 
  65    0.5109486 -8.26752e+00 
  66    0.5221369 -8.21865e+00 
  67    0.5335702 -8.18199e+00 
  68    0.5452539 -8.15079e+00 
  69    0.5571934 -8.12639e+00 
  70    0.5693943 -8.09721e+00 
  71    0.5818624 -8.07610e+00 
  72    0.5946036 -8.05514e+00 
  73    0.6076237 -8.04152e+00 
  74    0.6209289 -8.02836e+00 
  75    0.6345255 -8.01794e+00 
  76    0.6484198 -8.00372e+00 
  77    0.6626183 -7.99335e+00 
  78    0.6771278 -7.98184e+00 
  79    0.6919549 -7.96966e+00 
  80    0.7071068 -7.95558e+00 
  81    0.7225904 -7.94403e+00 
  82    0.7384131 -7.93018e+00 
  83    0.7545822 -7.91077e+00 
  84    0.7711054 -7.89073e+00 
  85    0.7879904 -7.85760e+00 
  86    0.8052452 -7.81836e+00 
  87    0.8228777 -7.78023e+00 
  88    0.8408964 -7.72439e+00 
  89    0.8593096 -7.65658e+00 
  90    0.8781261 -7.58835e+00 
  91    0.8973545 -7.50766e+00 
  92    0.9170040 -7.41900e+00 
  93    0.9370838 -7.32164e+00 
  94    0.9576033 -7.21208e+00 
  95    0.9785721 -7.09983e+00 
  96    1.0000000 -6.97886e+00 
  97    1.0218971 -6.85831e+00 
  98    1.0442738 -6.73004e+00 
  99    1.0671404 -6.59985e+00 
 100    1.0905077 -6.47466e+00 
 101    1.1143867 -6.34777e+00 
 102    1.1387886 -6.22339e+00 
 103    1.1637249 -6.09575e+00 
 104    1.1892071 -5.97275e+00 
 105    1.2152474 -5.85411e+00 
 106    1.2418578 -5.73876e+00 
 107    1.2690510 -5.62591e+00 
 108    1.2968396 -5.51513e+00 
 109    1.3252366 -5.40633e+00 
 110    1.3542555 -5.30262e+00 
 111    1.3839099 -5.19798e+00 
 112    1.4142136 -5.09715e+00 
 113    1.4451808 -4.99882e+00 
 114    1.4768261 -4.90028e+00 
 115    1.5091644 -4.80252e+00 
 116    1.5422108 -4.70481e+00 
 117    1.5759808 -4.60771e+00 
 118    1.6104903 -4.51015e+00 
 119    1.6457555 -4.41371e+00 
 120    1.6817928 -4.31561e+00 
 121    1.7186193 -4.21570e+00 
 122    1.7562522 -4.11729e+00 
 123    1.7947091 -4.01720e+00 
 124    1.8340081 -3.91462e+00 
 125    1.8741676 -3.81193e+00 
 126    1.9152066 -3.70645e+00 
 127    1.9571441 -3.59853e+00 
 128    2.0000000 -3.48802e+00 
 129    2.0437943 -3.37533e+00 
 130    2.0885476 -3.25907e+00 
 131    2.1342808 -3.13950e+00 
 132    2.1810155 -3.01363e+00 
 133    2.2287735 -2.88754e+00 
 134    2.2775773 -2.75557e+00 
 135    2.3274497 -2.61926e+00 
 136    2.3784142 -2.47819e+00 
 137    2.4304947 -2.33079e+00 
 138    2.4837156 -2.17778e+00 
 139    2.5381019 -2.01734e+00 
 140    2.5936791 -1.85597e+00 
 141    2.6504733 -1.68458e+00 
 142    2.7085111 -1.50826e+00 
 143    2.7678198 -1.32719e+00 
 144    2.8284271 -1.13897e+00 
 145    2.8903616 -9.40451e-01 
 146    2.9536523 -7.31927e-01 
 147    3.0183289 -5.18843e-01 
 148    3.0844217 -2.94055e-01 
 149    3.1519617 -6.00508e-02 
 150    3.2209807  1.80427e-01 
 151    3.2915110  4.22760e-01 
 152    3.3635857  6.78789e-01 
 153    3.4372386  9.39588e-01 
 154    3.5125043  1.21041e+00 
 155    3.5894182  1.50092e+00 
 156    3.6680162  1.79677e+00 
 157    3.7483353  2.11028e+00 
 158    3.8304131  2.42556e+00 
 159    3.9142882  2.75347e+00 
 160    4.0000000  3.11075e+00 
 161    4.0875886  3.47293e+00 
 162    4.1770951  3.82130e+00 
 163    4.2685616  4.19996e+00 
 164    4.3620309  4.60035e+00 
 165    4.4575470  5.01542e+00 
 166    4.5551545  5.42224e+00 
 167    4.6548994  5.82287e+00 
 168    4.7568285  6.36703e+00 
 169    4.8609894  6.76191e+00 
 170    4.9674312  7.12355e+00 
 171    5.0762038  7.58959e+00 
 172    5.1873582  8.03339e+00 
 173    5.3009466  8.57450e+00 
 174    5.4170222  7.78707e+00 
 175    5.5356395  8.12580e+00 
 176    5.6568542  7.24622e+00 
 177    5.7807232  6.51376e+00 
 178    5.9073046  5.72864e+00 
 179    6.0366577  5.02754e+00 
 180    6.1688433  4.30513e+00 
 181    6.3039234  3.39522e+00 
 182    6.4419613  2.77678e+00 
 183    6.5830219  2.04419e+00 
 184    6.7271713  1.29149e+00 
 185    6.8744772  5.03549e-01 
 186    7.0250086  4.51591e-01 
 187    7.1788363  0.00000e+00 
 188    7.3360323  0.00000e+00 
 189    7.4966705  0.00000e+00 


# r-band (filter: r_LSST.dat)
   0    0.1250000 -1.40088e+01 
   1    0.1277371 -1.40206e+01 
   2    0.1305342 -1.40325e+01 
   3    0.1333926 -1.40448e+01 
   4    0.1363135 -1.40564e+01 
   5    0.1392983 -1.40664e+01 
   6    0.1423486 -1.40747e+01 
   7    0.1454656 -1.40819e+01 
   8    0.1486509 -1.40879e+01 
   9    0.1519059 -1.40919e+01 
  10    0.1552322 -1.40950e+01 
  11    0.1586314 -1.40970e+01 
  12    0.1621049 -1.40972e+01 
  13    0.1656546 -1.40961e+01 
  14    0.1692819 -1.40935e+01 
  15    0.1729887 -1.40896e+01 
  16    0.1767767 -1.40831e+01 
  17    0.1806476 -1.40757e+01 
  18    0.1846033 -1.40667e+01 
  19    0.1886456 -1.40559e+01 
  20    0.1927764 -1.40434e+01 
  21    0.1969976 -1.40296e+01 
  22    0.2013113 -1.40140e+01 
  23    0.2057194 -1.39973e+01 
  24    0.2102241 -1.39787e+01 
  25    0.2148274 -1.39582e+01 
  26    0.2195315 -1.39366e+01 
  27    0.2243386 -1.39140e+01 
  28    0.2292510 -1.38900e+01 
  29    0.2342710 -1.38638e+01 
  30    0.2394008 -1.38364e+01 
  31    0.2446430 -1.38071e+01 
  32    0.2500000 -1.37766e+01 
  33    0.2554743 -1.37444e+01 
  34    0.2610684 -1.37101e+01 
  35    0.2667851 -1.36742e+01 
  36    0.2726269 -1.36382e+01 
  37    0.2785967 -1.36027e+01 
  38    0.2846972 -1.35726e+01 
  39    0.2909312 -1.35489e+01 
  40    0.2973018 -1.35224e+01 
  41    0.3038118 -1.34984e+01 
  42    0.3104645 -1.34769e+01 
  43    0.3172627 -1.34606e+01 
  44    0.3242099 -1.34523e+01 
  45    0.3313092 -1.34495e+01 
  46    0.3385639 -1.34497e+01 
  47    0.3459775 -1.34536e+01 
  48    0.3535534 -1.34465e+01 
  49    0.3612952 -1.34362e+01 
  50    0.3692065 -1.34082e+01 
  51    0.3772911 -1.33759e+01 
  52    0.3855527 -1.33451e+01 
  53    0.3939952 -1.33117e+01 
  54    0.4026226 -1.32808e+01 
  55    0.4114389 -1.32398e+01 
  56    0.4204482 -1.32072e+01 
  57    0.4296548 -1.31733e+01 
  58    0.4390630 -1.31374e+01 
  59    0.4486773 -1.31047e+01 
  60    0.4585020 -1.30793e+01 
  61    0.4685419 -1.30611e+01 
  62    0.4788016 -1.30488e+01 
  63    0.4892860 -1.30371e+01 
  64    0.5000000 -1.30286e+01 
  65    0.5109486 -1.30227e+01 
  66    0.5221369 -1.30194e+01 
  67    0.5335702 -1.30184e+01 
  68    0.5452539 -1.30169e+01 
  69    0.5571934 -1.30140e+01 
  70    0.5693943 -1.29955e+01 
  71    0.5818624 -1.29726e+01 
  72    0.5946036 -1.29313e+01 
  73    0.6076237 -1.28923e+01 
  74    0.6209289 -1.28530e+01 
  75    0.6345255 -1.28141e+01 
  76    0.6484198 -1.27756e+01 
  77    0.6626183 -1.27268e+01 
  78    0.6771278 -1.26821e+01 
  79    0.6919549 -1.26323e+01 
  80    0.7071068 -1.25760e+01 
  81    0.7225904 -1.25234e+01 
  82    0.7384131 -1.24685e+01 
  83    0.7545822 -1.24202e+01 
  84    0.7711054 -1.23711e+01 
  85    0.7879904 -1.23149e+01 
  86    0.8052452 -1.22467e+01 
  87    0.8228777 -1.21734e+01 
  88    0.8408964 -1.20819e+01 
  89    0.8593096 -1.19785e+01 
  90    0.8781261 -1.18688e+01 
  91    0.8973545 -1.17451e+01 
  92    0.9170040 -1.16125e+01 
  93    0.9370838 -1.14695e+01 
  94    0.9576033 -1.13193e+01 
  95    0.9785721 -1.11604e+01 
  96    1.0000000 -1.09918e+01 
  97    1.0218971 -1.08142e+01 
  98    1.0442738 -1.06273e+01 
  99    1.0671404 -1.04340e+01 
 100    1.0905077 -1.02278e+01 
 101    1.1143867 -1.00127e+01 
 102    1.1387886 -9.79000e+00 
 103    1.1637249 -9.56139e+00 
 104    1.1892071 -9.32861e+00 
 105    1.2152474 -9.09864e+00 
 106    1.2418578 -8.85880e+00 
 107    1.2690510 -8.63267e+00 
 108    1.2968396 -8.41438e+00 
 109    1.3252366 -8.19679e+00 
 110    1.3542555 -7.99993e+00 
 111    1.3839099 -7.81419e+00 
 112    1.4142136 -7.63868e+00 
 113    1.4451808 -7.48088e+00 
 114    1.4768261 -7.33636e+00 
 115    1.5091644 -7.20409e+00 
 116    1.5422108 -7.08444e+00 
 117    1.5759808 -6.97242e+00 
 118    1.6104903 -6.86913e+00 
 119    1.6457555 -6.77278e+00 
 120    1.6817928 -6.67932e+00 
 121    1.7186193 -6.58884e+00 
 122    1.7562522 -6.50143e+00 
 123    1.7947091 -6.41574e+00 
 124    1.8340081 -6.33178e+00 
 125    1.8741676 -6.24846e+00 
 126    1.9152066 -6.16490e+00 
 127    1.9571441 -6.08038e+00 
 128    2.0000000 -5.99613e+00 
 129    2.0437943 -5.91001e+00 
 130    2.0885476 -5.82298e+00 
 131    2.1342808 -5.73467e+00 
 132    2.1810155 -5.64445e+00 
 133    2.2287735 -5.55252e+00 
 134    2.2775773 -5.45858e+00 
 135    2.3274497 -5.36234e+00 
 136    2.3784142 -5.26317e+00 
 137    2.4304947 -5.16205e+00 
 138    2.4837156 -5.05712e+00 
 139    2.5381019 -4.94971e+00 
 140    2.5936791 -4.83890e+00 
 141    2.6504733 -4.72477e+00 
 142    2.7085111 -4.60590e+00 
 143    2.7678198 -4.48422e+00 
 144    2.8284271 -4.35591e+00 
 145    2.8903616 -4.22294e+00 
 146    2.9536523 -4.08515e+00 
 147    3.0183289 -3.94222e+00 
 148    3.0844217 -3.79245e+00 
 149    3.1519617 -3.63621e+00 
 150    3.2209807 -3.47469e+00 
 151    3.2915110 -3.30327e+00 
 152    3.3635857 -3.12536e+00 
 153    3.4372386 -2.94005e+00 
 154    3.5125043 -2.74407e+00 
 155    3.5894182 -2.53992e+00 
 156    3.6680162 -2.32883e+00 
 157    3.7483353 -2.10754e+00 
 158    3.8304131 -1.87568e+00 
 159    3.9142882 -1.63688e+00 
 160    4.0000000 -1.38576e+00 
 161    4.0875886 -1.12409e+00 
 162    4.1770951 -8.53590e-01 
 163    4.2685616 -5.75301e-01 
 164    4.3620309 -2.76923e-01 
 165    4.4575470  2.65662e-02 
 166    4.5551545  3.46941e-01 
 167    4.6548994  6.71435e-01 
 168    4.7568285  1.01039e+00 
 169    4.8609894  1.36157e+00 
 170    4.9674312  1.73470e+00 
 171    5.0762038  2.11823e+00 
 172    5.1873582  2.50991e+00 
 173    5.3009466  2.91900e+00 
 174    5.4170222  3.34388e+00 
 175    5.5356395  3.77390e+00 
 176    5.6568542  4.21348e+00 
 177    5.7807232  4.65402e+00 
 178    5.9073046  5.09602e+00 
 179    6.0366577  5.58969e+00 
 180    6.1688433  6.11727e+00 
 181    6.3039234  6.57663e+00 
 182    6.4419613  7.13674e+00 
 183    6.5830219  7.57308e+00 
 184    6.7271713  8.11902e+00 
 185    6.8744772  8.67813e+00 
 186    7.0250086  9.13658e+00 
 187    7.1788363  9.67515e+00 
 188    7.3360323  1.02183e+01 
 189    7.4966705  1.07505e+01 


# i-band (filter: i_LSST.dat)
   0    0.1250000 -1.36879e+01 
   1    0.1277371 -1.37065e+01 
   2    0.1305342 -1.37254e+01 
   3    0.1333926 -1.37448e+01 
   4    0.1363135 -1.37619e+01 
   5    0.1392983 -1.37767e+01 
   6    0.1423486 -1.37893e+01 
   7    0.1454656 -1.37992e+01 
   8    0.1486509 -1.38068e+01 
   9    0.1519059 -1.38118e+01 
  10    0.1552322 -1.38141e+01 
  11    0.1586314 -1.38150e+01 
  12    0.1621049 -1.38121e+01 
  13    0.1656546 -1.38070e+01 
  14    0.1692819 -1.37997e+01 
  15    0.1729887 -1.37905e+01 
  16    0.1767767 -1.37783e+01 
  17    0.1806476 -1.37633e+01 
  18    0.1846033 -1.37460e+01 
  19    0.1886456 -1.37265e+01 
  20    0.1927764 -1.37047e+01 
  21    0.1969976 -1.36815e+01 
  22    0.2013113 -1.36582e+01 
  23    0.2057194 -1.36355e+01 
  24    0.2102241 -1.36106e+01 
  25    0.2148274 -1.35871e+01 
  26    0.2195315 -1.35640e+01 
  27    0.2243386 -1.35407e+01 
  28    0.2292510 -1.35191e+01 
  29    0.2342710 -1.34986e+01 
  30    0.2394008 -1.34788e+01 
  31    0.2446430 -1.34601e+01 
  32    0.2500000 -1.34433e+01 
  33    0.2554743 -1.34267e+01 
  34    0.2610684 -1.34116e+01 
  35    0.2667851 -1.33968e+01 
  36    0.2726269 -1.33850e+01 
  37    0.2785967 -1.33720e+01 
  38    0.2846972 -1.33613e+01 
  39    0.2909312 -1.33536e+01 
  40    0.2973018 -1.33473e+01 
  41    0.3038118 -1.33451e+01 
  42    0.3104645 -1.33482e+01 
  43    0.3172627 -1.33531e+01 
  44    0.3242099 -1.33635e+01 
  45    0.3313092 -1.33753e+01 
  46    0.3385639 -1.33892e+01 
  47    0.3459775 -1.34021e+01 
  48    0.3535534 -1.34117e+01 
  49    0.3612952 -1.34251e+01 
  50    0.3692065 -1.34292e+01 
  51    0.3772911 -1.34296e+01 
  52    0.3855527 -1.34284e+01 
  53    0.3939952 -1.34207e+01 
  54    0.4026226 -1.34089e+01 
  55    0.4114389 -1.33913e+01 
  56    0.4204482 -1.33690e+01 
  57    0.4296548 -1.33441e+01 
  58    0.4390630 -1.33161e+01 
  59    0.4486773 -1.32852e+01 
  60    0.4585020 -1.32536e+01 
  61    0.4685419 -1.32221e+01 
  62    0.4788016 -1.31902e+01 
  63    0.4892860 -1.31577e+01 
  64    0.5000000 -1.31261e+01 
  65    0.5109486 -1.30937e+01 
  66    0.5221369 -1.30603e+01 
  67    0.5335702 -1.30199e+01 
  68    0.5452539 -1.29758e+01 
  69    0.5571934 -1.29142e+01 
  70    0.5693943 -1.28456e+01 
  71    0.5818624 -1.27773e+01 
  72    0.5946036 -1.27073e+01 
  73    0.6076237 -1.26436e+01 
  74    0.6209289 -1.25720e+01 
  75    0.6345255 -1.25133e+01 
  76    0.6484198 -1.24544e+01 
  77    0.6626183 -1.23916e+01 
  78    0.6771278 -1.23364e+01 
  79    0.6919549 -1.22846e+01 
  80    0.7071068 -1.22396e+01 
  81    0.7225904 -1.22072e+01 
  82    0.7384131 -1.21789e+01 
  83    0.7545822 -1.21557e+01 
  84    0.7711054 -1.21324e+01 
  85    0.7879904 -1.21107e+01 
  86    0.8052452 -1.20862e+01 
  87    0.8228777 -1.20601e+01 
  88    0.8408964 -1.20253e+01 
  89    0.8593096 -1.19865e+01 
  90    0.8781261 -1.19473e+01 
  91    0.8973545 -1.19017e+01 
  92    0.9170040 -1.18552e+01 
  93    0.9370838 -1.18046e+01 
  94    0.9576033 -1.17549e+01 
  95    0.9785721 -1.17037e+01 
  96    1.0000000 -1.16471e+01 
  97    1.0218971 -1.15906e+01 
  98    1.0442738 -1.15306e+01 
  99    1.0671404 -1.14712e+01 
 100    1.0905077 -1.14042e+01 
 101    1.1143867 -1.13272e+01 
 102    1.1387886 -1.12383e+01 
 103    1.1637249 -1.11425e+01 
 104    1.1892071 -1.10163e+01 
 105    1.2152474 -1.08703e+01 
 106    1.2418578 -1.07102e+01 
 107    1.2690510 -1.05223e+01 
 108    1.2968396 -1.03192e+01 
 109    1.3252366 -1.00955e+01 
 110    1.3542555 -9.86065e+00 
 111    1.3839099 -9.61618e+00 
 112    1.4142136 -9.35587e+00 
 113    1.4451808 -9.10757e+00 
 114    1.4768261 -8.86463e+00 
 115    1.5091644 -8.62150e+00 
 116    1.5422108 -8.40317e+00 
 117    1.5759808 -8.20038e+00 
 118    1.6104903 -8.00525e+00 
 119    1.6457555 -7.83480e+00 
 120    1.6817928 -7.67593e+00 
 121    1.7186193 -7.53155e+00 
 122    1.7562522 -7.40147e+00 
 123    1.7947091 -7.28406e+00 
 124    1.8340081 -7.17775e+00 
 125    1.8741676 -7.07818e+00 
 126    1.9152066 -6.98423e+00 
 127    1.9571441 -6.89445e+00 
 128    2.0000000 -6.80787e+00 
 129    2.0437943 -6.72289e+00 
 130    2.0885476 -6.63959e+00 
 131    2.1342808 -6.55747e+00 
 132    2.1810155 -6.47550e+00 
 133    2.2287735 -6.39408e+00 
 134    2.2775773 -6.31160e+00 
 135    2.3274497 -6.22904e+00 
 136    2.3784142 -6.14478e+00 
 137    2.4304947 -6.05956e+00 
 138    2.4837156 -5.97160e+00 
 139    2.5381019 -5.88188e+00 
 140    2.5936791 -5.79024e+00 
 141    2.6504733 -5.69613e+00 
 142    2.7085111 -5.59932e+00 
 143    2.7678198 -5.49993e+00 
 144    2.8284271 -5.39746e+00 
 145    2.8903616 -5.29108e+00 
 146    2.9536523 -5.18190e+00 
 147    3.0183289 -5.06899e+00 
 148    3.0844217 -4.95133e+00 
 149    3.1519617 -4.82911e+00 
 150    3.2209807 -4.70290e+00 
 151    3.2915110 -4.57125e+00 
 152    3.3635857 -4.43406e+00 
 153    3.4372386 -4.29183e+00 
 154    3.5125043 -4.14052e+00 
 155    3.5894182 -3.98410e+00 
 156    3.6680162 -3.82104e+00 
 157    3.7483353 -3.64677e+00 
 158    3.8304131 -3.46527e+00 
 159    3.9142882 -3.27617e+00 
 160    4.0000000 -3.07754e+00 
 161    4.0875886 -2.86834e+00 
 162    4.1770951 -2.65081e+00 
 163    4.2685616 -2.42172e+00 
 164    4.3620309 -2.18106e+00 
 165    4.4575470 -1.93292e+00 
 166    4.5551545 -1.67279e+00 
 167    4.6548994 -1.39832e+00 
 168    4.7568285 -1.11349e+00 
 169    4.8609894 -8.16212e-01 
 170    4.9674312 -5.05882e-01 
 171    5.0762038 -1.85295e-01 
 172    5.1873582  1.47569e-01 
 173    5.3009466  4.96193e-01 
 174    5.4170222  8.53541e-01 
 175    5.5356395  1.22269e+00 
 176    5.6568542  1.61181e+00 
 177    5.7807232  2.00794e+00 
 178    5.9073046  2.41536e+00 
 179    6.0366577  2.83379e+00 
 180    6.1688433  3.26333e+00 
 181    6.3039234  3.69689e+00 
 182    6.4419613  4.15295e+00 
 183    6.5830219  4.58125e+00 
 184    6.7271713  5.02294e+00 
 185    6.8744772  5.49702e+00 
 186    7.0250086  5.96031e+00 
 187    7.1788363  6.43422e+00 
 188    7.3360323  6.91210e+00 
 189    7.4966705  7.39257e+00 


# z-band (filter: z_LSST.dat)
   0    0.1250000 -1.35630e+01 
   1    0.1277371 -1.35776e+01 
   2    0.1305342 -1.35925e+01 
   3    0.1333926 -1.36078e+01 
   4    0.1363135 -1.36221e+01 
   5    0.1392983 -1.36345e+01 
   6    0.1423486 -1.36437e+01 
   7    0.1454656 -1.36493e+01 
   8    0.1486509 -1.36535e+01 
   9    0.1519059 -1.36538e+01 
  10    0.1552322 -1.36495e+01 
  11    0.1586314 -1.36440e+01 
  12    0.1621049 -1.36298e+01 
  13    0.1656546 -1.36112e+01 
  14    0.1692819 -1.35871e+01 
  15    0.1729887 -1.35582e+01 
  16    0.1767767 -1.35226e+01 
  17    0.1806476 -1.34824e+01 
  18    0.1846033 -1.34374e+01 
  19    0.1886456 -1.33876e+01 
  20    0.1927764 -1.33337e+01 
  21    0.1969976 -1.32758e+01 
  22    0.2013113 -1.32176e+01 
  23    0.2057194 -1.31597e+01 
  24    0.2102241 -1.30997e+01 
  25    0.2148274 -1.30418e+01 
  26    0.2195315 -1.29860e+01 
  27    0.2243386 -1.29297e+01 
  28    0.2292510 -1.28774e+01 
  29    0.2342710 -1.28261e+01 
  30    0.2394008 -1.27772e+01 
  31    0.2446430 -1.27309e+01 
  32    0.2500000 -1.26871e+01 
  33    0.2554743 -1.26440e+01 
  34    0.2610684 -1.26036e+01 
  35    0.2667851 -1.25640e+01 
  36    0.2726269 -1.25247e+01 
  37    0.2785967 -1.24868e+01 
  38    0.2846972 -1.24499e+01 
  39    0.2909312 -1.24152e+01 
  40    0.2973018 -1.23791e+01 
  41    0.3038118 -1.23463e+01 
  42    0.3104645 -1.23143e+01 
  43    0.3172627 -1.22839e+01 
  44    0.3242099 -1.22564e+01 
  45    0.3313092 -1.22333e+01 
  46    0.3385639 -1.22111e+01 
  47    0.3459775 -1.21925e+01 
  48    0.3535534 -1.21793e+01 
  49    0.3612952 -1.21688e+01 
  50    0.3692065 -1.21653e+01 
  51    0.3772911 -1.21631e+01 
  52    0.3855527 -1.21659e+01 
  53    0.3939952 -1.21706e+01 
  54    0.4026226 -1.21804e+01 
  55    0.4114389 -1.21928e+01 
  56    0.4204482 -1.22062e+01 
  57    0.4296548 -1.22198e+01 
  58    0.4390630 -1.22330e+01 
  59    0.4486773 -1.22491e+01 
  60    0.4585020 -1.22629e+01 
  61    0.4685419 -1.22732e+01 
  62    0.4788016 -1.22841e+01 
  63    0.4892860 -1.22906e+01 
  64    0.5000000 -1.22952e+01 
  65    0.5109486 -1.22980e+01 
  66    0.5221369 -1.22963e+01 
  67    0.5335702 -1.22871e+01 
  68    0.5452539 -1.22733e+01 
  69    0.5571934 -1.22478e+01 
  70    0.5693943 -1.22190e+01 
  71    0.5818624 -1.21875e+01 
  72    0.5946036 -1.21541e+01 
  73    0.6076237 -1.21231e+01 
  74    0.6209289 -1.20867e+01 
  75    0.6345255 -1.20542e+01 
  76    0.6484198 -1.20187e+01 
  77    0.6626183 -1.19812e+01 
  78    0.6771278 -1.19460e+01 
  79    0.6919549 -1.19131e+01 
  80    0.7071068 -1.18828e+01 
  81    0.7225904 -1.18572e+01 
  82    0.7384131 -1.18325e+01 
  83    0.7545822 -1.18089e+01 
  84    0.7711054 -1.17845e+01 
  85    0.7879904 -1.17597e+01 
  86    0.8052452 -1.17317e+01 
  87    0.8228777 -1.17024e+01 
  88    0.8408964 -1.16646e+01 
  89    0.8593096 -1.16187e+01 
  90    0.8781261 -1.15723e+01 
  91    0.8973545 -1.15155e+01 
  92    0.9170040 -1.14555e+01 
  93    0.9370838 -1.13905e+01 
  94    0.9576033 -1.13223e+01 
  95    0.9785721 -1.12529e+01 
  96    1.0000000 -1.11766e+01 
  97    1.0218971 -1.11020e+01 
  98    1.0442738 -1.10241e+01 
  99    1.0671404 -1.09485e+01 
 100    1.0905077 -1.08757e+01 
 101    1.1143867 -1.08040e+01 
 102    1.1387886 -1.07279e+01 
 103    1.1637249 -1.06530e+01 
 104    1.1892071 -1.05669e+01 
 105    1.2152474 -1.04725e+01 
 106    1.2418578 -1.03753e+01 
 107    1.2690510 -1.02609e+01 
 108    1.2968396 -1.01337e+01 
 109    1.3252366 -9.99638e+00 
 110    1.3542555 -9.84461e+00 
 111    1.3839099 -9.67824e+00 
 112    1.4142136 -9.49758e+00 
 113    1.4451808 -9.30476e+00 
 114    1.4768261 -9.10714e+00 
 115    1.5091644 -8.90130e+00 
 116    1.5422108 -8.70302e+00 
 117    1.5759808 -8.51181e+00 
 118    1.6104903 -8.31686e+00 
 119    1.6457555 -8.13992e+00 
 120    1.6817928 -7.97124e+00 
 121    1.7186193 -7.80658e+00 
 122    1.7562522 -7.65760e+00 
 123    1.7947091 -7.51632e+00 
 124    1.8340081 -7.38761e+00 
 125    1.8741676 -7.26987e+00 
 126    1.9152066 -7.16070e+00 
 127    1.9571441 -7.05828e+00 
 128    2.0000000 -6.95938e+00 
 129    2.0437943 -6.86501e+00 
 130    2.0885476 -6.77327e+00 
 131    2.1342808 -6.68305e+00 
 132    2.1810155 -6.59635e+00 
 133    2.2287735 -6.51098e+00 
 134    2.2775773 -6.42580e+00 
 135    2.3274497 -6.34308e+00 
 136    2.3784142 -6.25968e+00 
 137    2.4304947 -6.17632e+00 
 138    2.4837156 -6.09167e+00 
 139    2.5381019 -6.00593e+00 
 140    2.5936791 -5.91928e+00 
 141    2.6504733 -5.83080e+00 
 142    2.7085111 -5.74019e+00 
 143    2.7678198 -5.64783e+00 
 144    2.8284271 -5.55288e+00 
 145    2.8903616 -5.45562e+00 
 146    2.9536523 -5.35500e+00 
 147    3.0183289 -5.25169e+00 
 148    3.0844217 -5.14367e+00 
 149    3.1519617 -5.03212e+00 
 150    3.2209807 -4.91773e+00 
 151    3.2915110 -4.79744e+00 
 152    3.3635857 -4.67196e+00 
 153    3.4372386 -4.54274e+00 
 154    3.5125043 -4.40555e+00 
 155    3.5894182 -4.26229e+00 
 156    3.6680162 -4.11349e+00 
 157    3.7483353 -3.95635e+00 
 158    3.8304131 -3.79207e+00 
 159    3.9142882 -3.62050e+00 
 160    4.0000000 -3.43897e+00 
 161    4.0875886 -3.24789e+00 
 162    4.1770951 -3.04999e+00 
 163    4.2685616 -2.84069e+00 
 164    4.3620309 -2.62135e+00 
 165    4.4575470 -2.39336e+00 
 166    4.5551545 -2.15235e+00 
 167    4.6548994 -1.90269e+00 
 168    4.7568285 -1.64350e+00 
 169    4.8609894 -1.37435e+00 
 170    4.9674312 -1.09181e+00 
 171    5.0762038 -7.99958e-01 
 172    5.1873582 -4.96990e-01 
 173    5.3009466 -1.79234e-01 
 174    5.4170222  1.54042e-01 
 175    5.5356395  4.91874e-01 
 176    5.6568542  8.44130e-01 
 177    5.7807232  1.20626e+00 
 178    5.9073046  1.58380e+00 
 179    6.0366577  1.94980e+00 
 180    6.1688433  2.34421e+00 
 181    6.3039234  2.75215e+00 
 182    6.4419613  3.15659e+00 
 183    6.5830219  3.57563e+00 
 184    6.7271713  3.98237e+00 
 185    6.8744772  4.40184e+00 
 186    7.0250086  4.80568e+00 
 187    7.1788363  5.23410e+00 
 188    7.3360323  5.66500e+00 
 189    7.4966705  6.09451e+00 


# y-band (filter: y_LSST.dat)
   0    0.1250000 -1.35510e+01 
   1    0.1277371 -1.35821e+01 
   2    0.1305342 -1.36139e+01 
   3    0.1333926 -1.36464e+01 
   4    0.1363135 -1.36771e+01 
   5    0.1392983 -1.37069e+01 
   6    0.1423486 -1.37346e+01 
   7    0.1454656 -1.37608e+01 
   8    0.1486509 -1.37863e+01 
   9    0.1519059 -1.38055e+01 
  10    0.1552322 -1.38210e+01 
  11    0.1586314 -1.38349e+01 
  12    0.1621049 -1.38450e+01 
  13    0.1656546 -1.38522e+01 
  14    0.1692819 -1.38556e+01 
  15    0.1729887 -1.38549e+01 
  16    0.1767767 -1.38504e+01 
  17    0.1806476 -1.38434e+01 
  18    0.1846033 -1.38325e+01 
  19    0.1886456 -1.38168e+01 
  20    0.1927764 -1.37965e+01 
  21    0.1969976 -1.37750e+01 
  22    0.2013113 -1.37478e+01 
  23    0.2057194 -1.37174e+01 
  24    0.2102241 -1.36835e+01 
  25    0.2148274 -1.36448e+01 
  26    0.2195315 -1.36031e+01 
  27    0.2243386 -1.35582e+01 
  28    0.2292510 -1.35122e+01 
  29    0.2342710 -1.34627e+01 
  30    0.2394008 -1.34117e+01 
  31    0.2446430 -1.33596e+01 
  32    0.2500000 -1.33074e+01 
  33    0.2554743 -1.32547e+01 
  34    0.2610684 -1.32033e+01 
  35    0.2667851 -1.31517e+01 
  36    0.2726269 -1.31019e+01 
  37    0.2785967 -1.30514e+01 
  38    0.2846972 -1.30016e+01 
  39    0.2909312 -1.29533e+01 
  40    0.2973018 -1.29044e+01 
  41    0.3038118 -1.28583e+01 
  42    0.3104645 -1.28129e+01 
  43    0.3172627 -1.27688e+01 
  44    0.3242099 -1.27250e+01 
  45    0.3313092 -1.26812e+01 
  46    0.3385639 -1.26388e+01 
  47    0.3459775 -1.25975e+01 
  48    0.3535534 -1.25572e+01 
  49    0.3612952 -1.25174e+01 
  50    0.3692065 -1.24801e+01 
  51    0.3772911 -1.24437e+01 
  52    0.3855527 -1.24079e+01 
  53    0.3939952 -1.23746e+01 
  54    0.4026226 -1.23408e+01 
  55    0.4114389 -1.23076e+01 
  56    0.4204482 -1.22775e+01 
  57    0.4296548 -1.22500e+01 
  58    0.4390630 -1.22253e+01 
  59    0.4486773 -1.22021e+01 
  60    0.4585020 -1.21822e+01 
  61    0.4685419 -1.21652e+01 
  62    0.4788016 -1.21496e+01 
  63    0.4892860 -1.21396e+01 
  64    0.5000000 -1.21321e+01 
  65    0.5109486 -1.21270e+01 
  66    0.5221369 -1.21265e+01 
  67    0.5335702 -1.21278e+01 
  68    0.5452539 -1.21328e+01 
  69    0.5571934 -1.21397e+01 
  70    0.5693943 -1.21482e+01 
  71    0.5818624 -1.21579e+01 
  72    0.5946036 -1.21698e+01 
  73    0.6076237 -1.21805e+01 
  74    0.6209289 -1.21928e+01 
  75    0.6345255 -1.22026e+01 
  76    0.6484198 -1.22125e+01 
  77    0.6626183 -1.22219e+01 
  78    0.6771278 -1.22289e+01 
  79    0.6919549 -1.22340e+01 
  80    0.7071068 -1.22355e+01 
  81    0.7225904 -1.22356e+01 
  82    0.7384131 -1.22313e+01 
  83    0.7545822 -1.22232e+01 
  84    0.7711054 -1.22125e+01 
  85    0.7879904 -1.21976e+01 
  86    0.8052452 -1.21746e+01 
  87    0.8228777 -1.21486e+01 
  88    0.8408964 -1.21090e+01 
  89    0.8593096 -1.20598e+01 
  90    0.8781261 -1.20046e+01 
  91    0.8973545 -1.19316e+01 
  92    0.9170040 -1.18440e+01 
  93    0.9370838 -1.17478e+01 
  94    0.9576033 -1.16274e+01 
  95    0.9785721 -1.14919e+01 
  96    1.0000000 -1.13440e+01 
  97    1.0218971 -1.11737e+01 
  98    1.0442738 -1.09905e+01 
  99    1.0671404 -1.07931e+01 
 100    1.0905077 -1.05848e+01 
 101    1.1143867 -1.03700e+01 
 102    1.1387886 -1.01510e+01 
 103    1.1637249 -9.92578e+00 
 104    1.1892071 -9.71489e+00 
 105    1.2152474 -9.51155e+00 
 106    1.2418578 -9.30806e+00 
 107    1.2690510 -9.12523e+00 
 108    1.2968396 -8.95195e+00 
 109    1.3252366 -8.79057e+00 
 110    1.3542555 -8.64248e+00 
 111    1.3839099 -8.50595e+00 
 112    1.4142136 -8.38401e+00 
 113    1.4451808 -8.26927e+00 
 114    1.4768261 -8.16432e+00 
 115    1.5091644 -8.06383e+00 
 116    1.5422108 -7.96707e+00 
 117    1.5759808 -7.87502e+00 
 118    1.6104903 -7.78568e+00 
 119    1.6457555 -7.70033e+00 
 120    1.6817928 -7.61329e+00 
 121    1.7186193 -7.52693e+00 
 122    1.7562522 -7.44290e+00 
 123    1.7947091 -7.35988e+00 
 124    1.8340081 -7.27350e+00 
 125    1.8741676 -7.18793e+00 
 126    1.9152066 -7.10030e+00 
 127    1.9571441 -7.01686e+00 
 128    2.0000000 -6.92954e+00 
 129    2.0437943 -6.84365e+00 
 130    2.0885476 -6.75767e+00 
 131    2.1342808 -6.66890e+00 
 132    2.1810155 -6.58323e+00 
 133    2.2287735 -6.49661e+00 
 134    2.2775773 -6.40978e+00 
 135    2.3274497 -6.32208e+00 
 136    2.3784142 -6.23546e+00 
 137    2.4304947 -6.14948e+00 
 138    2.4837156 -6.06473e+00 
 139    2.5381019 -5.97749e+00 
 140    2.5936791 -5.88945e+00 
 141    2.6504733 -5.80084e+00 
 142    2.7085111 -5.70927e+00 
 143    2.7678198 -5.61771e+00 
 144    2.8284271 -5.52334e+00 
 145    2.8903616 -5.42765e+00 
 146    2.9536523 -5.32909e+00 
 147    3.0183289 -5.22931e+00 
 148    3.0844217 -5.12592e+00 
 149    3.1519617 -5.01914e+00 
 150    3.2209807 -4.90857e+00 
 151    3.2915110 -4.79501e+00 
 152    3.3635857 -4.67555e+00 
 153    3.4372386 -4.55308e+00 
 154    3.5125043 -4.42418e+00 
 155    3.5894182 -4.29034e+00 
 156    3.6680162 -4.15003e+00 
 157    3.7483353 -4.00048e+00 
 158    3.8304131 -3.84432e+00 
 159    3.9142882 -3.68225e+00 
 160    4.0000000 -3.50924e+00 
 161    4.0875886 -3.32883e+00 
 162    4.1770951 -3.14032e+00 
 163    4.2685616 -2.94072e+00 
 164    4.3620309 -2.73300e+00 
 165    4.4575470 -2.51745e+00 
 166    4.5551545 -2.29043e+00 
 167    4.6548994 -2.05502e+00 
 168    4.7568285 -1.81043e+00 
 169    4.8609894 -1.55394e+00 
 170    4.9674312 -1.29162e+00 
 171    5.0762038 -1.01419e+00 
 172    5.1873582 -7.29283e-01 
 173    5.3009466 -4.37336e-01 
 174    5.4170222 -1.32446e-01 
 175    5.5356395  1.79589e-01 
 176    5.6568542  4.99322e-01 
 177    5.7807232  8.29289e-01 
 178    5.9073046  1.16409e+00 
 179    6.0366577  1.50952e+00 
 180    6.1688433  1.86050e+00 
 181    6.3039234  2.21321e+00 
 182    6.4419613  2.59654e+00 
 183    6.5830219  2.95653e+00 
 184    6.7271713  3.32679e+00 
 185    6.8744772  3.69002e+00 
 186    7.0250086  4.06765e+00 
 187    7.1788363  4.45377e+00 
 188    7.3360323  4.84361e+00 
 189    7.4966705  5.23510e+00 


# J-band (filter: J_2MASS.dat)
   0    0.1250000 -1.31831e+01 
   1    0.1277371 -1.32206e+01 
   2    0.1305342 -1.32589e+01 
   3    0.1333926 -1.32980e+01 
   4    0.1363135 -1.33319e+01 
   5    0.1392983 -1.33689e+01 
   6    0.1423486 -1.34035e+01 
   7    0.1454656 -1.34381e+01 
   8    0.1486509 -1.34711e+01 
   9    0.1519059 -1.35042e+01 
  10    0.1552322 -1.35382e+01 
  11    0.1586314 -1.35700e+01 
  12    0.1621049 -1.36008e+01 
  13    0.1656546 -1.36324e+01 
  14    0.1692819 -1.36648e+01 
  15    0.1729887 -1.36979e+01 
  16    0.1767767 -1.37307e+01 
  17    0.1806476 -1.37628e+01 
  18    0.1846033 -1.37951e+01 
  19    0.1886456 -1.38263e+01 
  20    0.1927764 -1.38564e+01 
  21    0.1969976 -1.38860e+01 
  22    0.2013113 -1.39131e+01 
  23    0.2057194 -1.39401e+01 
  24    0.2102241 -1.39650e+01 
  25    0.2148274 -1.39878e+01 
  26    0.2195315 -1.40088e+01 
  27    0.2243386 -1.40288e+01 
  28    0.2292510 -1.40460e+01 
  29    0.2342710 -1.40612e+01 
  30    0.2394008 -1.40747e+01 
  31    0.2446430 -1.40854e+01 
  32    0.2500000 -1.40936e+01 
  33    0.2554743 -1.41004e+01 
  34    0.2610684 -1.41042e+01 
  35    0.2667851 -1.41051e+01 
  36    0.2726269 -1.41047e+01 
  37    0.2785967 -1.41023e+01 
  38    0.2846972 -1.40977e+01 
  39    0.2909312 -1.40906e+01 
  40    0.2973018 -1.40808e+01 
  41    0.3038118 -1.40686e+01 
  42    0.3104645 -1.40532e+01 
  43    0.3172627 -1.40357e+01 
  44    0.3242099 -1.40145e+01 
  45    0.3313092 -1.39918e+01 
  46    0.3385639 -1.39663e+01 
  47    0.3459775 -1.39386e+01 
  48    0.3535534 -1.39100e+01 
  49    0.3612952 -1.38791e+01 
  50    0.3692065 -1.38486e+01 
  51    0.3772911 -1.38176e+01 
  52    0.3855527 -1.37863e+01 
  53    0.3939952 -1.37563e+01 
  54    0.4026226 -1.37263e+01 
  55    0.4114389 -1.36970e+01 
  56    0.4204482 -1.36701e+01 
  57    0.4296548 -1.36441e+01 
  58    0.4390630 -1.36200e+01 
  59    0.4486773 -1.35975e+01 
  60    0.4585020 -1.35776e+01 
  61    0.4685419 -1.35587e+01 
  62    0.4788016 -1.35413e+01 
  63    0.4892860 -1.35266e+01 
  64    0.5000000 -1.35125e+01 
  65    0.5109486 -1.35013e+01 
  66    0.5221369 -1.34933e+01 
  67    0.5335702 -1.34861e+01 
  68    0.5452539 -1.34804e+01 
  69    0.5571934 -1.34764e+01 
  70    0.5693943 -1.34740e+01 
  71    0.5818624 -1.34737e+01 
  72    0.5946036 -1.34754e+01 
  73    0.6076237 -1.34787e+01 
  74    0.6209289 -1.34831e+01 
  75    0.6345255 -1.34888e+01 
  76    0.6484198 -1.34951e+01 
  77    0.6626183 -1.35023e+01 
  78    0.6771278 -1.35091e+01 
  79    0.6919549 -1.35157e+01 
  80    0.7071068 -1.35225e+01 
  81    0.7225904 -1.35300e+01 
  82    0.7384131 -1.35379e+01 
  83    0.7545822 -1.35447e+01 
  84    0.7711054 -1.35513e+01 
  85    0.7879904 -1.35575e+01 
  86    0.8052452 -1.35622e+01 
  87    0.8228777 -1.35658e+01 
  88    0.8408964 -1.35655e+01 
  89    0.8593096 -1.35618e+01 
  90    0.8781261 -1.35569e+01 
  91    0.8973545 -1.35457e+01 
  92    0.9170040 -1.35297e+01 
  93    0.9370838 -1.35103e+01 
  94    0.9576033 -1.34813e+01 
  95    0.9785721 -1.34457e+01 
  96    1.0000000 -1.34040e+01 
  97    1.0218971 -1.33506e+01 
  98    1.0442738 -1.32875e+01 
  99    1.0671404 -1.32175e+01 
 100    1.0905077 -1.31314e+01 
 101    1.1143867 -1.30331e+01 
 102    1.1387886 -1.29217e+01 
 103    1.1637249 -1.27994e+01 
 104    1.1892071 -1.26547e+01 
 105    1.2152474 -1.24920e+01 
 106    1.2418578 -1.23147e+01 
 107    1.2690510 -1.21099e+01 
 108    1.2968396 -1.18844e+01 
 109    1.3252366 -1.16421e+01 
 110    1.3542555 -1.13765e+01 
 111    1.3839099 -1.11017e+01 
 112    1.4142136 -1.08112e+01 
 113    1.4451808 -1.05277e+01 
 114    1.4768261 -1.02504e+01 
 115    1.5091644 -9.96416e+00 
 116    1.5422108 -9.71124e+00 
 117    1.5759808 -9.47311e+00 
 118    1.6104903 -9.24081e+00 
 119    1.6457555 -9.04125e+00 
 120    1.6817928 -8.85848e+00 
 121    1.7186193 -8.69594e+00 
 122    1.7562522 -8.55440e+00 
 123    1.7947091 -8.42750e+00 
 124    1.8340081 -8.31360e+00 
 125    1.8741676 -8.21262e+00 
 126    1.9152066 -8.11662e+00 
 127    1.9571441 -8.02416e+00 
 128    2.0000000 -7.93420e+00 
 129    2.0437943 -7.84448e+00 
 130    2.0885476 -7.75512e+00 
 131    2.1342808 -7.66613e+00 
 132    2.1810155 -7.57647e+00 
 133    2.2287735 -7.48525e+00 
 134    2.2775773 -7.39260e+00 
 135    2.3274497 -7.29906e+00 
 136    2.3784142 -7.20423e+00 
 137    2.4304947 -7.10738e+00 
 138    2.4837156 -7.00878e+00 
 139    2.5381019 -6.90844e+00 
 140    2.5936791 -6.80601e+00 
 141    2.6504733 -6.70174e+00 
 142    2.7085111 -6.59461e+00 
 143    2.7678198 -6.48536e+00 
 144    2.8284271 -6.37315e+00 
 145    2.8903616 -6.25817e+00 
 146    2.9536523 -6.14103e+00 
 147    3.0183289 -6.02097e+00 
 148    3.0844217 -5.89826e+00 
 149    3.1519617 -5.77310e+00 
 150    3.2209807 -5.64560e+00 
 151    3.2915110 -5.51582e+00 
 152    3.3635857 -5.38420e+00 
 153    3.4372386 -5.24999e+00 
 154    3.5125043 -5.11525e+00 
 155    3.5894182 -4.97812e+00 
 156    3.6680162 -4.83886e+00 
 157    3.7483353 -4.69801e+00 
 158    3.8304131 -4.55493e+00 
 159    3.9142882 -4.40934e+00 
 160    4.0000000 -4.25955e+00 
 161    4.0875886 -4.10602e+00 
 162    4.1770951 -3.94928e+00 
 163    4.2685616 -3.78662e+00 
 164    4.3620309 -3.61783e+00 
 165    4.4575470 -3.44432e+00 
 166    4.5551545 -3.26319e+00 
 167    4.6548994 -3.07596e+00 
 168    4.7568285 -2.88192e+00 
 169    4.8609894 -2.67886e+00 
 170    4.9674312 -2.46995e+00 
 171    5.0762038 -2.25410e+00 
 172    5.1873582 -2.02984e+00 
 173    5.3009466 -1.79860e+00 
 174    5.4170222 -1.56097e+00 
 175    5.5356395 -1.31603e+00 
 176    5.6568542 -1.06559e+00 
 177    5.7807232 -8.08346e-01 
 178    5.9073046 -5.44666e-01 
 179    6.0366577 -2.78579e-01 
 180    6.1688433 -1.27101e-02 
 181    6.3039234  2.63813e-01 
 182    6.4419613  5.42549e-01 
 183    6.5830219  8.23195e-01 
 184    6.7271713  1.10421e+00 
 185    6.8744772  1.38608e+00 
 186    7.0250086  1.67478e+00 
 187    7.1788363  1.96707e+00 
 188    7.3360323  2.26236e+00 
 189    7.4966705  2.55909e+00 


# H-band (filter: H_2MASS.dat)
   0    0.1250000 -1.26308e+01 
   1    0.1277371 -1.26763e+01 
   2    0.1305342 -1.27227e+01 
   3    0.1333926 -1.27701e+01 
   4    0.1363135 -1.28111e+01 
   5    0.1392983 -1.28543e+01 
   6    0.1423486 -1.28924e+01 
   7    0.1454656 -1.29334e+01 
   8    0.1486509 -1.29683e+01 
   9    0.1519059 -1.29992e+01 
  10    0.1552322 -1.30263e+01 
  11    0.1586314 -1.30528e+01 
  12    0.1621049 -1.30773e+01 
  13    0.1656546 -1.30957e+01 
  14    0.1692819 -1.31120e+01 
  15    0.1729887 -1.31263e+01 
  16    0.1767767 -1.31373e+01 
  17    0.1806476 -1.31485e+01 
  18    0.1846033 -1.31575e+01 
  19    0.1886456 -1.31638e+01 
  20    0.1927764 -1.31713e+01 
  21    0.1969976 -1.31759e+01 
  22    0.2013113 -1.31822e+01 
  23    0.2057194 -1.31837e+01 
  24    0.2102241 -1.31854e+01 
  25    0.2148274 -1.31863e+01 
  26    0.2195315 -1.31871e+01 
  27    0.2243386 -1.31880e+01 
  28    0.2292510 -1.31881e+01 
  29    0.2342710 -1.31873e+01 
  30    0.2394008 -1.31854e+01 
  31    0.2446430 -1.31829e+01 
  32    0.2500000 -1.31803e+01 
  33    0.2554743 -1.31762e+01 
  34    0.2610684 -1.31731e+01 
  35    0.2667851 -1.31703e+01 
  36    0.2726269 -1.31686e+01 
  37    0.2785967 -1.31669e+01 
  38    0.2846972 -1.31657e+01 
  39    0.2909312 -1.31655e+01 
  40    0.2973018 -1.31664e+01 
  41    0.3038118 -1.31696e+01 
  42    0.3104645 -1.31745e+01 
  43    0.3172627 -1.31796e+01 
  44    0.3242099 -1.31852e+01 
  45    0.3313092 -1.31928e+01 
  46    0.3385639 -1.32012e+01 
  47    0.3459775 -1.32110e+01 
  48    0.3535534 -1.32206e+01 
  49    0.3612952 -1.32307e+01 
  50    0.3692065 -1.32416e+01 
  51    0.3772911 -1.32519e+01 
  52    0.3855527 -1.32622e+01 
  53    0.3939952 -1.32704e+01 
  54    0.4026226 -1.32771e+01 
  55    0.4114389 -1.32841e+01 
  56    0.4204482 -1.32900e+01 
  57    0.4296548 -1.32931e+01 
  58    0.4390630 -1.32952e+01 
  59    0.4486773 -1.32952e+01 
  60    0.4585020 -1.32931e+01 
  61    0.4685419 -1.32892e+01 
  62    0.4788016 -1.32828e+01 
  63    0.4892860 -1.32742e+01 
  64    0.5000000 -1.32639e+01 
  65    0.5109486 -1.32518e+01 
  66    0.5221369 -1.32389e+01 
  67    0.5335702 -1.32236e+01 
  68    0.5452539 -1.32071e+01 
  69    0.5571934 -1.31911e+01 
  70    0.5693943 -1.31738e+01 
  71    0.5818624 -1.31561e+01 
  72    0.5946036 -1.31384e+01 
  73    0.6076237 -1.31213e+01 
  74    0.6209289 -1.31059e+01 
  75    0.6345255 -1.30906e+01 
  76    0.6484198 -1.30764e+01 
  77    0.6626183 -1.30632e+01 
  78    0.6771278 -1.30506e+01 
  79    0.6919549 -1.30412e+01 
  80    0.7071068 -1.30337e+01 
  81    0.7225904 -1.30265e+01 
  82    0.7384131 -1.30225e+01 
  83    0.7545822 -1.30183e+01 
  84    0.7711054 -1.30165e+01 
  85    0.7879904 -1.30157e+01 
  86    0.8052452 -1.30150e+01 
  87    0.8228777 -1.30158e+01 
  88    0.8408964 -1.30161e+01 
  89    0.8593096 -1.30166e+01 
  90    0.8781261 -1.30172e+01 
  91    0.8973545 -1.30155e+01 
  92    0.9170040 -1.30121e+01 
  93    0.9370838 -1.30092e+01 
  94    0.9576033 -1.30039e+01 
  95    0.9785721 -1.29975e+01 
  96    1.0000000 -1.29884e+01 
  97    1.0218971 -1.29765e+01 
  98    1.0442738 -1.29619e+01 
  99    1.0671404 -1.29455e+01 
 100    1.0905077 -1.29228e+01 
 101    1.1143867 -1.28938e+01 
 102    1.1387886 -1.28577e+01 
 103    1.1637249 -1.28157e+01 
 104    1.1892071 -1.27579e+01 
 105    1.2152474 -1.26863e+01 
 106    1.2418578 -1.26075e+01 
 107    1.2690510 -1.25066e+01 
 108    1.2968396 -1.23886e+01 
 109    1.3252366 -1.22556e+01 
 110    1.3542555 -1.20929e+01 
 111    1.3839099 -1.19074e+01 
 112    1.4142136 -1.17035e+01 
 113    1.4451808 -1.14706e+01 
 114    1.4768261 -1.12235e+01 
 115    1.5091644 -1.09591e+01 
 116    1.5422108 -1.06862e+01 
 117    1.5759808 -1.04071e+01 
 118    1.6104903 -1.01141e+01 
 119    1.6457555 -9.83819e+00 
 120    1.6817928 -9.56892e+00 
 121    1.7186193 -9.30012e+00 
 122    1.7562522 -9.06286e+00 
 123    1.7947091 -8.84069e+00 
 124    1.8340081 -8.63616e+00 
 125    1.8741676 -8.44764e+00 
 126    1.9152066 -8.27735e+00 
 127    1.9571441 -8.12093e+00 
 128    2.0000000 -7.98205e+00 
 129    2.0437943 -7.85405e+00 
 130    2.0885476 -7.73543e+00 
 131    2.1342808 -7.62416e+00 
 132    2.1810155 -7.51740e+00 
 133    2.2287735 -7.41216e+00 
 134    2.2775773 -7.30943e+00 
 135    2.3274497 -7.20757e+00 
 136    2.3784142 -7.10540e+00 
 137    2.4304947 -7.00336e+00 
 138    2.4837156 -6.90088e+00 
 139    2.5381019 -6.79819e+00 
 140    2.5936791 -6.69379e+00 
 141    2.6504733 -6.58807e+00 
 142    2.7085111 -6.48094e+00 
 143    2.7678198 -6.37227e+00 
 144    2.8284271 -6.26085e+00 
 145    2.8903616 -6.14795e+00 
 146    2.9536523 -6.03210e+00 
 147    3.0183289 -5.91399e+00 
 148    3.0844217 -5.79158e+00 
 149    3.1519617 -5.66578e+00 
 150    3.2209807 -5.53722e+00 
 151    3.2915110 -5.40251e+00 
 152    3.3635857 -5.26356e+00 
 153    3.4372386 -5.12149e+00 
 154    3.5125043 -4.97187e+00 
 155    3.5894182 -4.81742e+00 
 156    3.6680162 -4.65853e+00 
 157    3.7483353 -4.49404e+00 
 158    3.8304131 -4.32490e+00 
 159    3.9142882 -4.15241e+00 
 160    4.0000000 -3.98029e+00 
 161    4.0875886 -3.80950e+00 
 162    4.1770951 -3.63389e+00 
 163    4.2685616 -3.46358e+00 
 164    4.3620309 -3.29297e+00 
 165    4.4575470 -3.11870e+00 
 166    4.5551545 -2.94647e+00 
 167    4.6548994 -2.77239e+00 
 168    4.7568285 -2.59850e+00 
 169    4.8609894 -2.41901e+00 
 170    4.9674312 -2.23980e+00 
 171    5.0762038 -2.05399e+00 
 172    5.1873582 -1.86749e+00 
 173    5.3009466 -1.67215e+00 
 174    5.4170222 -1.47209e+00 
 175    5.5356395 -1.26289e+00 
 176    5.6568542 -1.04246e+00 
 177    5.7807232 -8.19419e-01 
 178    5.9073046 -5.89740e-01 
 179    6.0366577 -3.56033e-01 
 180    6.1688433 -1.15605e-01 
 181    6.3039234  1.31528e-01 
 182    6.4419613  3.86345e-01 
 183    6.5830219  6.40386e-01 
 184    6.7271713  9.03701e-01 
 185    6.8744772  1.16711e+00 
 186    7.0250086  1.44350e+00 
 187    7.1788363  1.71908e+00 
 188    7.3360323  1.99972e+00 
 189    7.4966705  2.28557e+00 


# K-band (filter: Ks_mosfire.dat)
   0    0.1250000 -1.18725e+01 
   1    0.1277371 -1.19163e+01 
   2    0.1305342 -1.19610e+01 
   3    0.1333926 -1.20067e+01 
   4    0.1363135 -1.20422e+01 
   5    0.1392983 -1.20822e+01 
   6    0.1423486 -1.21191e+01 
   7    0.1454656 -1.21548e+01 
   8    0.1486509 -1.21788e+01 
   9    0.1519059 -1.22075e+01 
  10    0.1552322 -1.22318e+01 
  11    0.1586314 -1.22488e+01 
  12    0.1621049 -1.22626e+01 
  13    0.1656546 -1.22723e+01 
  14    0.1692819 -1.22850e+01 
  15    0.1729887 -1.22932e+01 
  16    0.1767767 -1.23009e+01 
  17    0.1806476 -1.23082e+01 
  18    0.1846033 -1.23112e+01 
  19    0.1886456 -1.23100e+01 
  20    0.1927764 -1.23108e+01 
  21    0.1969976 -1.23069e+01 
  22    0.2013113 -1.23030e+01 
  23    0.2057194 -1.23023e+01 
  24    0.2102241 -1.23009e+01 
  25    0.2148274 -1.22972e+01 
  26    0.2195315 -1.22925e+01 
  27    0.2243386 -1.22870e+01 
  28    0.2292510 -1.22798e+01 
  29    0.2342710 -1.22726e+01 
  30    0.2394008 -1.22661e+01 
  31    0.2446430 -1.22602e+01 
  32    0.2500000 -1.22494e+01 
  33    0.2554743 -1.22410e+01 
  34    0.2610684 -1.22307e+01 
  35    0.2667851 -1.22182e+01 
  36    0.2726269 -1.22082e+01 
  37    0.2785967 -1.21963e+01 
  38    0.2846972 -1.21836e+01 
  39    0.2909312 -1.21721e+01 
  40    0.2973018 -1.21592e+01 
  41    0.3038118 -1.21468e+01 
  42    0.3104645 -1.21329e+01 
  43    0.3172627 -1.21175e+01 
  44    0.3242099 -1.21047e+01 
  45    0.3313092 -1.20921e+01 
  46    0.3385639 -1.20799e+01 
  47    0.3459775 -1.20688e+01 
  48    0.3535534 -1.20583e+01 
  49    0.3612952 -1.20513e+01 
  50    0.3692065 -1.20494e+01 
  51    0.3772911 -1.20486e+01 
  52    0.3855527 -1.20501e+01 
  53    0.3939952 -1.20541e+01 
  54    0.4026226 -1.20591e+01 
  55    0.4114389 -1.20700e+01 
  56    0.4204482 -1.20794e+01 
  57    0.4296548 -1.20886e+01 
  58    0.4390630 -1.20978e+01 
  59    0.4486773 -1.21073e+01 
  60    0.4585020 -1.21131e+01 
  61    0.4685419 -1.21154e+01 
  62    0.4788016 -1.21162e+01 
  63    0.4892860 -1.21107e+01 
  64    0.5000000 -1.21001e+01 
  65    0.5109486 -1.20872e+01 
  66    0.5221369 -1.20691e+01 
  67    0.5335702 -1.20450e+01 
  68    0.5452539 -1.20169e+01 
  69    0.5571934 -1.19826e+01 
  70    0.5693943 -1.19442e+01 
  71    0.5818624 -1.19045e+01 
  72    0.5946036 -1.18612e+01 
  73    0.6076237 -1.18150e+01 
  74    0.6209289 -1.17641e+01 
  75    0.6345255 -1.17148e+01 
  76    0.6484198 -1.16656e+01 
  77    0.6626183 -1.16133e+01 
  78    0.6771278 -1.15604e+01 
  79    0.6919549 -1.15091e+01 
  80    0.7071068 -1.14600e+01 
  81    0.7225904 -1.14101e+01 
  82    0.7384131 -1.13642e+01 
  83    0.7545822 -1.13169e+01 
  84    0.7711054 -1.12744e+01 
  85    0.7879904 -1.12343e+01 
  86    0.8052452 -1.11949e+01 
  87    0.8228777 -1.11566e+01 
  88    0.8408964 -1.11159e+01 
  89    0.8593096 -1.10769e+01 
  90    0.8781261 -1.10370e+01 
  91    0.8973545 -1.09966e+01 
  92    0.9170040 -1.09533e+01 
  93    0.9370838 -1.09101e+01 
  94    0.9576033 -1.08635e+01 
  95    0.9785721 -1.08104e+01 
  96    1.0000000 -1.07544e+01 
  97    1.0218971 -1.06933e+01 
  98    1.0442738 -1.06260e+01 
  99    1.0671404 -1.05567e+01 
 100    1.0905077 -1.04795e+01 
 101    1.1143867 -1.03936e+01 
 102    1.1387886 -1.02984e+01 
 103    1.1637249 -1.01944e+01 
 104    1.1892071 -1.00747e+01 
 105    1.2152474 -9.93997e+00 
 106    1.2418578 -9.79780e+00 
 107    1.2690510 -9.64152e+00 
 108    1.2968396 -9.47841e+00 
 109    1.3252366 -9.30431e+00 
 110    1.3542555 -9.12952e+00 
 111    1.3839099 -8.95461e+00 
 112    1.4142136 -8.77221e+00 
 113    1.4451808 -8.60243e+00 
 114    1.4768261 -8.43793e+00 
 115    1.5091644 -8.27657e+00 
 116    1.5422108 -8.12723e+00 
 117    1.5759808 -7.98899e+00 
 118    1.6104903 -7.85957e+00 
 119    1.6457555 -7.74118e+00 
 120    1.6817928 -7.62710e+00 
 121    1.7186193 -7.52466e+00 
 122    1.7562522 -7.42946e+00 
 123    1.7947091 -7.33885e+00 
 124    1.8340081 -7.25045e+00 
 125    1.8741676 -7.16741e+00 
 126    1.9152066 -7.08350e+00 
 127    1.9571441 -7.00080e+00 
 128    2.0000000 -6.92154e+00 
 129    2.0437943 -6.84336e+00 
 130    2.0885476 -6.76299e+00 
 131    2.1342808 -6.68363e+00 
 132    2.1810155 -6.60645e+00 
 133    2.2287735 -6.52553e+00 
 134    2.2775773 -6.44482e+00 
 135    2.3274497 -6.36211e+00 
 136    2.3784142 -6.27935e+00 
 137    2.4304947 -6.19558e+00 
 138    2.4837156 -6.11180e+00 
 139    2.5381019 -6.02496e+00 
 140    2.5936791 -5.93680e+00 
 141    2.6504733 -5.84433e+00 
 142    2.7085111 -5.75083e+00 
 143    2.7678198 -5.65506e+00 
 144    2.8284271 -5.55532e+00 
 145    2.8903616 -5.45288e+00 
 146    2.9536523 -5.34700e+00 
 147    3.0183289 -5.23774e+00 
 148    3.0844217 -5.12292e+00 
 149    3.1519617 -5.00187e+00 
 150    3.2209807 -4.87714e+00 
 151    3.2915110 -4.74683e+00 
 152    3.3635857 -4.61107e+00 
 153    3.4372386 -4.47038e+00 
 154    3.5125043 -4.32418e+00 
 155    3.5894182 -4.17612e+00 
 156    3.6680162 -4.02280e+00 
 157    3.7483353 -3.86914e+00 
 158    3.8304131 -3.71529e+00 
 159    3.9142882 -3.55796e+00 
 160    4.0000000 -3.40398e+00 
 161    4.0875886 -3.25141e+00 
 162    4.1770951 -3.09775e+00 
 163    4.2685616 -2.94488e+00 
 164    4.3620309 -2.79299e+00 
 165    4.4575470 -2.64101e+00 
 166    4.5551545 -2.48723e+00 
 167    4.6548994 -2.33408e+00 
 168    4.7568285 -2.17978e+00 
 169    4.8609894 -2.02232e+00 
 170    4.9674312 -1.86207e+00 
 171    5.0762038 -1.70014e+00 
 172    5.1873582 -1.53378e+00 
 173    5.3009466 -1.36617e+00 
 174    5.4170222 -1.19550e+00 
 175    5.5356395 -1.02531e+00 
 176    5.6568542 -8.51827e-01 
 177    5.7807232 -6.79335e-01 
 178    5.9073046 -5.05523e-01 
 179    6.0366577 -3.37689e-01 
 180    6.1688433 -1.66329e-01 
 181    6.3039234  5.85293e-03 
 182    6.4419613  1.74002e-01 
 183    6.5830219  3.37763e-01 
 184    6.7271713  5.03738e-01 
 185    6.8744772  6.67501e-01 
 186    7.0250086  8.28695e-01 
 187    7.1788363  9.93933e-01 
 188    7.3360323  1.15845e+00 
 189    7.4966705  1.32284e+00 


# S-band (filter: Spitzer_IRAC2.dat)
   0    0.1250000 -9.86637e+00 
   1    0.1277371 -9.85744e+00 
   2    0.1305342 -9.84830e+00 
   3    0.1333926 -9.83897e+00 
   4    0.1363135 -9.84823e+00 
   5    0.1392983 -9.84492e+00 
   6    0.1423486 -9.85307e+00 
   7    0.1454656 -9.86093e+00 
   8    0.1486509 -9.85846e+00 
   9    0.1519059 -9.83891e+00 
  10    0.1552322 -9.81747e+00 
  11    0.1586314 -9.80667e+00 
  12    0.1621049 -9.77395e+00 
  13    0.1656546 -9.72178e+00 
  14    0.1692819 -9.70123e+00 
  15    0.1729887 -9.63438e+00 
  16    0.1767767 -9.58483e+00 
  17    0.1806476 -9.53330e+00 
  18    0.1846033 -9.46644e+00 
  19    0.1886456 -9.40944e+00 
  20    0.1927764 -9.35652e+00 
  21    0.1969976 -9.30337e+00 
  22    0.2013113 -9.25531e+00 
  23    0.2057194 -9.20479e+00 
  24    0.2102241 -9.13988e+00 
  25    0.2148274 -9.09095e+00 
  26    0.2195315 -9.03736e+00 
  27    0.2243386 -9.00335e+00 
  28    0.2292510 -8.91928e+00 
  29    0.2342710 -8.87657e+00 
  30    0.2394008 -8.83588e+00 
  31    0.2446430 -8.78565e+00 
  32    0.2500000 -8.74302e+00 
  33    0.2554743 -8.69916e+00 
  34    0.2610684 -8.67948e+00 
  35    0.2667851 -8.66279e+00 
  36    0.2726269 -8.64012e+00 
  37    0.2785967 -8.62983e+00 
  38    0.2846972 -8.63302e+00 
  39    0.2909312 -8.62711e+00 
  40    0.2973018 -8.64073e+00 
  41    0.3038118 -8.64064e+00 
  42    0.3104645 -8.65618e+00 
  43    0.3172627 -8.66555e+00 
  44    0.3242099 -8.67936e+00 
  45    0.3313092 -8.70577e+00 
  46    0.3385639 -8.72304e+00 
  47    0.3459775 -8.75054e+00 
  48    0.3535534 -8.78772e+00 
  49    0.3612952 -8.82600e+00 
  50    0.3692065 -8.85495e+00 
  51    0.3772911 -8.90015e+00 
  52    0.3855527 -8.93680e+00 
  53    0.3939952 -8.96968e+00 
  54    0.4026226 -9.00232e+00 
  55    0.4114389 -9.03635e+00 
  56    0.4204482 -9.06508e+00 
  57    0.4296548 -9.09202e+00 
  58    0.4390630 -9.11481e+00 
  59    0.4486773 -9.12293e+00 
  60    0.4585020 -9.12933e+00 
  61    0.4685419 -9.13537e+00 
  62    0.4788016 -9.13548e+00 
  63    0.4892860 -9.12022e+00 
  64    0.5000000 -9.10474e+00 
  65    0.5109486 -9.09108e+00 
  66    0.5221369 -9.06828e+00 
  67    0.5335702 -9.04383e+00 
  68    0.5452539 -9.01355e+00 
  69    0.5571934 -8.97676e+00 
  70    0.5693943 -8.93503e+00 
  71    0.5818624 -8.89737e+00 
  72    0.5946036 -8.85073e+00 
  73    0.6076237 -8.80193e+00 
  74    0.6209289 -8.75990e+00 
  75    0.6345255 -8.72256e+00 
  76    0.6484198 -8.67190e+00 
  77    0.6626183 -8.62975e+00 
  78    0.6771278 -8.58645e+00 
  79    0.6919549 -8.54879e+00 
  80    0.7071068 -8.50926e+00 
  81    0.7225904 -8.47569e+00 
  82    0.7384131 -8.44270e+00 
  83    0.7545822 -8.41115e+00 
  84    0.7711054 -8.37013e+00 
  85    0.7879904 -8.34069e+00 
  86    0.8052452 -8.31361e+00 
  87    0.8228777 -8.28266e+00 
  88    0.8408964 -8.26600e+00 
  89    0.8593096 -8.23404e+00 
  90    0.8781261 -8.20737e+00 
  91    0.8973545 -8.18415e+00 
  92    0.9170040 -8.16403e+00 
  93    0.9370838 -8.14617e+00 
  94    0.9576033 -8.11542e+00 
  95    0.9785721 -8.10430e+00 
  96    1.0000000 -8.07325e+00 
  97    1.0218971 -8.04951e+00 
  98    1.0442738 -8.02056e+00 
  99    1.0671404 -7.99014e+00 
 100    1.0905077 -7.95284e+00 
 101    1.1143867 -7.91164e+00 
 102    1.1387886 -7.87328e+00 
 103    1.1637249 -7.82080e+00 
 104    1.1892071 -7.75952e+00 
 105    1.2152474 -7.68642e+00 
 106    1.2418578 -7.61368e+00 
 107    1.2690510 -7.53654e+00 
 108    1.2968396 -7.47308e+00 
 109    1.3252366 -7.39640e+00 
 110    1.3542555 -7.33670e+00 
 111    1.3839099 -7.28344e+00 
 112    1.4142136 -7.22989e+00 
 113    1.4451808 -7.19663e+00 
 114    1.4768261 -7.16273e+00 
 115    1.5091644 -7.14517e+00 
 116    1.5422108 -7.13566e+00 
 117    1.5759808 -7.14414e+00 
 118    1.6104903 -7.15564e+00 
 119    1.6457555 -7.17265e+00 
 120    1.6817928 -7.19330e+00 
 121    1.7186193 -7.21889e+00 
 122    1.7562522 -7.24204e+00 
 123    1.7947091 -7.26503e+00 
 124    1.8340081 -7.28869e+00 
 125    1.8741676 -7.31214e+00 
 126    1.9152066 -7.33355e+00 
 127    1.9571441 -7.35152e+00 
 128    2.0000000 -7.36911e+00 
 129    2.0437943 -7.38211e+00 
 130    2.0885476 -7.39519e+00 
 131    2.1342808 -7.40540e+00 
 132    2.1810155 -7.41295e+00 
 133    2.2287735 -7.41995e+00 
 134    2.2775773 -7.42517e+00 
 135    2.3274497 -7.42857e+00 
 136    2.3784142 -7.42893e+00 
 137    2.4304947 -7.42912e+00 
 138    2.4837156 -7.42690e+00 
 139    2.5381019 -7.42334e+00 
 140    2.5936791 -7.41844e+00 
 141    2.6504733 -7.41151e+00 
 142    2.7085111 -7.40214e+00 
 143    2.7678198 -7.39173e+00 
 144    2.8284271 -7.37952e+00 
 145    2.8903616 -7.36597e+00 
 146    2.9536523 -7.35016e+00 
 147    3.0183289 -7.33314e+00 
 148    3.0844217 -7.31431e+00 
 149    3.1519617 -7.29333e+00 
 150    3.2209807 -7.27035e+00 
 151    3.2915110 -7.24498e+00 
 152    3.3635857 -7.21755e+00 
 153    3.4372386 -7.18870e+00 
 154    3.5125043 -7.15662e+00 
 155    3.5894182 -7.12187e+00 
 156    3.6680162 -7.08497e+00 
 157    3.7483353 -7.04431e+00 
 158    3.8304131 -7.00074e+00 
 159    3.9142882 -6.95451e+00 
 160    4.0000000 -6.90400e+00 
 161    4.0875886 -6.85075e+00 
 162    4.1770951 -6.79492e+00 
 163    4.2685616 -6.73560e+00 
 164    4.3620309 -6.67340e+00 
 165    4.4575470 -6.60813e+00 
 166    4.5551545 -6.54070e+00 
 167    4.6548994 -6.47091e+00 
 168    4.7568285 -6.39873e+00 
 169    4.8609894 -6.32456e+00 
 170    4.9674312 -6.24898e+00 
 171    5.0762038 -6.17158e+00 
 172    5.1873582 -6.09285e+00 
 173    5.3009466 -6.01328e+00 
 174    5.4170222 -5.93293e+00 
 175    5.5356395 -5.85112e+00 
 176    5.6568542 -5.76973e+00 
 177    5.7807232 -5.68807e+00 
 178    5.9073046 -5.60541e+00 
 179    6.0366577 -5.52357e+00 
 180    6.1688433 -5.44187e+00 
 181    6.3039234 -5.35991e+00 
 182    6.4419613 -5.27945e+00 
 183    6.5830219 -5.20000e+00 
 184    6.7271713 -5.12021e+00 
 185    6.8744772 -5.04243e+00 
 186    7.0250086 -4.96357e+00 
 187    7.1788363 -4.88395e+00 
 188    7.3360323 -4.80431e+00 
 189    7.4966705 -4.72594e+00 


