# 1:iteration 2:time bin[s] 3-k:AB magnitude for k-th angular bin
# g-band (filter: g_LSST.dat)
   0    0.1250000 -1.57715e+01 
   1    0.1277371 -1.57826e+01 
   2    0.1305342 -1.57940e+01 
   3    0.1333926 -1.58056e+01 
   4    0.1363135 -1.58146e+01 
   5    0.1392983 -1.58219e+01 
   6    0.1423486 -1.58294e+01 
   7    0.1454656 -1.58323e+01 
   8    0.1486509 -1.58355e+01 
   9    0.1519059 -1.58359e+01 
  10    0.1552322 -1.58358e+01 
  11    0.1586314 -1.58342e+01 
  12    0.1621049 -1.58276e+01 
  13    0.1656546 -1.58245e+01 
  14    0.1692819 -1.58156e+01 
  15    0.1729887 -1.58085e+01 
  16    0.1767767 -1.58012e+01 
  17    0.1806476 -1.57943e+01 
  18    0.1846033 -1.57822e+01 
  19    0.1886456 -1.57744e+01 
  20    0.1927764 -1.57650e+01 
  21    0.1969976 -1.57535e+01 
  22    0.2013113 -1.57366e+01 
  23    0.2057194 -1.57197e+01 
  24    0.2102241 -1.57039e+01 
  25    0.2148274 -1.56873e+01 
  26    0.2195315 -1.56712e+01 
  27    0.2243386 -1.56528e+01 
  28    0.2292510 -1.56373e+01 
  29    0.2342710 -1.56219e+01 
  30    0.2394008 -1.56037e+01 
  31    0.2446430 -1.55825e+01 
  32    0.2500000 -1.55586e+01 
  33    0.2554743 -1.55375e+01 
  34    0.2610684 -1.55189e+01 
  35    0.2667851 -1.55063e+01 
  36    0.2726269 -1.54908e+01 
  37    0.2785967 -1.54685e+01 
  38    0.2846972 -1.54446e+01 
  39    0.2909312 -1.54318e+01 
  40    0.2973018 -1.54100e+01 
  41    0.3038118 -1.53858e+01 
  42    0.3104645 -1.53585e+01 
  43    0.3172627 -1.53297e+01 
  44    0.3242099 -1.53097e+01 
  45    0.3313092 -1.52895e+01 
  46    0.3385639 -1.52644e+01 
  47    0.3459775 -1.52349e+01 
  48    0.3535534 -1.52169e+01 
  49    0.3612952 -1.51926e+01 
  50    0.3692065 -1.51527e+01 
  51    0.3772911 -1.51249e+01 
  52    0.3855527 -1.51058e+01 
  53    0.3939952 -1.50956e+01 
  54    0.4026226 -1.50881e+01 
  55    0.4114389 -1.50685e+01 
  56    0.4204482 -1.50524e+01 
  57    0.4296548 -1.50513e+01 
  58    0.4390630 -1.50651e+01 
  59    0.4486773 -1.50776e+01 
  60    0.4585020 -1.50973e+01 
  61    0.4685419 -1.51325e+01 
  62    0.4788016 -1.51723e+01 
  63    0.4892860 -1.52026e+01 
  64    0.5000000 -1.52257e+01 
  65    0.5109486 -1.52750e+01 
  66    0.5221369 -1.53282e+01 
  67    0.5335702 -1.54084e+01 
  68    0.5452539 -1.54801e+01 
  69    0.5571934 -1.55429e+01 
  70    0.5693943 -1.56050e+01 
  71    0.5818624 -1.56730e+01 
  72    0.5946036 -1.57284e+01 
  73    0.6076237 -1.57931e+01 
  74    0.6209289 -1.58641e+01 
  75    0.6345255 -1.59285e+01 
  76    0.6484198 -1.60056e+01 
  77    0.6626183 -1.60695e+01 
  78    0.6771278 -1.61361e+01 
  79    0.6919549 -1.61915e+01 
  80    0.7071068 -1.62436e+01 
  81    0.7225904 -1.63010e+01 
  82    0.7384131 -1.63553e+01 
  83    0.7545822 -1.64149e+01 
  84    0.7711054 -1.64662e+01 
  85    0.7879904 -1.65166e+01 
  86    0.8052452 -1.65671e+01 
  87    0.8228777 -1.66277e+01 
  88    0.8408964 -1.66787e+01 
  89    0.8593096 -1.67251e+01 
  90    0.8781261 -1.67766e+01 
  91    0.8973545 -1.68310e+01 
  92    0.9170040 -1.68795e+01 
  93    0.9370838 -1.69327e+01 
  94    0.9576033 -1.69787e+01 
  95    0.9785721 -1.70272e+01 
  96    1.0000000 -1.70778e+01 
  97    1.0218971 -1.71399e+01 
  98    1.0442738 -1.71946e+01 
  99    1.0671404 -1.72450e+01 
 100    1.0905077 -1.72945e+01 
 101    1.1143867 -1.73469e+01 
 102    1.1387886 -1.73937e+01 
 103    1.1637249 -1.74412e+01 
 104    1.1892071 -1.74823e+01 
 105    1.2152474 -1.75170e+01 
 106    1.2418578 -1.75515e+01 
 107    1.2690510 -1.75999e+01 
 108    1.2968396 -1.76608e+01 
 109    1.3252366 -1.77110e+01 
 110    1.3542555 -1.77748e+01 
 111    1.3839099 -1.78595e+01 
 112    1.4142136 -1.79425e+01 
 113    1.4451808 -1.80371e+01 
 114    1.4768261 -1.81345e+01 
 115    1.5091644 -1.82510e+01 
 116    1.5422108 -1.83840e+01 
 117    1.5759808 -1.85279e+01 
 118    1.6104903 -1.86795e+01 
 119    1.6457555 -1.88282e+01 
 120    1.6817928 -1.89630e+01 
 121    1.7186193 -1.91061e+01 
 122    1.7562522 -1.92395e+01 
 123    1.7947091 -1.93637e+01 
 124    1.8340081 -1.94867e+01 
 125    1.8741676 -1.96068e+01 
 126    1.9152066 -1.97201e+01 
 127    1.9571441 -1.98200e+01 
 128    2.0000000 -1.99064e+01 
 129    2.0437943 -1.99846e+01 
 130    2.0885476 -2.00557e+01 
 131    2.1342808 -2.01224e+01 
 132    2.1810155 -2.01850e+01 
 133    2.2287735 -2.02415e+01 
 134    2.2775773 -2.02939e+01 
 135    2.3274497 -2.03406e+01 
 136    2.3784142 -2.03822e+01 
 137    2.4304947 -2.04204e+01 
 138    2.4837156 -2.04538e+01 
 139    2.5381019 -2.04861e+01 
 140    2.5936791 -2.05159e+01 
 141    2.6504733 -2.05408e+01 
 142    2.7085111 -2.05624e+01 
 143    2.7678198 -2.05828e+01 
 144    2.8284271 -2.06000e+01 
 145    2.8903616 -2.06180e+01 
 146    2.9536523 -2.06328e+01 
 147    3.0183289 -2.06455e+01 
 148    3.0844217 -2.06557e+01 
 149    3.1519617 -2.06620e+01 
 150    3.2209807 -2.06667e+01 
 151    3.2915110 -2.06662e+01 
 152    3.3635857 -2.06642e+01 
 153    3.4372386 -2.06608e+01 
 154    3.5125043 -2.06532e+01 
 155    3.5894182 -2.06398e+01 
 156    3.6680162 -2.06229e+01 
 157    3.7483353 -2.05983e+01 
 158    3.8304131 -2.05701e+01 
 159    3.9142882 -2.05389e+01 
 160    4.0000000 -2.05054e+01 
 161    4.0875886 -2.04726e+01 
 162    4.1770951 -2.04382e+01 
 163    4.2685616 -2.04147e+01 
 164    4.3620309 -2.04186e+01 
 165    4.4575470 -2.04342e+01 
 166    4.5551545 -2.04551e+01 
 167    4.6548994 -2.04012e+01 
 168    4.7568285 -2.03653e+01 
 169    4.8609894 -2.02944e+01 
 170    4.9674312 -2.02531e+01 
 171    5.0762038 -2.01529e+01 
 172    5.1873582 -2.00387e+01 
 173    5.3009466 -1.98727e+01 
 174    5.4170222 -1.96955e+01 
 175    5.5356395 -1.94896e+01 
 176    5.6568542 -1.92987e+01 
 177    5.7807232 -1.90933e+01 
 178    5.9073046 -1.88987e+01 
 179    6.0366577 -1.87711e+01 
 180    6.1688433 -1.86594e+01 
 181    6.3039234 -1.85385e+01 
 182    6.4419613 -1.84348e+01 
 183    6.5830219 -1.83699e+01 
 184    6.7271713 -1.83474e+01 
 185    6.8744772 -1.83445e+01 
 186    7.0250086 -1.83642e+01 
 187    7.1788363 -1.83940e+01 
 188    7.3360323 -1.84276e+01 
 189    7.4966705 -1.84656e+01 


# r-band (filter: r_LSST.dat)
   0    0.1250000 -1.56241e+01 
   1    0.1277371 -1.56473e+01 
   2    0.1305342 -1.56711e+01 
   3    0.1333926 -1.56954e+01 
   4    0.1363135 -1.57147e+01 
   5    0.1392983 -1.57360e+01 
   6    0.1423486 -1.57584e+01 
   7    0.1454656 -1.57735e+01 
   8    0.1486509 -1.57898e+01 
   9    0.1519059 -1.58044e+01 
  10    0.1552322 -1.58156e+01 
  11    0.1586314 -1.58268e+01 
  12    0.1621049 -1.58437e+01 
  13    0.1656546 -1.58478e+01 
  14    0.1692819 -1.58558e+01 
  15    0.1729887 -1.58669e+01 
  16    0.1767767 -1.58779e+01 
  17    0.1806476 -1.58813e+01 
  18    0.1846033 -1.58834e+01 
  19    0.1886456 -1.58921e+01 
  20    0.1927764 -1.58956e+01 
  21    0.1969976 -1.58967e+01 
  22    0.2013113 -1.58984e+01 
  23    0.2057194 -1.59076e+01 
  24    0.2102241 -1.59055e+01 
  25    0.2148274 -1.59048e+01 
  26    0.2195315 -1.59021e+01 
  27    0.2243386 -1.58954e+01 
  28    0.2292510 -1.58905e+01 
  29    0.2342710 -1.58856e+01 
  30    0.2394008 -1.58825e+01 
  31    0.2446430 -1.58749e+01 
  32    0.2500000 -1.58689e+01 
  33    0.2554743 -1.58630e+01 
  34    0.2610684 -1.58532e+01 
  35    0.2667851 -1.58403e+01 
  36    0.2726269 -1.58319e+01 
  37    0.2785967 -1.58207e+01 
  38    0.2846972 -1.58161e+01 
  39    0.2909312 -1.58152e+01 
  40    0.2973018 -1.58031e+01 
  41    0.3038118 -1.57938e+01 
  42    0.3104645 -1.57836e+01 
  43    0.3172627 -1.57789e+01 
  44    0.3242099 -1.57687e+01 
  45    0.3313092 -1.57636e+01 
  46    0.3385639 -1.57534e+01 
  47    0.3459775 -1.57517e+01 
  48    0.3535534 -1.57584e+01 
  49    0.3612952 -1.57571e+01 
  50    0.3692065 -1.57559e+01 
  51    0.3772911 -1.57481e+01 
  52    0.3855527 -1.57496e+01 
  53    0.3939952 -1.57513e+01 
  54    0.4026226 -1.57612e+01 
  55    0.4114389 -1.57671e+01 
  56    0.4204482 -1.57794e+01 
  57    0.4296548 -1.57988e+01 
  58    0.4390630 -1.58233e+01 
  59    0.4486773 -1.58398e+01 
  60    0.4585020 -1.58578e+01 
  61    0.4685419 -1.58748e+01 
  62    0.4788016 -1.59032e+01 
  63    0.4892860 -1.59316e+01 
  64    0.5000000 -1.59554e+01 
  65    0.5109486 -1.59779e+01 
  66    0.5221369 -1.60175e+01 
  67    0.5335702 -1.60560e+01 
  68    0.5452539 -1.60870e+01 
  69    0.5571934 -1.61343e+01 
  70    0.5693943 -1.61753e+01 
  71    0.5818624 -1.62232e+01 
  72    0.5946036 -1.62676e+01 
  73    0.6076237 -1.63330e+01 
  74    0.6209289 -1.63933e+01 
  75    0.6345255 -1.64630e+01 
  76    0.6484198 -1.65310e+01 
  77    0.6626183 -1.66025e+01 
  78    0.6771278 -1.67028e+01 
  79    0.6919549 -1.68113e+01 
  80    0.7071068 -1.69158e+01 
  81    0.7225904 -1.70137e+01 
  82    0.7384131 -1.70950e+01 
  83    0.7545822 -1.71789e+01 
  84    0.7711054 -1.72710e+01 
  85    0.7879904 -1.73435e+01 
  86    0.8052452 -1.74198e+01 
  87    0.8228777 -1.74910e+01 
  88    0.8408964 -1.75673e+01 
  89    0.8593096 -1.76574e+01 
  90    0.8781261 -1.77450e+01 
  91    0.8973545 -1.78244e+01 
  92    0.9170040 -1.79272e+01 
  93    0.9370838 -1.80652e+01 
  94    0.9576033 -1.82282e+01 
  95    0.9785721 -1.83766e+01 
  96    1.0000000 -1.85372e+01 
  97    1.0218971 -1.86875e+01 
  98    1.0442738 -1.88503e+01 
  99    1.0671404 -1.90392e+01 
 100    1.0905077 -1.92245e+01 
 101    1.1143867 -1.93956e+01 
 102    1.1387886 -1.95531e+01 
 103    1.1637249 -1.97246e+01 
 104    1.1892071 -1.99063e+01 
 105    1.2152474 -2.00855e+01 
 106    1.2418578 -2.02472e+01 
 107    1.2690510 -2.04000e+01 
 108    1.2968396 -2.05385e+01 
 109    1.3252366 -2.06821e+01 
 110    1.3542555 -2.08032e+01 
 111    1.3839099 -2.09293e+01 
 112    1.4142136 -2.10472e+01 
 113    1.4451808 -2.11453e+01 
 114    1.4768261 -2.12447e+01 
 115    1.5091644 -2.13265e+01 
 116    1.5422108 -2.14055e+01 
 117    1.5759808 -2.14633e+01 
 118    1.6104903 -2.15245e+01 
 119    1.6457555 -2.15548e+01 
 120    1.6817928 -2.15887e+01 
 121    1.7186193 -2.16283e+01 
 122    1.7562522 -2.16728e+01 
 123    1.7947091 -2.16709e+01 
 124    1.8340081 -2.16503e+01 
 125    1.8741676 -2.16343e+01 
 126    1.9152066 -2.16215e+01 
 127    1.9571441 -2.16359e+01 
 128    2.0000000 -2.16259e+01 
 129    2.0437943 -2.16240e+01 
 130    2.0885476 -2.16551e+01 
 131    2.1342808 -2.16889e+01 
 132    2.1810155 -2.17373e+01 
 133    2.2287735 -2.17646e+01 
 134    2.2775773 -2.18123e+01 
 135    2.3274497 -2.18496e+01 
 136    2.3784142 -2.19036e+01 
 137    2.4304947 -2.19584e+01 
 138    2.4837156 -2.19969e+01 
 139    2.5381019 -2.20076e+01 
 140    2.5936791 -2.20133e+01 
 141    2.6504733 -2.20096e+01 
 142    2.7085111 -2.19915e+01 
 143    2.7678198 -2.19609e+01 
 144    2.8284271 -2.19283e+01 
 145    2.8903616 -2.18907e+01 
 146    2.9536523 -2.18468e+01 
 147    3.0183289 -2.17980e+01 
 148    3.0844217 -2.17466e+01 
 149    3.1519617 -2.16890e+01 
 150    3.2209807 -2.16328e+01 
 151    3.2915110 -2.15752e+01 
 152    3.3635857 -2.15181e+01 
 153    3.4372386 -2.14583e+01 
 154    3.5125043 -2.13987e+01 
 155    3.5894182 -2.13387e+01 
 156    3.6680162 -2.12740e+01 
 157    3.7483353 -2.12081e+01 
 158    3.8304131 -2.11389e+01 
 159    3.9142882 -2.10693e+01 
 160    4.0000000 -2.09964e+01 
 161    4.0875886 -2.09227e+01 
 162    4.1770951 -2.08500e+01 
 163    4.2685616 -2.07853e+01 
 164    4.3620309 -2.07156e+01 
 165    4.4575470 -2.06122e+01 
 166    4.5551545 -2.04720e+01 
 167    4.6548994 -2.03330e+01 
 168    4.7568285 -2.01967e+01 
 169    4.8609894 -2.00644e+01 
 170    4.9674312 -1.99030e+01 
 171    5.0762038 -1.97197e+01 
 172    5.1873582 -1.95144e+01 
 173    5.3009466 -1.92783e+01 
 174    5.4170222 -1.90361e+01 
 175    5.5356395 -1.87869e+01 
 176    5.6568542 -1.85615e+01 
 177    5.7807232 -1.83860e+01 
 178    5.9073046 -1.81941e+01 
 179    6.0366577 -1.80462e+01 
 180    6.1688433 -1.79009e+01 
 181    6.3039234 -1.77630e+01 
 182    6.4419613 -1.76563e+01 
 183    6.5830219 -1.75679e+01 
 184    6.7271713 -1.75176e+01 
 185    6.8744772 -1.74826e+01 
 186    7.0250086 -1.74634e+01 
 187    7.1788363 -1.74474e+01 
 188    7.3360323 -1.74324e+01 
 189    7.4966705 -1.74197e+01 


# i-band (filter: i_LSST.dat)
   0    0.1250000 -1.50972e+01 
   1    0.1277371 -1.51166e+01 
   2    0.1305342 -1.51363e+01 
   3    0.1333926 -1.51565e+01 
   4    0.1363135 -1.51766e+01 
   5    0.1392983 -1.52026e+01 
   6    0.1423486 -1.52202e+01 
   7    0.1454656 -1.52446e+01 
   8    0.1486509 -1.52584e+01 
   9    0.1519059 -1.52744e+01 
  10    0.1552322 -1.52889e+01 
  11    0.1586314 -1.53064e+01 
  12    0.1621049 -1.53232e+01 
  13    0.1656546 -1.53388e+01 
  14    0.1692819 -1.53535e+01 
  15    0.1729887 -1.53723e+01 
  16    0.1767767 -1.53847e+01 
  17    0.1806476 -1.53949e+01 
  18    0.1846033 -1.54079e+01 
  19    0.1886456 -1.54181e+01 
  20    0.1927764 -1.54276e+01 
  21    0.1969976 -1.54460e+01 
  22    0.2013113 -1.54554e+01 
  23    0.2057194 -1.54679e+01 
  24    0.2102241 -1.54744e+01 
  25    0.2148274 -1.54880e+01 
  26    0.2195315 -1.55026e+01 
  27    0.2243386 -1.55097e+01 
  28    0.2292510 -1.55221e+01 
  29    0.2342710 -1.55323e+01 
  30    0.2394008 -1.55444e+01 
  31    0.2446430 -1.55514e+01 
  32    0.2500000 -1.55582e+01 
  33    0.2554743 -1.55600e+01 
  34    0.2610684 -1.55636e+01 
  35    0.2667851 -1.55655e+01 
  36    0.2726269 -1.55678e+01 
  37    0.2785967 -1.55686e+01 
  38    0.2846972 -1.55658e+01 
  39    0.2909312 -1.55680e+01 
  40    0.2973018 -1.55679e+01 
  41    0.3038118 -1.55579e+01 
  42    0.3104645 -1.55521e+01 
  43    0.3172627 -1.55494e+01 
  44    0.3242099 -1.55368e+01 
  45    0.3313092 -1.55292e+01 
  46    0.3385639 -1.55055e+01 
  47    0.3459775 -1.54964e+01 
  48    0.3535534 -1.54725e+01 
  49    0.3612952 -1.54570e+01 
  50    0.3692065 -1.54468e+01 
  51    0.3772911 -1.54400e+01 
  52    0.3855527 -1.54173e+01 
  53    0.3939952 -1.54235e+01 
  54    0.4026226 -1.54129e+01 
  55    0.4114389 -1.54176e+01 
  56    0.4204482 -1.54135e+01 
  57    0.4296548 -1.54252e+01 
  58    0.4390630 -1.54421e+01 
  59    0.4486773 -1.54600e+01 
  60    0.4585020 -1.54955e+01 
  61    0.4685419 -1.55373e+01 
  62    0.4788016 -1.55719e+01 
  63    0.4892860 -1.56243e+01 
  64    0.5000000 -1.57033e+01 
  65    0.5109486 -1.57798e+01 
  66    0.5221369 -1.59044e+01 
  67    0.5335702 -1.60709e+01 
  68    0.5452539 -1.62405e+01 
  69    0.5571934 -1.64418e+01 
  70    0.5693943 -1.66760e+01 
  71    0.5818624 -1.68951e+01 
  72    0.5946036 -1.70757e+01 
  73    0.6076237 -1.72424e+01 
  74    0.6209289 -1.74614e+01 
  75    0.6345255 -1.76741e+01 
  76    0.6484198 -1.78283e+01 
  77    0.6626183 -1.79898e+01 
  78    0.6771278 -1.81175e+01 
  79    0.6919549 -1.81829e+01 
  80    0.7071068 -1.82411e+01 
  81    0.7225904 -1.82722e+01 
  82    0.7384131 -1.82801e+01 
  83    0.7545822 -1.83149e+01 
  84    0.7711054 -1.83366e+01 
  85    0.7879904 -1.83772e+01 
  86    0.8052452 -1.83826e+01 
  87    0.8228777 -1.83936e+01 
  88    0.8408964 -1.84255e+01 
  89    0.8593096 -1.84524e+01 
  90    0.8781261 -1.85130e+01 
  91    0.8973545 -1.85693e+01 
  92    0.9170040 -1.86146e+01 
  93    0.9370838 -1.86713e+01 
  94    0.9576033 -1.87267e+01 
  95    0.9785721 -1.87892e+01 
  96    1.0000000 -1.88529e+01 
  97    1.0218971 -1.89203e+01 
  98    1.0442738 -1.89921e+01 
  99    1.0671404 -1.90624e+01 
 100    1.0905077 -1.91444e+01 
 101    1.1143867 -1.92235e+01 
 102    1.1387886 -1.92876e+01 
 103    1.1637249 -1.93795e+01 
 104    1.1892071 -1.94740e+01 
 105    1.2152474 -1.95696e+01 
 106    1.2418578 -1.96663e+01 
 107    1.2690510 -1.97565e+01 
 108    1.2968396 -1.98484e+01 
 109    1.3252366 -1.99417e+01 
 110    1.3542555 -2.00325e+01 
 111    1.3839099 -2.01207e+01 
 112    1.4142136 -2.02081e+01 
 113    1.4451808 -2.02924e+01 
 114    1.4768261 -2.03749e+01 
 115    1.5091644 -2.04552e+01 
 116    1.5422108 -2.05298e+01 
 117    1.5759808 -2.05982e+01 
 118    1.6104903 -2.06666e+01 
 119    1.6457555 -2.07273e+01 
 120    1.6817928 -2.07828e+01 
 121    1.7186193 -2.08345e+01 
 122    1.7562522 -2.08774e+01 
 123    1.7947091 -2.09158e+01 
 124    1.8340081 -2.09496e+01 
 125    1.8741676 -2.09771e+01 
 126    1.9152066 -2.09979e+01 
 127    1.9571441 -2.10141e+01 
 128    2.0000000 -2.10251e+01 
 129    2.0437943 -2.10315e+01 
 130    2.0885476 -2.10335e+01 
 131    2.1342808 -2.10323e+01 
 132    2.1810155 -2.10268e+01 
 133    2.2287735 -2.10168e+01 
 134    2.2775773 -2.10044e+01 
 135    2.3274497 -2.09878e+01 
 136    2.3784142 -2.09676e+01 
 137    2.4304947 -2.09445e+01 
 138    2.4837156 -2.09174e+01 
 139    2.5381019 -2.08871e+01 
 140    2.5936791 -2.08548e+01 
 141    2.6504733 -2.08183e+01 
 142    2.7085111 -2.07798e+01 
 143    2.7678198 -2.07384e+01 
 144    2.8284271 -2.06939e+01 
 145    2.8903616 -2.06471e+01 
 146    2.9536523 -2.05973e+01 
 147    3.0183289 -2.05450e+01 
 148    3.0844217 -2.04896e+01 
 149    3.1519617 -2.04320e+01 
 150    3.2209807 -2.03728e+01 
 151    3.2915110 -2.03114e+01 
 152    3.3635857 -2.02468e+01 
 153    3.4372386 -2.01799e+01 
 154    3.5125043 -2.01107e+01 
 155    3.5894182 -2.00394e+01 
 156    3.6680162 -1.99659e+01 
 157    3.7483353 -1.98907e+01 
 158    3.8304131 -1.98130e+01 
 159    3.9142882 -1.97342e+01 
 160    4.0000000 -1.96539e+01 
 161    4.0875886 -1.95722e+01 
 162    4.1770951 -1.94885e+01 
 163    4.2685616 -1.94047e+01 
 164    4.3620309 -1.93182e+01 
 165    4.4575470 -1.92255e+01 
 166    4.5551545 -1.91113e+01 
 167    4.6548994 -1.89815e+01 
 168    4.7568285 -1.88509e+01 
 169    4.8609894 -1.87035e+01 
 170    4.9674312 -1.85450e+01 
 171    5.0762038 -1.83629e+01 
 172    5.1873582 -1.81679e+01 
 173    5.3009466 -1.79686e+01 
 174    5.4170222 -1.77809e+01 
 175    5.5356395 -1.75829e+01 
 176    5.6568542 -1.74161e+01 
 177    5.7807232 -1.72662e+01 
 178    5.9073046 -1.71211e+01 
 179    6.0366577 -1.70093e+01 
 180    6.1688433 -1.69070e+01 
 181    6.3039234 -1.68222e+01 
 182    6.4419613 -1.67502e+01 
 183    6.5830219 -1.66994e+01 
 184    6.7271713 -1.66715e+01 
 185    6.8744772 -1.66482e+01 
 186    7.0250086 -1.66286e+01 
 187    7.1788363 -1.66097e+01 
 188    7.3360323 -1.65904e+01 
 189    7.4966705 -1.65696e+01 


# z-band (filter: z_LSST.dat)
   0    0.1250000 -1.47929e+01 
   1    0.1277371 -1.48159e+01 
   2    0.1305342 -1.48394e+01 
   3    0.1333926 -1.48634e+01 
   4    0.1363135 -1.48841e+01 
   5    0.1392983 -1.49069e+01 
   6    0.1423486 -1.49373e+01 
   7    0.1454656 -1.49625e+01 
   8    0.1486509 -1.49817e+01 
   9    0.1519059 -1.50018e+01 
  10    0.1552322 -1.50239e+01 
  11    0.1586314 -1.50445e+01 
  12    0.1621049 -1.50647e+01 
  13    0.1656546 -1.50890e+01 
  14    0.1692819 -1.51187e+01 
  15    0.1729887 -1.51430e+01 
  16    0.1767767 -1.51698e+01 
  17    0.1806476 -1.51873e+01 
  18    0.1846033 -1.52015e+01 
  19    0.1886456 -1.52158e+01 
  20    0.1927764 -1.52426e+01 
  21    0.1969976 -1.52579e+01 
  22    0.2013113 -1.52728e+01 
  23    0.2057194 -1.52916e+01 
  24    0.2102241 -1.53139e+01 
  25    0.2148274 -1.53323e+01 
  26    0.2195315 -1.53455e+01 
  27    0.2243386 -1.53534e+01 
  28    0.2292510 -1.53645e+01 
  29    0.2342710 -1.53848e+01 
  30    0.2394008 -1.53905e+01 
  31    0.2446430 -1.54056e+01 
  32    0.2500000 -1.54194e+01 
  33    0.2554743 -1.54289e+01 
  34    0.2610684 -1.54314e+01 
  35    0.2667851 -1.54163e+01 
  36    0.2726269 -1.53992e+01 
  37    0.2785967 -1.53954e+01 
  38    0.2846972 -1.53953e+01 
  39    0.2909312 -1.53969e+01 
  40    0.2973018 -1.53986e+01 
  41    0.3038118 -1.53778e+01 
  42    0.3104645 -1.53624e+01 
  43    0.3172627 -1.53367e+01 
  44    0.3242099 -1.53060e+01 
  45    0.3313092 -1.52799e+01 
  46    0.3385639 -1.52298e+01 
  47    0.3459775 -1.51948e+01 
  48    0.3535534 -1.51783e+01 
  49    0.3612952 -1.51325e+01 
  50    0.3692065 -1.50902e+01 
  51    0.3772911 -1.50445e+01 
  52    0.3855527 -1.49916e+01 
  53    0.3939952 -1.49825e+01 
  54    0.4026226 -1.49647e+01 
  55    0.4114389 -1.49603e+01 
  56    0.4204482 -1.49944e+01 
  57    0.4296548 -1.50437e+01 
  58    0.4390630 -1.51170e+01 
  59    0.4486773 -1.52095e+01 
  60    0.4585020 -1.53042e+01 
  61    0.4685419 -1.54801e+01 
  62    0.4788016 -1.56302e+01 
  63    0.4892860 -1.57731e+01 
  64    0.5000000 -1.59094e+01 
  65    0.5109486 -1.61112e+01 
  66    0.5221369 -1.63369e+01 
  67    0.5335702 -1.64415e+01 
  68    0.5452539 -1.65511e+01 
  69    0.5571934 -1.66178e+01 
  70    0.5693943 -1.67088e+01 
  71    0.5818624 -1.67800e+01 
  72    0.5946036 -1.68464e+01 
  73    0.6076237 -1.68928e+01 
  74    0.6209289 -1.69341e+01 
  75    0.6345255 -1.70030e+01 
  76    0.6484198 -1.70639e+01 
  77    0.6626183 -1.70985e+01 
  78    0.6771278 -1.71095e+01 
  79    0.6919549 -1.71862e+01 
  80    0.7071068 -1.72658e+01 
  81    0.7225904 -1.73478e+01 
  82    0.7384131 -1.74237e+01 
  83    0.7545822 -1.75046e+01 
  84    0.7711054 -1.75819e+01 
  85    0.7879904 -1.76501e+01 
  86    0.8052452 -1.77343e+01 
  87    0.8228777 -1.78120e+01 
  88    0.8408964 -1.78951e+01 
  89    0.8593096 -1.79867e+01 
  90    0.8781261 -1.80792e+01 
  91    0.8973545 -1.81798e+01 
  92    0.9170040 -1.82846e+01 
  93    0.9370838 -1.83938e+01 
  94    0.9576033 -1.85051e+01 
  95    0.9785721 -1.86171e+01 
  96    1.0000000 -1.87405e+01 
  97    1.0218971 -1.88654e+01 
  98    1.0442738 -1.89825e+01 
  99    1.0671404 -1.91084e+01 
 100    1.0905077 -1.92300e+01 
 101    1.1143867 -1.93501e+01 
 102    1.1387886 -1.94686e+01 
 103    1.1637249 -1.95855e+01 
 104    1.1892071 -1.96967e+01 
 105    1.2152474 -1.98063e+01 
 106    1.2418578 -1.99137e+01 
 107    1.2690510 -2.00152e+01 
 108    1.2968396 -2.01089e+01 
 109    1.3252366 -2.02030e+01 
 110    1.3542555 -2.02922e+01 
 111    1.3839099 -2.03763e+01 
 112    1.4142136 -2.04572e+01 
 113    1.4451808 -2.05318e+01 
 114    1.4768261 -2.06021e+01 
 115    1.5091644 -2.06701e+01 
 116    1.5422108 -2.07311e+01 
 117    1.5759808 -2.07839e+01 
 118    1.6104903 -2.08336e+01 
 119    1.6457555 -2.08719e+01 
 120    1.6817928 -2.09060e+01 
 121    1.7186193 -2.09349e+01 
 122    1.7562522 -2.09549e+01 
 123    1.7947091 -2.09687e+01 
 124    1.8340081 -2.09764e+01 
 125    1.8741676 -2.09782e+01 
 126    1.9152066 -2.09739e+01 
 127    1.9571441 -2.09633e+01 
 128    2.0000000 -2.09485e+01 
 129    2.0437943 -2.09306e+01 
 130    2.0885476 -2.09095e+01 
 131    2.1342808 -2.08846e+01 
 132    2.1810155 -2.08568e+01 
 133    2.2287735 -2.08240e+01 
 134    2.2775773 -2.07898e+01 
 135    2.3274497 -2.07522e+01 
 136    2.3784142 -2.07114e+01 
 137    2.4304947 -2.06678e+01 
 138    2.4837156 -2.06211e+01 
 139    2.5381019 -2.05722e+01 
 140    2.5936791 -2.05204e+01 
 141    2.6504733 -2.04665e+01 
 142    2.7085111 -2.04088e+01 
 143    2.7678198 -2.03499e+01 
 144    2.8284271 -2.02883e+01 
 145    2.8903616 -2.02242e+01 
 146    2.9536523 -2.01582e+01 
 147    3.0183289 -2.00895e+01 
 148    3.0844217 -2.00185e+01 
 149    3.1519617 -1.99452e+01 
 150    3.2209807 -1.98705e+01 
 151    3.2915110 -1.97946e+01 
 152    3.3635857 -1.97147e+01 
 153    3.4372386 -1.96321e+01 
 154    3.5125043 -1.95479e+01 
 155    3.5894182 -1.94625e+01 
 156    3.6680162 -1.93747e+01 
 157    3.7483353 -1.92856e+01 
 158    3.8304131 -1.91952e+01 
 159    3.9142882 -1.91035e+01 
 160    4.0000000 -1.90132e+01 
 161    4.0875886 -1.89197e+01 
 162    4.1770951 -1.88255e+01 
 163    4.2685616 -1.87310e+01 
 164    4.3620309 -1.86313e+01 
 165    4.4575470 -1.85276e+01 
 166    4.5551545 -1.83998e+01 
 167    4.6548994 -1.82574e+01 
 168    4.7568285 -1.81131e+01 
 169    4.8609894 -1.79560e+01 
 170    4.9674312 -1.77863e+01 
 171    5.0762038 -1.76009e+01 
 172    5.1873582 -1.74033e+01 
 173    5.3009466 -1.72107e+01 
 174    5.4170222 -1.70406e+01 
 175    5.5356395 -1.68616e+01 
 176    5.6568542 -1.67259e+01 
 177    5.7807232 -1.66114e+01 
 178    5.9073046 -1.65088e+01 
 179    6.0366577 -1.64419e+01 
 180    6.1688433 -1.63894e+01 
 181    6.3039234 -1.63582e+01 
 182    6.4419613 -1.63385e+01 
 183    6.5830219 -1.63370e+01 
 184    6.7271713 -1.63608e+01 
 185    6.8744772 -1.63844e+01 
 186    7.0250086 -1.64080e+01 
 187    7.1788363 -1.64327e+01 
 188    7.3360323 -1.64542e+01 
 189    7.4966705 -1.64697e+01 


# y-band (filter: y_LSST.dat)
   0    0.1250000 -1.44936e+01 
   1    0.1277371 -1.45184e+01 
   2    0.1305342 -1.45437e+01 
   3    0.1333926 -1.45695e+01 
   4    0.1363135 -1.45969e+01 
   5    0.1392983 -1.46208e+01 
   6    0.1423486 -1.46633e+01 
   7    0.1454656 -1.46857e+01 
   8    0.1486509 -1.47134e+01 
   9    0.1519059 -1.47423e+01 
  10    0.1552322 -1.47757e+01 
  11    0.1586314 -1.48109e+01 
  12    0.1621049 -1.48352e+01 
  13    0.1656546 -1.48587e+01 
  14    0.1692819 -1.48811e+01 
  15    0.1729887 -1.49085e+01 
  16    0.1767767 -1.49334e+01 
  17    0.1806476 -1.49612e+01 
  18    0.1846033 -1.49919e+01 
  19    0.1886456 -1.50239e+01 
  20    0.1927764 -1.50502e+01 
  21    0.1969976 -1.50785e+01 
  22    0.2013113 -1.51193e+01 
  23    0.2057194 -1.51591e+01 
  24    0.2102241 -1.51886e+01 
  25    0.2148274 -1.52145e+01 
  26    0.2195315 -1.52541e+01 
  27    0.2243386 -1.52898e+01 
  28    0.2292510 -1.53114e+01 
  29    0.2342710 -1.53386e+01 
  30    0.2394008 -1.53641e+01 
  31    0.2446430 -1.53983e+01 
  32    0.2500000 -1.54362e+01 
  33    0.2554743 -1.54738e+01 
  34    0.2610684 -1.55118e+01 
  35    0.2667851 -1.55414e+01 
  36    0.2726269 -1.55999e+01 
  37    0.2785967 -1.56676e+01 
  38    0.2846972 -1.56977e+01 
  39    0.2909312 -1.57408e+01 
  40    0.2973018 -1.57920e+01 
  41    0.3038118 -1.58351e+01 
  42    0.3104645 -1.58562e+01 
  43    0.3172627 -1.58879e+01 
  44    0.3242099 -1.59167e+01 
  45    0.3313092 -1.59177e+01 
  46    0.3385639 -1.59322e+01 
  47    0.3459775 -1.59285e+01 
  48    0.3535534 -1.59364e+01 
  49    0.3612952 -1.59222e+01 
  50    0.3692065 -1.59380e+01 
  51    0.3772911 -1.59513e+01 
  52    0.3855527 -1.59693e+01 
  53    0.3939952 -1.59800e+01 
  54    0.4026226 -1.60289e+01 
  55    0.4114389 -1.60767e+01 
  56    0.4204482 -1.61673e+01 
  57    0.4296548 -1.62724e+01 
  58    0.4390630 -1.63702e+01 
  59    0.4486773 -1.64905e+01 
  60    0.4585020 -1.66083e+01 
  61    0.4685419 -1.67648e+01 
  62    0.4788016 -1.69215e+01 
  63    0.4892860 -1.70498e+01 
  64    0.5000000 -1.71836e+01 
  65    0.5109486 -1.73210e+01 
  66    0.5221369 -1.74499e+01 
  67    0.5335702 -1.75785e+01 
  68    0.5452539 -1.77011e+01 
  69    0.5571934 -1.78230e+01 
  70    0.5693943 -1.79586e+01 
  71    0.5818624 -1.80733e+01 
  72    0.5946036 -1.82026e+01 
  73    0.6076237 -1.83080e+01 
  74    0.6209289 -1.84289e+01 
  75    0.6345255 -1.85509e+01 
  76    0.6484198 -1.86785e+01 
  77    0.6626183 -1.88059e+01 
  78    0.6771278 -1.89320e+01 
  79    0.6919549 -1.90509e+01 
  80    0.7071068 -1.91604e+01 
  81    0.7225904 -1.92767e+01 
  82    0.7384131 -1.93839e+01 
  83    0.7545822 -1.94940e+01 
  84    0.7711054 -1.95941e+01 
  85    0.7879904 -1.96916e+01 
  86    0.8052452 -1.97872e+01 
  87    0.8228777 -1.98792e+01 
  88    0.8408964 -1.99646e+01 
  89    0.8593096 -2.00481e+01 
  90    0.8781261 -2.01285e+01 
  91    0.8973545 -2.02029e+01 
  92    0.9170040 -2.02778e+01 
  93    0.9370838 -2.03496e+01 
  94    0.9576033 -2.04178e+01 
  95    0.9785721 -2.04815e+01 
  96    1.0000000 -2.05441e+01 
  97    1.0218971 -2.06040e+01 
  98    1.0442738 -2.06598e+01 
  99    1.0671404 -2.07154e+01 
 100    1.0905077 -2.07658e+01 
 101    1.1143867 -2.08138e+01 
 102    1.1387886 -2.08596e+01 
 103    1.1637249 -2.09029e+01 
 104    1.1892071 -2.09400e+01 
 105    1.2152474 -2.09744e+01 
 106    1.2418578 -2.10079e+01 
 107    1.2690510 -2.10364e+01 
 108    1.2968396 -2.10620e+01 
 109    1.3252366 -2.10847e+01 
 110    1.3542555 -2.11044e+01 
 111    1.3839099 -2.11235e+01 
 112    1.4142136 -2.11384e+01 
 113    1.4451808 -2.11499e+01 
 114    1.4768261 -2.11582e+01 
 115    1.5091644 -2.11661e+01 
 116    1.5422108 -2.11693e+01 
 117    1.5759808 -2.11666e+01 
 118    1.6104903 -2.11623e+01 
 119    1.6457555 -2.11496e+01 
 120    1.6817928 -2.11339e+01 
 121    1.7186193 -2.11128e+01 
 122    1.7562522 -2.10875e+01 
 123    1.7947091 -2.10573e+01 
 124    1.8340081 -2.10230e+01 
 125    1.8741676 -2.09839e+01 
 126    1.9152066 -2.09429e+01 
 127    1.9571441 -2.08961e+01 
 128    2.0000000 -2.08468e+01 
 129    2.0437943 -2.07963e+01 
 130    2.0885476 -2.07437e+01 
 131    2.1342808 -2.06900e+01 
 132    2.1810155 -2.06336e+01 
 133    2.2287735 -2.05750e+01 
 134    2.2775773 -2.05159e+01 
 135    2.3274497 -2.04539e+01 
 136    2.3784142 -2.03920e+01 
 137    2.4304947 -2.03274e+01 
 138    2.4837156 -2.02611e+01 
 139    2.5381019 -2.01941e+01 
 140    2.5936791 -2.01240e+01 
 141    2.6504733 -2.00518e+01 
 142    2.7085111 -1.99794e+01 
 143    2.7678198 -1.99046e+01 
 144    2.8284271 -1.98280e+01 
 145    2.8903616 -1.97502e+01 
 146    2.9536523 -1.96704e+01 
 147    3.0183289 -1.95889e+01 
 148    3.0844217 -1.95069e+01 
 149    3.1519617 -1.94230e+01 
 150    3.2209807 -1.93377e+01 
 151    3.2915110 -1.92523e+01 
 152    3.3635857 -1.91660e+01 
 153    3.4372386 -1.90772e+01 
 154    3.5125043 -1.89862e+01 
 155    3.5894182 -1.88963e+01 
 156    3.6680162 -1.88032e+01 
 157    3.7483353 -1.87094e+01 
 158    3.8304131 -1.86145e+01 
 159    3.9142882 -1.85189e+01 
 160    4.0000000 -1.84263e+01 
 161    4.0875886 -1.83316e+01 
 162    4.1770951 -1.82349e+01 
 163    4.2685616 -1.81400e+01 
 164    4.3620309 -1.80385e+01 
 165    4.4575470 -1.79337e+01 
 166    4.5551545 -1.78063e+01 
 167    4.6548994 -1.76696e+01 
 168    4.7568285 -1.75285e+01 
 169    4.8609894 -1.73803e+01 
 170    4.9674312 -1.72259e+01 
 171    5.0762038 -1.70579e+01 
 172    5.1873582 -1.68831e+01 
 173    5.3009466 -1.67171e+01 
 174    5.4170222 -1.65768e+01 
 175    5.5356395 -1.64281e+01 
 176    5.6568542 -1.63252e+01 
 177    5.7807232 -1.62427e+01 
 178    5.9073046 -1.61736e+01 
 179    6.0366577 -1.61410e+01 
 180    6.1688433 -1.61303e+01 
 181    6.3039234 -1.61403e+01 
 182    6.4419613 -1.61662e+01 
 183    6.5830219 -1.62152e+01 
 184    6.7271713 -1.62803e+01 
 185    6.8744772 -1.63485e+01 
 186    7.0250086 -1.64196e+01 
 187    7.1788363 -1.64971e+01 
 188    7.3360323 -1.65745e+01 
 189    7.4966705 -1.66493e+01 


# J-band (filter: J_2MASS.dat)
   0    0.1250000 -1.38530e+01 
   1    0.1277371 -1.38668e+01 
   2    0.1305342 -1.38810e+01 
   3    0.1333926 -1.38955e+01 
   4    0.1363135 -1.39100e+01 
   5    0.1392983 -1.39237e+01 
   6    0.1423486 -1.39379e+01 
   7    0.1454656 -1.39524e+01 
   8    0.1486509 -1.39706e+01 
   9    0.1519059 -1.39935e+01 
  10    0.1552322 -1.40122e+01 
  11    0.1586314 -1.40294e+01 
  12    0.1621049 -1.40566e+01 
  13    0.1656546 -1.40814e+01 
  14    0.1692819 -1.41067e+01 
  15    0.1729887 -1.41321e+01 
  16    0.1767767 -1.41654e+01 
  17    0.1806476 -1.42577e+01 
  18    0.1846033 -1.42972e+01 
  19    0.1886456 -1.43482e+01 
  20    0.1927764 -1.43779e+01 
  21    0.1969976 -1.44182e+01 
  22    0.2013113 -1.44639e+01 
  23    0.2057194 -1.45418e+01 
  24    0.2102241 -1.46464e+01 
  25    0.2148274 -1.47116e+01 
  26    0.2195315 -1.48322e+01 
  27    0.2243386 -1.49176e+01 
  28    0.2292510 -1.50210e+01 
  29    0.2342710 -1.50943e+01 
  30    0.2394008 -1.52333e+01 
  31    0.2446430 -1.53535e+01 
  32    0.2500000 -1.54716e+01 
  33    0.2554743 -1.56050e+01 
  34    0.2610684 -1.57030e+01 
  35    0.2667851 -1.57960e+01 
  36    0.2726269 -1.59113e+01 
  37    0.2785967 -1.60772e+01 
  38    0.2846972 -1.63031e+01 
  39    0.2909312 -1.64016e+01 
  40    0.2973018 -1.65231e+01 
  41    0.3038118 -1.65921e+01 
  42    0.3104645 -1.66666e+01 
  43    0.3172627 -1.67429e+01 
  44    0.3242099 -1.68033e+01 
  45    0.3313092 -1.68780e+01 
  46    0.3385639 -1.69361e+01 
  47    0.3459775 -1.70288e+01 
  48    0.3535534 -1.71055e+01 
  49    0.3612952 -1.71280e+01 
  50    0.3692065 -1.71351e+01 
  51    0.3772911 -1.72269e+01 
  52    0.3855527 -1.73304e+01 
  53    0.3939952 -1.74487e+01 
  54    0.4026226 -1.75811e+01 
  55    0.4114389 -1.77661e+01 
  56    0.4204482 -1.79069e+01 
  57    0.4296548 -1.80088e+01 
  58    0.4390630 -1.81146e+01 
  59    0.4486773 -1.82200e+01 
  60    0.4585020 -1.83125e+01 
  61    0.4685419 -1.84163e+01 
  62    0.4788016 -1.85100e+01 
  63    0.4892860 -1.86103e+01 
  64    0.5000000 -1.87071e+01 
  65    0.5109486 -1.87871e+01 
  66    0.5221369 -1.88667e+01 
  67    0.5335702 -1.89086e+01 
  68    0.5452539 -1.90071e+01 
  69    0.5571934 -1.91063e+01 
  70    0.5693943 -1.92051e+01 
  71    0.5818624 -1.93052e+01 
  72    0.5946036 -1.94012e+01 
  73    0.6076237 -1.94922e+01 
  74    0.6209289 -1.95825e+01 
  75    0.6345255 -1.96654e+01 
  76    0.6484198 -1.97511e+01 
  77    0.6626183 -1.98283e+01 
  78    0.6771278 -1.99028e+01 
  79    0.6919549 -1.99761e+01 
  80    0.7071068 -2.00439e+01 
  81    0.7225904 -2.01099e+01 
  82    0.7384131 -2.01737e+01 
  83    0.7545822 -2.02316e+01 
  84    0.7711054 -2.02909e+01 
  85    0.7879904 -2.03443e+01 
  86    0.8052452 -2.03953e+01 
  87    0.8228777 -2.04441e+01 
  88    0.8408964 -2.04870e+01 
  89    0.8593096 -2.05314e+01 
  90    0.8781261 -2.05716e+01 
  91    0.8973545 -2.06091e+01 
  92    0.9170040 -2.06433e+01 
  93    0.9370838 -2.06782e+01 
  94    0.9576033 -2.07063e+01 
  95    0.9785721 -2.07350e+01 
  96    1.0000000 -2.07603e+01 
  97    1.0218971 -2.07834e+01 
  98    1.0442738 -2.08045e+01 
  99    1.0671404 -2.08238e+01 
 100    1.0905077 -2.08383e+01 
 101    1.1143867 -2.08504e+01 
 102    1.1387886 -2.08613e+01 
 103    1.1637249 -2.08702e+01 
 104    1.1892071 -2.08744e+01 
 105    1.2152474 -2.08773e+01 
 106    1.2418578 -2.08782e+01 
 107    1.2690510 -2.08766e+01 
 108    1.2968396 -2.08725e+01 
 109    1.3252366 -2.08659e+01 
 110    1.3542555 -2.08572e+01 
 111    1.3839099 -2.08460e+01 
 112    1.4142136 -2.08339e+01 
 113    1.4451808 -2.08203e+01 
 114    1.4768261 -2.08042e+01 
 115    1.5091644 -2.07853e+01 
 116    1.5422108 -2.07646e+01 
 117    1.5759808 -2.07398e+01 
 118    1.6104903 -2.07125e+01 
 119    1.6457555 -2.06784e+01 
 120    1.6817928 -2.06409e+01 
 121    1.7186193 -2.06006e+01 
 122    1.7562522 -2.05552e+01 
 123    1.7947091 -2.05092e+01 
 124    1.8340081 -2.04559e+01 
 125    1.8741676 -2.04017e+01 
 126    1.9152066 -2.03444e+01 
 127    1.9571441 -2.02869e+01 
 128    2.0000000 -2.02244e+01 
 129    2.0437943 -2.01596e+01 
 130    2.0885476 -2.00949e+01 
 131    2.1342808 -2.00288e+01 
 132    2.1810155 -1.99605e+01 
 133    2.2287735 -1.98924e+01 
 134    2.2775773 -1.98226e+01 
 135    2.3274497 -1.97510e+01 
 136    2.3784142 -1.96788e+01 
 137    2.4304947 -1.96042e+01 
 138    2.4837156 -1.95283e+01 
 139    2.5381019 -1.94499e+01 
 140    2.5936791 -1.93719e+01 
 141    2.6504733 -1.92929e+01 
 142    2.7085111 -1.92130e+01 
 143    2.7678198 -1.91311e+01 
 144    2.8284271 -1.90497e+01 
 145    2.8903616 -1.89666e+01 
 146    2.9536523 -1.88827e+01 
 147    3.0183289 -1.87970e+01 
 148    3.0844217 -1.87144e+01 
 149    3.1519617 -1.86291e+01 
 150    3.2209807 -1.85426e+01 
 151    3.2915110 -1.84562e+01 
 152    3.3635857 -1.83670e+01 
 153    3.4372386 -1.82804e+01 
 154    3.5125043 -1.81903e+01 
 155    3.5894182 -1.80994e+01 
 156    3.6680162 -1.80071e+01 
 157    3.7483353 -1.79143e+01 
 158    3.8304131 -1.78203e+01 
 159    3.9142882 -1.77284e+01 
 160    4.0000000 -1.76367e+01 
 161    4.0875886 -1.75446e+01 
 162    4.1770951 -1.74516e+01 
 163    4.2685616 -1.73608e+01 
 164    4.3620309 -1.72722e+01 
 165    4.4575470 -1.71774e+01 
 166    4.5551545 -1.70669e+01 
 167    4.6548994 -1.69505e+01 
 168    4.7568285 -1.68349e+01 
 169    4.8609894 -1.67160e+01 
 170    4.9674312 -1.65929e+01 
 171    5.0762038 -1.64630e+01 
 172    5.1873582 -1.63273e+01 
 173    5.3009466 -1.61990e+01 
 174    5.4170222 -1.60811e+01 
 175    5.5356395 -1.59591e+01 
 176    5.6568542 -1.58590e+01 
 177    5.7807232 -1.57715e+01 
 178    5.9073046 -1.56959e+01 
 179    6.0366577 -1.56436e+01 
 180    6.1688433 -1.56008e+01 
 181    6.3039234 -1.55676e+01 
 182    6.4419613 -1.55528e+01 
 183    6.5830219 -1.55527e+01 
 184    6.7271713 -1.55663e+01 
 185    6.8744772 -1.55910e+01 
 186    7.0250086 -1.56217e+01 
 187    7.1788363 -1.56542e+01 
 188    7.3360323 -1.56918e+01 
 189    7.4966705 -1.57375e+01 


# H-band (filter: H_2MASS.dat)
   0    0.1250000 -1.31936e+01 
   1    0.1277371 -1.31958e+01 
   2    0.1305342 -1.31982e+01 
   3    0.1333926 -1.32005e+01 
   4    0.1363135 -1.32101e+01 
   5    0.1392983 -1.32153e+01 
   6    0.1423486 -1.32150e+01 
   7    0.1454656 -1.32212e+01 
   8    0.1486509 -1.32342e+01 
   9    0.1519059 -1.32486e+01 
  10    0.1552322 -1.32951e+01 
  11    0.1586314 -1.33197e+01 
  12    0.1621049 -1.33880e+01 
  13    0.1656546 -1.34891e+01 
  14    0.1692819 -1.34838e+01 
  15    0.1729887 -1.35441e+01 
  16    0.1767767 -1.35623e+01 
  17    0.1806476 -1.36466e+01 
  18    0.1846033 -1.37386e+01 
  19    0.1886456 -1.38993e+01 
  20    0.1927764 -1.40699e+01 
  21    0.1969976 -1.42417e+01 
  22    0.2013113 -1.44088e+01 
  23    0.2057194 -1.45758e+01 
  24    0.2102241 -1.48021e+01 
  25    0.2148274 -1.49155e+01 
  26    0.2195315 -1.51374e+01 
  27    0.2243386 -1.53370e+01 
  28    0.2292510 -1.55381e+01 
  29    0.2342710 -1.57262e+01 
  30    0.2394008 -1.59122e+01 
  31    0.2446430 -1.60951e+01 
  32    0.2500000 -1.62844e+01 
  33    0.2554743 -1.64504e+01 
  34    0.2610684 -1.66179e+01 
  35    0.2667851 -1.67952e+01 
  36    0.2726269 -1.69706e+01 
  37    0.2785967 -1.71651e+01 
  38    0.2846972 -1.73145e+01 
  39    0.2909312 -1.74896e+01 
  40    0.2973018 -1.76751e+01 
  41    0.3038118 -1.78583e+01 
  42    0.3104645 -1.80030e+01 
  43    0.3172627 -1.81508e+01 
  44    0.3242099 -1.82830e+01 
  45    0.3313092 -1.84272e+01 
  46    0.3385639 -1.85607e+01 
  47    0.3459775 -1.86735e+01 
  48    0.3535534 -1.87990e+01 
  49    0.3612952 -1.89206e+01 
  50    0.3692065 -1.90493e+01 
  51    0.3772911 -1.91565e+01 
  52    0.3855527 -1.92635e+01 
  53    0.3939952 -1.93628e+01 
  54    0.4026226 -1.94586e+01 
  55    0.4114389 -1.95569e+01 
  56    0.4204482 -1.96461e+01 
  57    0.4296548 -1.97303e+01 
  58    0.4390630 -1.98154e+01 
  59    0.4486773 -1.99003e+01 
  60    0.4585020 -1.99725e+01 
  61    0.4685419 -2.00411e+01 
  62    0.4788016 -2.01098e+01 
  63    0.4892860 -2.01773e+01 
  64    0.5000000 -2.02337e+01 
  65    0.5109486 -2.02934e+01 
  66    0.5221369 -2.03446e+01 
  67    0.5335702 -2.03919e+01 
  68    0.5452539 -2.04341e+01 
  69    0.5571934 -2.04746e+01 
  70    0.5693943 -2.05100e+01 
  71    0.5818624 -2.05401e+01 
  72    0.5946036 -2.05675e+01 
  73    0.6076237 -2.05893e+01 
  74    0.6209289 -2.06074e+01 
  75    0.6345255 -2.06179e+01 
  76    0.6484198 -2.06303e+01 
  77    0.6626183 -2.06379e+01 
  78    0.6771278 -2.06465e+01 
  79    0.6919549 -2.06484e+01 
  80    0.7071068 -2.06498e+01 
  81    0.7225904 -2.06458e+01 
  82    0.7384131 -2.06421e+01 
  83    0.7545822 -2.06337e+01 
  84    0.7711054 -2.06237e+01 
  85    0.7879904 -2.06126e+01 
  86    0.8052452 -2.06006e+01 
  87    0.8228777 -2.05877e+01 
  88    0.8408964 -2.05685e+01 
  89    0.8593096 -2.05479e+01 
  90    0.8781261 -2.05254e+01 
  91    0.8973545 -2.05014e+01 
  92    0.9170040 -2.04777e+01 
  93    0.9370838 -2.04530e+01 
  94    0.9576033 -2.04241e+01 
  95    0.9785721 -2.03948e+01 
  96    1.0000000 -2.03630e+01 
  97    1.0218971 -2.03293e+01 
  98    1.0442738 -2.02938e+01 
  99    1.0671404 -2.02566e+01 
 100    1.0905077 -2.02217e+01 
 101    1.1143867 -2.01848e+01 
 102    1.1387886 -2.01443e+01 
 103    1.1637249 -2.01046e+01 
 104    1.1892071 -2.00623e+01 
 105    1.2152474 -2.00183e+01 
 106    1.2418578 -1.99751e+01 
 107    1.2690510 -1.99293e+01 
 108    1.2968396 -1.98837e+01 
 109    1.3252366 -1.98385e+01 
 110    1.3542555 -1.97899e+01 
 111    1.3839099 -1.97367e+01 
 112    1.4142136 -1.96860e+01 
 113    1.4451808 -1.96340e+01 
 114    1.4768261 -1.95869e+01 
 115    1.5091644 -1.95348e+01 
 116    1.5422108 -1.94819e+01 
 117    1.5759808 -1.94231e+01 
 118    1.6104903 -1.93667e+01 
 119    1.6457555 -1.93095e+01 
 120    1.6817928 -1.92448e+01 
 121    1.7186193 -1.91782e+01 
 122    1.7562522 -1.91085e+01 
 123    1.7947091 -1.90397e+01 
 124    1.8340081 -1.89674e+01 
 125    1.8741676 -1.88920e+01 
 126    1.9152066 -1.88097e+01 
 127    1.9571441 -1.87284e+01 
 128    2.0000000 -1.86430e+01 
 129    2.0437943 -1.85636e+01 
 130    2.0885476 -1.84758e+01 
 131    2.1342808 -1.83898e+01 
 132    2.1810155 -1.83076e+01 
 133    2.2287735 -1.82236e+01 
 134    2.2775773 -1.81373e+01 
 135    2.3274497 -1.80507e+01 
 136    2.3784142 -1.79684e+01 
 137    2.4304947 -1.78833e+01 
 138    2.4837156 -1.78012e+01 
 139    2.5381019 -1.77216e+01 
 140    2.5936791 -1.76375e+01 
 141    2.6504733 -1.75586e+01 
 142    2.7085111 -1.74740e+01 
 143    2.7678198 -1.73906e+01 
 144    2.8284271 -1.73018e+01 
 145    2.8903616 -1.72217e+01 
 146    2.9536523 -1.71428e+01 
 147    3.0183289 -1.70642e+01 
 148    3.0844217 -1.69838e+01 
 149    3.1519617 -1.69047e+01 
 150    3.2209807 -1.68261e+01 
 151    3.2915110 -1.67481e+01 
 152    3.3635857 -1.66756e+01 
 153    3.4372386 -1.66006e+01 
 154    3.5125043 -1.65306e+01 
 155    3.5894182 -1.64567e+01 
 156    3.6680162 -1.63908e+01 
 157    3.7483353 -1.63208e+01 
 158    3.8304131 -1.62517e+01 
 159    3.9142882 -1.61816e+01 
 160    4.0000000 -1.61174e+01 
 161    4.0875886 -1.60573e+01 
 162    4.1770951 -1.59980e+01 
 163    4.2685616 -1.59399e+01 
 164    4.3620309 -1.58801e+01 
 165    4.4575470 -1.58231e+01 
 166    4.5551545 -1.57577e+01 
 167    4.6548994 -1.56861e+01 
 168    4.7568285 -1.56146e+01 
 169    4.8609894 -1.55477e+01 
 170    4.9674312 -1.54823e+01 
 171    5.0762038 -1.54168e+01 
 172    5.1873582 -1.53505e+01 
 173    5.3009466 -1.52939e+01 
 174    5.4170222 -1.52439e+01 
 175    5.5356395 -1.51941e+01 
 176    5.6568542 -1.51562e+01 
 177    5.7807232 -1.51216e+01 
 178    5.9073046 -1.50940e+01 
 179    6.0366577 -1.50767e+01 
 180    6.1688433 -1.50727e+01 
 181    6.3039234 -1.50669e+01 
 182    6.4419613 -1.50657e+01 
 183    6.5830219 -1.50661e+01 
 184    6.7271713 -1.50655e+01 
 185    6.8744772 -1.50671e+01 
 186    7.0250086 -1.50695e+01 
 187    7.1788363 -1.50724e+01 
 188    7.3360323 -1.50751e+01 
 189    7.4966705 -1.50801e+01 


# K-band (filter: Ks_mosfire.dat)
   0    0.1250000 -1.23310e+01 
   1    0.1277371 -1.23513e+01 
   2    0.1305342 -1.23720e+01 
   3    0.1333926 -1.23932e+01 
   4    0.1363135 -1.24093e+01 
   5    0.1392983 -1.24111e+01 
   6    0.1423486 -1.25154e+01 
   7    0.1454656 -1.25996e+01 
   8    0.1486509 -1.27686e+01 
   9    0.1519059 -1.28529e+01 
  10    0.1552322 -1.28899e+01 
  11    0.1586314 -1.29169e+01 
  12    0.1621049 -1.30000e+01 
  13    0.1656546 -1.30294e+01 
  14    0.1692819 -1.32626e+01 
  15    0.1729887 -1.35497e+01 
  16    0.1767767 -1.37578e+01 
  17    0.1806476 -1.39909e+01 
  18    0.1846033 -1.41770e+01 
  19    0.1886456 -1.44254e+01 
  20    0.1927764 -1.45248e+01 
  21    0.1969976 -1.48501e+01 
  22    0.2013113 -1.51117e+01 
  23    0.2057194 -1.53822e+01 
  24    0.2102241 -1.55576e+01 
  25    0.2148274 -1.58476e+01 
  26    0.2195315 -1.60340e+01 
  27    0.2243386 -1.61336e+01 
  28    0.2292510 -1.62984e+01 
  29    0.2342710 -1.64782e+01 
  30    0.2394008 -1.65951e+01 
  31    0.2446430 -1.67299e+01 
  32    0.2500000 -1.68853e+01 
  33    0.2554743 -1.70245e+01 
  34    0.2610684 -1.71609e+01 
  35    0.2667851 -1.73429e+01 
  36    0.2726269 -1.75248e+01 
  37    0.2785967 -1.76639e+01 
  38    0.2846972 -1.78164e+01 
  39    0.2909312 -1.79749e+01 
  40    0.2973018 -1.81392e+01 
  41    0.3038118 -1.82980e+01 
  42    0.3104645 -1.84483e+01 
  43    0.3172627 -1.85879e+01 
  44    0.3242099 -1.87145e+01 
  45    0.3313092 -1.88293e+01 
  46    0.3385639 -1.89417e+01 
  47    0.3459775 -1.90480e+01 
  48    0.3535534 -1.91497e+01 
  49    0.3612952 -1.92461e+01 
  50    0.3692065 -1.93237e+01 
  51    0.3772911 -1.93993e+01 
  52    0.3855527 -1.94777e+01 
  53    0.3939952 -1.95471e+01 
  54    0.4026226 -1.96180e+01 
  55    0.4114389 -1.96871e+01 
  56    0.4204482 -1.97518e+01 
  57    0.4296548 -1.98099e+01 
  58    0.4390630 -1.98680e+01 
  59    0.4486773 -1.99209e+01 
  60    0.4585020 -1.99704e+01 
  61    0.4685419 -2.00139e+01 
  62    0.4788016 -2.00586e+01 
  63    0.4892860 -2.00967e+01 
  64    0.5000000 -2.01260e+01 
  65    0.5109486 -2.01550e+01 
  66    0.5221369 -2.01797e+01 
  67    0.5335702 -2.02010e+01 
  68    0.5452539 -2.02184e+01 
  69    0.5571934 -2.02347e+01 
  70    0.5693943 -2.02457e+01 
  71    0.5818624 -2.02565e+01 
  72    0.5946036 -2.02596e+01 
  73    0.6076237 -2.02642e+01 
  74    0.6209289 -2.02613e+01 
  75    0.6345255 -2.02616e+01 
  76    0.6484198 -2.02621e+01 
  77    0.6626183 -2.02545e+01 
  78    0.6771278 -2.02418e+01 
  79    0.6919549 -2.02344e+01 
  80    0.7071068 -2.02194e+01 
  81    0.7225904 -2.02037e+01 
  82    0.7384131 -2.01881e+01 
  83    0.7545822 -2.01660e+01 
  84    0.7711054 -2.01474e+01 
  85    0.7879904 -2.01241e+01 
  86    0.8052452 -2.01002e+01 
  87    0.8228777 -2.00702e+01 
  88    0.8408964 -2.00416e+01 
  89    0.8593096 -2.00112e+01 
  90    0.8781261 -1.99771e+01 
  91    0.8973545 -1.99456e+01 
  92    0.9170040 -1.99160e+01 
  93    0.9370838 -1.98823e+01 
  94    0.9576033 -1.98438e+01 
  95    0.9785721 -1.98078e+01 
  96    1.0000000 -1.97708e+01 
  97    1.0218971 -1.97280e+01 
  98    1.0442738 -1.96844e+01 
  99    1.0671404 -1.96456e+01 
 100    1.0905077 -1.96031e+01 
 101    1.1143867 -1.95560e+01 
 102    1.1387886 -1.95113e+01 
 103    1.1637249 -1.94608e+01 
 104    1.1892071 -1.94096e+01 
 105    1.2152474 -1.93580e+01 
 106    1.2418578 -1.93095e+01 
 107    1.2690510 -1.92614e+01 
 108    1.2968396 -1.92100e+01 
 109    1.3252366 -1.91586e+01 
 110    1.3542555 -1.91039e+01 
 111    1.3839099 -1.90452e+01 
 112    1.4142136 -1.89872e+01 
 113    1.4451808 -1.89281e+01 
 114    1.4768261 -1.88718e+01 
 115    1.5091644 -1.88118e+01 
 116    1.5422108 -1.87586e+01 
 117    1.5759808 -1.86990e+01 
 118    1.6104903 -1.86358e+01 
 119    1.6457555 -1.85678e+01 
 120    1.6817928 -1.84990e+01 
 121    1.7186193 -1.84363e+01 
 122    1.7562522 -1.83589e+01 
 123    1.7947091 -1.82901e+01 
 124    1.8340081 -1.82157e+01 
 125    1.8741676 -1.81392e+01 
 126    1.9152066 -1.80534e+01 
 127    1.9571441 -1.79713e+01 
 128    2.0000000 -1.78834e+01 
 129    2.0437943 -1.78016e+01 
 130    2.0885476 -1.77112e+01 
 131    2.1342808 -1.76203e+01 
 132    2.1810155 -1.75346e+01 
 133    2.2287735 -1.74455e+01 
 134    2.2775773 -1.73571e+01 
 135    2.3274497 -1.72631e+01 
 136    2.3784142 -1.71643e+01 
 137    2.4304947 -1.70729e+01 
 138    2.4837156 -1.69898e+01 
 139    2.5381019 -1.68990e+01 
 140    2.5936791 -1.68124e+01 
 141    2.6504733 -1.67262e+01 
 142    2.7085111 -1.66326e+01 
 143    2.7678198 -1.65454e+01 
 144    2.8284271 -1.64436e+01 
 145    2.8903616 -1.63516e+01 
 146    2.9536523 -1.62637e+01 
 147    3.0183289 -1.61665e+01 
 148    3.0844217 -1.60875e+01 
 149    3.1519617 -1.59921e+01 
 150    3.2209807 -1.58962e+01 
 151    3.2915110 -1.58079e+01 
 152    3.3635857 -1.57014e+01 
 153    3.4372386 -1.56056e+01 
 154    3.5125043 -1.55221e+01 
 155    3.5894182 -1.54360e+01 
 156    3.6680162 -1.53453e+01 
 157    3.7483353 -1.52563e+01 
 158    3.8304131 -1.51489e+01 
 159    3.9142882 -1.50467e+01 
 160    4.0000000 -1.49313e+01 
 161    4.0875886 -1.48359e+01 
 162    4.1770951 -1.47460e+01 
 163    4.2685616 -1.46416e+01 
 164    4.3620309 -1.45494e+01 
 165    4.4575470 -1.44424e+01 
 166    4.5551545 -1.43298e+01 
 167    4.6548994 -1.42172e+01 
 168    4.7568285 -1.40968e+01 
 169    4.8609894 -1.39859e+01 
 170    4.9674312 -1.38934e+01 
 171    5.0762038 -1.37882e+01 
 172    5.1873582 -1.36778e+01 
 173    5.3009466 -1.35734e+01 
 174    5.4170222 -1.34811e+01 
 175    5.5356395 -1.33942e+01 
 176    5.6568542 -1.33122e+01 
 177    5.7807232 -1.32643e+01 
 178    5.9073046 -1.32140e+01 
 179    6.0366577 -1.31633e+01 
 180    6.1688433 -1.31432e+01 
 181    6.3039234 -1.31306e+01 
 182    6.4419613 -1.31254e+01 
 183    6.5830219 -1.31428e+01 
 184    6.7271713 -1.31822e+01 
 185    6.8744772 -1.32284e+01 
 186    7.0250086 -1.32630e+01 
 187    7.1788363 -1.33137e+01 
 188    7.3360323 -1.33707e+01 
 189    7.4966705 -1.34454e+01 


# S-band (filter: Spitzer_IRAC2.dat)
   0    0.1250000 -1.34075e+01 
   1    0.1277371 -1.38498e+01 
   2    0.1305342 -1.43018e+01 
   3    0.1333926 -1.47636e+01 
   4    0.1363135 -1.51970e+01 
   5    0.1392983 -1.55895e+01 
   6    0.1423486 -1.58468e+01 
   7    0.1454656 -1.59827e+01 
   8    0.1486509 -1.62116e+01 
   9    0.1519059 -1.65097e+01 
  10    0.1552322 -1.66693e+01 
  11    0.1586314 -1.68678e+01 
  12    0.1621049 -1.70216e+01 
  13    0.1656546 -1.71772e+01 
  14    0.1692819 -1.72927e+01 
  15    0.1729887 -1.74291e+01 
  16    0.1767767 -1.75679e+01 
  17    0.1806476 -1.76894e+01 
  18    0.1846033 -1.78355e+01 
  19    0.1886456 -1.79399e+01 
  20    0.1927764 -1.80770e+01 
  21    0.1969976 -1.81960e+01 
  22    0.2013113 -1.82876e+01 
  23    0.2057194 -1.84000e+01 
  24    0.2102241 -1.84902e+01 
  25    0.2148274 -1.85566e+01 
  26    0.2195315 -1.86504e+01 
  27    0.2243386 -1.87338e+01 
  28    0.2292510 -1.87849e+01 
  29    0.2342710 -1.88475e+01 
  30    0.2394008 -1.88929e+01 
  31    0.2446430 -1.89493e+01 
  32    0.2500000 -1.89809e+01 
  33    0.2554743 -1.90217e+01 
  34    0.2610684 -1.90654e+01 
  35    0.2667851 -1.91018e+01 
  36    0.2726269 -1.91333e+01 
  37    0.2785967 -1.91523e+01 
  38    0.2846972 -1.91622e+01 
  39    0.2909312 -1.91749e+01 
  40    0.2973018 -1.91859e+01 
  41    0.3038118 -1.91884e+01 
  42    0.3104645 -1.91789e+01 
  43    0.3172627 -1.91897e+01 
  44    0.3242099 -1.92006e+01 
  45    0.3313092 -1.91983e+01 
  46    0.3385639 -1.92005e+01 
  47    0.3459775 -1.91888e+01 
  48    0.3535534 -1.91766e+01 
  49    0.3612952 -1.91701e+01 
  50    0.3692065 -1.91610e+01 
  51    0.3772911 -1.91463e+01 
  52    0.3855527 -1.91327e+01 
  53    0.3939952 -1.91175e+01 
  54    0.4026226 -1.90983e+01 
  55    0.4114389 -1.90655e+01 
  56    0.4204482 -1.90412e+01 
  57    0.4296548 -1.90101e+01 
  58    0.4390630 -1.89763e+01 
  59    0.4486773 -1.89342e+01 
  60    0.4585020 -1.88939e+01 
  61    0.4685419 -1.88547e+01 
  62    0.4788016 -1.88165e+01 
  63    0.4892860 -1.87714e+01 
  64    0.5000000 -1.87351e+01 
  65    0.5109486 -1.86893e+01 
  66    0.5221369 -1.86416e+01 
  67    0.5335702 -1.86054e+01 
  68    0.5452539 -1.85629e+01 
  69    0.5571934 -1.85146e+01 
  70    0.5693943 -1.84750e+01 
  71    0.5818624 -1.84402e+01 
  72    0.5946036 -1.83792e+01 
  73    0.6076237 -1.83395e+01 
  74    0.6209289 -1.82828e+01 
  75    0.6345255 -1.82349e+01 
  76    0.6484198 -1.81840e+01 
  77    0.6626183 -1.81347e+01 
  78    0.6771278 -1.80922e+01 
  79    0.6919549 -1.80255e+01 
  80    0.7071068 -1.79687e+01 
  81    0.7225904 -1.79187e+01 
  82    0.7384131 -1.78592e+01 
  83    0.7545822 -1.77921e+01 
  84    0.7711054 -1.77428e+01 
  85    0.7879904 -1.76937e+01 
  86    0.8052452 -1.76466e+01 
  87    0.8228777 -1.75980e+01 
  88    0.8408964 -1.75326e+01 
  89    0.8593096 -1.74687e+01 
  90    0.8781261 -1.74038e+01 
  91    0.8973545 -1.73433e+01 
  92    0.9170040 -1.72788e+01 
  93    0.9370838 -1.72169e+01 
  94    0.9576033 -1.71503e+01 
  95    0.9785721 -1.70901e+01 
  96    1.0000000 -1.70162e+01 
  97    1.0218971 -1.69356e+01 
  98    1.0442738 -1.68697e+01 
  99    1.0671404 -1.67915e+01 
 100    1.0905077 -1.67371e+01 
 101    1.1143867 -1.66627e+01 
 102    1.1387886 -1.65963e+01 
 103    1.1637249 -1.65219e+01 
 104    1.1892071 -1.64691e+01 
 105    1.2152474 -1.63992e+01 
 106    1.2418578 -1.63336e+01 
 107    1.2690510 -1.62879e+01 
 108    1.2968396 -1.62252e+01 
 109    1.3252366 -1.61650e+01 
 110    1.3542555 -1.61071e+01 
 111    1.3839099 -1.60294e+01 
 112    1.4142136 -1.59567e+01 
 113    1.4451808 -1.58994e+01 
 114    1.4768261 -1.58239e+01 
 115    1.5091644 -1.57468e+01 
 116    1.5422108 -1.56753e+01 
 117    1.5759808 -1.56013e+01 
 118    1.6104903 -1.55254e+01 
 119    1.6457555 -1.54379e+01 
 120    1.6817928 -1.53662e+01 
 121    1.7186193 -1.52858e+01 
 122    1.7562522 -1.51998e+01 
 123    1.7947091 -1.50840e+01 
 124    1.8340081 -1.50057e+01 
 125    1.8741676 -1.49190e+01 
 126    1.9152066 -1.48599e+01 
 127    1.9571441 -1.47670e+01 
 128    2.0000000 -1.46634e+01 
 129    2.0437943 -1.45920e+01 
 130    2.0885476 -1.44681e+01 
 131    2.1342808 -1.43849e+01 
 132    2.1810155 -1.42733e+01 
 133    2.2287735 -1.41964e+01 
 134    2.2775773 -1.41045e+01 
 135    2.3274497 -1.40419e+01 
 136    2.3784142 -1.39668e+01 
 137    2.4304947 -1.38458e+01 
 138    2.4837156 -1.37657e+01 
 139    2.5381019 -1.37038e+01 
 140    2.5936791 -1.36296e+01 
 141    2.6504733 -1.34749e+01 
 142    2.7085111 -1.33589e+01 
 143    2.7678198 -1.32329e+01 
 144    2.8284271 -1.31229e+01 
 145    2.8903616 -1.30007e+01 
 146    2.9536523 -1.28966e+01 
 147    3.0183289 -1.27874e+01 
 148    3.0844217 -1.26205e+01 
 149    3.1519617 -1.25394e+01 
 150    3.2209807 -1.24022e+01 
 151    3.2915110 -1.22627e+01 
 152    3.3635857 -1.22383e+01 
 153    3.4372386 -1.21591e+01 
 154    3.5125043 -1.20880e+01 
 155    3.5894182 -1.19871e+01 
 156    3.6680162 -1.19109e+01 
 157    3.7483353 -1.18587e+01 
 158    3.8304131 -1.17114e+01 
 159    3.9142882 -1.16049e+01 
 160    4.0000000 -1.15337e+01 
 161    4.0875886 -1.14653e+01 
 162    4.1770951 -1.14068e+01 
 163    4.2685616 -1.12513e+01 
 164    4.3620309 -1.11459e+01 
 165    4.4575470 -1.10359e+01 
 166    4.5551545 -1.09022e+01 
 167    4.6548994 -1.07206e+01 
 168    4.7568285 -1.06170e+01 
 169    4.8609894 -1.02750e+01 
 170    4.9674312 -1.01417e+01 
 171    5.0762038 -9.98168e+00 
 172    5.1873582 -9.83972e+00 
 173    5.3009466 -9.56953e+00 
 174    5.4170222 -9.32062e+00 
 175    5.5356395 -9.18625e+00 
 176    5.6568542 -9.07358e+00 
 177    5.7807232 -9.06592e+00 
 178    5.9073046 -8.99594e+00 
 179    6.0366577 -8.90287e+00 
 180    6.1688433 -8.76343e+00 
 181    6.3039234 -8.75751e+00 
 182    6.4419613 -8.76220e+00 
 183    6.5830219 -8.72579e+00 
 184    6.7271713 -8.70475e+00 
 185    6.8744772 -8.84455e+00 
 186    7.0250086 -8.87867e+00 
 187    7.1788363 -8.85751e+00 
 188    7.3360323 -8.83865e+00 
 189    7.4966705 -8.89049e+00 


