# 1:iteration 2:time bin[s] 3-k:AB magnitude for k-th angular bin
# g-band (filter: g_LSST.dat)
   0    0.1250000 -1.39257e+01 
   1    0.1277371 -1.39293e+01 
   2    0.1305342 -1.39331e+01 
   3    0.1333926 -1.39370e+01 
   4    0.1363135 -1.39389e+01 
   5    0.1392983 -1.39389e+01 
   6    0.1423486 -1.39375e+01 
   7    0.1454656 -1.39382e+01 
   8    0.1486509 -1.39360e+01 
   9    0.1519059 -1.39310e+01 
  10    0.1552322 -1.39250e+01 
  11    0.1586314 -1.39167e+01 
  12    0.1621049 -1.39073e+01 
  13    0.1656546 -1.38961e+01 
  14    0.1692819 -1.38821e+01 
  15    0.1729887 -1.38676e+01 
  16    0.1767767 -1.38512e+01 
  17    0.1806476 -1.38333e+01 
  18    0.1846033 -1.38113e+01 
  19    0.1886456 -1.37846e+01 
  20    0.1927764 -1.37603e+01 
  21    0.1969976 -1.37332e+01 
  22    0.2013113 -1.37001e+01 
  23    0.2057194 -1.36685e+01 
  24    0.2102241 -1.36345e+01 
  25    0.2148274 -1.35978e+01 
  26    0.2195315 -1.35562e+01 
  27    0.2243386 -1.35132e+01 
  28    0.2292510 -1.34646e+01 
  29    0.2342710 -1.34152e+01 
  30    0.2394008 -1.33654e+01 
  31    0.2446430 -1.33131e+01 
  32    0.2500000 -1.32579e+01 
  33    0.2554743 -1.31986e+01 
  34    0.2610684 -1.31444e+01 
  35    0.2667851 -1.30953e+01 
  36    0.2726269 -1.30423e+01 
  37    0.2785967 -1.29941e+01 
  38    0.2846972 -1.29544e+01 
  39    0.2909312 -1.29181e+01 
  40    0.2973018 -1.28853e+01 
  41    0.3038118 -1.28566e+01 
  42    0.3104645 -1.28340e+01 
  43    0.3172627 -1.28210e+01 
  44    0.3242099 -1.28229e+01 
  45    0.3313092 -1.28256e+01 
  46    0.3385639 -1.28345e+01 
  47    0.3459775 -1.28315e+01 
  48    0.3535534 -1.28374e+01 
  49    0.3612952 -1.28511e+01 
  50    0.3692065 -1.28633e+01 
  51    0.3772911 -1.28729e+01 
  52    0.3855527 -1.28851e+01 
  53    0.3939952 -1.29037e+01 
  54    0.4026226 -1.29489e+01 
  55    0.4114389 -1.29863e+01 
  56    0.4204482 -1.30352e+01 
  57    0.4296548 -1.30854e+01 
  58    0.4390630 -1.31484e+01 
  59    0.4486773 -1.32214e+01 
  60    0.4585020 -1.32918e+01 
  61    0.4685419 -1.33606e+01 
  62    0.4788016 -1.34443e+01 
  63    0.4892860 -1.35465e+01 
  64    0.5000000 -1.36593e+01 
  65    0.5109486 -1.37633e+01 
  66    0.5221369 -1.38629e+01 
  67    0.5335702 -1.39561e+01 
  68    0.5452539 -1.40569e+01 
  69    0.5571934 -1.41570e+01 
  70    0.5693943 -1.42541e+01 
  71    0.5818624 -1.43568e+01 
  72    0.5946036 -1.44609e+01 
  73    0.6076237 -1.45677e+01 
  74    0.6209289 -1.46691e+01 
  75    0.6345255 -1.47643e+01 
  76    0.6484198 -1.48576e+01 
  77    0.6626183 -1.49550e+01 
  78    0.6771278 -1.50526e+01 
  79    0.6919549 -1.51550e+01 
  80    0.7071068 -1.52589e+01 
  81    0.7225904 -1.53655e+01 
  82    0.7384131 -1.54923e+01 
  83    0.7545822 -1.56363e+01 
  84    0.7711054 -1.57685e+01 
  85    0.7879904 -1.58768e+01 
  86    0.8052452 -1.59739e+01 
  87    0.8228777 -1.60766e+01 
  88    0.8408964 -1.61486e+01 
  89    0.8593096 -1.62125e+01 
  90    0.8781261 -1.62735e+01 
  91    0.8973545 -1.63205e+01 
  92    0.9170040 -1.63653e+01 
  93    0.9370838 -1.63855e+01 
  94    0.9576033 -1.64012e+01 
  95    0.9785721 -1.63995e+01 
  96    1.0000000 -1.64090e+01 
  97    1.0218971 -1.64419e+01 
  98    1.0442738 -1.64302e+01 
  99    1.0671404 -1.64226e+01 
 100    1.0905077 -1.63905e+01 
 101    1.1143867 -1.63673e+01 
 102    1.1387886 -1.63361e+01 
 103    1.1637249 -1.62988e+01 
 104    1.1892071 -1.62636e+01 
 105    1.2152474 -1.62340e+01 
 106    1.2418578 -1.61894e+01 
 107    1.2690510 -1.61590e+01 
 108    1.2968396 -1.61119e+01 
 109    1.3252366 -1.60727e+01 
 110    1.3542555 -1.60519e+01 
 111    1.3839099 -1.60413e+01 
 112    1.4142136 -1.60361e+01 
 113    1.4451808 -1.60304e+01 
 114    1.4768261 -1.60323e+01 
 115    1.5091644 -1.60392e+01 
 116    1.5422108 -1.60462e+01 
 117    1.5759808 -1.60515e+01 
 118    1.6104903 -1.60556e+01 
 119    1.6457555 -1.60544e+01 
 120    1.6817928 -1.60474e+01 
 121    1.7186193 -1.60387e+01 
 122    1.7562522 -1.60165e+01 
 123    1.7947091 -1.59832e+01 
 124    1.8340081 -1.59367e+01 
 125    1.8741676 -1.58811e+01 
 126    1.9152066 -1.58027e+01 
 127    1.9571441 -1.57082e+01 
 128    2.0000000 -1.55991e+01 
 129    2.0437943 -1.54655e+01 
 130    2.0885476 -1.53144e+01 
 131    2.1342808 -1.51467e+01 
 132    2.1810155 -1.49596e+01 
 133    2.2287735 -1.47576e+01 
 134    2.2775773 -1.45407e+01 
 135    2.3274497 -1.43104e+01 
 136    2.3784142 -1.40701e+01 
 137    2.4304947 -1.38170e+01 
 138    2.4837156 -1.35570e+01 
 139    2.5381019 -1.32888e+01 
 140    2.5936791 -1.30134e+01 
 141    2.6504733 -1.27291e+01 
 142    2.7085111 -1.24365e+01 
 143    2.7678198 -1.21351e+01 
 144    2.8284271 -1.18174e+01 
 145    2.8903616 -1.14901e+01 
 146    2.9536523 -1.11527e+01 
 147    3.0183289 -1.08104e+01 
 148    3.0844217 -1.04601e+01 
 149    3.1519617 -1.01096e+01 
 150    3.2209807 -9.74373e+00 
 151    3.2915110 -9.37488e+00 
 152    3.3635857 -9.00441e+00 
 153    3.4372386 -8.62194e+00 
 154    3.5125043 -8.23693e+00 
 155    3.5894182 -7.84398e+00 
 156    3.6680162 -7.44736e+00 
 157    3.7483353 -7.06074e+00 
 158    3.8304131 -6.68049e+00 
 159    3.9142882 -6.29702e+00 
 160    4.0000000 -5.90055e+00 
 161    4.0875886 -5.50545e+00 
 162    4.1770951 -5.12708e+00 
 163    4.2685616 -4.77287e+00 
 164    4.3620309 -4.42726e+00 
 165    4.4575470 -4.09047e+00 
 166    4.5551545 -3.78612e+00 
 167    4.6548994 -3.52913e+00 
 168    4.7568285 -3.27878e+00 
 169    4.8609894 -3.06579e+00 
 170    4.9674312 -2.87615e+00 
 171    5.0762038 -2.69728e+00 
 172    5.1873582 -2.56325e+00 
 173    5.3009466 -2.44371e+00 
 174    5.4170222 -2.32567e+00 
 175    5.5356395 -2.23234e+00 
 176    5.6568542 -2.14470e+00 
 177    5.7807232 -2.06898e+00 
 178    5.9073046 -1.99664e+00 
 179    6.0366577 -1.91883e+00 
 180    6.1688433 -1.84740e+00 
 181    6.3039234 -1.77297e+00 
 182    6.4419613 -1.69974e+00 
 183    6.5830219 -1.62890e+00 
 184    6.7271713 -1.55976e+00 
 185    6.8744772 -1.49122e+00 
 186    7.0250086 -1.42178e+00 
 187    7.1788363 -1.35222e+00 
 188    7.3360323 -1.28238e+00 
 189    7.4966705 -1.21284e+00 


# r-band (filter: r_LSST.dat)
   0    0.1250000 -1.41254e+01 
   1    0.1277371 -1.41481e+01 
   2    0.1305342 -1.41713e+01 
   3    0.1333926 -1.41950e+01 
   4    0.1363135 -1.42154e+01 
   5    0.1392983 -1.42340e+01 
   6    0.1423486 -1.42408e+01 
   7    0.1454656 -1.42450e+01 
   8    0.1486509 -1.42501e+01 
   9    0.1519059 -1.42509e+01 
  10    0.1552322 -1.42497e+01 
  11    0.1586314 -1.42445e+01 
  12    0.1621049 -1.42417e+01 
  13    0.1656546 -1.42360e+01 
  14    0.1692819 -1.42317e+01 
  15    0.1729887 -1.42223e+01 
  16    0.1767767 -1.42134e+01 
  17    0.1806476 -1.42076e+01 
  18    0.1846033 -1.42034e+01 
  19    0.1886456 -1.41989e+01 
  20    0.1927764 -1.41946e+01 
  21    0.1969976 -1.41895e+01 
  22    0.2013113 -1.41841e+01 
  23    0.2057194 -1.41778e+01 
  24    0.2102241 -1.41723e+01 
  25    0.2148274 -1.41748e+01 
  26    0.2195315 -1.41744e+01 
  27    0.2243386 -1.41739e+01 
  28    0.2292510 -1.41718e+01 
  29    0.2342710 -1.41691e+01 
  30    0.2394008 -1.41673e+01 
  31    0.2446430 -1.41616e+01 
  32    0.2500000 -1.41579e+01 
  33    0.2554743 -1.41585e+01 
  34    0.2610684 -1.41590e+01 
  35    0.2667851 -1.41601e+01 
  36    0.2726269 -1.41690e+01 
  37    0.2785967 -1.41858e+01 
  38    0.2846972 -1.42005e+01 
  39    0.2909312 -1.42390e+01 
  40    0.2973018 -1.42920e+01 
  41    0.3038118 -1.43608e+01 
  42    0.3104645 -1.44285e+01 
  43    0.3172627 -1.45071e+01 
  44    0.3242099 -1.45856e+01 
  45    0.3313092 -1.46753e+01 
  46    0.3385639 -1.47895e+01 
  47    0.3459775 -1.49035e+01 
  48    0.3535534 -1.50172e+01 
  49    0.3612952 -1.51264e+01 
  50    0.3692065 -1.52401e+01 
  51    0.3772911 -1.53639e+01 
  52    0.3855527 -1.54940e+01 
  53    0.3939952 -1.55967e+01 
  54    0.4026226 -1.56941e+01 
  55    0.4114389 -1.57930e+01 
  56    0.4204482 -1.58742e+01 
  57    0.4296548 -1.59484e+01 
  58    0.4390630 -1.60201e+01 
  59    0.4486773 -1.60828e+01 
  60    0.4585020 -1.61335e+01 
  61    0.4685419 -1.61868e+01 
  62    0.4788016 -1.62259e+01 
  63    0.4892860 -1.62599e+01 
  64    0.5000000 -1.62791e+01 
  65    0.5109486 -1.63090e+01 
  66    0.5221369 -1.63291e+01 
  67    0.5335702 -1.63536e+01 
  68    0.5452539 -1.63780e+01 
  69    0.5571934 -1.64062e+01 
  70    0.5693943 -1.64144e+01 
  71    0.5818624 -1.64201e+01 
  72    0.5946036 -1.64174e+01 
  73    0.6076237 -1.64212e+01 
  74    0.6209289 -1.64263e+01 
  75    0.6345255 -1.64496e+01 
  76    0.6484198 -1.64741e+01 
  77    0.6626183 -1.64988e+01 
  78    0.6771278 -1.65383e+01 
  79    0.6919549 -1.65755e+01 
  80    0.7071068 -1.66058e+01 
  81    0.7225904 -1.66477e+01 
  82    0.7384131 -1.66632e+01 
  83    0.7545822 -1.66430e+01 
  84    0.7711054 -1.66352e+01 
  85    0.7879904 -1.66109e+01 
  86    0.8052452 -1.65859e+01 
  87    0.8228777 -1.65403e+01 
  88    0.8408964 -1.65013e+01 
  89    0.8593096 -1.64585e+01 
  90    0.8781261 -1.63975e+01 
  91    0.8973545 -1.63459e+01 
  92    0.9170040 -1.62856e+01 
  93    0.9370838 -1.62295e+01 
  94    0.9576033 -1.61742e+01 
  95    0.9785721 -1.61535e+01 
  96    1.0000000 -1.61302e+01 
  97    1.0218971 -1.60839e+01 
  98    1.0442738 -1.60226e+01 
  99    1.0671404 -1.59605e+01 
 100    1.0905077 -1.58852e+01 
 101    1.1143867 -1.58093e+01 
 102    1.1387886 -1.57308e+01 
 103    1.1637249 -1.56457e+01 
 104    1.1892071 -1.55741e+01 
 105    1.2152474 -1.55109e+01 
 106    1.2418578 -1.54385e+01 
 107    1.2690510 -1.53803e+01 
 108    1.2968396 -1.53255e+01 
 109    1.3252366 -1.52877e+01 
 110    1.3542555 -1.52595e+01 
 111    1.3839099 -1.52410e+01 
 112    1.4142136 -1.52312e+01 
 113    1.4451808 -1.52258e+01 
 114    1.4768261 -1.52294e+01 
 115    1.5091644 -1.52360e+01 
 116    1.5422108 -1.52461e+01 
 117    1.5759808 -1.52583e+01 
 118    1.6104903 -1.52717e+01 
 119    1.6457555 -1.52899e+01 
 120    1.6817928 -1.53099e+01 
 121    1.7186193 -1.53326e+01 
 122    1.7562522 -1.53552e+01 
 123    1.7947091 -1.53731e+01 
 124    1.8340081 -1.53840e+01 
 125    1.8741676 -1.53932e+01 
 126    1.9152066 -1.53839e+01 
 127    1.9571441 -1.53631e+01 
 128    2.0000000 -1.53354e+01 
 129    2.0437943 -1.52840e+01 
 130    2.0885476 -1.52167e+01 
 131    2.1342808 -1.51337e+01 
 132    2.1810155 -1.50258e+01 
 133    2.2287735 -1.49001e+01 
 134    2.2775773 -1.47582e+01 
 135    2.3274497 -1.46030e+01 
 136    2.3784142 -1.44417e+01 
 137    2.4304947 -1.42710e+01 
 138    2.4837156 -1.41081e+01 
 139    2.5381019 -1.39487e+01 
 140    2.5936791 -1.37837e+01 
 141    2.6504733 -1.36324e+01 
 142    2.7085111 -1.34819e+01 
 143    2.7678198 -1.33352e+01 
 144    2.8284271 -1.31901e+01 
 145    2.8903616 -1.30427e+01 
 146    2.9536523 -1.28907e+01 
 147    3.0183289 -1.27400e+01 
 148    3.0844217 -1.25690e+01 
 149    3.1519617 -1.23865e+01 
 150    3.2209807 -1.21924e+01 
 151    3.2915110 -1.19745e+01 
 152    3.3635857 -1.17434e+01 
 153    3.4372386 -1.14938e+01 
 154    3.5125043 -1.12258e+01 
 155    3.5894182 -1.09464e+01 
 156    3.6680162 -1.06492e+01 
 157    3.7483353 -1.03427e+01 
 158    3.8304131 -1.00295e+01 
 159    3.9142882 -9.70301e+00 
 160    4.0000000 -9.37380e+00 
 161    4.0875886 -9.04498e+00 
 162    4.1770951 -8.70257e+00 
 163    4.2685616 -8.34549e+00 
 164    4.3620309 -7.99900e+00 
 165    4.4575470 -7.64901e+00 
 166    4.5551545 -7.30788e+00 
 167    4.6548994 -6.97734e+00 
 168    4.7568285 -6.63335e+00 
 169    4.8609894 -6.31064e+00 
 170    4.9674312 -6.00146e+00 
 171    5.0762038 -5.72737e+00 
 172    5.1873582 -5.44647e+00 
 173    5.3009466 -5.18313e+00 
 174    5.4170222 -4.96036e+00 
 175    5.5356395 -4.75296e+00 
 176    5.6568542 -4.57464e+00 
 177    5.7807232 -4.41848e+00 
 178    5.9073046 -4.27114e+00 
 179    6.0366577 -4.13990e+00 
 180    6.1688433 -4.02818e+00 
 181    6.3039234 -3.93414e+00 
 182    6.4419613 -3.84662e+00 
 183    6.5830219 -3.75383e+00 
 184    6.7271713 -3.67965e+00 
 185    6.8744772 -3.61206e+00 
 186    7.0250086 -3.53860e+00 
 187    7.1788363 -3.46568e+00 
 188    7.3360323 -3.39159e+00 
 189    7.4966705 -3.31796e+00 


# i-band (filter: i_LSST.dat)
   0    0.1250000 -1.39416e+01 
   1    0.1277371 -1.39756e+01 
   2    0.1305342 -1.40103e+01 
   3    0.1333926 -1.40458e+01 
   4    0.1363135 -1.40740e+01 
   5    0.1392983 -1.40932e+01 
   6    0.1423486 -1.41074e+01 
   7    0.1454656 -1.41089e+01 
   8    0.1486509 -1.41118e+01 
   9    0.1519059 -1.41082e+01 
  10    0.1552322 -1.41002e+01 
  11    0.1586314 -1.40919e+01 
  12    0.1621049 -1.40883e+01 
  13    0.1656546 -1.40917e+01 
  14    0.1692819 -1.41169e+01 
  15    0.1729887 -1.41328e+01 
  16    0.1767767 -1.41632e+01 
  17    0.1806476 -1.41992e+01 
  18    0.1846033 -1.42277e+01 
  19    0.1886456 -1.42445e+01 
  20    0.1927764 -1.42587e+01 
  21    0.1969976 -1.42959e+01 
  22    0.2013113 -1.43344e+01 
  23    0.2057194 -1.43455e+01 
  24    0.2102241 -1.43576e+01 
  25    0.2148274 -1.43643e+01 
  26    0.2195315 -1.43376e+01 
  27    0.2243386 -1.43159e+01 
  28    0.2292510 -1.42818e+01 
  29    0.2342710 -1.42481e+01 
  30    0.2394008 -1.42214e+01 
  31    0.2446430 -1.41999e+01 
  32    0.2500000 -1.41901e+01 
  33    0.2554743 -1.41610e+01 
  34    0.2610684 -1.41419e+01 
  35    0.2667851 -1.41378e+01 
  36    0.2726269 -1.41360e+01 
  37    0.2785967 -1.41577e+01 
  38    0.2846972 -1.41782e+01 
  39    0.2909312 -1.41902e+01 
  40    0.2973018 -1.42132e+01 
  41    0.3038118 -1.42364e+01 
  42    0.3104645 -1.42608e+01 
  43    0.3172627 -1.42905e+01 
  44    0.3242099 -1.43244e+01 
  45    0.3313092 -1.43610e+01 
  46    0.3385639 -1.43963e+01 
  47    0.3459775 -1.44386e+01 
  48    0.3535534 -1.44790e+01 
  49    0.3612952 -1.45129e+01 
  50    0.3692065 -1.45607e+01 
  51    0.3772911 -1.46135e+01 
  52    0.3855527 -1.46703e+01 
  53    0.3939952 -1.47238e+01 
  54    0.4026226 -1.47777e+01 
  55    0.4114389 -1.48322e+01 
  56    0.4204482 -1.48874e+01 
  57    0.4296548 -1.49444e+01 
  58    0.4390630 -1.49970e+01 
  59    0.4486773 -1.50511e+01 
  60    0.4585020 -1.51043e+01 
  61    0.4685419 -1.51550e+01 
  62    0.4788016 -1.52028e+01 
  63    0.4892860 -1.52497e+01 
  64    0.5000000 -1.52916e+01 
  65    0.5109486 -1.53362e+01 
  66    0.5221369 -1.53780e+01 
  67    0.5335702 -1.54171e+01 
  68    0.5452539 -1.54544e+01 
  69    0.5571934 -1.54860e+01 
  70    0.5693943 -1.55146e+01 
  71    0.5818624 -1.55414e+01 
  72    0.5946036 -1.55635e+01 
  73    0.6076237 -1.55829e+01 
  74    0.6209289 -1.56020e+01 
  75    0.6345255 -1.56194e+01 
  76    0.6484198 -1.56401e+01 
  77    0.6626183 -1.56580e+01 
  78    0.6771278 -1.56773e+01 
  79    0.6919549 -1.56931e+01 
  80    0.7071068 -1.57024e+01 
  81    0.7225904 -1.57125e+01 
  82    0.7384131 -1.57127e+01 
  83    0.7545822 -1.57063e+01 
  84    0.7711054 -1.56979e+01 
  85    0.7879904 -1.56754e+01 
  86    0.8052452 -1.56467e+01 
  87    0.8228777 -1.56104e+01 
  88    0.8408964 -1.55649e+01 
  89    0.8593096 -1.55115e+01 
  90    0.8781261 -1.54504e+01 
  91    0.8973545 -1.53860e+01 
  92    0.9170040 -1.53188e+01 
  93    0.9370838 -1.52473e+01 
  94    0.9576033 -1.51749e+01 
  95    0.9785721 -1.50815e+01 
  96    1.0000000 -1.49799e+01 
  97    1.0218971 -1.48416e+01 
  98    1.0442738 -1.46871e+01 
  99    1.0671404 -1.45303e+01 
 100    1.0905077 -1.43604e+01 
 101    1.1143867 -1.41863e+01 
 102    1.1387886 -1.40164e+01 
 103    1.1637249 -1.38326e+01 
 104    1.1892071 -1.36876e+01 
 105    1.2152474 -1.35534e+01 
 106    1.2418578 -1.34189e+01 
 107    1.2690510 -1.33242e+01 
 108    1.2968396 -1.32511e+01 
 109    1.3252366 -1.32074e+01 
 110    1.3542555 -1.31854e+01 
 111    1.3839099 -1.31739e+01 
 112    1.4142136 -1.31866e+01 
 113    1.4451808 -1.32050e+01 
 114    1.4768261 -1.32333e+01 
 115    1.5091644 -1.32639e+01 
 116    1.5422108 -1.32903e+01 
 117    1.5759808 -1.33159e+01 
 118    1.6104903 -1.33417e+01 
 119    1.6457555 -1.33677e+01 
 120    1.6817928 -1.33942e+01 
 121    1.7186193 -1.34171e+01 
 122    1.7562522 -1.34403e+01 
 123    1.7947091 -1.34601e+01 
 124    1.8340081 -1.34738e+01 
 125    1.8741676 -1.34877e+01 
 126    1.9152066 -1.34863e+01 
 127    1.9571441 -1.34763e+01 
 128    2.0000000 -1.34621e+01 
 129    2.0437943 -1.34292e+01 
 130    2.0885476 -1.33825e+01 
 131    2.1342808 -1.33229e+01 
 132    2.1810155 -1.32435e+01 
 133    2.2287735 -1.31502e+01 
 134    2.2775773 -1.30436e+01 
 135    2.3274497 -1.29268e+01 
 136    2.3784142 -1.28052e+01 
 137    2.4304947 -1.26756e+01 
 138    2.4837156 -1.25580e+01 
 139    2.5381019 -1.24554e+01 
 140    2.5936791 -1.23533e+01 
 141    2.6504733 -1.22901e+01 
 142    2.7085111 -1.22474e+01 
 143    2.7678198 -1.22150e+01 
 144    2.8284271 -1.22115e+01 
 145    2.8903616 -1.22164e+01 
 146    2.9536523 -1.22288e+01 
 147    3.0183289 -1.22628e+01 
 148    3.0844217 -1.22838e+01 
 149    3.1519617 -1.22986e+01 
 150    3.2209807 -1.23164e+01 
 151    3.2915110 -1.23011e+01 
 152    3.3635857 -1.22684e+01 
 153    3.4372386 -1.22145e+01 
 154    3.5125043 -1.21260e+01 
 155    3.5894182 -1.20117e+01 
 156    3.6680162 -1.18746e+01 
 157    3.7483353 -1.17086e+01 
 158    3.8304131 -1.15177e+01 
 159    3.9142882 -1.13058e+01 
 160    4.0000000 -1.10737e+01 
 161    4.0875886 -1.08275e+01 
 162    4.1770951 -1.05654e+01 
 163    4.2685616 -1.02863e+01 
 164    4.3620309 -9.99694e+00 
 165    4.4575470 -9.69818e+00 
 166    4.5551545 -9.39718e+00 
 167    4.6548994 -9.08067e+00 
 168    4.7568285 -8.75535e+00 
 169    4.8609894 -8.41502e+00 
 170    4.9674312 -8.07820e+00 
 171    5.0762038 -7.74395e+00 
 172    5.1873582 -7.40809e+00 
 173    5.3009466 -7.07682e+00 
 174    5.4170222 -6.76427e+00 
 175    5.5356395 -6.43189e+00 
 176    5.6568542 -6.12953e+00 
 177    5.7807232 -5.83390e+00 
 178    5.9073046 -5.55104e+00 
 179    6.0366577 -5.28746e+00 
 180    6.1688433 -5.04714e+00 
 181    6.3039234 -4.82658e+00 
 182    6.4419613 -4.63654e+00 
 183    6.5830219 -4.46056e+00 
 184    6.7271713 -4.29622e+00 
 185    6.8744772 -4.16056e+00 
 186    7.0250086 -4.01930e+00 
 187    7.1788363 -3.90174e+00 
 188    7.3360323 -3.79047e+00 
 189    7.4966705 -3.69649e+00 


# z-band (filter: z_LSST.dat)
   0    0.1250000 -1.38843e+01 
   1    0.1277371 -1.39911e+01 
   2    0.1305342 -1.41003e+01 
   3    0.1333926 -1.42118e+01 
   4    0.1363135 -1.42978e+01 
   5    0.1392983 -1.43615e+01 
   6    0.1423486 -1.43356e+01 
   7    0.1454656 -1.43240e+01 
   8    0.1486509 -1.43277e+01 
   9    0.1519059 -1.43547e+01 
  10    0.1552322 -1.43415e+01 
  11    0.1586314 -1.43091e+01 
  12    0.1621049 -1.43177e+01 
  13    0.1656546 -1.43351e+01 
  14    0.1692819 -1.42858e+01 
  15    0.1729887 -1.42525e+01 
  16    0.1767767 -1.41810e+01 
  17    0.1806476 -1.41576e+01 
  18    0.1846033 -1.41514e+01 
  19    0.1886456 -1.41480e+01 
  20    0.1927764 -1.41184e+01 
  21    0.1969976 -1.40772e+01 
  22    0.2013113 -1.40480e+01 
  23    0.2057194 -1.40101e+01 
  24    0.2102241 -1.39463e+01 
  25    0.2148274 -1.38704e+01 
  26    0.2195315 -1.38312e+01 
  27    0.2243386 -1.37895e+01 
  28    0.2292510 -1.37288e+01 
  29    0.2342710 -1.36725e+01 
  30    0.2394008 -1.36071e+01 
  31    0.2446430 -1.35388e+01 
  32    0.2500000 -1.34881e+01 
  33    0.2554743 -1.34224e+01 
  34    0.2610684 -1.33746e+01 
  35    0.2667851 -1.33235e+01 
  36    0.2726269 -1.32603e+01 
  37    0.2785967 -1.32128e+01 
  38    0.2846972 -1.31808e+01 
  39    0.2909312 -1.31622e+01 
  40    0.2973018 -1.31496e+01 
  41    0.3038118 -1.31479e+01 
  42    0.3104645 -1.31598e+01 
  43    0.3172627 -1.31729e+01 
  44    0.3242099 -1.31864e+01 
  45    0.3313092 -1.32069e+01 
  46    0.3385639 -1.32383e+01 
  47    0.3459775 -1.32683e+01 
  48    0.3535534 -1.33159e+01 
  49    0.3612952 -1.33628e+01 
  50    0.3692065 -1.34075e+01 
  51    0.3772911 -1.34530e+01 
  52    0.3855527 -1.35049e+01 
  53    0.3939952 -1.35581e+01 
  54    0.4026226 -1.36045e+01 
  55    0.4114389 -1.36548e+01 
  56    0.4204482 -1.37055e+01 
  57    0.4296548 -1.37549e+01 
  58    0.4390630 -1.38074e+01 
  59    0.4486773 -1.38593e+01 
  60    0.4585020 -1.39124e+01 
  61    0.4685419 -1.39617e+01 
  62    0.4788016 -1.40119e+01 
  63    0.4892860 -1.40662e+01 
  64    0.5000000 -1.41195e+01 
  65    0.5109486 -1.41744e+01 
  66    0.5221369 -1.42349e+01 
  67    0.5335702 -1.42975e+01 
  68    0.5452539 -1.43567e+01 
  69    0.5571934 -1.44186e+01 
  70    0.5693943 -1.44781e+01 
  71    0.5818624 -1.45389e+01 
  72    0.5946036 -1.45966e+01 
  73    0.6076237 -1.46555e+01 
  74    0.6209289 -1.47149e+01 
  75    0.6345255 -1.47712e+01 
  76    0.6484198 -1.48279e+01 
  77    0.6626183 -1.48825e+01 
  78    0.6771278 -1.49375e+01 
  79    0.6919549 -1.49877e+01 
  80    0.7071068 -1.50302e+01 
  81    0.7225904 -1.50731e+01 
  82    0.7384131 -1.51059e+01 
  83    0.7545822 -1.51289e+01 
  84    0.7711054 -1.51476e+01 
  85    0.7879904 -1.51483e+01 
  86    0.8052452 -1.51365e+01 
  87    0.8228777 -1.51171e+01 
  88    0.8408964 -1.50811e+01 
  89    0.8593096 -1.50356e+01 
  90    0.8781261 -1.49777e+01 
  91    0.8973545 -1.49091e+01 
  92    0.9170040 -1.48359e+01 
  93    0.9370838 -1.47544e+01 
  94    0.9576033 -1.46685e+01 
  95    0.9785721 -1.45624e+01 
  96    1.0000000 -1.44436e+01 
  97    1.0218971 -1.42861e+01 
  98    1.0442738 -1.41153e+01 
  99    1.0671404 -1.39441e+01 
 100    1.0905077 -1.37660e+01 
 101    1.1143867 -1.35829e+01 
 102    1.1387886 -1.34048e+01 
 103    1.1637249 -1.32151e+01 
 104    1.1892071 -1.30600e+01 
 105    1.2152474 -1.29088e+01 
 106    1.2418578 -1.27611e+01 
 107    1.2690510 -1.26418e+01 
 108    1.2968396 -1.25423e+01 
 109    1.3252366 -1.24689e+01 
 110    1.3542555 -1.24047e+01 
 111    1.3839099 -1.23501e+01 
 112    1.4142136 -1.23108e+01 
 113    1.4451808 -1.22825e+01 
 114    1.4768261 -1.22639e+01 
 115    1.5091644 -1.22462e+01 
 116    1.5422108 -1.22333e+01 
 117    1.5759808 -1.22324e+01 
 118    1.6104903 -1.22331e+01 
 119    1.6457555 -1.22510e+01 
 120    1.6817928 -1.22782e+01 
 121    1.7186193 -1.23098e+01 
 122    1.7562522 -1.23521e+01 
 123    1.7947091 -1.23936e+01 
 124    1.8340081 -1.24329e+01 
 125    1.8741676 -1.24770e+01 
 126    1.9152066 -1.25031e+01 
 127    1.9571441 -1.25219e+01 
 128    2.0000000 -1.25354e+01 
 129    2.0437943 -1.25201e+01 
 130    2.0885476 -1.24839e+01 
 131    2.1342808 -1.24273e+01 
 132    2.1810155 -1.23338e+01 
 133    2.2287735 -1.22121e+01 
 134    2.2775773 -1.20690e+01 
 135    2.3274497 -1.18890e+01 
 136    2.3784142 -1.16840e+01 
 137    2.4304947 -1.14587e+01 
 138    2.4837156 -1.12274e+01 
 139    2.5381019 -1.09946e+01 
 140    2.5936791 -1.07481e+01 
 141    2.6504733 -1.05338e+01 
 142    2.7085111 -1.03529e+01 
 143    2.7678198 -1.01788e+01 
 144    2.8284271 -1.00946e+01 
 145    2.8903616 -1.00572e+01 
 146    2.9536523 -1.00626e+01 
 147    3.0183289 -1.01129e+01 
 148    3.0844217 -1.02129e+01 
 149    3.1519617 -1.03424e+01 
 150    3.2209807 -1.05201e+01 
 151    3.2915110 -1.06908e+01 
 152    3.3635857 -1.08652e+01 
 153    3.4372386 -1.10602e+01 
 154    3.5125043 -1.12089e+01 
 155    3.5894182 -1.13301e+01 
 156    3.6680162 -1.14279e+01 
 157    3.7483353 -1.14677e+01 
 158    3.8304131 -1.14659e+01 
 159    3.9142882 -1.14308e+01 
 160    4.0000000 -1.13475e+01 
 161    4.0875886 -1.12275e+01 
 162    4.1770951 -1.10696e+01 
 163    4.2685616 -1.08852e+01 
 164    4.3620309 -1.06719e+01 
 165    4.4575470 -1.04364e+01 
 166    4.5551545 -1.01783e+01 
 167    4.6548994 -9.90001e+00 
 168    4.7568285 -9.60240e+00 
 169    4.8609894 -9.29592e+00 
 170    4.9674312 -8.97945e+00 
 171    5.0762038 -8.65499e+00 
 172    5.1873582 -8.32001e+00 
 173    5.3009466 -7.97473e+00 
 174    5.4170222 -7.61399e+00 
 175    5.5356395 -7.25100e+00 
 176    5.6568542 -6.89573e+00 
 177    5.7807232 -6.52483e+00 
 178    5.9073046 -6.14244e+00 
 179    6.0366577 -5.80271e+00 
 180    6.1688433 -5.49008e+00 
 181    6.3039234 -5.16084e+00 
 182    6.4419613 -4.86555e+00 
 183    6.5830219 -4.58201e+00 
 184    6.7271713 -4.31892e+00 
 185    6.8744772 -4.09215e+00 
 186    7.0250086 -3.87310e+00 
 187    7.1788363 -3.66249e+00 
 188    7.3360323 -3.47288e+00 
 189    7.4966705 -3.31596e+00 


# y-band (filter: y_LSST.dat)
   0    0.1250000 -1.47029e+01 
   1    0.1277371 -1.48336e+01 
   2    0.1305342 -1.49671e+01 
   3    0.1333926 -1.51036e+01 
   4    0.1363135 -1.52050e+01 
   5    0.1392983 -1.52967e+01 
   6    0.1423486 -1.52507e+01 
   7    0.1454656 -1.51663e+01 
   8    0.1486509 -1.51211e+01 
   9    0.1519059 -1.50639e+01 
  10    0.1552322 -1.49906e+01 
  11    0.1586314 -1.48750e+01 
  12    0.1621049 -1.48049e+01 
  13    0.1656546 -1.47361e+01 
  14    0.1692819 -1.46353e+01 
  15    0.1729887 -1.45346e+01 
  16    0.1767767 -1.44644e+01 
  17    0.1806476 -1.44313e+01 
  18    0.1846033 -1.44648e+01 
  19    0.1886456 -1.45136e+01 
  20    0.1927764 -1.45527e+01 
  21    0.1969976 -1.46131e+01 
  22    0.2013113 -1.46781e+01 
  23    0.2057194 -1.47403e+01 
  24    0.2102241 -1.48016e+01 
  25    0.2148274 -1.48682e+01 
  26    0.2195315 -1.49249e+01 
  27    0.2243386 -1.49841e+01 
  28    0.2292510 -1.50405e+01 
  29    0.2342710 -1.50884e+01 
  30    0.2394008 -1.51340e+01 
  31    0.2446430 -1.51717e+01 
  32    0.2500000 -1.52061e+01 
  33    0.2554743 -1.52332e+01 
  34    0.2610684 -1.52551e+01 
  35    0.2667851 -1.52681e+01 
  36    0.2726269 -1.52741e+01 
  37    0.2785967 -1.52764e+01 
  38    0.2846972 -1.52779e+01 
  39    0.2909312 -1.52760e+01 
  40    0.2973018 -1.52665e+01 
  41    0.3038118 -1.52572e+01 
  42    0.3104645 -1.52458e+01 
  43    0.3172627 -1.52321e+01 
  44    0.3242099 -1.52126e+01 
  45    0.3313092 -1.51968e+01 
  46    0.3385639 -1.51789e+01 
  47    0.3459775 -1.51551e+01 
  48    0.3535534 -1.51401e+01 
  49    0.3612952 -1.51177e+01 
  50    0.3692065 -1.50921e+01 
  51    0.3772911 -1.50620e+01 
  52    0.3855527 -1.50366e+01 
  53    0.3939952 -1.50078e+01 
  54    0.4026226 -1.49805e+01 
  55    0.4114389 -1.49486e+01 
  56    0.4204482 -1.49175e+01 
  57    0.4296548 -1.48845e+01 
  58    0.4390630 -1.48516e+01 
  59    0.4486773 -1.48204e+01 
  60    0.4585020 -1.47899e+01 
  61    0.4685419 -1.47703e+01 
  62    0.4788016 -1.47484e+01 
  63    0.4892860 -1.47372e+01 
  64    0.5000000 -1.47282e+01 
  65    0.5109486 -1.47246e+01 
  66    0.5221369 -1.47302e+01 
  67    0.5335702 -1.47393e+01 
  68    0.5452539 -1.47569e+01 
  69    0.5571934 -1.47770e+01 
  70    0.5693943 -1.48071e+01 
  71    0.5818624 -1.48373e+01 
  72    0.5946036 -1.48694e+01 
  73    0.6076237 -1.48987e+01 
  74    0.6209289 -1.49327e+01 
  75    0.6345255 -1.49653e+01 
  76    0.6484198 -1.49977e+01 
  77    0.6626183 -1.50271e+01 
  78    0.6771278 -1.50541e+01 
  79    0.6919549 -1.50787e+01 
  80    0.7071068 -1.50960e+01 
  81    0.7225904 -1.51112e+01 
  82    0.7384131 -1.51156e+01 
  83    0.7545822 -1.51111e+01 
  84    0.7711054 -1.51004e+01 
  85    0.7879904 -1.50741e+01 
  86    0.8052452 -1.50343e+01 
  87    0.8228777 -1.49883e+01 
  88    0.8408964 -1.49274e+01 
  89    0.8593096 -1.48531e+01 
  90    0.8781261 -1.47697e+01 
  91    0.8973545 -1.46782e+01 
  92    0.9170040 -1.45778e+01 
  93    0.9370838 -1.44685e+01 
  94    0.9576033 -1.43521e+01 
  95    0.9785721 -1.42150e+01 
  96    1.0000000 -1.40670e+01 
  97    1.0218971 -1.38876e+01 
  98    1.0442738 -1.36967e+01 
  99    1.0671404 -1.35015e+01 
 100    1.0905077 -1.33018e+01 
 101    1.1143867 -1.30957e+01 
 102    1.1387886 -1.28998e+01 
 103    1.1637249 -1.26932e+01 
 104    1.1892071 -1.25222e+01 
 105    1.2152474 -1.23589e+01 
 106    1.2418578 -1.22020e+01 
 107    1.2690510 -1.20825e+01 
 108    1.2968396 -1.19829e+01 
 109    1.3252366 -1.19094e+01 
 110    1.3542555 -1.18544e+01 
 111    1.3839099 -1.18069e+01 
 112    1.4142136 -1.17831e+01 
 113    1.4451808 -1.17679e+01 
 114    1.4768261 -1.17603e+01 
 115    1.5091644 -1.17548e+01 
 116    1.5422108 -1.17594e+01 
 117    1.5759808 -1.17787e+01 
 118    1.6104903 -1.17984e+01 
 119    1.6457555 -1.18396e+01 
 120    1.6817928 -1.18995e+01 
 121    1.7186193 -1.19672e+01 
 122    1.7562522 -1.20640e+01 
 123    1.7947091 -1.21741e+01 
 124    1.8340081 -1.22914e+01 
 125    1.8741676 -1.24222e+01 
 126    1.9152066 -1.25514e+01 
 127    1.9571441 -1.26793e+01 
 128    2.0000000 -1.28139e+01 
 129    2.0437943 -1.29245e+01 
 130    2.0885476 -1.30249e+01 
 131    2.1342808 -1.31141e+01 
 132    2.1810155 -1.31706e+01 
 133    2.2287735 -1.31995e+01 
 134    2.2775773 -1.32044e+01 
 135    2.3274497 -1.31671e+01 
 136    2.3784142 -1.30959e+01 
 137    2.4304947 -1.30012e+01 
 138    2.4837156 -1.28587e+01 
 139    2.5381019 -1.26860e+01 
 140    2.5936791 -1.24866e+01 
 141    2.6504733 -1.22482e+01 
 142    2.7085111 -1.19841e+01 
 143    2.7678198 -1.16920e+01 
 144    2.8284271 -1.13774e+01 
 145    2.8903616 -1.10639e+01 
 146    2.9536523 -1.07628e+01 
 147    3.0183289 -1.04609e+01 
 148    3.0844217 -1.02224e+01 
 149    3.1519617 -1.00414e+01 
 150    3.2209807 -9.87379e+00 
 151    3.2915110 -9.80286e+00 
 152    3.3635857 -9.77395e+00 
 153    3.4372386 -9.79247e+00 
 154    3.5125043 -9.85957e+00 
 155    3.5894182 -9.94890e+00 
 156    3.6680162 -1.00912e+01 
 157    3.7483353 -1.02049e+01 
 158    3.8304131 -1.03112e+01 
 159    3.9142882 -1.04303e+01 
 160    4.0000000 -1.04903e+01 
 161    4.0875886 -1.05184e+01 
 162    4.1770951 -1.05166e+01 
 163    4.2685616 -1.04637e+01 
 164    4.3620309 -1.03696e+01 
 165    4.4575470 -1.02373e+01 
 166    4.5551545 -1.00653e+01 
 167    4.6548994 -9.86300e+00 
 168    4.7568285 -9.63572e+00 
 169    4.8609894 -9.38779e+00 
 170    4.9674312 -9.12733e+00 
 171    5.0762038 -8.84463e+00 
 172    5.1873582 -8.54852e+00 
 173    5.3009466 -8.23772e+00 
 174    5.4170222 -7.91110e+00 
 175    5.5356395 -7.57110e+00 
 176    5.6568542 -7.23542e+00 
 177    5.7807232 -6.86685e+00 
 178    5.9073046 -6.47798e+00 
 179    6.0366577 -6.09029e+00 
 180    6.1688433 -5.70873e+00 
 181    6.3039234 -5.31766e+00 
 182    6.4419613 -4.93501e+00 
 183    6.5830219 -4.55724e+00 
 184    6.7271713 -4.17793e+00 
 185    6.8744772 -3.85076e+00 
 186    7.0250086 -3.54506e+00 
 187    7.1788363 -3.20703e+00 
 188    7.3360323 -2.88830e+00 
 189    7.4966705 -2.62073e+00 


# J-band (filter: J_2MASS.dat)
   0    0.1250000 -1.53982e+01 
   1    0.1277371 -1.54910e+01 
   2    0.1305342 -1.55858e+01 
   3    0.1333926 -1.56828e+01 
   4    0.1363135 -1.57334e+01 
   5    0.1392983 -1.57695e+01 
   6    0.1423486 -1.57309e+01 
   7    0.1454656 -1.56460e+01 
   8    0.1486509 -1.55645e+01 
   9    0.1519059 -1.54879e+01 
  10    0.1552322 -1.54063e+01 
  11    0.1586314 -1.52916e+01 
  12    0.1621049 -1.52274e+01 
  13    0.1656546 -1.51637e+01 
  14    0.1692819 -1.51093e+01 
  15    0.1729887 -1.50648e+01 
  16    0.1767767 -1.50334e+01 
  17    0.1806476 -1.50155e+01 
  18    0.1846033 -1.50556e+01 
  19    0.1886456 -1.51032e+01 
  20    0.1927764 -1.51592e+01 
  21    0.1969976 -1.52126e+01 
  22    0.2013113 -1.52674e+01 
  23    0.2057194 -1.53226e+01 
  24    0.2102241 -1.53715e+01 
  25    0.2148274 -1.54152e+01 
  26    0.2195315 -1.54624e+01 
  27    0.2243386 -1.55080e+01 
  28    0.2292510 -1.55508e+01 
  29    0.2342710 -1.55914e+01 
  30    0.2394008 -1.56282e+01 
  31    0.2446430 -1.56635e+01 
  32    0.2500000 -1.56904e+01 
  33    0.2554743 -1.57176e+01 
  34    0.2610684 -1.57430e+01 
  35    0.2667851 -1.57619e+01 
  36    0.2726269 -1.57805e+01 
  37    0.2785967 -1.57964e+01 
  38    0.2846972 -1.58039e+01 
  39    0.2909312 -1.58153e+01 
  40    0.2973018 -1.58226e+01 
  41    0.3038118 -1.58284e+01 
  42    0.3104645 -1.58312e+01 
  43    0.3172627 -1.58342e+01 
  44    0.3242099 -1.58346e+01 
  45    0.3313092 -1.58335e+01 
  46    0.3385639 -1.58289e+01 
  47    0.3459775 -1.58217e+01 
  48    0.3535534 -1.58114e+01 
  49    0.3612952 -1.58004e+01 
  50    0.3692065 -1.57918e+01 
  51    0.3772911 -1.57782e+01 
  52    0.3855527 -1.57632e+01 
  53    0.3939952 -1.57433e+01 
  54    0.4026226 -1.57230e+01 
  55    0.4114389 -1.57010e+01 
  56    0.4204482 -1.56778e+01 
  57    0.4296548 -1.56536e+01 
  58    0.4390630 -1.56312e+01 
  59    0.4486773 -1.56058e+01 
  60    0.4585020 -1.55821e+01 
  61    0.4685419 -1.55549e+01 
  62    0.4788016 -1.55266e+01 
  63    0.4892860 -1.54987e+01 
  64    0.5000000 -1.54707e+01 
  65    0.5109486 -1.54434e+01 
  66    0.5221369 -1.54147e+01 
  67    0.5335702 -1.53860e+01 
  68    0.5452539 -1.53553e+01 
  69    0.5571934 -1.53257e+01 
  70    0.5693943 -1.52937e+01 
  71    0.5818624 -1.52622e+01 
  72    0.5946036 -1.52314e+01 
  73    0.6076237 -1.52030e+01 
  74    0.6209289 -1.51715e+01 
  75    0.6345255 -1.51398e+01 
  76    0.6484198 -1.51082e+01 
  77    0.6626183 -1.50764e+01 
  78    0.6771278 -1.50432e+01 
  79    0.6919549 -1.50071e+01 
  80    0.7071068 -1.49687e+01 
  81    0.7225904 -1.49305e+01 
  82    0.7384131 -1.48901e+01 
  83    0.7545822 -1.48462e+01 
  84    0.7711054 -1.48013e+01 
  85    0.7879904 -1.47562e+01 
  86    0.8052452 -1.47131e+01 
  87    0.8228777 -1.46669e+01 
  88    0.8408964 -1.46204e+01 
  89    0.8593096 -1.45747e+01 
  90    0.8781261 -1.45278e+01 
  91    0.8973545 -1.44817e+01 
  92    0.9170040 -1.44341e+01 
  93    0.9370838 -1.43853e+01 
  94    0.9576033 -1.43276e+01 
  95    0.9785721 -1.42589e+01 
  96    1.0000000 -1.41851e+01 
  97    1.0218971 -1.40887e+01 
  98    1.0442738 -1.39790e+01 
  99    1.0671404 -1.38586e+01 
 100    1.0905077 -1.37231e+01 
 101    1.1143867 -1.35717e+01 
 102    1.1387886 -1.34029e+01 
 103    1.1637249 -1.32217e+01 
 104    1.1892071 -1.30278e+01 
 105    1.2152474 -1.28226e+01 
 106    1.2418578 -1.26081e+01 
 107    1.2690510 -1.23871e+01 
 108    1.2968396 -1.21634e+01 
 109    1.3252366 -1.19369e+01 
 110    1.3542555 -1.17132e+01 
 111    1.3839099 -1.15012e+01 
 112    1.4142136 -1.12817e+01 
 113    1.4451808 -1.10854e+01 
 114    1.4768261 -1.09091e+01 
 115    1.5091644 -1.07355e+01 
 116    1.5422108 -1.06024e+01 
 117    1.5759808 -1.04935e+01 
 118    1.6104903 -1.03977e+01 
 119    1.6457555 -1.03464e+01 
 120    1.6817928 -1.03142e+01 
 121    1.7186193 -1.03021e+01 
 122    1.7562522 -1.03224e+01 
 123    1.7947091 -1.03645e+01 
 124    1.8340081 -1.04314e+01 
 125    1.8741676 -1.05169e+01 
 126    1.9152066 -1.06305e+01 
 127    1.9571441 -1.07683e+01 
 128    2.0000000 -1.09207e+01 
 129    2.0437943 -1.10986e+01 
 130    2.0885476 -1.12935e+01 
 131    2.1342808 -1.15016e+01 
 132    2.1810155 -1.17255e+01 
 133    2.2287735 -1.19547e+01 
 134    2.2775773 -1.21979e+01 
 135    2.3274497 -1.24288e+01 
 136    2.3784142 -1.26557e+01 
 137    2.4304947 -1.28900e+01 
 138    2.4837156 -1.30925e+01 
 139    2.5381019 -1.32760e+01 
 140    2.5936791 -1.34465e+01 
 141    2.6504733 -1.35758e+01 
 142    2.7085111 -1.36743e+01 
 143    2.7678198 -1.37518e+01 
 144    2.8284271 -1.37815e+01 
 145    2.8903616 -1.37771e+01 
 146    2.9536523 -1.37392e+01 
 147    3.0183289 -1.36716e+01 
 148    3.0844217 -1.35632e+01 
 149    3.1519617 -1.34198e+01 
 150    3.2209807 -1.32465e+01 
 151    3.2915110 -1.30310e+01 
 152    3.3635857 -1.27864e+01 
 153    3.4372386 -1.25137e+01 
 154    3.5125043 -1.22062e+01 
 155    3.5894182 -1.18752e+01 
 156    3.6680162 -1.15222e+01 
 157    3.7483353 -1.11479e+01 
 158    3.8304131 -1.07662e+01 
 159    3.9142882 -1.03657e+01 
 160    4.0000000 -9.97054e+00 
 161    4.0875886 -9.57039e+00 
 162    4.1770951 -9.17183e+00 
 163    4.2685616 -8.80307e+00 
 164    4.3620309 -8.43855e+00 
 165    4.4575470 -8.08421e+00 
 166    4.5551545 -7.75410e+00 
 167    4.6548994 -7.44067e+00 
 168    4.7568285 -7.13412e+00 
 169    4.8609894 -6.84635e+00 
 170    4.9674312 -6.56143e+00 
 171    5.0762038 -6.28983e+00 
 172    5.1873582 -6.03439e+00 
 173    5.3009466 -5.77281e+00 
 174    5.4170222 -5.51257e+00 
 175    5.5356395 -5.24443e+00 
 176    5.6568542 -4.98024e+00 
 177    5.7807232 -4.71355e+00 
 178    5.9073046 -4.45056e+00 
 179    6.0366577 -4.19527e+00 
 180    6.1688433 -3.91697e+00 
 181    6.3039234 -3.65108e+00 
 182    6.4419613 -3.40976e+00 
 183    6.5830219 -3.16123e+00 
 184    6.7271713 -2.91946e+00 
 185    6.8744772 -2.67682e+00 
 186    7.0250086 -2.43185e+00 
 187    7.1788363 -2.19766e+00 
 188    7.3360323 -1.96416e+00 
 189    7.4966705 -1.73606e+00 


# H-band (filter: H_2MASS.dat)
   0    0.1250000 -1.63862e+01 
   1    0.1277371 -1.64533e+01 
   2    0.1305342 -1.65218e+01 
   3    0.1333926 -1.65918e+01 
   4    0.1363135 -1.66490e+01 
   5    0.1392983 -1.66981e+01 
   6    0.1423486 -1.67064e+01 
   7    0.1454656 -1.66759e+01 
   8    0.1486509 -1.66489e+01 
   9    0.1519059 -1.66170e+01 
  10    0.1552322 -1.65813e+01 
  11    0.1586314 -1.65345e+01 
  12    0.1621049 -1.64983e+01 
  13    0.1656546 -1.64620e+01 
  14    0.1692819 -1.64156e+01 
  15    0.1729887 -1.63650e+01 
  16    0.1767767 -1.63233e+01 
  17    0.1806476 -1.62788e+01 
  18    0.1846033 -1.62611e+01 
  19    0.1886456 -1.62500e+01 
  20    0.1927764 -1.62417e+01 
  21    0.1969976 -1.62275e+01 
  22    0.2013113 -1.62056e+01 
  23    0.2057194 -1.61857e+01 
  24    0.2102241 -1.61657e+01 
  25    0.2148274 -1.61380e+01 
  26    0.2195315 -1.61149e+01 
  27    0.2243386 -1.60831e+01 
  28    0.2292510 -1.60449e+01 
  29    0.2342710 -1.60078e+01 
  30    0.2394008 -1.59706e+01 
  31    0.2446430 -1.59365e+01 
  32    0.2500000 -1.58960e+01 
  33    0.2554743 -1.58524e+01 
  34    0.2610684 -1.58109e+01 
  35    0.2667851 -1.57649e+01 
  36    0.2726269 -1.57145e+01 
  37    0.2785967 -1.56665e+01 
  38    0.2846972 -1.56164e+01 
  39    0.2909312 -1.55662e+01 
  40    0.2973018 -1.55139e+01 
  41    0.3038118 -1.54647e+01 
  42    0.3104645 -1.54017e+01 
  43    0.3172627 -1.53444e+01 
  44    0.3242099 -1.52857e+01 
  45    0.3313092 -1.52321e+01 
  46    0.3385639 -1.51750e+01 
  47    0.3459775 -1.51157e+01 
  48    0.3535534 -1.50614e+01 
  49    0.3612952 -1.50028e+01 
  50    0.3692065 -1.49436e+01 
  51    0.3772911 -1.48898e+01 
  52    0.3855527 -1.48382e+01 
  53    0.3939952 -1.47825e+01 
  54    0.4026226 -1.47391e+01 
  55    0.4114389 -1.46890e+01 
  56    0.4204482 -1.46430e+01 
  57    0.4296548 -1.45984e+01 
  58    0.4390630 -1.45565e+01 
  59    0.4486773 -1.45149e+01 
  60    0.4585020 -1.44739e+01 
  61    0.4685419 -1.44321e+01 
  62    0.4788016 -1.43925e+01 
  63    0.4892860 -1.43572e+01 
  64    0.5000000 -1.43244e+01 
  65    0.5109486 -1.42889e+01 
  66    0.5221369 -1.42554e+01 
  67    0.5335702 -1.42272e+01 
  68    0.5452539 -1.41991e+01 
  69    0.5571934 -1.41723e+01 
  70    0.5693943 -1.41474e+01 
  71    0.5818624 -1.41232e+01 
  72    0.5946036 -1.41047e+01 
  73    0.6076237 -1.40916e+01 
  74    0.6209289 -1.40721e+01 
  75    0.6345255 -1.40557e+01 
  76    0.6484198 -1.40412e+01 
  77    0.6626183 -1.40309e+01 
  78    0.6771278 -1.40205e+01 
  79    0.6919549 -1.40068e+01 
  80    0.7071068 -1.39953e+01 
  81    0.7225904 -1.39879e+01 
  82    0.7384131 -1.39812e+01 
  83    0.7545822 -1.39733e+01 
  84    0.7711054 -1.39659e+01 
  85    0.7879904 -1.39590e+01 
  86    0.8052452 -1.39555e+01 
  87    0.8228777 -1.39486e+01 
  88    0.8408964 -1.39434e+01 
  89    0.8593096 -1.39362e+01 
  90    0.8781261 -1.39324e+01 
  91    0.8973545 -1.39329e+01 
  92    0.9170040 -1.39298e+01 
  93    0.9370838 -1.39212e+01 
  94    0.9576033 -1.39134e+01 
  95    0.9785721 -1.39060e+01 
  96    1.0000000 -1.38973e+01 
  97    1.0218971 -1.38877e+01 
  98    1.0442738 -1.38785e+01 
  99    1.0671404 -1.38678e+01 
 100    1.0905077 -1.38574e+01 
 101    1.1143867 -1.38450e+01 
 102    1.1387886 -1.38262e+01 
 103    1.1637249 -1.38075e+01 
 104    1.1892071 -1.37841e+01 
 105    1.2152474 -1.37614e+01 
 106    1.2418578 -1.37316e+01 
 107    1.2690510 -1.36939e+01 
 108    1.2968396 -1.36487e+01 
 109    1.3252366 -1.35931e+01 
 110    1.3542555 -1.35246e+01 
 111    1.3839099 -1.34444e+01 
 112    1.4142136 -1.33545e+01 
 113    1.4451808 -1.32461e+01 
 114    1.4768261 -1.31240e+01 
 115    1.5091644 -1.29892e+01 
 116    1.5422108 -1.28392e+01 
 117    1.5759808 -1.26776e+01 
 118    1.6104903 -1.25059e+01 
 119    1.6457555 -1.23202e+01 
 120    1.6817928 -1.21225e+01 
 121    1.7186193 -1.19131e+01 
 122    1.7562522 -1.17024e+01 
 123    1.7947091 -1.14821e+01 
 124    1.8340081 -1.12581e+01 
 125    1.8741676 -1.10364e+01 
 126    1.9152066 -1.08279e+01 
 127    1.9571441 -1.06275e+01 
 128    2.0000000 -1.04216e+01 
 129    2.0437943 -1.02530e+01 
 130    2.0885476 -1.00963e+01 
 131    2.1342808 -9.95487e+00 
 132    2.1810155 -9.85729e+00 
 133    2.2287735 -9.78702e+00 
 134    2.2775773 -9.73429e+00 
 135    2.3274497 -9.72349e+00 
 136    2.3784142 -9.74459e+00 
 137    2.4304947 -9.78222e+00 
 138    2.4837156 -9.85592e+00 
 139    2.5381019 -9.96991e+00 
 140    2.5936791 -1.01069e+01 
 141    2.6504733 -1.02769e+01 
 142    2.7085111 -1.04749e+01 
 143    2.7678198 -1.06882e+01 
 144    2.8284271 -1.09221e+01 
 145    2.8903616 -1.11655e+01 
 146    2.9536523 -1.14160e+01 
 147    3.0183289 -1.16800e+01 
 148    3.0844217 -1.19285e+01 
 149    3.1519617 -1.21721e+01 
 150    3.2209807 -1.24118e+01 
 151    3.2915110 -1.26077e+01 
 152    3.3635857 -1.27759e+01 
 153    3.4372386 -1.29254e+01 
 154    3.5125043 -1.30184e+01 
 155    3.5894182 -1.30689e+01 
 156    3.6680162 -1.30889e+01 
 157    3.7483353 -1.30507e+01 
 158    3.8304131 -1.29721e+01 
 159    3.9142882 -1.28573e+01 
 160    4.0000000 -1.26948e+01 
 161    4.0875886 -1.24963e+01 
 162    4.1770951 -1.22611e+01 
 163    4.2685616 -1.19925e+01 
 164    4.3620309 -1.16908e+01 
 165    4.4575470 -1.13674e+01 
 166    4.5551545 -1.10126e+01 
 167    4.6548994 -1.06452e+01 
 168    4.7568285 -1.02572e+01 
 169    4.8609894 -9.85338e+00 
 170    4.9674312 -9.45130e+00 
 171    5.0762038 -9.03616e+00 
 172    5.1873582 -8.61342e+00 
 173    5.3009466 -8.20951e+00 
 174    5.4170222 -7.79583e+00 
 175    5.5356395 -7.37403e+00 
 176    5.6568542 -6.98190e+00 
 177    5.7807232 -6.56593e+00 
 178    5.9073046 -6.19236e+00 
 179    6.0366577 -5.81285e+00 
 180    6.1688433 -5.40540e+00 
 181    6.3039234 -5.05584e+00 
 182    6.4419613 -4.66895e+00 
 183    6.5830219 -4.31124e+00 
 184    6.7271713 -3.93176e+00 
 185    6.8744772 -3.57307e+00 
 186    7.0250086 -3.22826e+00 
 187    7.1788363 -2.86856e+00 
 188    7.3360323 -2.50483e+00 
 189    7.4966705 -2.13986e+00 


# K-band (filter: Ks_mosfire.dat)
   0    0.1250000 -1.60369e+01 
   1    0.1277371 -1.60939e+01 
   2    0.1305342 -1.61522e+01 
   3    0.1333926 -1.62117e+01 
   4    0.1363135 -1.62605e+01 
   5    0.1392983 -1.63013e+01 
   6    0.1423486 -1.63184e+01 
   7    0.1454656 -1.62935e+01 
   8    0.1486509 -1.62801e+01 
   9    0.1519059 -1.62516e+01 
  10    0.1552322 -1.62312e+01 
  11    0.1586314 -1.61948e+01 
  12    0.1621049 -1.61663e+01 
  13    0.1656546 -1.61264e+01 
  14    0.1692819 -1.60853e+01 
  15    0.1729887 -1.60431e+01 
  16    0.1767767 -1.59959e+01 
  17    0.1806476 -1.59438e+01 
  18    0.1846033 -1.59128e+01 
  19    0.1886456 -1.59042e+01 
  20    0.1927764 -1.58818e+01 
  21    0.1969976 -1.58510e+01 
  22    0.2013113 -1.58077e+01 
  23    0.2057194 -1.57651e+01 
  24    0.2102241 -1.57282e+01 
  25    0.2148274 -1.56960e+01 
  26    0.2195315 -1.56529e+01 
  27    0.2243386 -1.56044e+01 
  28    0.2292510 -1.55540e+01 
  29    0.2342710 -1.55085e+01 
  30    0.2394008 -1.54569e+01 
  31    0.2446430 -1.54004e+01 
  32    0.2500000 -1.53446e+01 
  33    0.2554743 -1.52950e+01 
  34    0.2610684 -1.52476e+01 
  35    0.2667851 -1.51943e+01 
  36    0.2726269 -1.51354e+01 
  37    0.2785967 -1.50731e+01 
  38    0.2846972 -1.50129e+01 
  39    0.2909312 -1.49499e+01 
  40    0.2973018 -1.48852e+01 
  41    0.3038118 -1.48216e+01 
  42    0.3104645 -1.47621e+01 
  43    0.3172627 -1.46958e+01 
  44    0.3242099 -1.46363e+01 
  45    0.3313092 -1.45681e+01 
  46    0.3385639 -1.44952e+01 
  47    0.3459775 -1.44273e+01 
  48    0.3535534 -1.43524e+01 
  49    0.3612952 -1.42858e+01 
  50    0.3692065 -1.42144e+01 
  51    0.3772911 -1.41487e+01 
  52    0.3855527 -1.40854e+01 
  53    0.3939952 -1.40212e+01 
  54    0.4026226 -1.39492e+01 
  55    0.4114389 -1.38773e+01 
  56    0.4204482 -1.38037e+01 
  57    0.4296548 -1.37369e+01 
  58    0.4390630 -1.36705e+01 
  59    0.4486773 -1.36076e+01 
  60    0.4585020 -1.35431e+01 
  61    0.4685419 -1.34710e+01 
  62    0.4788016 -1.34169e+01 
  63    0.4892860 -1.33584e+01 
  64    0.5000000 -1.32943e+01 
  65    0.5109486 -1.32391e+01 
  66    0.5221369 -1.31923e+01 
  67    0.5335702 -1.31359e+01 
  68    0.5452539 -1.30836e+01 
  69    0.5571934 -1.30318e+01 
  70    0.5693943 -1.29817e+01 
  71    0.5818624 -1.29285e+01 
  72    0.5946036 -1.28734e+01 
  73    0.6076237 -1.28239e+01 
  74    0.6209289 -1.27615e+01 
  75    0.6345255 -1.27116e+01 
  76    0.6484198 -1.26615e+01 
  77    0.6626183 -1.26062e+01 
  78    0.6771278 -1.25392e+01 
  79    0.6919549 -1.24774e+01 
  80    0.7071068 -1.24110e+01 
  81    0.7225904 -1.23414e+01 
  82    0.7384131 -1.22729e+01 
  83    0.7545822 -1.22070e+01 
  84    0.7711054 -1.21394e+01 
  85    0.7879904 -1.20769e+01 
  86    0.8052452 -1.20119e+01 
  87    0.8228777 -1.19466e+01 
  88    0.8408964 -1.18783e+01 
  89    0.8593096 -1.18091e+01 
  90    0.8781261 -1.17514e+01 
  91    0.8973545 -1.16917e+01 
  92    0.9170040 -1.16307e+01 
  93    0.9370838 -1.15749e+01 
  94    0.9576033 -1.15150e+01 
  95    0.9785721 -1.14537e+01 
  96    1.0000000 -1.13914e+01 
  97    1.0218971 -1.13177e+01 
  98    1.0442738 -1.12467e+01 
  99    1.0671404 -1.11708e+01 
 100    1.0905077 -1.11014e+01 
 101    1.1143867 -1.10547e+01 
 102    1.1387886 -1.09932e+01 
 103    1.1637249 -1.09344e+01 
 104    1.1892071 -1.08954e+01 
 105    1.2152474 -1.08633e+01 
 106    1.2418578 -1.08354e+01 
 107    1.2690510 -1.08169e+01 
 108    1.2968396 -1.07977e+01 
 109    1.3252366 -1.07951e+01 
 110    1.3542555 -1.07971e+01 
 111    1.3839099 -1.08151e+01 
 112    1.4142136 -1.08368e+01 
 113    1.4451808 -1.08519e+01 
 114    1.4768261 -1.08821e+01 
 115    1.5091644 -1.09058e+01 
 116    1.5422108 -1.09231e+01 
 117    1.5759808 -1.09364e+01 
 118    1.6104903 -1.09499e+01 
 119    1.6457555 -1.09481e+01 
 120    1.6817928 -1.09392e+01 
 121    1.7186193 -1.09299e+01 
 122    1.7562522 -1.09055e+01 
 123    1.7947091 -1.08641e+01 
 124    1.8340081 -1.08192e+01 
 125    1.8741676 -1.07562e+01 
 126    1.9152066 -1.06724e+01 
 127    1.9571441 -1.05909e+01 
 128    2.0000000 -1.04944e+01 
 129    2.0437943 -1.03937e+01 
 130    2.0885476 -1.02713e+01 
 131    2.1342808 -1.01433e+01 
 132    2.1810155 -1.00137e+01 
 133    2.2287735 -9.87762e+00 
 134    2.2775773 -9.74173e+00 
 135    2.3274497 -9.60029e+00 
 136    2.3784142 -9.46938e+00 
 137    2.4304947 -9.33853e+00 
 138    2.4837156 -9.22799e+00 
 139    2.5381019 -9.13970e+00 
 140    2.5936791 -9.05350e+00 
 141    2.6504733 -8.97412e+00 
 142    2.7085111 -8.91330e+00 
 143    2.7678198 -8.86781e+00 
 144    2.8284271 -8.82023e+00 
 145    2.8903616 -8.78708e+00 
 146    2.9536523 -8.75316e+00 
 147    3.0183289 -8.72850e+00 
 148    3.0844217 -8.69490e+00 
 149    3.1519617 -8.67294e+00 
 150    3.2209807 -8.64637e+00 
 151    3.2915110 -8.63715e+00 
 152    3.3635857 -8.65625e+00 
 153    3.4372386 -8.69025e+00 
 154    3.5125043 -8.78504e+00 
 155    3.5894182 -8.90194e+00 
 156    3.6680162 -9.03753e+00 
 157    3.7483353 -9.18562e+00 
 158    3.8304131 -9.31931e+00 
 159    3.9142882 -9.47731e+00 
 160    4.0000000 -9.57581e+00 
 161    4.0875886 -9.65196e+00 
 162    4.1770951 -9.73874e+00 
 163    4.2685616 -9.76503e+00 
 164    4.3620309 -9.77323e+00 
 165    4.4575470 -9.72857e+00 
 166    4.5551545 -9.63813e+00 
 167    4.6548994 -9.49867e+00 
 168    4.7568285 -9.32258e+00 
 169    4.8609894 -9.10675e+00 
 170    4.9674312 -8.86446e+00 
 171    5.0762038 -8.60532e+00 
 172    5.1873582 -8.32769e+00 
 173    5.3009466 -8.00589e+00 
 174    5.4170222 -7.65782e+00 
 175    5.5356395 -7.29481e+00 
 176    5.6568542 -6.92001e+00 
 177    5.7807232 -6.53404e+00 
 178    5.9073046 -6.14679e+00 
 179    6.0366577 -5.72126e+00 
 180    6.1688433 -5.30786e+00 
 181    6.3039234 -4.90522e+00 
 182    6.4419613 -4.45637e+00 
 183    6.5830219 -3.96228e+00 
 184    6.7271713 -3.36643e+00 
 185    6.8744772 -2.80624e+00 
 186    7.0250086 -2.36544e+00 
 187    7.1788363 -1.81606e+00 
 188    7.3360323 -1.23577e+00 
 189    7.4966705 -6.10287e-01 


# S-band (filter: Spitzer_IRAC2.dat)
   0    0.1250000 -1.45575e+01 
   1    0.1277371 -1.45531e+01 
   2    0.1305342 -1.45486e+01 
   3    0.1333926 -1.45440e+01 
   4    0.1363135 -1.45629e+01 
   5    0.1392983 -1.45606e+01 
   6    0.1423486 -1.45511e+01 
   7    0.1454656 -1.45156e+01 
   8    0.1486509 -1.45042e+01 
   9    0.1519059 -1.44797e+01 
  10    0.1552322 -1.44650e+01 
  11    0.1586314 -1.44313e+01 
  12    0.1621049 -1.43883e+01 
  13    0.1656546 -1.43499e+01 
  14    0.1692819 -1.43035e+01 
  15    0.1729887 -1.42436e+01 
  16    0.1767767 -1.41897e+01 
  17    0.1806476 -1.41307e+01 
  18    0.1846033 -1.40745e+01 
  19    0.1886456 -1.40082e+01 
  20    0.1927764 -1.39330e+01 
  21    0.1969976 -1.38669e+01 
  22    0.2013113 -1.37923e+01 
  23    0.2057194 -1.37144e+01 
  24    0.2102241 -1.36342e+01 
  25    0.2148274 -1.35808e+01 
  26    0.2195315 -1.35191e+01 
  27    0.2243386 -1.34402e+01 
  28    0.2292510 -1.33541e+01 
  29    0.2342710 -1.32595e+01 
  30    0.2394008 -1.31601e+01 
  31    0.2446430 -1.30538e+01 
  32    0.2500000 -1.29454e+01 
  33    0.2554743 -1.28525e+01 
  34    0.2610684 -1.27312e+01 
  35    0.2667851 -1.26581e+01 
  36    0.2726269 -1.25491e+01 
  37    0.2785967 -1.24377e+01 
  38    0.2846972 -1.23407e+01 
  39    0.2909312 -1.22304e+01 
  40    0.2973018 -1.21000e+01 
  41    0.3038118 -1.20279e+01 
  42    0.3104645 -1.19561e+01 
  43    0.3172627 -1.18805e+01 
  44    0.3242099 -1.18073e+01 
  45    0.3313092 -1.16947e+01 
  46    0.3385639 -1.16489e+01 
  47    0.3459775 -1.15630e+01 
  48    0.3535534 -1.14928e+01 
  49    0.3612952 -1.14084e+01 
  50    0.3692065 -1.13023e+01 
  51    0.3772911 -1.12683e+01 
  52    0.3855527 -1.12204e+01 
  53    0.3939952 -1.11511e+01 
  54    0.4026226 -1.10476e+01 
  55    0.4114389 -1.09410e+01 
  56    0.4204482 -1.08458e+01 
  57    0.4296548 -1.08000e+01 
  58    0.4390630 -1.07263e+01 
  59    0.4486773 -1.06298e+01 
  60    0.4585020 -1.05668e+01 
  61    0.4685419 -1.05238e+01 
  62    0.4788016 -1.04326e+01 
  63    0.4892860 -1.02388e+01 
  64    0.5000000 -1.01493e+01 
  65    0.5109486 -1.00380e+01 
  66    0.5221369 -1.00215e+01 
  67    0.5335702 -9.98759e+00 
  68    0.5452539 -9.91659e+00 
  69    0.5571934 -9.83170e+00 
  70    0.5693943 -9.73188e+00 
  71    0.5818624 -9.67775e+00 
  72    0.5946036 -9.61260e+00 
  73    0.6076237 -9.53719e+00 
  74    0.6209289 -9.49530e+00 
  75    0.6345255 -9.49254e+00 
  76    0.6484198 -9.47142e+00 
  77    0.6626183 -9.43091e+00 
  78    0.6771278 -9.31587e+00 
  79    0.6919549 -9.21853e+00 
  80    0.7071068 -9.12778e+00 
  81    0.7225904 -9.05665e+00 
  82    0.7384131 -8.96693e+00 
  83    0.7545822 -8.88271e+00 
  84    0.7711054 -8.84522e+00 
  85    0.7879904 -8.78761e+00 
  86    0.8052452 -8.69596e+00 
  87    0.8228777 -8.61485e+00 
  88    0.8408964 -8.52869e+00 
  89    0.8593096 -8.46456e+00 
  90    0.8781261 -8.42385e+00 
  91    0.8973545 -8.27420e+00 
  92    0.9170040 -8.22937e+00 
  93    0.9370838 -8.13763e+00 
  94    0.9576033 -8.06556e+00 
  95    0.9785721 -7.95567e+00 
  96    1.0000000 -7.79112e+00 
  97    1.0218971 -7.51135e+00 
  98    1.0442738 -7.47044e+00 
  99    1.0671404 -7.30414e+00 
 100    1.0905077 -7.17360e+00 
 101    1.1143867 -7.07828e+00 
 102    1.1387886 -6.86672e+00 
 103    1.1637249 -6.80364e+00 
 104    1.1892071 -6.64668e+00 
 105    1.2152474 -6.23943e+00 
 106    1.2418578 -6.10554e+00 
 107    1.2690510 -6.02994e+00 
 108    1.2968396 -5.98973e+00 
 109    1.3252366 -5.92656e+00 
 110    1.3542555 -5.44997e+00 
 111    1.3839099 -5.06472e+00 
 112    1.4142136 -4.84829e+00 
 113    1.4451808 -4.85154e+00 
 114    1.4768261 -4.09364e+00 
 115    1.5091644 -3.84131e+00 
 116    1.5422108 -3.20106e+00 
 117    1.5759808 -3.08019e+00 
 118    1.6104903 -2.47129e+00 
 119    1.6457555 -2.50532e+00 
 120    1.6817928 -2.13630e+00 
 121    1.7186193 -2.08581e+00 
 122    1.7562522 -1.85561e+00 
 123    1.7947091 -2.05081e+00 
 124    1.8340081 -1.68999e+00 
 125    1.8741676 -1.84031e+00 
 126    1.9152066 -2.37827e+00 
 127    1.9571441 -2.64679e+00 
 128    2.0000000 -3.01162e+00 
 129    2.0437943 -3.24800e+00 
 130    2.0885476 -3.39518e+00 
 131    2.1342808 -3.57692e+00 
 132    2.1810155 -3.91362e+00 
 133    2.2287735 -4.31682e+00 
 134    2.2775773 -4.43791e+00 
 135    2.3274497 -4.62057e+00 
 136    2.3784142 -4.98368e+00 
 137    2.4304947 -5.08381e+00 
 138    2.4837156 -5.19872e+00 
 139    2.5381019 -5.35793e+00 
 140    2.5936791 -5.55742e+00 
 141    2.6504733 -5.68797e+00 
 142    2.7085111 -5.88615e+00 
 143    2.7678198 -6.02224e+00 
 144    2.8284271 -6.11108e+00 
 145    2.8903616 -6.18936e+00 
 146    2.9536523 -6.26008e+00 
 147    3.0183289 -6.33575e+00 
 148    3.0844217 -6.32956e+00 
 149    3.1519617 -6.32080e+00 
 150    3.2209807 -6.32720e+00 
 151    3.2915110 -6.19799e+00 
 152    3.3635857 -6.08157e+00 
 153    3.4372386 -5.98210e+00 
 154    3.5125043 -5.79054e+00 
 155    3.5894182 -5.65771e+00 
 156    3.6680162 -5.44896e+00 
 157    3.7483353 -5.18948e+00 
 158    3.8304131 -5.00273e+00 
 159    3.9142882 -4.72789e+00 
 160    4.0000000 -4.55444e+00 
 161    4.0875886 -4.16731e+00 
 162    4.1770951 -3.84035e+00 
 163    4.2685616 -3.63040e+00 
 164    4.3620309 -3.26483e+00 
 165    4.4575470 -3.03812e+00 
 166    4.5551545 -2.59947e+00 
 167    4.6548994 -2.13896e+00 
 168    4.7568285 -1.58306e+00 
 169    4.8609894 -1.54208e+00 
 170    4.9674312 -9.30736e-01 
 171    5.0762038 -4.85862e-01 
 172    5.1873582 -2.90559e-01 
 173    5.3009466  1.68175e-01 
 174    5.4170222  6.50489e-01 
 175    5.5356395  1.11757e+00 
 176    5.6568542  1.21201e+00 
 177    5.7807232  1.53850e+00 
 178    5.9073046  1.94058e+00 
 179    6.0366577  2.25530e+00 
 180    6.1688433  2.54883e+00 
 181    6.3039234  2.94792e+00 
 182    6.4419613  3.12761e+00 
 183    6.5830219  3.36931e+00 
 184    6.7271713  3.78263e+00 
 185    6.8744772  4.00311e+00 
 186    7.0250086  4.19880e+00 
 187    7.1788363  4.51723e+00 
 188    7.3360323  4.82146e+00 
 189    7.4966705  5.06314e+00 


