# 1:iteration 2:time bin[s] 3-k:equiv. isotropic luminosity in k-th angular bin [erg/s]
# bolometric luminosity going in angular bin
   0    0.1250000  3.11855e+41 
   1    0.1277371  3.28518e+41 
   2    0.1305342  3.45545e+41 
   3    0.1333926  3.62945e+41 
   4    0.1363135  3.74852e+41 
   5    0.1392983  3.83813e+41 
   6    0.1423486  3.80888e+41 
   7    0.1454656  3.72511e+41 
   8    0.1486509  3.65419e+41 
   9    0.1519059  3.56384e+41 
  10    0.1552322  3.48133e+41 
  11    0.1586314  3.34833e+41 
  12    0.1621049  3.26272e+41 
  13    0.1656546  3.16805e+41 
  14    0.1692819  3.06586e+41 
  15    0.1729887  2.97936e+41 
  16    0.1767767  2.90058e+41 
  17    0.1806476  2.85796e+41 
  18    0.1846033  2.87688e+41 
  19    0.1886456  2.91163e+41 
  20    0.1927764  2.94971e+41 
  21    0.1969976  2.98674e+41 
  22    0.2013113  3.02866e+41 
  23    0.2057194  3.06371e+41 
  24    0.2102241  3.10169e+41 
  25    0.2148274  3.13990e+41 
  26    0.2195315  3.18038e+41 
  27    0.2243386  3.21549e+41 
  28    0.2292510  3.25590e+41 
  29    0.2342710  3.29569e+41 
  30    0.2394008  3.34057e+41 
  31    0.2446430  3.38290e+41 
  32    0.2500000  3.42342e+41 
  33    0.2554743  3.46787e+41 
  34    0.2610684  3.51687e+41 
  35    0.2667851  3.56386e+41 
  36    0.2726269  3.61471e+41 
  37    0.2785967  3.66831e+41 
  38    0.2846972  3.72578e+41 
  39    0.2909312  3.79340e+41 
  40    0.2973018  3.86588e+41 
  41    0.3038118  3.94761e+41 
  42    0.3104645  4.03077e+41 
  43    0.3172627  4.12134e+41 
  44    0.3242099  4.22951e+41 
  45    0.3313092  4.34727e+41 
  46    0.3385639  4.48182e+41 
  47    0.3459775  4.63718e+41 
  48    0.3535534  4.80337e+41 
  49    0.3612952  4.98090e+41 
  50    0.3692065  5.17467e+41 
  51    0.3772911  5.43924e+41 
  52    0.3855527  5.77705e+41 
  53    0.3939952  6.11312e+41 
  54    0.4026226  6.44046e+41 
  55    0.4114389  6.78521e+41 
  56    0.4204482  7.10635e+41 
  57    0.4296548  7.45685e+41 
  58    0.4390630  7.89771e+41 
  59    0.4486773  8.33664e+41 
  60    0.4585020  8.76641e+41 
  61    0.4685419  9.23632e+41 
  62    0.4788016  9.70127e+41 
  63    0.4892860  1.02292e+42 
  64    0.5000000  1.07857e+42 
  65    0.5109486  1.13676e+42 
  66    0.5221369  1.19163e+42 
  67    0.5335702  1.24754e+42 
  68    0.5452539  1.31054e+42 
  69    0.5571934  1.37775e+42 
  70    0.5693943  1.42393e+42 
  71    0.5818624  1.46954e+42 
  72    0.5946036  1.51118e+42 
  73    0.6076237  1.56110e+42 
  74    0.6209289  1.61548e+42 
  75    0.6345255  1.68965e+42 
  76    0.6484198  1.75196e+42 
  77    0.6626183  1.82537e+42 
  78    0.6771278  1.92950e+42 
  79    0.6919549  2.03436e+42 
  80    0.7071068  2.13218e+42 
  81    0.7225904  2.24784e+42 
  82    0.7384131  2.36497e+42 
  83    0.7545822  2.49625e+42 
  84    0.7711054  2.63589e+42 
  85    0.7879904  2.78240e+42 
  86    0.8052452  2.91634e+42 
  87    0.8228777  3.05755e+42 
  88    0.8408964  3.20625e+42 
  89    0.8593096  3.35134e+42 
  90    0.8781261  3.49796e+42 
  91    0.8973545  3.65317e+42 
  92    0.9170040  3.80943e+42 
  93    0.9370838  3.97002e+42 
  94    0.9576033  4.13421e+42 
  95    0.9785721  4.30798e+42 
  96    1.0000000  4.48424e+42 
  97    1.0218971  4.67262e+42 
  98    1.0442738  4.88617e+42 
  99    1.0671404  5.10076e+42 
 100    1.0905077  5.33538e+42 
 101    1.1143867  5.57575e+42 
 102    1.1387886  5.81249e+42 
 103    1.1637249  6.06058e+42 
 104    1.1892071  6.29723e+42 
 105    1.2152474  6.53343e+42 
 106    1.2418578  6.77898e+42 
 107    1.2690510  7.01056e+42 
 108    1.2968396  7.23093e+42 
 109    1.3252366  7.44095e+42 
 110    1.3542555  7.65677e+42 
 111    1.3839099  7.91277e+42 
 112    1.4142136  8.15483e+42 
 113    1.4451808  8.43814e+42 
 114    1.4768261  8.63941e+42 
 115    1.5091644  8.80850e+42 
 116    1.5422108  8.86816e+42 
 117    1.5759808  8.88049e+42 
 118    1.6104903  8.87557e+42 
 119    1.6457555  8.73354e+42 
 120    1.6817928  8.57893e+42 
 121    1.7186193  8.35850e+42 
 122    1.7562522  7.99303e+42 
 123    1.7947091  7.52194e+42 
 124    1.8340081  6.96934e+42 
 125    1.8741676  6.35988e+42 
 126    1.9152066  5.79573e+42 
 127    1.9571441  5.30566e+42 
 128    2.0000000  4.77111e+42 
 129    2.0437943  4.34693e+42 
 130    2.0885476  3.96444e+42 
 131    2.1342808  3.59467e+42 
 132    2.1810155  3.28167e+42 
 133    2.2287735  3.00212e+42 
 134    2.2775773  2.83078e+42 
 135    2.3274497  2.68539e+42 
 136    2.3784142  2.58741e+42 
 137    2.4304947  2.51913e+42 
 138    2.4837156  2.45076e+42 
 139    2.5381019  2.38058e+42 
 140    2.5936791  2.30698e+42 
 141    2.6504733  2.23039e+42 
 142    2.7085111  2.15076e+42 
 143    2.7678198  2.06810e+42 
 144    2.8284271  1.98247e+42 
 145    2.8903616  1.89434e+42 
 146    2.9536523  1.80438e+42 
 147    3.0183289  1.71242e+42 
 148    3.0844217  1.61939e+42 
 149    3.1519617  1.52457e+42 
 150    3.2209807  1.42717e+42 
 151    3.2915110  1.32914e+42 
 152    3.3635857  1.23072e+42 
 153    3.4372386  1.13164e+42 
 154    3.5125043  1.03623e+42 
 155    3.5894182  9.43592e+41 
 156    3.6680162  8.51338e+41 
 157    3.7483353  7.66019e+41 
 158    3.8304131  6.84121e+41 
 159    3.9142882  6.04051e+41 
 160    4.0000000  5.30918e+41 
 161    4.0875886  4.62398e+41 
 162    4.1770951  3.98390e+41 
 163    4.2685616  3.42008e+41 
 164    4.3620309  2.91602e+41 
 165    4.4575470  2.44867e+41 
 166    4.5551545  2.05947e+41 
 167    4.6548994  1.71864e+41 
 168    4.7568285  1.40942e+41 
 169    4.8609894  1.16384e+41 
 170    4.9674312  9.55205e+40 
 171    5.0762038  7.81111e+40 
 172    5.1873582  6.45910e+40 
 173    5.3009466  5.37604e+40 
 174    5.4170222  4.52465e+40 
 175    5.5356395  3.89468e+40 
 176    5.6568542  3.37880e+40 
 177    5.7807232  2.96678e+40 
 178    5.9073046  2.64215e+40 
 179    6.0366577  2.36275e+40 
 180    6.1688433  2.11973e+40 
 181    6.3039234  1.90431e+40 
 182    6.4419613  1.71045e+40 
 183    6.5830219  1.53374e+40 
 184    6.7271713  1.36786e+40 
 185    6.8744772  1.21820e+40 
 186    7.0250086  1.06974e+40 
 187    7.1788363  9.25561e+39 
 188    7.3360323  7.87227e+39 
 189    7.4966705  6.59731e+39 


# g-band (filter: g_LSST.dat)
   0    0.1250000  1.49664e+26 
   1    0.1277371  1.50342e+26 
   2    0.1305342  1.51035e+26 
   3    0.1333926  1.51743e+26 
   4    0.1363135  1.51956e+26 
   5    0.1392983  1.52193e+26 
   6    0.1423486  1.52579e+26 
   7    0.1454656  1.52661e+26 
   8    0.1486509  1.52462e+26 
   9    0.1519059  1.51578e+26 
  10    0.1552322  1.50893e+26 
  11    0.1586314  1.49849e+26 
  12    0.1621049  1.48392e+26 
  13    0.1656546  1.46210e+26 
  14    0.1692819  1.43943e+26 
  15    0.1729887  1.41387e+26 
  16    0.1767767  1.38447e+26 
  17    0.1806476  1.35427e+26 
  18    0.1846033  1.31635e+26 
  19    0.1886456  1.28037e+26 
  20    0.1927764  1.23984e+26 
  21    0.1969976  1.20252e+26 
  22    0.2013113  1.16347e+26 
  23    0.2057194  1.12707e+26 
  24    0.2102241  1.08746e+26 
  25    0.2148274  1.05432e+26 
  26    0.2195315  1.01772e+26 
  27    0.2243386  9.85074e+25 
  28    0.2292510  9.56053e+25 
  29    0.2342710  9.24334e+25 
  30    0.2394008  8.96540e+25 
  31    0.2446430  8.70800e+25 
  32    0.2500000  8.49359e+25 
  33    0.2554743  8.27189e+25 
  34    0.2610684  8.14493e+25 
  35    0.2667851  7.98796e+25 
  36    0.2726269  7.88377e+25 
  37    0.2785967  7.79523e+25 
  38    0.2846972  7.79022e+25 
  39    0.2909312  7.78901e+25 
  40    0.2973018  7.85508e+25 
  41    0.3038118  7.98468e+25 
  42    0.3104645  8.13139e+25 
  43    0.3172627  8.36630e+25 
  44    0.3242099  8.75481e+25 
  45    0.3313092  9.11539e+25 
  46    0.3385639  9.54208e+25 
  47    0.3459775  9.99925e+25 
  48    0.3535534  1.05333e+26 
  49    0.3612952  1.11007e+26 
  50    0.3692065  1.17395e+26 
  51    0.3772911  1.23873e+26 
  52    0.3855527  1.30822e+26 
  53    0.3939952  1.38316e+26 
  54    0.4026226  1.50843e+26 
  55    0.4114389  1.62343e+26 
  56    0.4204482  1.75599e+26 
  57    0.4296548  1.90613e+26 
  58    0.4390630  2.11307e+26 
  59    0.4486773  2.32423e+26 
  60    0.4585020  2.58135e+26 
  61    0.4685419  2.87740e+26 
  62    0.4788016  3.21948e+26 
  63    0.4892860  3.69720e+26 
  64    0.5000000  4.24293e+26 
  65    0.5109486  4.81140e+26 
  66    0.5221369  5.47057e+26 
  67    0.5335702  6.14518e+26 
  68    0.5452539  6.88975e+26 
  69    0.5571934  7.69355e+26 
  70    0.5693943  8.54798e+26 
  71    0.5818624  9.50685e+26 
  72    0.5946036  1.05529e+27 
  73    0.6076237  1.16499e+27 
  74    0.6209289  1.27394e+27 
  75    0.6345255  1.38552e+27 
  76    0.6484198  1.49670e+27 
  77    0.6626183  1.61534e+27 
  78    0.6771278  1.74143e+27 
  79    0.6919549  1.87274e+27 
  80    0.7071068  2.00378e+27 
  81    0.7225904  2.14077e+27 
  82    0.7384131  2.28068e+27 
  83    0.7545822  2.41969e+27 
  84    0.7711054  2.56155e+27 
  85    0.7879904  2.69967e+27 
  86    0.8052452  2.84256e+27 
  87    0.8228777  2.98897e+27 
  88    0.8408964  3.13227e+27 
  89    0.8593096  3.27777e+27 
  90    0.8781261  3.42773e+27 
  91    0.8973545  3.58654e+27 
  92    0.9170040  3.75745e+27 
  93    0.9370838  3.92417e+27 
  94    0.9576033  4.09754e+27 
  95    0.9785721  4.27148e+27 
  96    1.0000000  4.45129e+27 
  97    1.0218971  4.62126e+27 
  98    1.0442738  4.78905e+27 
  99    1.0671404  4.96158e+27 
 100    1.0905077  5.11985e+27 
 101    1.1143867  5.27061e+27 
 102    1.1387886  5.39896e+27 
 103    1.1637249  5.51452e+27 
 104    1.1892071  5.59936e+27 
 105    1.2152474  5.66935e+27 
 106    1.2418578  5.72713e+27 
 107    1.2690510  5.76373e+27 
 108    1.2968396  5.79599e+27 
 109    1.3252366  5.82142e+27 
 110    1.3542555  5.87888e+27 
 111    1.3839099  6.12048e+27 
 112    1.4142136  6.51550e+27 
 113    1.4451808  7.17883e+27 
 114    1.4768261  7.28905e+27 
 115    1.5091644  7.43778e+27 
 116    1.5422108  7.28442e+27 
 117    1.5759808  7.11554e+27 
 118    1.6104903  7.00575e+27 
 119    1.6457555  6.77776e+27 
 120    1.6817928  6.70614e+27 
 121    1.7186193  6.47313e+27 
 122    1.7562522  6.12735e+27 
 123    1.7947091  5.62542e+27 
 124    1.8340081  4.78063e+27 
 125    1.8741676  4.05874e+27 
 126    1.9152066  3.51173e+27 
 127    1.9571441  3.12587e+27 
 128    2.0000000  2.73086e+27 
 129    2.0437943  2.44546e+27 
 130    2.0885476  2.20723e+27 
 131    2.1342808  1.92841e+27 
 132    2.1810155  1.66351e+27 
 133    2.2287735  1.43010e+27 
 134    2.2775773  1.35763e+27 
 135    2.3274497  1.30735e+27 
 136    2.3784142  1.29497e+27 
 137    2.4304947  1.31135e+27 
 138    2.4837156  1.33631e+27 
 139    2.5381019  1.36572e+27 
 140    2.5936791  1.39862e+27 
 141    2.6504733  1.43816e+27 
 142    2.7085111  1.48240e+27 
 143    2.7678198  1.52986e+27 
 144    2.8284271  1.58326e+27 
 145    2.8903616  1.63938e+27 
 146    2.9536523  1.69644e+27 
 147    3.0183289  1.75587e+27 
 148    3.0844217  1.80786e+27 
 149    3.1519617  1.85157e+27 
 150    3.2209807  1.89343e+27 
 151    3.2915110  1.91421e+27 
 152    3.3635857  1.91960e+27 
 153    3.4372386  1.91640e+27 
 154    3.5125043  1.88614e+27 
 155    3.5894182  1.83840e+27 
 156    3.6680162  1.77465e+27 
 157    3.7483353  1.68690e+27 
 158    3.8304131  1.58230e+27 
 159    3.9142882  1.46122e+27 
 160    4.0000000  1.32932e+27 
 161    4.0875886  1.19293e+27 
 162    4.1770951  1.04710e+27 
 163    4.2685616  9.12256e+26 
 164    4.3620309  7.84346e+26 
 165    4.4575470  6.54581e+26 
 166    4.5551545  5.46851e+26 
 167    4.6548994  4.49261e+26 
 168    4.7568285  3.59224e+26 
 169    4.8609894  2.88210e+26 
 170    4.9674312  2.28435e+26 
 171    5.0762038  1.79878e+26 
 172    5.1873582  1.43898e+26 
 173    5.3009466  1.14579e+26 
 174    5.4170222  9.16296e+25 
 175    5.5356395  7.45058e+25 
 176    5.6568542  6.01735e+25 
 177    5.7807232  4.87279e+25 
 178    5.9073046  3.90662e+25 
 179    6.0366577  3.13872e+25 
 180    6.1688433  2.48297e+25 
 181    6.3039234  1.88575e+25 
 182    6.4419613  1.41966e+25 
 183    6.5830219  1.01954e+25 
 184    6.7271713  7.13410e+24 
 185    6.8744772  4.80162e+24 
 186    7.0250086  2.97307e+24 
 187    7.1788363  1.79792e+24 
 188    7.3360323  9.58418e+23 
 189    7.4966705  4.52798e+23 


# r-band (filter: r_LSST.dat)
   0    0.1250000  1.81454e+26 
   1    0.1277371  1.85260e+26 
   2    0.1305342  1.89150e+26 
   3    0.1333926  1.93125e+26 
   4    0.1363135  1.96447e+26 
   5    0.1392983  1.99606e+26 
   6    0.1423486  2.00659e+26 
   7    0.1454656  2.01358e+26 
   8    0.1486509  2.02812e+26 
   9    0.1519059  2.03523e+26 
  10    0.1552322  2.04165e+26 
  11    0.1586314  2.04121e+26 
  12    0.1621049  2.04135e+26 
  13    0.1656546  2.03618e+26 
  14    0.1692819  2.03058e+26 
  15    0.1729887  2.02493e+26 
  16    0.1767767  2.01282e+26 
  17    0.1806476  2.00385e+26 
  18    0.1846033  2.00388e+26 
  19    0.1886456  2.00217e+26 
  20    0.1927764  1.99580e+26 
  21    0.1969976  1.98891e+26 
  22    0.2013113  1.98436e+26 
  23    0.2057194  1.97870e+26 
  24    0.2102241  1.97691e+26 
  25    0.2148274  1.98989e+26 
  26    0.2195315  2.00280e+26 
  27    0.2243386  2.02010e+26 
  28    0.2292510  2.03478e+26 
  29    0.2342710  2.05024e+26 
  30    0.2394008  2.07478e+26 
  31    0.2446430  2.09105e+26 
  32    0.2500000  2.10709e+26 
  33    0.2554743  2.13523e+26 
  34    0.2610684  2.16834e+26 
  35    0.2667851  2.20683e+26 
  36    0.2726269  2.27088e+26 
  37    0.2785967  2.35720e+26 
  38    0.2846972  2.43823e+26 
  39    0.2909312  2.62337e+26 
  40    0.2973018  2.86026e+26 
  41    0.3038118  3.17913e+26 
  42    0.3104645  3.50122e+26 
  43    0.3172627  3.87560e+26 
  44    0.3242099  4.30167e+26 
  45    0.3313092  4.86698e+26 
  46    0.3385639  5.58123e+26 
  47    0.3459775  6.43219e+26 
  48    0.3535534  7.40100e+26 
  49    0.3612952  8.37508e+26 
  50    0.3692065  9.47574e+26 
  51    0.3772911  1.12318e+27 
  52    0.3855527  1.36343e+27 
  53    0.3939952  1.56872e+27 
  54    0.4026226  1.77381e+27 
  55    0.4114389  1.98851e+27 
  56    0.4204482  2.17832e+27 
  57    0.4296548  2.38346e+27 
  58    0.4390630  2.66239e+27 
  59    0.4486773  2.91829e+27 
  60    0.4585020  3.15208e+27 
  61    0.4685419  3.41476e+27 
  62    0.4788016  3.66359e+27 
  63    0.4892860  3.94365e+27 
  64    0.5000000  4.21416e+27 
  65    0.5109486  4.50454e+27 
  66    0.5221369  4.73028e+27 
  67    0.5335702  4.97081e+27 
  68    0.5452539  5.25516e+27 
  69    0.5571934  5.59597e+27 
  70    0.5693943  5.72324e+27 
  71    0.5818624  5.83715e+27 
  72    0.5946036  5.89025e+27 
  73    0.6076237  6.00727e+27 
  74    0.6209289  6.16707e+27 
  75    0.6345255  6.49139e+27 
  76    0.6484198  6.71876e+27 
  77    0.6626183  7.03785e+27 
  78    0.6771278  7.61259e+27 
  79    0.6919549  8.17392e+27 
  80    0.7071068  8.65620e+27 
  81    0.7225904  9.27157e+27 
  82    0.7384131  9.86892e+27 
  83    0.7545822  1.05632e+28 
  84    0.7711054  1.12965e+28 
  85    0.7879904  1.19557e+28 
  86    0.8052452  1.24316e+28 
  87    0.8228777  1.29315e+28 
  88    0.8408964  1.34084e+28 
  89    0.8593096  1.37967e+28 
  90    0.8781261  1.41105e+28 
  91    0.8973545  1.44137e+28 
  92    0.9170040  1.46598e+28 
  93    0.9370838  1.48671e+28 
  94    0.9576033  1.50356e+28 
  95    0.9785721  1.51571e+28 
  96    1.0000000  1.52535e+28 
  97    1.0218971  1.52800e+28 
  98    1.0442738  1.53098e+28 
  99    1.0671404  1.53033e+28 
 100    1.0905077  1.52501e+28 
 101    1.1143867  1.51515e+28 
 102    1.1387886  1.50468e+28 
 103    1.1637249  1.48834e+28 
 104    1.1892071  1.46964e+28 
 105    1.2152474  1.44413e+28 
 106    1.2418578  1.41657e+28 
 107    1.2690510  1.38527e+28 
 108    1.2968396  1.35079e+28 
 109    1.3252366  1.31461e+28 
 110    1.3542555  1.28181e+28 
 111    1.3839099  1.22983e+28 
 112    1.4142136  1.15405e+28 
 113    1.4451808  1.05435e+28 
 114    1.4768261  9.65363e+27 
 115    1.5091644  8.75220e+27 
 116    1.5422108  7.97681e+27 
 117    1.5759808  7.25134e+27 
 118    1.6104903  6.41204e+27 
 119    1.6457555  5.74222e+27 
 120    1.6817928  5.05796e+27 
 121    1.7186193  4.34337e+27 
 122    1.7562522  3.60394e+27 
 123    1.7947091  2.95056e+27 
 124    1.8340081  2.62217e+27 
 125    1.8741676  2.28704e+27 
 126    1.9152066  2.00177e+27 
 127    1.9571441  1.72855e+27 
 128    2.0000000  1.43990e+27 
 129    2.0437943  1.22451e+27 
 130    2.0885476  1.03046e+27 
 131    2.1342808  8.57989e+26 
 132    2.1810155  7.21989e+26 
 133    2.2287735  6.40921e+26 
 134    2.2775773  6.01684e+26 
 135    2.3274497  5.72571e+26 
 136    2.3784142  5.63397e+26 
 137    2.4304947  5.63112e+26 
 138    2.4837156  5.63534e+26 
 139    2.5381019  5.64594e+26 
 140    2.5936791  5.65702e+26 
 141    2.6504733  5.68289e+26 
 142    2.7085111  5.73412e+26 
 143    2.7678198  5.78475e+26 
 144    2.8284271  5.88266e+26 
 145    2.8903616  6.00393e+26 
 146    2.9536523  6.16368e+26 
 147    3.0183289  6.34673e+26 
 148    3.0844217  6.58773e+26 
 149    3.1519617  6.86284e+26 
 150    3.2209807  7.16732e+26 
 151    3.2915110  7.49182e+26 
 152    3.3635857  7.81672e+26 
 153    3.4372386  8.15826e+26 
 154    3.5125043  8.43638e+26 
 155    3.5894182  8.65760e+26 
 156    3.6680162  8.86936e+26 
 157    3.7483353  8.93828e+26 
 158    3.8304131  8.89825e+26 
 159    3.9142882  8.79579e+26 
 160    4.0000000  8.49203e+26 
 161    4.0875886  8.06882e+26 
 162    4.1770951  7.55570e+26 
 163    4.2685616  6.93419e+26 
 164    4.3620309  6.27808e+26 
 165    4.4575470  5.53248e+26 
 166    4.5551545  4.84443e+26 
 167    4.6548994  4.18163e+26 
 168    4.7568285  3.47733e+26 
 169    4.8609894  2.90423e+26 
 170    4.9674312  2.38275e+26 
 171    5.0762038  1.92263e+26 
 172    5.1873582  1.55532e+26 
 173    5.3009466  1.27460e+26 
 174    5.4170222  1.06263e+26 
 175    5.5356395  9.20651e+25 
 176    5.6568542  8.10348e+25 
 177    5.7807232  7.27895e+25 
 178    5.9073046  6.75881e+25 
 179    6.0366577  6.24239e+25 
 180    6.1688433  5.80037e+25 
 181    6.3039234  5.43438e+25 
 182    6.4419613  5.04914e+25 
 183    6.5830219  4.68141e+25 
 184    6.7271713  4.24712e+25 
 185    6.8744772  3.80770e+25 
 186    7.0250086  3.30714e+25 
 187    7.1788363  2.77770e+25 
 188    7.3360323  2.25588e+25 
 189    7.4966705  1.76649e+25 


# i-band (filter: i_LSST.dat)
   0    0.1250000  1.43614e+26 
   1    0.1277371  1.46979e+26 
   2    0.1305342  1.50418e+26 
   3    0.1333926  1.53932e+26 
   4    0.1363135  1.56390e+26 
   5    0.1392983  1.58621e+26 
   6    0.1423486  1.60857e+26 
   7    0.1454656  1.61184e+26 
   8    0.1486509  1.62073e+26 
   9    0.1519059  1.62120e+26 
  10    0.1552322  1.62523e+26 
  11    0.1586314  1.62269e+26 
  12    0.1621049  1.61593e+26 
  13    0.1656546  1.61380e+26 
  14    0.1692819  1.62292e+26 
  15    0.1729887  1.62678e+26 
  16    0.1767767  1.62778e+26 
  17    0.1806476  1.63774e+26 
  18    0.1846033  1.64856e+26 
  19    0.1886456  1.65023e+26 
  20    0.1927764  1.65963e+26 
  21    0.1969976  1.67676e+26 
  22    0.2013113  1.70470e+26 
  23    0.2057194  1.71834e+26 
  24    0.2102241  1.74033e+26 
  25    0.2148274  1.77014e+26 
  26    0.2195315  1.77894e+26 
  27    0.2243386  1.79409e+26 
  28    0.2292510  1.81076e+26 
  29    0.2342710  1.82288e+26 
  30    0.2394008  1.84155e+26 
  31    0.2446430  1.86924e+26 
  32    0.2500000  1.90277e+26 
  33    0.2554743  1.92582e+26 
  34    0.2610684  1.96119e+26 
  35    0.2667851  2.03150e+26 
  36    0.2726269  2.10714e+26 
  37    0.2785967  2.22969e+26 
  38    0.2846972  2.32296e+26 
  39    0.2909312  2.39398e+26 
  40    0.2973018  2.50095e+26 
  41    0.3038118  2.61447e+26 
  42    0.3104645  2.75875e+26 
  43    0.3172627  2.90713e+26 
  44    0.3242099  3.11328e+26 
  45    0.3313092  3.35152e+26 
  46    0.3385639  3.58680e+26 
  47    0.3459775  3.88920e+26 
  48    0.3535534  4.23433e+26 
  49    0.3612952  4.59261e+26 
  50    0.3692065  5.05313e+26 
  51    0.3772911  5.64470e+26 
  52    0.3855527  6.26365e+26 
  53    0.3939952  6.97969e+26 
  54    0.4026226  7.70196e+26 
  55    0.4114389  8.52336e+26 
  56    0.4204482  9.41234e+26 
  57    0.4296548  1.04013e+27 
  58    0.4390630  1.14933e+27 
  59    0.4486773  1.26567e+27 
  60    0.4585020  1.38573e+27 
  61    0.4685419  1.51699e+27 
  62    0.4788016  1.65282e+27 
  63    0.4892860  1.79294e+27 
  64    0.5000000  1.93653e+27 
  65    0.5109486  2.08849e+27 
  66    0.5221369  2.24304e+27 
  67    0.5335702  2.39835e+27 
  68    0.5452539  2.55774e+27 
  69    0.5571934  2.71522e+27 
  70    0.5693943  2.86820e+27 
  71    0.5818624  3.02233e+27 
  72    0.5946036  3.17524e+27 
  73    0.6076237  3.32164e+27 
  74    0.6209289  3.46402e+27 
  75    0.6345255  3.59482e+27 
  76    0.6484198  3.71980e+27 
  77    0.6626183  3.84215e+27 
  78    0.6771278  3.94493e+27 
  79    0.6919549  4.04163e+27 
  80    0.7071068  4.12500e+27 
  81    0.7225904  4.20315e+27 
  82    0.7384131  4.26583e+27 
  83    0.7545822  4.31605e+27 
  84    0.7711054  4.35642e+27 
  85    0.7879904  4.37958e+27 
  86    0.8052452  4.39544e+27 
  87    0.8228777  4.39947e+27 
  88    0.8408964  4.39167e+27 
  89    0.8593096  4.37227e+27 
  90    0.8781261  4.34519e+27 
  91    0.8973545  4.30444e+27 
  92    0.9170040  4.25638e+27 
  93    0.9370838  4.19955e+27 
  94    0.9576033  4.13251e+27 
  95    0.9785721  4.06086e+27 
  96    1.0000000  3.98259e+27 
  97    1.0218971  3.89940e+27 
  98    1.0442738  3.81042e+27 
  99    1.0671404  3.71682e+27 
 100    1.0905077  3.61690e+27 
 101    1.1143867  3.51391e+27 
 102    1.1387886  3.40835e+27 
 103    1.1637249  3.30000e+27 
 104    1.1892071  3.19116e+27 
 105    1.2152474  3.08121e+27 
 106    1.2418578  2.96983e+27 
 107    1.2690510  2.85940e+27 
 108    1.2968396  2.75160e+27 
 109    1.3252366  2.64147e+27 
 110    1.3542555  2.53355e+27 
 111    1.3839099  2.42219e+27 
 112    1.4142136  2.30760e+27 
 113    1.4451808  2.18173e+27 
 114    1.4768261  2.04991e+27 
 115    1.5091644  1.91731e+27 
 116    1.5422108  1.77899e+27 
 117    1.5759808  1.64121e+27 
 118    1.6104903  1.49780e+27 
 119    1.6457555  1.36267e+27 
 120    1.6817928  1.22988e+27 
 121    1.7186193  1.08918e+27 
 122    1.7562522  9.54084e+26 
 123    1.7947091  8.26076e+26 
 124    1.8340081  7.11124e+26 
 125    1.8741676  6.07829e+26 
 126    1.9152066  5.24585e+26 
 127    1.9571441  4.54308e+26 
 128    2.0000000  3.91393e+26 
 129    2.0437943  3.44706e+26 
 130    2.0885476  3.05682e+26 
 131    2.1342808  2.75482e+26 
 132    2.1810155  2.51532e+26 
 133    2.2287735  2.36425e+26 
 134    2.2775773  2.32031e+26 
 135    2.3274497  2.29336e+26 
 136    2.3784142  2.29347e+26 
 137    2.4304947  2.30272e+26 
 138    2.4837156  2.30565e+26 
 139    2.5381019  2.30530e+26 
 140    2.5936791  2.30265e+26 
 141    2.6504733  2.29576e+26 
 142    2.7085111  2.28546e+26 
 143    2.7678198  2.27128e+26 
 144    2.8284271  2.25170e+26 
 145    2.8903616  2.23233e+26 
 146    2.9536523  2.20873e+26 
 147    3.0183289  2.18360e+26 
 148    3.0844217  2.16205e+26 
 149    3.1519617  2.14856e+26 
 150    3.2209807  2.13445e+26 
 151    3.2915110  2.13299e+26 
 152    3.3635857  2.13702e+26 
 153    3.4372386  2.14334e+26 
 154    3.5125043  2.16142e+26 
 155    3.5894182  2.18624e+26 
 156    3.6680162  2.22074e+26 
 157    3.7483353  2.25766e+26 
 158    3.8304131  2.29246e+26 
 159    3.9142882  2.32785e+26 
 160    4.0000000  2.32669e+26 
 161    4.0875886  2.29112e+26 
 162    4.1770951  2.24676e+26 
 163    4.2685616  2.13883e+26 
 164    4.3620309  2.00973e+26 
 165    4.4575470  1.86204e+26 
 166    4.5551545  1.69265e+26 
 167    4.6548994  1.52145e+26 
 168    4.7568285  1.31717e+26 
 169    4.8609894  1.14328e+26 
 170    4.9674312  9.73720e+25 
 171    5.0762038  8.12067e+25 
 172    5.1873582  6.62513e+25 
 173    5.3009466  5.46767e+25 
 174    5.4170222  4.55768e+25 
 175    5.5356395  3.94399e+25 
 176    5.6568542  3.53293e+25 
 177    5.7807232  3.28690e+25 
 178    5.9073046  3.20739e+25 
 179    6.0366577  3.14250e+25 
 180    6.1688433  3.10377e+25 
 181    6.3039234  3.10703e+25 
 182    6.4419613  3.05457e+25 
 183    6.5830219  2.97869e+25 
 184    6.7271713  2.88659e+25 
 185    6.8744772  2.77581e+25 
 186    7.0250086  2.65549e+25 
 187    7.1788363  2.46682e+25 
 188    7.3360323  2.24422e+25 
 189    7.4966705  1.99970e+25 


# z-band (filter: z_LSST.dat)
   0    0.1250000  1.46626e+26 
   1    0.1277371  1.55894e+26 
   2    0.1305342  1.65365e+26 
   3    0.1333926  1.75044e+26 
   4    0.1363135  1.83516e+26 
   5    0.1392983  1.89334e+26 
   6    0.1423486  1.86745e+26 
   7    0.1454656  1.85875e+26 
   8    0.1486509  1.84706e+26 
   9    0.1519059  1.84253e+26 
  10    0.1552322  1.81465e+26 
  11    0.1586314  1.75982e+26 
  12    0.1621049  1.71289e+26 
  13    0.1656546  1.67829e+26 
  14    0.1692819  1.61762e+26 
  15    0.1729887  1.55555e+26 
  16    0.1767767  1.46550e+26 
  17    0.1806476  1.41899e+26 
  18    0.1846033  1.38493e+26 
  19    0.1886456  1.35353e+26 
  20    0.1927764  1.31036e+26 
  21    0.1969976  1.26568e+26 
  22    0.2013113  1.22143e+26 
  23    0.2057194  1.18120e+26 
  24    0.2102241  1.13574e+26 
  25    0.2148274  1.08687e+26 
  26    0.2195315  1.05851e+26 
  27    0.2243386  1.03185e+26 
  28    0.2292510  1.00186e+26 
  29    0.2342710  9.70770e+25 
  30    0.2394008  9.42812e+25 
  31    0.2446430  9.19078e+25 
  32    0.2500000  9.04625e+25 
  33    0.2554743  8.84182e+25 
  34    0.2610684  8.70208e+25 
  35    0.2667851  8.63905e+25 
  36    0.2726269  8.57409e+25 
  37    0.2785967  8.54939e+25 
  38    0.2846972  8.62633e+25 
  39    0.2909312  8.83739e+25 
  40    0.2973018  9.19418e+25 
  41    0.3038118  9.80426e+25 
  42    0.3104645  1.04536e+26 
  43    0.3172627  1.12845e+26 
  44    0.3242099  1.25288e+26 
  45    0.3313092  1.41428e+26 
  46    0.3385639  1.60115e+26 
  47    0.3459775  1.83929e+26 
  48    0.3535534  2.12835e+26 
  49    0.3612952  2.47400e+26 
  50    0.3692065  2.94863e+26 
  51    0.3772911  3.47906e+26 
  52    0.3855527  4.06014e+26 
  53    0.3939952  4.78242e+26 
  54    0.4026226  5.57659e+26 
  55    0.4114389  6.43121e+26 
  56    0.4204482  7.36371e+26 
  57    0.4296548  8.39507e+26 
  58    0.4390630  9.53931e+26 
  59    0.4486773  1.07460e+27 
  60    0.4585020  1.19826e+27 
  61    0.4685419  1.32442e+27 
  62    0.4788016  1.45453e+27 
  63    0.4892860  1.58714e+27 
  64    0.5000000  1.72409e+27 
  65    0.5109486  1.86095e+27 
  66    0.5221369  1.99393e+27 
  67    0.5335702  2.12575e+27 
  68    0.5452539  2.26143e+27 
  69    0.5571934  2.38636e+27 
  70    0.5693943  2.50608e+27 
  71    0.5818624  2.62310e+27 
  72    0.5946036  2.73946e+27 
  73    0.6076237  2.84650e+27 
  74    0.6209289  2.94948e+27 
  75    0.6345255  3.03260e+27 
  76    0.6484198  3.10630e+27 
  77    0.6626183  3.17780e+27 
  78    0.6771278  3.23024e+27 
  79    0.6919549  3.27467e+27 
  80    0.7071068  3.30853e+27 
  81    0.7225904  3.33194e+27 
  82    0.7384131  3.33795e+27 
  83    0.7545822  3.33653e+27 
  84    0.7711054  3.32264e+27 
  85    0.7879904  3.29707e+27 
  86    0.8052452  3.26424e+27 
  87    0.8228777  3.22630e+27 
  88    0.8408964  3.17987e+27 
  89    0.8593096  3.12653e+27 
  90    0.8781261  3.06794e+27 
  91    0.8973545  3.00334e+27 
  92    0.9170040  2.93108e+27 
  93    0.9370838  2.85764e+27 
  94    0.9576033  2.78282e+27 
  95    0.9785721  2.70262e+27 
  96    1.0000000  2.61808e+27 
  97    1.0218971  2.53713e+27 
  98    1.0442738  2.45357e+27 
  99    1.0671404  2.36598e+27 
 100    1.0905077  2.27992e+27 
 101    1.1143867  2.19076e+27 
 102    1.1387886  2.10303e+27 
 103    1.1637249  2.01470e+27 
 104    1.1892071  1.92996e+27 
 105    1.2152474  1.84489e+27 
 106    1.2418578  1.75904e+27 
 107    1.2690510  1.67728e+27 
 108    1.2968396  1.59904e+27 
 109    1.3252366  1.51918e+27 
 110    1.3542555  1.44442e+27 
 111    1.3839099  1.36619e+27 
 112    1.4142136  1.28845e+27 
 113    1.4451808  1.20591e+27 
 114    1.4768261  1.12119e+27 
 115    1.5091644  1.03860e+27 
 116    1.5422108  9.54743e+26 
 117    1.5759808  8.72665e+26 
 118    1.6104903  7.89601e+26 
 119    1.6457555  7.13338e+26 
 120    1.6817928  6.38511e+26 
 121    1.7186193  5.60709e+26 
 122    1.7562522  4.86578e+26 
 123    1.7947091  4.18918e+26 
 124    1.8340081  3.59797e+26 
 125    1.8741676  3.07540e+26 
 126    1.9152066  2.66503e+26 
 127    1.9571441  2.31668e+26 
 128    2.0000000  2.01442e+26 
 129    2.0437943  1.80354e+26 
 130    2.0885476  1.62471e+26 
 131    2.1342808  1.49774e+26 
 132    2.1810155  1.39916e+26 
 133    2.2287735  1.35437e+26 
 134    2.2775773  1.35954e+26 
 135    2.3274497  1.37079e+26 
 136    2.3784142  1.39105e+26 
 137    2.4304947  1.41759e+26 
 138    2.4837156  1.43690e+26 
 139    2.5381019  1.45366e+26 
 140    2.5936791  1.46717e+26 
 141    2.6504733  1.47272e+26 
 142    2.7085111  1.47425e+26 
 143    2.7678198  1.47175e+26 
 144    2.8284271  1.46248e+26 
 145    2.8903616  1.44550e+26 
 146    2.9536523  1.42313e+26 
 147    3.0183289  1.39301e+26 
 148    3.0844217  1.35825e+26 
 149    3.1519617  1.31890e+26 
 150    3.2209807  1.27343e+26 
 151    3.2915110  1.22728e+26 
 152    3.3635857  1.18013e+26 
 153    3.4372386  1.12910e+26 
 154    3.5125043  1.08339e+26 
 155    3.5894182  1.03894e+26 
 156    3.6680162  9.94681e+25 
 157    3.7483353  9.53676e+25 
 158    3.8304131  9.09196e+25 
 159    3.9142882  8.67636e+25 
 160    4.0000000  8.18091e+25 
 161    4.0875886  7.65606e+25 
 162    4.1770951  7.14315e+25 
 163    4.2685616  6.54658e+25 
 164    4.3620309  5.95662e+25 
 165    4.4575470  5.32974e+25 
 166    4.5551545  4.72341e+25 
 167    4.6548994  4.13531e+25 
 168    4.7568285  3.49366e+25 
 169    4.8609894  2.94499e+25 
 170    4.9674312  2.43796e+25 
 171    5.0762038  1.97943e+25 
 172    5.1873582  1.57903e+25 
 173    5.3009466  1.25164e+25 
 174    5.4170222  9.87133e+24 
 175    5.5356395  7.87706e+24 
 176    5.6568542  6.51577e+24 
 177    5.7807232  5.79238e+24 
 178    5.9073046  5.53109e+24 
 179    6.0366577  6.01681e+24 
 180    6.1688433  6.74796e+24 
 181    6.3039234  7.72726e+24 
 182    6.4419613  8.78652e+24 
 183    6.5830219  9.77401e+24 
 184    6.7271713  1.10475e+25 
 185    6.8744772  1.19232e+25 
 186    7.0250086  1.30209e+25 
 187    7.1788363  1.43127e+25 
 188    7.3360323  1.54039e+25 
 189    7.4966705  1.59142e+25 


# y-band (filter: y_LSST.dat)
   0    0.1250000  3.31379e+26 
   1    0.1277371  3.81677e+26 
   2    0.1305342  4.33075e+26 
   3    0.1333926  4.85600e+26 
   4    0.1363135  5.21604e+26 
   5    0.1392983  5.43690e+26 
   6    0.1423486  5.21312e+26 
   7    0.1454656  4.99842e+26 
   8    0.1486509  4.84141e+26 
   9    0.1519059  4.61561e+26 
  10    0.1552322  4.42038e+26 
  11    0.1586314  4.07525e+26 
  12    0.1621049  3.87442e+26 
  13    0.1656546  3.63610e+26 
  14    0.1692819  3.18808e+26 
  15    0.1729887  2.81669e+26 
  16    0.1767767  2.50459e+26 
  17    0.1806476  2.41869e+26 
  18    0.1846033  2.46667e+26 
  19    0.1886456  2.53911e+26 
  20    0.1927764  2.62173e+26 
  21    0.1969976  2.73294e+26 
  22    0.2013113  2.84770e+26 
  23    0.2057194  2.96766e+26 
  24    0.2102241  3.10585e+26 
  25    0.2148274  3.25622e+26 
  26    0.2195315  3.39320e+26 
  27    0.2243386  3.53413e+26 
  28    0.2292510  3.72354e+26 
  29    0.2342710  3.91990e+26 
  30    0.2394008  4.13863e+26 
  31    0.2446430  4.35656e+26 
  32    0.2500000  4.59357e+26 
  33    0.2554743  4.83064e+26 
  34    0.2610684  5.12505e+26 
  35    0.2667851  5.40789e+26 
  36    0.2726269  5.71808e+26 
  37    0.2785967  6.06262e+26 
  38    0.2846972  6.47921e+26 
  39    0.2909312  6.93703e+26 
  40    0.2973018  7.43989e+26 
  41    0.3038118  7.95931e+26 
  42    0.3104645  8.49582e+26 
  43    0.3172627  9.08030e+26 
  44    0.3242099  9.77077e+26 
  45    0.3313092  1.04843e+27 
  46    0.3385639  1.12248e+27 
  47    0.3459775  1.20499e+27 
  48    0.3535534  1.28743e+27 
  49    0.3612952  1.37442e+27 
  50    0.3692065  1.46546e+27 
  51    0.3772911  1.55439e+27 
  52    0.3855527  1.65073e+27 
  53    0.3939952  1.75803e+27 
  54    0.4026226  1.85864e+27 
  55    0.4114389  1.96329e+27 
  56    0.4204482  2.05536e+27 
  57    0.4296548  2.15120e+27 
  58    0.4390630  2.24409e+27 
  59    0.4486773  2.33787e+27 
  60    0.4585020  2.42793e+27 
  61    0.4685419  2.51982e+27 
  62    0.4788016  2.60216e+27 
  63    0.4892860  2.68989e+27 
  64    0.5000000  2.76708e+27 
  65    0.5109486  2.84092e+27 
  66    0.5221369  2.90223e+27 
  67    0.5335702  2.96099e+27 
  68    0.5452539  3.01340e+27 
  69    0.5571934  3.05277e+27 
  70    0.5693943  3.08751e+27 
  71    0.5818624  3.11430e+27 
  72    0.5946036  3.12849e+27 
  73    0.6076237  3.13017e+27 
  74    0.6209289  3.12468e+27 
  75    0.6345255  3.10414e+27 
  76    0.6484198  3.07397e+27 
  77    0.6626183  3.03877e+27 
  78    0.6771278  2.99687e+27 
  79    0.6919549  2.94514e+27 
  80    0.7071068  2.89502e+27 
  81    0.7225904  2.83411e+27 
  82    0.7384131  2.76863e+27 
  83    0.7545822  2.70299e+27 
  84    0.7711054  2.62996e+27 
  85    0.7879904  2.55744e+27 
  86    0.8052452  2.48352e+27 
  87    0.8228777  2.41039e+27 
  88    0.8408964  2.33485e+27 
  89    0.8593096  2.25745e+27 
  90    0.8781261  2.17901e+27 
  91    0.8973545  2.10332e+27 
  92    0.9170040  2.02674e+27 
  93    0.9370838  1.95054e+27 
  94    0.9576033  1.87684e+27 
  95    0.9785721  1.80178e+27 
  96    1.0000000  1.72875e+27 
  97    1.0218971  1.65688e+27 
  98    1.0442738  1.58606e+27 
  99    1.0671404  1.51466e+27 
 100    1.0905077  1.44606e+27 
 101    1.1143867  1.37830e+27 
 102    1.1387886  1.31392e+27 
 103    1.1637249  1.24902e+27 
 104    1.1892071  1.18689e+27 
 105    1.2152474  1.12555e+27 
 106    1.2418578  1.06639e+27 
 107    1.2690510  1.01192e+27 
 108    1.2968396  9.58333e+26 
 109    1.3252366  9.07086e+26 
 110    1.3542555  8.59174e+26 
 111    1.3839099  8.10276e+26 
 112    1.4142136  7.62107e+26 
 113    1.4451808  7.13614e+26 
 114    1.4768261  6.63617e+26 
 115    1.5091644  6.15705e+26 
 116    1.5422108  5.67486e+26 
 117    1.5759808  5.21963e+26 
 118    1.6104903  4.75264e+26 
 119    1.6457555  4.32738e+26 
 120    1.6817928  3.92308e+26 
 121    1.7186193  3.49718e+26 
 122    1.7562522  3.10118e+26 
 123    1.7947091  2.73972e+26 
 124    1.8340081  2.42209e+26 
 125    1.8741676  2.14351e+26 
 126    1.9152066  1.92607e+26 
 127    1.9571441  1.75267e+26 
 128    2.0000000  1.60294e+26 
 129    2.0437943  1.50449e+26 
 130    2.0885476  1.43665e+26 
 131    2.1342808  1.39434e+26 
 132    2.1810155  1.38891e+26 
 133    2.2287735  1.41198e+26 
 134    2.2775773  1.47120e+26 
 135    2.3274497  1.53902e+26 
 136    2.3784142  1.62151e+26 
 137    2.4304947  1.70997e+26 
 138    2.4837156  1.79241e+26 
 139    2.5381019  1.86966e+26 
 140    2.5936791  1.94935e+26 
 141    2.6504733  2.01012e+26 
 142    2.7085111  2.06444e+26 
 143    2.7678198  2.11382e+26 
 144    2.8284271  2.13817e+26 
 145    2.8903616  2.14738e+26 
 146    2.9536523  2.14793e+26 
 147    3.0183289  2.13442e+26 
 148    3.0844217  2.10047e+26 
 149    3.1519617  2.05600e+26 
 150    3.2209807  2.00059e+26 
 151    3.2915110  1.93180e+26 
 152    3.3635857  1.85710e+26 
 153    3.4372386  1.77448e+26 
 154    3.5125043  1.68933e+26 
 155    3.5894182  1.60824e+26 
 156    3.6680162  1.52639e+26 
 157    3.7483353  1.46083e+26 
 158    3.8304131  1.39465e+26 
 159    3.9142882  1.32858e+26 
 160    4.0000000  1.26884e+26 
 161    4.0875886  1.20763e+26 
 162    4.1770951  1.15224e+26 
 163    4.2685616  1.08266e+26 
 164    4.3620309  1.00782e+26 
 165    4.4575470  9.35212e+25 
 166    4.5551545  8.52023e+25 
 167    4.6548994  7.68875e+25 
 168    4.7568285  6.76459e+25 
 169    4.8609894  5.90175e+25 
 170    4.9674312  5.08261e+25 
 171    5.0762038  4.28394e+25 
 172    5.1873582  3.46425e+25 
 173    5.3009466  2.77573e+25 
 174    5.4170222  2.16010e+25 
 175    5.5356395  1.66121e+25 
 176    5.6568542  1.25583e+25 
 177    5.7807232  9.46180e+24 
 178    5.9073046  7.15546e+24 
 179    6.0366577  5.36913e+24 
 180    6.1688433  4.05089e+24 
 181    6.3039234  3.11215e+24 
 182    6.4419613  2.53489e+24 
 183    6.5830219  2.33218e+24 
 184    6.7271713  2.33253e+24 
 185    6.8744772  2.63620e+24 
 186    7.0250086  2.93996e+24 
 187    7.1788363  3.38359e+24 
 188    7.3360323  3.99195e+24 
 189    7.4966705  4.86902e+24 


# J-band (filter: J_2MASS.dat)
   0    0.1250000  6.34174e+26 
   1    0.1277371  6.94616e+26 
   2    0.1305342  7.56380e+26 
   3    0.1333926  8.19497e+26 
   4    0.1363135  8.39165e+26 
   5    0.1392983  8.55927e+26 
   6    0.1423486  8.30281e+26 
   7    0.1454656  7.96410e+26 
   8    0.1486509  7.54859e+26 
   9    0.1519059  7.17837e+26 
  10    0.1552322  6.84178e+26 
  11    0.1586314  6.22224e+26 
  12    0.1621049  5.84222e+26 
  13    0.1656546  5.48151e+26 
  14    0.1692819  5.19652e+26 
  15    0.1729887  5.08076e+26 
  16    0.1767767  5.05275e+26 
  17    0.1806476  5.16154e+26 
  18    0.1846033  5.48498e+26 
  19    0.1886456  5.92546e+26 
  20    0.1927764  6.39705e+26 
  21    0.1969976  6.91278e+26 
  22    0.2013113  7.46699e+26 
  23    0.2057194  8.01472e+26 
  24    0.2102241  8.59467e+26 
  25    0.2148274  9.20247e+26 
  26    0.2195315  9.86799e+26 
  27    0.2243386  1.05105e+27 
  28    0.2292510  1.12195e+27 
  29    0.2342710  1.19631e+27 
  30    0.2394008  1.27511e+27 
  31    0.2446430  1.35217e+27 
  32    0.2500000  1.42769e+27 
  33    0.2554743  1.50965e+27 
  34    0.2610684  1.59125e+27 
  35    0.2667851  1.67069e+27 
  36    0.2726269  1.75263e+27 
  37    0.2785967  1.83190e+27 
  38    0.2846972  1.90932e+27 
  39    0.2909312  1.98345e+27 
  40    0.2973018  2.05682e+27 
  41    0.3038118  2.12994e+27 
  42    0.3104645  2.19838e+27 
  43    0.3172627  2.26592e+27 
  44    0.3242099  2.32583e+27 
  45    0.3313092  2.37972e+27 
  46    0.3385639  2.43470e+27 
  47    0.3459775  2.48154e+27 
  48    0.3535534  2.52302e+27 
  49    0.3612952  2.57019e+27 
  50    0.3692065  2.60091e+27 
  51    0.3772911  2.63436e+27 
  52    0.3855527  2.65884e+27 
  53    0.3939952  2.67681e+27 
  54    0.4026226  2.69055e+27 
  55    0.4114389  2.70164e+27 
  56    0.4204482  2.70348e+27 
  57    0.4296548  2.70350e+27 
  58    0.4390630  2.69632e+27 
  59    0.4486773  2.68484e+27 
  60    0.4585020  2.66966e+27 
  61    0.4685419  2.64837e+27 
  62    0.4788016  2.62568e+27 
  63    0.4892860  2.60026e+27 
  64    0.5000000  2.56904e+27 
  65    0.5109486  2.53474e+27 
  66    0.5221369  2.49635e+27 
  67    0.5335702  2.45076e+27 
  68    0.5452539  2.40691e+27 
  69    0.5571934  2.35810e+27 
  70    0.5693943  2.30826e+27 
  71    0.5818624  2.25388e+27 
  72    0.5946036  2.20065e+27 
  73    0.6076237  2.14592e+27 
  74    0.6209289  2.08510e+27 
  75    0.6345255  2.02492e+27 
  76    0.6484198  1.96485e+27 
  77    0.6626183  1.90300e+27 
  78    0.6771278  1.84031e+27 
  79    0.6919549  1.77822e+27 
  80    0.7071068  1.71867e+27 
  81    0.7225904  1.65487e+27 
  82    0.7384131  1.59453e+27 
  83    0.7545822  1.53675e+27 
  84    0.7711054  1.47753e+27 
  85    0.7879904  1.41985e+27 
  86    0.8052452  1.36328e+27 
  87    0.8228777  1.30849e+27 
  88    0.8408964  1.25556e+27 
  89    0.8593096  1.20372e+27 
  90    0.8781261  1.15285e+27 
  91    0.8973545  1.10494e+27 
  92    0.9170040  1.05669e+27 
  93    0.9370838  1.01152e+27 
  94    0.9576033  9.67218e+26 
  95    0.9785721  9.24143e+26 
  96    1.0000000  8.81719e+26 
  97    1.0218971  8.41849e+26 
  98    1.0442738  8.03791e+26 
  99    1.0671404  7.65808e+26 
 100    1.0905077  7.30811e+26 
 101    1.1143867  6.95732e+26 
 102    1.1387886  6.62447e+26 
 103    1.1637249  6.31489e+26 
 104    1.1892071  6.01160e+26 
 105    1.2152474  5.72822e+26 
 106    1.2418578  5.44110e+26 
 107    1.2690510  5.16772e+26 
 108    1.2968396  4.91830e+26 
 109    1.3252366  4.67014e+26 
 110    1.3542555  4.43128e+26 
 111    1.3839099  4.19005e+26 
 112    1.4142136  3.94696e+26 
 113    1.4451808  3.70586e+26 
 114    1.4768261  3.46292e+26 
 115    1.5091644  3.21867e+26 
 116    1.5422108  2.98205e+26 
 117    1.5759808  2.75554e+26 
 118    1.6104903  2.52722e+26 
 119    1.6457555  2.32606e+26 
 120    1.6817928  2.12800e+26 
 121    1.7186193  1.93022e+26 
 122    1.7562522  1.75165e+26 
 123    1.7947091  1.58850e+26 
 124    1.8340081  1.45041e+26 
 125    1.8741676  1.32850e+26 
 126    1.9152066  1.23120e+26 
 127    1.9571441  1.15316e+26 
 128    2.0000000  1.08515e+26 
 129    2.0437943  1.03869e+26 
 130    2.0885476  9.96398e+25 
 131    2.1342808  9.67478e+25 
 132    2.1810155  9.44830e+25 
 133    2.2287735  9.34049e+25 
 134    2.2775773  9.32480e+25 
 135    2.3274497  9.37005e+25 
 136    2.3784142  9.50653e+25 
 137    2.4304947  9.68591e+25 
 138    2.4837156  9.98191e+25 
 139    2.5381019  1.03530e+26 
 140    2.5936791  1.07538e+26 
 141    2.6504733  1.13265e+26 
 142    2.7085111  1.20308e+26 
 143    2.7678198  1.28054e+26 
 144    2.8284271  1.37479e+26 
 145    2.8903616  1.48194e+26 
 146    2.9536523  1.59248e+26 
 147    3.0183289  1.71419e+26 
 148    3.0844217  1.82875e+26 
 149    3.1519617  1.93663e+26 
 150    3.2209807  2.04591e+26 
 151    3.2915110  2.13120e+26 
 152    3.3635857  2.20238e+26 
 153    3.4372386  2.26653e+26 
 154    3.5125043  2.29804e+26 
 155    3.5894182  2.30987e+26 
 156    3.6680162  2.30328e+26 
 157    3.7483353  2.26835e+26 
 158    3.8304131  2.21950e+26 
 159    3.9142882  2.14961e+26 
 160    4.0000000  2.07233e+26 
 161    4.0875886  1.98961e+26 
 162    4.1770951  1.90098e+26 
 163    4.2685616  1.82759e+26 
 164    4.3620309  1.76387e+26 
 165    4.4575470  1.70053e+26 
 166    4.5551545  1.66463e+26 
 167    4.6548994  1.63740e+26 
 168    4.7568285  1.61726e+26 
 169    4.8609894  1.60263e+26 
 170    4.9674312  1.57914e+26 
 171    5.0762038  1.54745e+26 
 172    5.1873582  1.52173e+26 
 173    5.3009466  1.46451e+26 
 174    5.4170222  1.39624e+26 
 175    5.5356395  1.31674e+26 
 176    5.6568542  1.22190e+26 
 177    5.7807232  1.11904e+26 
 178    5.9073046  9.92999e+25 
 179    6.0366577  8.74736e+25 
 180    6.1688433  7.55133e+25 
 181    6.3039234  6.28699e+25 
 182    6.4419613  5.19956e+25 
 183    6.5830219  4.20989e+25 
 184    6.7271713  3.31578e+25 
 185    6.8744772  2.60023e+25 
 186    7.0250086  1.92318e+25 
 187    7.1788363  1.33692e+25 
 188    7.3360323  8.35972e+24 
 189    7.4966705  4.67376e+24 


# H-band (filter: H_2MASS.dat)
   0    0.1250000  1.51785e+27 
   1    0.1277371  1.61858e+27 
   2    0.1305342  1.72151e+27 
   3    0.1333926  1.82671e+27 
   4    0.1363135  1.90201e+27 
   5    0.1392983  1.96781e+27 
   6    0.1423486  1.96727e+27 
   7    0.1454656  1.91877e+27 
   8    0.1486509  1.88389e+27 
   9    0.1519059  1.83037e+27 
  10    0.1552322  1.78218e+27 
  11    0.1586314  1.70838e+27 
  12    0.1621049  1.66125e+27 
  13    0.1656546  1.61246e+27 
  14    0.1692819  1.56011e+27 
  15    0.1729887  1.52132e+27 
  16    0.1767767  1.48322e+27 
  17    0.1806476  1.45981e+27 
  18    0.1846033  1.48157e+27 
  19    0.1886456  1.50982e+27 
  20    0.1927764  1.53953e+27 
  21    0.1969976  1.56711e+27 
  22    0.2013113  1.60280e+27 
  23    0.2057194  1.63448e+27 
  24    0.2102241  1.65984e+27 
  25    0.2148274  1.67872e+27 
  26    0.2195315  1.69898e+27 
  27    0.2243386  1.70994e+27 
  28    0.2292510  1.71897e+27 
  29    0.2342710  1.72574e+27 
  30    0.2394008  1.72932e+27 
  31    0.2446430  1.72857e+27 
  32    0.2500000  1.72646e+27 
  33    0.2554743  1.72008e+27 
  34    0.2610684  1.70928e+27 
  35    0.2667851  1.69451e+27 
  36    0.2726269  1.67323e+27 
  37    0.2785967  1.65470e+27 
  38    0.2846972  1.63256e+27 
  39    0.2909312  1.61534e+27 
  40    0.2973018  1.59044e+27 
  41    0.3038118  1.55931e+27 
  42    0.3104645  1.53050e+27 
  43    0.3172627  1.49978e+27 
  44    0.3242099  1.46960e+27 
  45    0.3313092  1.43938e+27 
  46    0.3385639  1.40669e+27 
  47    0.3459775  1.37314e+27 
  48    0.3535534  1.33945e+27 
  49    0.3612952  1.30412e+27 
  50    0.3692065  1.26950e+27 
  51    0.3772911  1.23389e+27 
  52    0.3855527  1.19825e+27 
  53    0.3939952  1.16485e+27 
  54    0.4026226  1.13075e+27 
  55    0.4114389  1.09424e+27 
  56    0.4204482  1.06006e+27 
  57    0.4296548  1.02440e+27 
  58    0.4390630  9.90713e+26 
  59    0.4486773  9.56913e+26 
  60    0.4585020  9.23894e+26 
  61    0.4685419  8.92695e+26 
  62    0.4788016  8.61690e+26 
  63    0.4892860  8.29283e+26 
  64    0.5000000  7.98857e+26 
  65    0.5109486  7.70131e+26 
  66    0.5221369  7.40950e+26 
  67    0.5335702  7.16285e+26 
  68    0.5452539  6.90623e+26 
  69    0.5571934  6.64474e+26 
  70    0.5693943  6.38993e+26 
  71    0.5818624  6.13409e+26 
  72    0.5946036  5.90894e+26 
  73    0.6076237  5.67498e+26 
  74    0.6209289  5.45395e+26 
  75    0.6345255  5.26383e+26 
  76    0.6484198  5.07098e+26 
  77    0.6626183  4.87669e+26 
  78    0.6771278  4.68345e+26 
  79    0.6919549  4.50388e+26 
  80    0.7071068  4.32466e+26 
  81    0.7225904  4.16608e+26 
  82    0.7384131  4.00866e+26 
  83    0.7545822  3.86556e+26 
  84    0.7711054  3.71640e+26 
  85    0.7879904  3.58174e+26 
  86    0.8052452  3.43370e+26 
  87    0.8228777  3.28912e+26 
  88    0.8408964  3.14819e+26 
  89    0.8593096  3.03113e+26 
  90    0.8781261  2.90528e+26 
  91    0.8973545  2.78540e+26 
  92    0.9170040  2.65930e+26 
  93    0.9370838  2.54520e+26 
  94    0.9576033  2.44132e+26 
  95    0.9785721  2.33604e+26 
  96    1.0000000  2.22729e+26 
  97    1.0218971  2.12377e+26 
  98    1.0442738  2.03059e+26 
  99    1.0671404  1.93971e+26 
 100    1.0905077  1.85909e+26 
 101    1.1143867  1.77451e+26 
 102    1.1387886  1.69690e+26 
 103    1.1637249  1.61432e+26 
 104    1.1892071  1.54730e+26 
 105    1.2152474  1.47337e+26 
 106    1.2418578  1.40578e+26 
 107    1.2690510  1.34014e+26 
 108    1.2968396  1.27841e+26 
 109    1.3252366  1.22446e+26 
 110    1.3542555  1.17061e+26 
 111    1.3839099  1.11543e+26 
 112    1.4142136  1.06129e+26 
 113    1.4451808  1.00607e+26 
 114    1.4768261  9.55722e+25 
 115    1.5091644  9.06841e+25 
 116    1.5422108  8.59792e+25 
 117    1.5759808  8.16258e+25 
 118    1.6104903  7.72989e+25 
 119    1.6457555  7.33716e+25 
 120    1.6817928  7.00778e+25 
 121    1.7186193  6.64411e+25 
 122    1.7562522  6.32525e+25 
 123    1.7947091  6.03549e+25 
 124    1.8340081  5.77079e+25 
 125    1.8741676  5.55246e+25 
 126    1.9152066  5.36111e+25 
 127    1.9571441  5.21792e+25 
 128    2.0000000  5.10134e+25 
 129    2.0437943  5.02615e+25 
 130    2.0885476  4.96799e+25 
 131    2.1342808  4.93355e+25 
 132    2.1810155  4.93300e+25 
 133    2.2287735  4.92228e+25 
 134    2.2775773  4.95380e+25 
 135    2.3274497  5.00727e+25 
 136    2.3784142  5.06765e+25 
 137    2.4304947  5.13636e+25 
 138    2.4837156  5.22982e+25 
 139    2.5381019  5.27916e+25 
 140    2.5936791  5.36663e+25 
 141    2.6504733  5.43494e+25 
 142    2.7085111  5.50857e+25 
 143    2.7678198  5.58348e+25 
 144    2.8284271  5.62032e+25 
 145    2.8903616  5.68255e+25 
 146    2.9536523  5.73417e+25 
 147    3.0183289  5.77639e+25 
 148    3.0844217  5.86082e+25 
 149    3.1519617  5.93575e+25 
 150    3.2209807  5.99892e+25 
 151    3.2915110  6.11469e+25 
 152    3.3635857  6.19394e+25 
 153    3.4372386  6.27971e+25 
 154    3.5125043  6.36914e+25 
 155    3.5894182  6.44613e+25 
 156    3.6680162  6.53416e+25 
 157    3.7483353  6.57988e+25 
 158    3.8304131  6.61064e+25 
 159    3.9142882  6.63683e+25 
 160    4.0000000  6.57598e+25 
 161    4.0875886  6.51027e+25 
 162    4.1770951  6.39933e+25 
 163    4.2685616  6.22354e+25 
 164    4.3620309  6.04186e+25 
 165    4.4575470  5.82464e+25 
 166    4.5551545  5.58650e+25 
 167    4.6548994  5.34306e+25 
 168    4.7568285  5.07281e+25 
 169    4.8609894  4.81298e+25 
 170    4.9674312  4.54812e+25 
 171    5.0762038  4.28172e+25 
 172    5.1873582  4.03247e+25 
 173    5.3009466  3.82198e+25 
 174    5.4170222  3.69352e+25 
 175    5.5356395  3.60064e+25 
 176    5.6568542  3.63946e+25 
 177    5.7807232  3.75286e+25 
 178    5.9073046  3.91380e+25 
 179    6.0366577  4.15674e+25 
 180    6.1688433  4.38946e+25 
 181    6.3039234  4.68273e+25 
 182    6.4419613  4.87717e+25 
 183    6.5830219  5.00864e+25 
 184    6.7271713  5.17888e+25 
 185    6.8744772  5.16097e+25 
 186    7.0250086  5.17028e+25 
 187    7.1788363  5.13244e+25 
 188    7.3360323  4.98282e+25 
 189    7.4966705  4.63046e+25 


# K-band (filter: Ks_mosfire.dat)
   0    0.1250000  1.18280e+27 
   1    0.1277371  1.24900e+27 
   2    0.1305342  1.31665e+27 
   3    0.1333926  1.38579e+27 
   4    0.1363135  1.44340e+27 
   5    0.1392983  1.47880e+27 
   6    0.1423486  1.47285e+27 
   7    0.1454656  1.44633e+27 
   8    0.1486509  1.42700e+27 
   9    0.1519059  1.40072e+27 
  10    0.1552322  1.37283e+27 
  11    0.1586314  1.32973e+27 
  12    0.1621049  1.30097e+27 
  13    0.1656546  1.26669e+27 
  14    0.1692819  1.23160e+27 
  15    0.1729887  1.19907e+27 
  16    0.1767767  1.16762e+27 
  17    0.1806476  1.14631e+27 
  18    0.1846033  1.15292e+27 
  19    0.1886456  1.16434e+27 
  20    0.1927764  1.16492e+27 
  21    0.1969976  1.17129e+27 
  22    0.2013113  1.17693e+27 
  23    0.2057194  1.18071e+27 
  24    0.2102241  1.18042e+27 
  25    0.2148274  1.17883e+27 
  26    0.2195315  1.16908e+27 
  27    0.2243386  1.16396e+27 
  28    0.2292510  1.15423e+27 
  29    0.2342710  1.14400e+27 
  30    0.2394008  1.13127e+27 
  31    0.2446430  1.11555e+27 
  32    0.2500000  1.09900e+27 
  33    0.2554743  1.08095e+27 
  34    0.2610684  1.06458e+27 
  35    0.2667851  1.04455e+27 
  36    0.2726269  1.02470e+27 
  37    0.2785967  1.00039e+27 
  38    0.2846972  9.84311e+26 
  39    0.2909312  9.60441e+26 
  40    0.2973018  9.38052e+26 
  41    0.3038118  9.11296e+26 
  42    0.3104645  8.88604e+26 
  43    0.3172627  8.63681e+26 
  44    0.3242099  8.43106e+26 
  45    0.3313092  8.16190e+26 
  46    0.3385639  7.91797e+26 
  47    0.3459775  7.68495e+26 
  48    0.3535534  7.42495e+26 
  49    0.3612952  7.20604e+26 
  50    0.3692065  6.94122e+26 
  51    0.3772911  6.70770e+26 
  52    0.3855527  6.45864e+26 
  53    0.3939952  6.24939e+26 
  54    0.4026226  5.99498e+26 
  55    0.4114389  5.76274e+26 
  56    0.4204482  5.50272e+26 
  57    0.4296548  5.28390e+26 
  58    0.4390630  5.07014e+26 
  59    0.4486773  4.85187e+26 
  60    0.4585020  4.65018e+26 
  61    0.4685419  4.45297e+26 
  62    0.4788016  4.24681e+26 
  63    0.4892860  4.04373e+26 
  64    0.5000000  3.86340e+26 
  65    0.5109486  3.69639e+26 
  66    0.5221369  3.52429e+26 
  67    0.5335702  3.39366e+26 
  68    0.5452539  3.23497e+26 
  69    0.5571934  3.08591e+26 
  70    0.5693943  2.94654e+26 
  71    0.5818624  2.81383e+26 
  72    0.5946036  2.69295e+26 
  73    0.6076237  2.57830e+26 
  74    0.6209289  2.47234e+26 
  75    0.6345255  2.36775e+26 
  76    0.6484198  2.26122e+26 
  77    0.6626183  2.15441e+26 
  78    0.6771278  2.05836e+26 
  79    0.6919549  1.94536e+26 
  80    0.7071068  1.85870e+26 
  81    0.7225904  1.77178e+26 
  82    0.7384131  1.69752e+26 
  83    0.7545822  1.61462e+26 
  84    0.7711054  1.53988e+26 
  85    0.7879904  1.45812e+26 
  86    0.8052452  1.37991e+26 
  87    0.8228777  1.32602e+26 
  88    0.8408964  1.26385e+26 
  89    0.8593096  1.21195e+26 
  90    0.8781261  1.15660e+26 
  91    0.8973545  1.12114e+26 
  92    0.9170040  1.07089e+26 
  93    0.9370838  1.02393e+26 
  94    0.9576033  9.72948e+25 
  95    0.9785721  9.29314e+25 
  96    1.0000000  8.85786e+25 
  97    1.0218971  8.51584e+25 
  98    1.0442738  8.13878e+25 
  99    1.0671404  7.76904e+25 
 100    1.0905077  7.42935e+25 
 101    1.1143867  7.07339e+25 
 102    1.1387886  6.73974e+25 
 103    1.1637249  6.41257e+25 
 104    1.1892071  6.12915e+25 
 105    1.2152474  5.79908e+25 
 106    1.2418578  5.56746e+25 
 107    1.2690510  5.29097e+25 
 108    1.2968396  5.06431e+25 
 109    1.3252366  4.80488e+25 
 110    1.3542555  4.60150e+25 
 111    1.3839099  4.36823e+25 
 112    1.4142136  4.17276e+25 
 113    1.4451808  3.94665e+25 
 114    1.4768261  3.69666e+25 
 115    1.5091644  3.45648e+25 
 116    1.5422108  3.25511e+25 
 117    1.5759808  3.04230e+25 
 118    1.6104903  2.81394e+25 
 119    1.6457555  2.62146e+25 
 120    1.6817928  2.43362e+25 
 121    1.7186193  2.22330e+25 
 122    1.7562522  2.02712e+25 
 123    1.7947091  1.86137e+25 
 124    1.8340081  1.67918e+25 
 125    1.8741676  1.55500e+25 
 126    1.9152066  1.43933e+25 
 127    1.9571441  1.34435e+25 
 128    2.0000000  1.23773e+25 
 129    2.0437943  1.17120e+25 
 130    2.0885476  1.12563e+25 
 131    2.1342808  1.07621e+25 
 132    2.1810155  1.02643e+25 
 133    2.2287735  1.01813e+25 
 134    2.2775773  1.01548e+25 
 135    2.3274497  1.03139e+25 
 136    2.3784142  1.04495e+25 
 137    2.4304947  1.07401e+25 
 138    2.4837156  1.11154e+25 
 139    2.5381019  1.13868e+25 
 140    2.5936791  1.18895e+25 
 141    2.6504733  1.24308e+25 
 142    2.7085111  1.30095e+25 
 143    2.7678198  1.37705e+25 
 144    2.8284271  1.45127e+25 
 145    2.8903616  1.53305e+25 
 146    2.9536523  1.60537e+25 
 147    3.0183289  1.68426e+25 
 148    3.0844217  1.76145e+25 
 149    3.1519617  1.82588e+25 
 150    3.2209807  1.90087e+25 
 151    3.2915110  1.98562e+25 
 152    3.3635857  2.03866e+25 
 153    3.4372386  2.08504e+25 
 154    3.5125043  2.10615e+25 
 155    3.5894182  2.12133e+25 
 156    3.6680162  2.12032e+25 
 157    3.7483353  2.09333e+25 
 158    3.8304131  2.04925e+25 
 159    3.9142882  1.99627e+25 
 160    4.0000000  1.93044e+25 
 161    4.0875886  1.85782e+25 
 162    4.1770951  1.76851e+25 
 163    4.2685616  1.67339e+25 
 164    4.3620309  1.57991e+25 
 165    4.4575470  1.48392e+25 
 166    4.5551545  1.39538e+25 
 167    4.6548994  1.31039e+25 
 168    4.7568285  1.23022e+25 
 169    4.8609894  1.15765e+25 
 170    4.9674312  1.08811e+25 
 171    5.0762038  1.02134e+25 
 172    5.1873582  9.60191e+24 
 173    5.3009466  9.01964e+24 
 174    5.4170222  8.44075e+24 
 175    5.5356395  7.85907e+24 
 176    5.6568542  7.29697e+24 
 177    5.7807232  6.69887e+24 
 178    5.9073046  6.16000e+24 
 179    6.0366577  5.60147e+24 
 180    6.1688433  5.08402e+24 
 181    6.3039234  4.54804e+24 
 182    6.4419613  4.09890e+24 
 183    6.5830219  3.62666e+24 
 184    6.7271713  3.20498e+24 
 185    6.8744772  2.82231e+24 
 186    7.0250086  2.47168e+24 
 187    7.1788363  2.15273e+24 
 188    7.3360323  1.85612e+24 
 189    7.4966705  1.59516e+24 


# S-band (filter: Spitzer_IRAC2.dat)
   0    0.1250000  2.97433e+26 
   1    0.1277371  2.97075e+26 
   2    0.1305342  2.96709e+26 
   3    0.1333926  2.96336e+26 
   4    0.1363135  3.00674e+26 
   5    0.1392983  2.99171e+26 
   6    0.1423486  2.97017e+26 
   7    0.1454656  2.87814e+26 
   8    0.1486509  2.79245e+26 
   9    0.1519059  2.70684e+26 
  10    0.1552322  2.65288e+26 
  11    0.1586314  2.58560e+26 
  12    0.1621049  2.56109e+26 
  13    0.1656546  2.51431e+26 
  14    0.1692819  2.41261e+26 
  15    0.1729887  2.33533e+26 
  16    0.1767767  2.19687e+26 
  17    0.1806476  2.15260e+26 
  18    0.1846033  2.09313e+26 
  19    0.1886456  2.06020e+26 
  20    0.1927764  2.01978e+26 
  21    0.1969976  1.95384e+26 
  22    0.2013113  1.87810e+26 
  23    0.2057194  1.81224e+26 
  24    0.2102241  1.75222e+26 
  25    0.2148274  1.67402e+26 
  26    0.2195315  1.60641e+26 
  27    0.2243386  1.52140e+26 
  28    0.2292510  1.47309e+26 
  29    0.2342710  1.39439e+26 
  30    0.2394008  1.33777e+26 
  31    0.2446430  1.26145e+26 
  32    0.2500000  1.19861e+26 
  33    0.2554743  1.15562e+26 
  34    0.2610684  1.12689e+26 
  35    0.2667851  1.06709e+26 
  36    0.2726269  1.00753e+26 
  37    0.2785967  9.55113e+25 
  38    0.2846972  9.14225e+25 
  39    0.2909312  8.67890e+25 
  40    0.2973018  8.19466e+25 
  41    0.3038118  7.83181e+25 
  42    0.3104645  7.23745e+25 
  43    0.3172627  6.83825e+25 
  44    0.3242099  6.47491e+25 
  45    0.3313092  6.05816e+25 
  46    0.3385639  5.68444e+25 
  47    0.3459775  5.40513e+25 
  48    0.3535534  5.11518e+25 
  49    0.3612952  4.93898e+25 
  50    0.3692065  4.68047e+25 
  51    0.3772911  4.47070e+25 
  52    0.3855527  4.30809e+25 
  53    0.3939952  4.07848e+25 
  54    0.4026226  3.93213e+25 
  55    0.4114389  3.71385e+25 
  56    0.4204482  3.56588e+25 
  57    0.4296548  3.31865e+25 
  58    0.4390630  3.11887e+25 
  59    0.4486773  3.02206e+25 
  60    0.4585020  2.84475e+25 
  61    0.4685419  2.71654e+25 
  62    0.4788016  2.52296e+25 
  63    0.4892860  2.37075e+25 
  64    0.5000000  2.25971e+25 
  65    0.5109486  2.14574e+25 
  66    0.5221369  1.99245e+25 
  67    0.5335702  1.94374e+25 
  68    0.5452539  1.78930e+25 
  69    0.5571934  1.71320e+25 
  70    0.5693943  1.59954e+25 
  71    0.5818624  1.47962e+25 
  72    0.5946036  1.39561e+25 
  73    0.6076237  1.29482e+25 
  74    0.6209289  1.20247e+25 
  75    0.6345255  1.12471e+25 
  76    0.6484198  1.05751e+25 
  77    0.6626183  1.01669e+25 
  78    0.6771278  9.55432e+24 
  79    0.6919549  8.93013e+24 
  80    0.7071068  8.49122e+24 
  81    0.7225904  8.09265e+24 
  82    0.7384131  7.91144e+24 
  83    0.7545822  7.24210e+24 
  84    0.7711054  6.97335e+24 
  85    0.7879904  6.60547e+24 
  86    0.8052452  6.39600e+24 
  87    0.8228777  6.12030e+24 
  88    0.8408964  5.75759e+24 
  89    0.8593096  5.23981e+24 
  90    0.8781261  5.03247e+24 
  91    0.8973545  4.65710e+24 
  92    0.9170040  4.57350e+24 
  93    0.9370838  4.25697e+24 
  94    0.9576033  3.90531e+24 
  95    0.9785721  3.65454e+24 
  96    1.0000000  3.53032e+24 
  97    1.0218971  3.35358e+24 
  98    1.0442738  2.97477e+24 
  99    1.0671404  2.77239e+24 
 100    1.0905077  2.63247e+24 
 101    1.1143867  2.61671e+24 
 102    1.1387886  2.40952e+24 
 103    1.1637249  2.27804e+24 
 104    1.1892071  2.07013e+24 
 105    1.2152474  1.98821e+24 
 106    1.2418578  1.85149e+24 
 107    1.2690510  1.74375e+24 
 108    1.2968396  1.54183e+24 
 109    1.3252366  1.44989e+24 
 110    1.3542555  1.47790e+24 
 111    1.3839099  1.42880e+24 
 112    1.4142136  1.31227e+24 
 113    1.4451808  1.13431e+24 
 114    1.4768261  1.03651e+24 
 115    1.5091644  9.43976e+23 
 116    1.5422108  8.59511e+23 
 117    1.5759808  7.87721e+23 
 118    1.6104903  7.28370e+23 
 119    1.6457555  6.39857e+23 
 120    1.6817928  6.12662e+23 
 121    1.7186193  5.74504e+23 
 122    1.7562522  4.95672e+23 
 123    1.7947091  4.18396e+23 
 124    1.8340081  3.98619e+23 
 125    1.8741676  3.84803e+23 
 126    1.9152066  3.44216e+23 
 127    1.9571441  3.09317e+23 
 128    2.0000000  2.94841e+23 
 129    2.0437943  2.50161e+23 
 130    2.0885476  2.36989e+23 
 131    2.1342808  2.32493e+23 
 132    2.1810155  2.22230e+23 
 133    2.2287735  2.08784e+23 
 134    2.2775773  1.99947e+23 
 135    2.3274497  2.05631e+23 
 136    2.3784142  1.99998e+23 
 137    2.4304947  2.10368e+23 
 138    2.4837156  2.13358e+23 
 139    2.5381019  2.43374e+23 
 140    2.5936791  2.54279e+23 
 141    2.6504733  2.61881e+23 
 142    2.7085111  2.53561e+23 
 143    2.7678198  2.49133e+23 
 144    2.8284271  2.42722e+23 
 145    2.8903616  2.52256e+23 
 146    2.9536523  2.51317e+23 
 147    3.0183289  2.38216e+23 
 148    3.0844217  2.31549e+23 
 149    3.1519617  2.37451e+23 
 150    3.2209807  2.30665e+23 
 151    3.2915110  2.18917e+23 
 152    3.3635857  2.14796e+23 
 153    3.4372386  2.24416e+23 
 154    3.5125043  2.42648e+23 
 155    3.5894182  2.54569e+23 
 156    3.6680162  2.57466e+23 
 157    3.7483353  2.58671e+23 
 158    3.8304131  2.57834e+23 
 159    3.9142882  2.60651e+23 
 160    4.0000000  2.56752e+23 
 161    4.0875886  2.55639e+23 
 162    4.1770951  2.59474e+23 
 163    4.2685616  2.57778e+23 
 164    4.3620309  2.63422e+23 
 165    4.4575470  2.55019e+23 
 166    4.5551545  2.52788e+23 
 167    4.6548994  2.46210e+23 
 168    4.7568285  2.44808e+23 
 169    4.8609894  2.31985e+23 
 170    4.9674312  2.29208e+23 
 171    5.0762038  2.35532e+23 
 172    5.1873582  2.45005e+23 
 173    5.3009466  2.43986e+23 
 174    5.4170222  2.61709e+23 
 175    5.5356395  2.73746e+23 
 176    5.6568542  2.75374e+23 
 177    5.7807232  2.80163e+23 
 178    5.9073046  2.90551e+23 
 179    6.0366577  3.00165e+23 
 180    6.1688433  3.17092e+23 
 181    6.3039234  3.31925e+23 
 182    6.4419613  3.41504e+23 
 183    6.5830219  3.40211e+23 
 184    6.7271713  3.33820e+23 
 185    6.8744772  3.32708e+23 
 186    7.0250086  3.20975e+23 
 187    7.1788363  3.12499e+23 
 188    7.3360323  3.03726e+23 
 189    7.4966705  2.88103e+23 


